aliciakeys,40.7018161815,73.7961182739,1308501342
aliciakeys,40.7591113789,73.9795450679,1328645236
aliciakeys,40.70208,73.986823,1328645401
aliciakeys,40.7629507697,74.0019440509,1308501229
aliciakeys,40.761742476,73.9883546135,1308501143
aliciakeys,40.76101,73.984448,1309297738
aliciakeys,40.815806,73.9398556,1308501316
aliciakeys,40.764343,73.97778317,1308501252
aliciakeys,40.805558,73.945467,1308501171
aliciakeys,40.7528062091,73.977175355,1328644758
aliciakeys,37.0346078974,76.3814163208,1328645342
aliciakeys,40.7569864267,73.9859040509,1328645313
aliciakeys,40.7637676439,73.9830459781,1328644300
aliciakeys,40.6866423167,73.9777493477,1328644070
aliciakeys,40.7558987983,73.9792121912,1309297665
aliciakeys,40.7292973811,73.9918324075,1308501421
aliciakeys,40.7024071085,73.7999725342,1308501354
aliciakeys,29.684697309,95.4107236862,1328645180
aliciakeys,40.760143039,73.99492564,1309297713
aliciakeys,40.754650438,73.9234587122,1328645211
aliciakeys,40.7678545067,73.9908479154,1328645417
aliciakeys,41.8836107099,87.6535393731,1328644011
aliciakeys,40.7587283994,73.9785579145,1309297682
aliciakeys,40.7595130469,73.9830493927,1313175267
aliciakeys,40.7281472955,73.9941910735,1309297621
aliciakeys,40.7292656188,73.9950920648,1308501523
aliciakeys,45.2968072516,75.9268140793,1328645376
aliciakeys,40.7566020658,73.9739606974,1309297800
aliciakeys,40.8143451475,73.9403915405,1308501209
aliciakeys,34.1533307217,118.332967758,1328645446
aliciakeys,34.1546802461,118.33193779,1328643947
aliciakeys,34.0662717448,118.412964358,1328643893
aliciakeys,40.7667637018,73.9870805544,1308501160
aliciakeys,59.9128961641,10.7546067238,1328644190
aliciakeys,39.9657241238,75.1812243462,1328644130
aliciakeys,40.7593516847,73.9800902958,1328644282
aliciakeys,39.954346457,74.0770931417,1328644160
aliciakeys,40.8017850762,73.960776808,1308501307
aliciakeys,40.8148109625,73.9396072343,1308501281
aliciakeys,34.1454477636,118.275916077,1328644616
aliciakeys,40.7572091867,73.9898754388,1308501373
aliciakeys,40.7617559583,74.4261932373,1328644655
aliciakeys,40.7564898727,73.9862680435,1328644325
aliciakeys,38.9617395895,119.939713795,1328643986
aliciakeys,34.0097559167,81.02774474,1328645263
aliciakeys,40.8069515375,73.9554011822,1308501406
aliciakeys,40.7582358386,73.987252725,1308501388
aliciakeys,40.645089356,73.7845230103,1309297784
