allimooney,40.7243154362,73.9944541454,1249606655
allimooney,52.5296164418,13.3895804234,1277275837
allimooney,40.7310779929,74.0069022775,1338726358
allimooney,37.4592917333,122.141489983,1300249580
allimooney,40.7500854904,73.9734148979,1249054634
allimooney,40.6874414962,73.9862139598,1272830892
allimooney,40.7244942962,73.9933474664,1320403770
allimooney,40.7244942962,73.9933474664,1239181450
allimooney,40.726057,73.991733,1272830712
allimooney,51.5103116622,0.1307630539,1351897543
allimooney,42.337036598,71.0760226522,1272830785
allimooney,40.7292632074,73.9998207648,1265502247
allimooney,40.73498735,74.000136,1239181654
allimooney,40.7248801098,73.9946846107,1271947835
allimooney,40.7380878049,74.0095067024,1239182082
allimooney,40.750794,73.974345,1265348928
allimooney,40.7292632074,73.9998207648,1265502308
allimooney,52.5296164418,13.3895804234,1277275803
allimooney,40.6884627333,73.992997397,1271947731
allimooney,40.7078238692,74.0070605278,1275522225
allimooney,51.5683424797,11.7334374232,1277311567
allimooney,40.7225409143,73.9951035424,1331348974
allimooney,40.725363026,73.992607155,1239181846
