anthonyshelley,47.614683563,122.319760323,1280614303
anthonyshelley,47.650358,122.350027,1297120254
anthonyshelley,47.61943785,122.301999,1324900559
anthonyshelley,47.635931,122.27793078,1270842807
anthonyshelley,47.5637105867,122.625436202,1333829992
anthonyshelley,47.670802477,122.104108637,1270924306
anthonyshelley,47.593661842,122.332763672,1297544435
anthonyshelley,47.7250353192,122.291916311,1313118231
anthonyshelley,47.6151020202,122.319057984,1280614487
anthonyshelley,47.7194581086,122.295551239,1333997695
anthonyshelley,47.622566,122.312791,1312868268
anthonyshelley,47.623432,122.356499,1293771601
anthonyshelley,47.6151645187,122.319718748,1312868211
