caseydaigle,40.6890992014,74.3058156967,1341193686
caseydaigle,40.7585657908,82.5180261558,1297012144
caseydaigle,44.987251077,93.2742086679,1285641457
caseydaigle,43.3090505742,73.6472690105,1296668373
caseydaigle,40.757138,73.988024,1314645449
caseydaigle,43.3120155497,73.6442302298,1296668264
caseydaigle,33.493637,111.922809,1286988771
caseydaigle,40.6860695912,74.1827205194,1344982958
caseydaigle,40.61647525,74.4946020333,1350846783
caseydaigle,40.7406469166,73.9910404402,1317731062
caseydaigle,40.657589,74.400443,1316462336
