ceonyc,40.7565,73.972359,1350138687
ceonyc,40.701593743,73.995923996,1271633209
ceonyc,40.7446941422,73.9873101152,1328816420
ceonyc,40.6943771192,73.9929055755,1332466456
ceonyc,40.631129,74.027931,1338733621
ceonyc,40.7458775134,73.9881422709,1262970927
ceonyc,40.76214,73.968544,1323443624
ceonyc,40.737694,73.997635,1259507070
ceonyc,40.7099506,74.0089327097,1324389525
ceonyc,40.7603052146,73.9912068684,1257463489
ceonyc,40.7870182097,73.9746896018,1302920220
ceonyc,40.7148990946,73.9514493938,1341195002
ceonyc,40.629995,74.0224569813,1330098133
ceonyc,40.7442854963,73.9874880247,1314374056
ceonyc,40.7359565061,73.9871264666,1298857932
ceonyc,30.2647111503,97.7402194255,1299952876
ceonyc,40.7365317075,73.9908281006,1299161544
ceonyc,40.6859138695,73.9733351,1296429798
ceonyc,40.7368433475,73.9903503656,1281703831
ceonyc,40.726453,73.98925,1278725175
ceonyc,40.7236613244,74.0027015419,1333564624
ceonyc,40.7017871585,73.986638649,1345122310
ceonyc,40.7299418013,73.9833819866,1294196511
ceonyc,40.7369400976,73.9882053998,1288662808
ceonyc,40.702634,73.996119,1271633351
