chevrolet,42.3467300892,71.097035408,1343217980
chevrolet,36.109969713,115.154807568,1337266853
chevrolet,36.1599143908,86.7785596848,1319551699
chevrolet,34.072853029,117.565898895,1339801685
chevrolet,34.072853029,117.565898895,1339801599
chevrolet,42.331558,83.075719,1343915678
chevrolet,36.1604947545,86.7761027813,1338840847
chevrolet,36.1616090128,86.7756371651,1338831633
chevrolet,29.9515136875,90.0662505627,1309449532
chevrolet,42.325547,83.070288,1343915711
chevrolet,42.5408035064,83.2085394859,1313093879
chevrolet,36.1622318681,86.7772812005,1319485178
chevrolet,33.0663698342,96.8230247498,1285005826
chevrolet,30.578725,97.854583,1285005858
chevrolet,36.1687839572,86.6646623611,1338835975
chevrolet,30.2472787522,87.6914548874,1337199175
chevrolet,53.4563105927,2.2851938009,1345827753
chevrolet,34.0708978725,117.56742239,1339801031
chevrolet,42.5605454026,83.2241821289,1313094446
chevrolet,30.2471582655,87.6924097538,1337366437
chevrolet,36.1630586976,86.7745900154,1339168598
chevrolet,42.3287127615,83.0404196139,1284994773
chevrolet,35.3515885022,80.6868338585,1285348781
chevrolet,39.0972285608,94.5799469948,1337454387
chevrolet,53.4629962698,2.2925149604,1345827653
chevrolet,40.7335027519,74.1722416878,1346004117
chevrolet,30.2466670487,87.6898241043,1337374039
chevrolet,39.0518350691,94.4817566872,1341674821
chevrolet,42.3677793572,83.0751800537,1284995175
chevrolet,36.1524376064,86.7842395185,1319485280
chevrolet,36.1630586976,86.7745900154,1338840781
chevrolet,30.2492435923,97.7500391006,1331411707
chevrolet,42.5412240491,83.2086896896,1344883514
chevrolet,40.7579039551,74.0025544167,1333546185
chevrolet,42.3467300892,71.097035408,1343217937
chevrolet,40.72667035,73.994456,1345570971
chevrolet,42.5175206299,83.1847214699,1313094231
chevrolet,42.3292171955,83.0476934,1343915538
chevrolet,25.7949841148,80.2757692337,1285079552
chevrolet,36.1025671561,115.169034004,1337533754
chevrolet,38.896783593,77.0061304715,1285079978
chevrolet,42.5272766484,83.195579052,1313094074
chevrolet,38.9039543553,77.0229763992,1314300768
chevrolet,30.2630878813,97.7506841719,1299517091
chevrolet,41.8836685538,87.6642036438,1346433101
chevrolet,39.0972285608,94.5799469948,1337200177
chevrolet,36.5155860574,82.2570204735,1285347900
chevrolet,34.103018927,118.326798677,1334703982
chevrolet,39.097111991,94.5796251297,1337268865
chevrolet,33.533427,112.261139,1342306619
