cwaxler,40.7240349185,74.0031981468,1325986584
cwaxler,40.9429788916,72.2737786146,1303676899
cwaxler,37.771362,122.412966,1350484848
cwaxler,40.736503,74.006442,1252881481
cwaxler,40.8282772116,73.9265534444,1345421915
cwaxler,40.7408839808,74.0076595904,1252881523
cwaxler,40.760534,73.970176,1247927276
cwaxler,40.7645917149,73.9712129773,1336852516
cwaxler,40.600029956,73.9610752778,1302481590
cwaxler,40.7276907004,73.9793786296,1323997457
cwaxler,40.8903083325,72.3927588886,1303585458
cwaxler,40.7592973037,73.9953273548,1328829287
cwaxler,40.6475743493,111.498193074,1327371424
