damion_white,30.21082261,85.851385145,1312470783
damion_white,38.9526342345,77.4479055405,1335208941
damion_white,30.1592579835,85.7528879704,1312915683
damion_white,30.21082261,85.851385145,1312555368
damion_white,30.1906560182,85.7918826387,1313409683
damion_white,30.1895682733,85.6641593693,1313939164
damion_white,30.2637191742,97.743473053,1331834476
damion_white,30.3260788877,97.7128369042,1334362419
damion_white,30.2677454533,97.7425986528,1335992269
damion_white,30.2025587563,97.6675987244,1330921975
