dancerbradley,35.9725151501,83.9194803508,1334932906
dancerbradley,37.2882172377,80.0871348381,1327542796
dancerbradley,40.0968058085,82.9564124164,1348096167
dancerbradley,40.0730590272,83.1320602749,1335899332
dancerbradley,36.0849354934,80.2548351408,1352919552
dancerbradley,36.2383167123,83.8206259568,1308951259
dancerbradley,40.0628963797,83.0458366084,1335833224
dancerbradley,36.24490178,83.8100785017,1310828956
dancerbradley,36.0536494595,83.9978247714,1308838723
dancerbradley,36.2425079844,83.8110280037,1327695211
dancerbradley,36.0824663,80.2637799,1353002209
dancerbradley,39.9596656416,83.011098057,1335810340
