dmcdowell523,40.0554029939,75.0784104577,1339116061
dmcdowell523,39.9839656917,75.125431848,1349455984
dmcdowell523,40.0801,74.994,1327008325
dmcdowell523,40.06852433,75.01644766,1342376384
dmcdowell523,40.1844222839,75.1520555197,1329788975
dmcdowell523,40.1218478365,74.9766392434,1317429024
dmcdowell523,39.9810604154,75.0150698892,1318057184
dmcdowell523,39.948176413,75.1542388033,1327437077
dmcdowell523,39.9006498824,75.1710542014,1330910942
dmcdowell523,40.0801,74.994,1327008324
dmcdowell523,40.2245654785,75.1328802109,1330210091
dmcdowell523,40.1849818928,75.060079411,1340823360
dmcdowell523,40.1319024152,75.2753547309,1314296162
dmcdowell523,39.2837144669,76.6016712886,1341842693
