espn,30.6100975782,96.3407292286,1317243895
espn,42.3252375012,83.0514907837,1332869854
espn,33.7576173765,84.4010603428,1331154653
espn,33.7576173765,84.4010603428,1322586183
espn,38.962945989,95.2463150024,1351613078
espn,45.2968072516,75.9268140793,1334853322
espn,40.0993057313,88.2359862328,1317243817
espn,33.5035960642,82.0214152336,1333573833
espn,38.9903199182,76.947491169,1352299383
espn,32.6121919181,80.0237203867,1344532221
espn,29.4269270335,98.4367275238,1325807862
espn,42.7281691163,84.4848753512,1314991256
espn,40.7564573647,73.8460636139,1313681134
espn,38.8730598523,77.0074868202,1313682718
espn,40.7504498701,73.9922110389,1327012763
espn,42.0908980888,71.2643623352,1322586152
espn,39.1809091337,86.5255737305,1347293005
espn,44.9818601678,93.2774448395,1313681007
espn,41.2305325167,76.9805467129,1345124314
espn,40.4395494169,79.9893522263,1331654651
espn,38.0226216813,84.5052051544,1346252646
espn,42.697319,83.245545,1337021496
espn,40.68312,73.975979,1353349759
espn,32.2283402321,110.949039459,1351274145
espn,33.8078562296,117.876565174,1337182528
espn,41.8052617753,72.2539043427,1326836987
espn,40.8121527328,77.8562021255,1350668648
espn,40.7504498701,73.9922110389,1330978335
espn,40.7330800006,74.1708254814,1335880654
espn,39.2838917822,76.6216564178,1313683329
espn,42.093509466,72.5852108002,1337616414
espn,44.9762289763,93.2236933708,1347394615
espn,40.7504498701,73.9922110389,1353430512
espn,41.861890541,87.6167607307,1322068596
espn,36.1599455936,86.7779633362,1331234144
espn,39.9011768955,75.172008276,1326154479
espn,53.7489138127,3.0149745941,1342707005
espn,33.9500172862,83.3733987808,1320352731
espn,51.5558217353,0.279507637,1343411360
espn,36.0569402292,79.8254585266,1331136750
espn,33.7725569213,84.3928527832,1314909762
espn,51.55811,0.282823,1343411314
espn,35.0667634652,106.632142067,1331154444
espn,39.7560984368,104.994235039,1313677835
espn,52.2394954423,21.0458135605,1339163294
espn,40.7504498701,73.9922110389,1330978352
espn,34.0140097406,118.287895918,1314991981
espn,25.7780686314,80.2195930481,1333573665
espn,40.7120203358,73.7237334251,1339097275
espn,37.8706866037,122.250709534,1345729813
espn,39.748773781,105.007839203,1335205663
espn,37.4347264133,122.161016464,1350999417
espn,34.1612499911,118.167915344,1346342778
espn,51.4032350342,0.3374004364,1343411835
espn,37.7502901437,122.202944756,1326154525
espn,36.8140183326,119.758005437,1317911036
espn,48.0210518508,37.8101053834,1340126973
espn,40.4395494169,79.9893522263,1334756901
espn,34.1612499911,118.167915344,1325189129
espn,33.4455154162,112.066748142,1313681842
espn,38.2575257231,85.7538807392,1331136686
espn,41.3870804348,73.9640808105,1352143211
espn,40.2574879975,111.654438973,1350500641
espn,37.3327504719,121.901196241,1319034480
espn,39.9011768955,75.172008276,1325807930
