fromthebronx,40.884683,73.899718,1317941108
fromthebronx,40.8616814211,73.8917260888,1317941515
fromthebronx,40.854181,73.888279,1317941718
fromthebronx,40.8616876582,73.8918581513,1317941573
fromthebronx,40.8059166657,73.8888264331,1317941078
fromthebronx,40.83833905,73.8287472725,1317940938
fromthebronx,40.8429060136,73.8774685559,1330527852
fromthebronx,40.8359406197,73.866147995,1335809490
fromthebronx,40.807936,73.929228,1317940805
fromthebronx,40.842066028,73.8440629407,1317941266
fromthebronx,40.84852863,73.88288293,1317941224
fromthebronx,40.8375341014,73.7830717832,1317941409
