gonzaloluengo,36.6093959546,72.1009111404,1324421921
gonzaloluengo,36.6093959546,72.1009111404,1285865616
gonzaloluengo,36.6096698,72.1004644,1328045926
gonzaloluengo,36.6082591295,72.1028208733,1289578630
gonzaloluengo,36.6212158203,72.1201019287,1351528428
gonzaloluengo,36.8033874091,72.1519594947,1338830632
gonzaloluengo,36.5981987391,72.1065337599,1312699308
gonzaloluengo,36.6082591295,72.1028208733,1328046062
gonzaloluengo,36.6093959546,72.1009111404,1286079848
gonzaloluengo,36.6082591295,72.1028208733,1328045890
gonzaloluengo,36.6093959546,72.1009111404,1316271160
gonzaloluengo,36.5981987391,72.1065337599,1290494404
