grahamlang,33.8951549,151.181632,1311408627
grahamlang,33.8252239562,151.240928414,1310866647
grahamlang,33.8232249313,151.194384098,1310520477
grahamlang,33.8253307014,151.24037621,1312623941
grahamlang,33.840783,151.208606,1311646737
grahamlang,33.825352,151.240426,1311217874
grahamlang,33.8253391392,151.240968263,1284170758
grahamlang,33.823336,151.193811,1288139300
grahamlang,33.83081238,151.222809162,1311645392
grahamlang,33.825361,151.240421,1311117666
grahamlang,31.914269,152.453256,1318912158
grahamlang,33.840639,151.209283,1265147805
grahamlang,33.823181,151.193824,1317264302
grahamlang,33.8231411556,151.194225596,1312281922
grahamlang,33.823336,151.193811,1278459197
grahamlang,33.8252239562,151.240928414,1293657121
