hnldriver,49.92385132,119.38210338,1286573114
hnldriver,50.1238403704,120.749172591,1290586709
hnldriver,41.83431,88.20832,1285776129
hnldriver,49.89555,119.413367,1312095217
hnldriver,49.8968321917,119.499256611,1340048745
hnldriver,49.1705171002,122.951421402,1338510725
hnldriver,50.109111803,120.772005219,1292449944
hnldriver,49.77297575,119.737117,1287365698
hnldriver,49.894642,119.477218,1287420855
hnldriver,49.897431,119.488418,1304540629
hnldriver,49.1690783134,122.958469391,1330665376
hnldriver,49.888199,119.415543,1348429061
hnldriver,49.8789289915,119.450569153,1295553578
hnldriver,49.77297575,119.737117,1283740933
hnldriver,49.886979,119.431651,1330915039
hnldriver,49.9196388287,119.383401723,1332865360
