hodgman,41.9115686076,87.634806498,1317146714
hodgman,40.673615,73.99171,1317146229
hodgman,40.7533394781,73.9809626573,1320073109
hodgman,35.9977865401,78.9014810541,1320886287
hodgman,42.3426811236,71.1226023683,1317147070
hodgman,40.736734989,73.9897606599,1317147042
hodgman,30.264838,97.731438,1320843659
hodgman,42.611865,72.545616,1322333727
hodgman,45.512083,122.625622,1317146844
hodgman,30.2720402779,97.7531075478,1320813326
hodgman,34.0977328969,118.367643356,1320509580
hodgman,44.9491581487,93.0973184109,1317147110
hodgman,47.6089804339,122.329785607,1317146873
hodgman,35.597131,82.5508350134,1317146953
hodgman,35.595413,82.556102,1321113338
hodgman,35.9977865401,78.9014810541,1317147005
hodgman,30.2720402779,97.7531075478,1317146913
hodgman,40.680986257,73.9755562484,1319394699
hodgman,38.60058741,90.21378109,1317146752
hodgman,34.0777940416,118.376253247,1317146843
hodgman,47.662011,122.313173,1320697886
