iamkhayyam,48.8551575219,2.3631978035,1298159266
iamkhayyam,40.7194889599,74.0079063418,1287779455
iamkhayyam,39.2833768738,84.3703385681,1299808604
iamkhayyam,33.9865119544,118.465492787,1342456638
iamkhayyam,49.8971902743,97.1403314173,1343332311
iamkhayyam,40.7585703514,73.98021698,1290538100
iamkhayyam,40.7560835216,73.9895188808,1349066312
iamkhayyam,33.946219,118.404124,1335879958
iamkhayyam,52.1311402068,106.637007594,1284683169
iamkhayyam,49.8775185732,97.1454048157,1334627702
iamkhayyam,48.8747923552,2.3505163193,1298409291
iamkhayyam,49.27010854,123.102925,1266001765
iamkhayyam,52.1288027714,106.662859645,1281076157
iamkhayyam,33.946219,118.404124,1342159210
iamkhayyam,40.7713443636,73.9827919006,1320222573
iamkhayyam,48.871024081,2.333779335,1297821014
iamkhayyam,34.09547866,118.285019,1299285486
iamkhayyam,34.119878046,118.592076509,1286141600
iamkhayyam,34.0206170872,118.489780426,1274123709
iamkhayyam,40.7267044647,73.9921480458,1297096430
iamkhayyam,34.096428,118.744906,1309665896
iamkhayyam,34.0638944871,118.371634483,1280898944
iamkhayyam,53.518163,113.493356109,1312664401
iamkhayyam,50.1148881282,122.955687871,1303460256
iamkhayyam,34.076281,118.351725,1294795437
iamkhayyam,34.1011566593,118.325537027,1308895052
iamkhayyam,49.8919223081,97.1418681155,1334607068
iamkhayyam,49.2755888554,123.119015694,1317685405
iamkhayyam,40.713022,73.955489,1291058015
iamkhayyam,36.1296948998,115.152361393,1326226187
iamkhayyam,37.765522,122.413194,1333434876
iamkhayyam,49.2893588853,123.11766386,1266463779
iamkhayyam,49.267394,123.098511,1266713925
iamkhayyam,34.090716,118.29575,1280657998
iamkhayyam,48.8579444826,2.3577467487,1298430729
iamkhayyam,52.2239749861,106.59656862,1312225566
iamkhayyam,36.1312200154,115.153412819,1326227273
iamkhayyam,27.9494308432,82.4577140808,1325611780
iamkhayyam,34.0639300387,118.372535706,1299426592
iamkhayyam,30.2706295363,97.7554029363,1302072380
iamkhayyam,49.8955813747,97.2007619918,1334607249
iamkhayyam,20.6330653888,87.0740425587,1322766690
iamkhayyam,49.8796341853,97.1455979347,1334627271
