jakubptacin,48.1522230411,17.0458147972,1316775205
jakubptacin,48.3885415561,17.5757807493,1299595317
jakubptacin,48.1680603957,17.1825313568,1301143612
jakubptacin,48.1661426658,17.180814743,1318078860
jakubptacin,48.1581620987,17.1747053766,1320334546
jakubptacin,48.3727007502,17.5916218758,1291199734
jakubptacin,48.1482949859,17.1119281621,1323275743
jakubptacin,48.1437829416,17.1068072319,1318934264
jakubptacin,48.1412332197,17.1270932111,1298363872
jakubptacin,48.1591379642,17.1437903864,1332007534
jakubptacin,48.3795849449,17.5872445107,1319119046
jakubptacin,49.4058771778,19.4825148582,1295103368
jakubptacin,48.3762694,17.587352,1298407104
jakubptacin,48.1399885517,17.1229863167,1324293903
jakubptacin,48.3779673141,17.5857532024,1323697251
jakubptacin,48.1581620987,17.1747053766,1345542742
jakubptacin,48.1452361902,17.1121823788,1332870992
jakubptacin,48.3727007502,17.5916218758,1350563623
jakubptacin,48.14006136,17.123001,1313573553
jakubptacin,48.1489516407,17.1251653195,1331203431
jakubptacin,48.1412332197,17.1270932111,1309438703
jakubptacin,48.1496778368,17.1152783304,1303888870
jakubptacin,48.3885415561,17.5757807493,1350563576
jakubptacin,48.1408118592,17.1109373605,1324378822
jakubptacin,48.3758462016,17.5860976025,1350563594
jakubptacin,48.3758462016,17.5860976025,1329735559
