jasonkeath,40.7545782376,73.973587635,1251398179
jasonkeath,40.8014748397,73.9453590669,1276112441
jasonkeath,40.7051212346,74.0079924178,1336672969
jasonkeath,40.7230698288,74.007952249,1287671771
jasonkeath,35.2164886875,80.8522295952,1259211318
jasonkeath,28.4309020324,81.3084089756,1336313462
jasonkeath,40.7551854768,73.9735007286,1275960763
jasonkeath,32.7032836116,117.15887648,1339786300
jasonkeath,40.7042872392,74.0101213515,1349482382
jasonkeath,32.7329961161,117.199316025,1339901674
jasonkeath,27.9514835896,82.5207848738,1298266439
jasonkeath,28.4309020324,81.3084089756,1336313310
jasonkeath,28.4155375363,81.5746835641,1336173009
jasonkeath,40.7351185169,73.9717682281,1303753930
jasonkeath,40.7068560419,74.0089809895,1335309691
jasonkeath,35.22010897,80.9439951896,1300833589
jasonkeath,40.782791,73.950917,1293744148
jasonkeath,39.2863664243,76.6074299812,1322698773
jasonkeath,46.9120473688,18.0575752258,1288020550
jasonkeath,28.4309020324,81.3084089756,1336313241
jasonkeath,28.4150314221,81.5744304657,1336172801
jasonkeath,40.740659347,73.9982655863,1352658354
jasonkeath,40.6455777902,73.7764334679,1282145995
jasonkeath,40.7068560419,74.0089809895,1335309646
jasonkeath,40.7569743826,73.988773559,1310845468
jasonkeath,40.7817410572,73.9515354951,1303336409
jasonkeath,40.6990234428,73.8100147247,1286962979
jasonkeath,47.5033625063,19.0619498066,1287940716
jasonkeath,40.7790186421,73.953957795,1305331803
jasonkeath,28.4150314221,81.5744304657,1336172833
jasonkeath,40.70235524,73.98677,1323553240
jasonkeath,37.6170295908,122.383481733,1348362346
jasonkeath,40.740659347,73.9982655863,1352658381
jasonkeath,40.720175,74.010414,1335665132
jasonkeath,40.70235524,73.98677,1323553288
jasonkeath,28.4150314221,81.5744304657,1336172907
jasonkeath,32.7713403559,117.158388246,1348539355
jasonkeath,40.782231,73.951042,1291151872
jasonkeath,28.4155375363,81.5746835641,1336173078
jasonkeath,32.9288053362,117.259783745,1339894255
jasonkeath,28.4309020324,81.3084089756,1336313374
jasonkeath,35.3088216549,80.7504343987,1315235095
jasonkeath,40.707561,74.002142,1321811771
jasonkeath,40.7547883212,73.9737081629,1332346893
jasonkeath,40.7292064868,73.987235508,1332346922
jasonkeath,40.782791,73.950917,1332346859
