jeannemariepics,21.2637106269,157.821650505,1325115015
jeannemariepics,40.6576572593,73.6513996124,1313889742
jeannemariepics,21.2905314676,157.842263281,1322028900
jeannemariepics,21.3391833326,158.125776636,1330754963
jeannemariepics,21.278803,157.829062,1319582317
jeannemariepics,21.585661,158.10295806,1338598893
jeannemariepics,39.9641041954,74.1974437237,1302652954
jeannemariepics,21.2784305424,157.824811058,1316560676
jeannemariepics,21.2824764814,157.798776627,1266376564
jeannemariepics,33.9400399824,118.406546116,1351092749
jeannemariepics,21.2693796269,157.812767029,1323834449
jeannemariepics,21.2879776484,157.702421821,1325729341
jeannemariepics,21.268957,157.813518,1283306711
jeannemariepics,21.278803,157.829062,1319582366
jeannemariepics,39.983887,74.210854,1313711303
jeannemariepics,40.9569940178,74.0696874186,1313536505
jeannemariepics,32.8996957013,97.0370864868,1313948464
jeannemariepics,21.2689505196,157.813534662,1337027963
jeannemariepics,21.2791173993,157.828677893,1312589844
jeannemariepics,21.277212,157.830929,1316494458
jeannemariepics,40.006132,74.214275,1344867160
jeannemariepics,21.2769705915,157.830248435,1337906233
jeannemariepics,21.283916,157.800853,1266384441
jeannemariepics,21.2784225796,157.828865647,1326408191
jeannemariepics,21.2717994869,157.822610497,1339036237
jeannemariepics,21.28888955,157.812484,1309374076
jeannemariepics,21.2776981974,157.786685803,1340656157
jeannemariepics,21.2785519148,157.828688244,1292352201
jeannemariepics,21.293797,157.82701265,1319750013
jeannemariepics,39.9634545686,74.1946434975,1313625599
jeannemariepics,21.3328914523,157.924345151,1319828127
jeannemariepics,21.2774628233,157.78680861,1328754469
jeannemariepics,21.2964626954,157.833974268,1311215479
jeannemariepics,21.293797,157.82701265,1311981911
jeannemariepics,21.2784225796,157.828865647,1292714248
