jordanrr83,47.8232945017,122.269785404,1329363466
jordanrr83,47.7788295814,122.314835787,1319608963
jordanrr83,47.9804049717,122.213300765,1327038781
jordanrr83,47.9804049717,122.213300765,1325317120
jordanrr83,47.9795522819,122.213331936,1329356240
jordanrr83,47.6130779346,122.345809937,1278117224
jordanrr83,47.7833146397,122.289543898,1323645472
jordanrr83,47.8607887298,122.285742193,1281406916
jordanrr83,47.9902647503,122.201370077,1325457917
jordanrr83,47.6248513977,122.321434021,1274997460
jordanrr83,44.6211890036,123.937346935,1319399077
jordanrr83,47.9016423121,122.215561867,1329962184
jordanrr83,47.7823337824,122.29630145,1324621121
jordanrr83,47.7780689508,122.314181328,1326329321
