lfatzinger,47.6153055499,122.349715233,1286590355
lfatzinger,25.9916481237,80.118227005,1289774193
lfatzinger,44.9746047832,93.2724666595,1278170578
lfatzinger,47.6504141092,122.35093437,1268517530
lfatzinger,47.66618789,122.3832,1270778016
lfatzinger,18.29176,66.114358,1289415084
lfatzinger,40.7403479494,73.9924062949,1348577123
lfatzinger,47.617111,122.347251667,1263605641
lfatzinger,47.4436465828,122.302594185,1311166522
lfatzinger,47.6162711059,122.351480012,1339362888
lfatzinger,40.765305,73.965833,1350234747
lfatzinger,47.6087381519,122.335596085,1285349282
lfatzinger,47.6087381519,122.335596085,1265384995
lfatzinger,47.61584186,122.350599,1344003449
lfatzinger,47.640084,122.399217,1289007998
lfatzinger,47.6128862685,122.340466976,1264050412
lfatzinger,46.60292,120.50828722,1267908766
lfatzinger,44.6708045427,93.6365389824,1316730928
