lukexmartin,38.883934379,94.806432724,1338994499
lukexmartin,38.879499,94.7803369333,1338676266
lukexmartin,38.8786712913,94.8208710401,1337881271
lukexmartin,38.8842506409,94.8201141357,1331575692
lukexmartin,38.8842021713,94.6998523463,1341198311
lukexmartin,38.8900910633,94.8451542949,1333400753
lukexmartin,38.8105988503,94.9083995819,1331831648
lukexmartin,38.9733123779,94.6871227026,1330898481
lukexmartin,38.908531,94.670178,1332040612
lukexmartin,38.6651182572,94.8359297558,1341198099
lukexmartin,38.4233355945,96.2162017822,1332133083
lukexmartin,38.8832829565,94.8088359833,1332815030
lukexmartin,38.7435403619,94.8256158829,1333089437
lukexmartin,38.8824822653,94.6909197354,1331443203
