mayhemstudios,34.0314969538,118.457262965,1315625078
mayhemstudios,34.0777229499,118.174953461,1263723478
mayhemstudios,34.0531927651,118.241815567,1311004410
mayhemstudios,34.0777229499,118.174953461,1294891944
mayhemstudios,32.68263,117.177695,1312753712
mayhemstudios,34.1467103808,118.255052062,1336859311
mayhemstudios,34.0376533089,118.440513611,1327907035
mayhemstudios,34.1395146132,118.20445776,1313642989
mayhemstudios,34.0632901069,118.223662376,1317325966
mayhemstudios,33.861615,118.39970305,1352628750
mayhemstudios,34.1000827779,118.329346776,1314348919
mayhemstudios,34.1395146132,118.20445776,1319438108
mayhemstudios,34.051538982,118.24049028,1316131231
mayhemstudios,34.0538840646,118.240981404,1314909208
mayhemstudios,34.1965136786,118.352408409,1321049949
mayhemstudios,34.053362,118.241722,1313775355
mayhemstudios,32.6926990034,117.176570892,1312749655
mayhemstudios,34.0976174944,118.365361362,1315220927
mayhemstudios,34.053362,118.241722,1312568254
mayhemstudios,34.0930437131,118.240644471,1317783157
mayhemstudios,34.1438124109,118.256707191,1339924506
mayhemstudios,34.0930437131,118.240644471,1316246959
mayhemstudios,34.070156,118.351678848,1313875061
mayhemstudios,34.0486814601,118.238894641,1325880230
mayhemstudios,34.0718632367,118.357845247,1313531688
mayhemstudios,34.0930437131,118.240644471,1313987121
mayhemstudios,36.1095536627,115.173754692,1313563441
mayhemstudios,34.0532956081,118.241798036,1315429540
mayhemstudios,34.1101789722,118.243124485,1318372956
mayhemstudios,33.961518,118.420936,1296959515
mayhemstudios,33.573022,117.727869,1313454435
mayhemstudios,32.8031971871,117.009549283,1312791512
mayhemstudios,34.053362,118.241722,1315935751
mayhemstudios,34.1465156997,118.255143426,1327791305
mayhemstudios,34.1283739526,118.264088631,1315784394
mayhemstudios,34.1462942007,118.151765764,1314832302
mayhemstudios,32.6868958833,117.179435,1312650167
mayhemstudios,34.0538840646,118.240981404,1316621044
mayhemstudios,34.1135633483,118.265419006,1317184283
mayhemstudios,34.0538757817,118.243311365,1315935331
mayhemstudios,34.0531927651,118.241815567,1334947466
mayhemstudios,34.1583064167,118.257431388,1316340669
mayhemstudios,34.0590415481,118.42042923,1312866802
mayhemstudios,34.0699615964,118.376580064,1315621997
mayhemstudios,34.14291,118.245914,1327794644
mayhemstudios,33.75733415,118.112047,1316935237
mayhemstudios,34.0531927651,118.241815567,1311004306
mayhemstudios,34.070156,118.351678848,1315190392
