megameetei,28.5539539334,77.2124610485,1349778687
megameetei,28.5455703735,77.211555481,1348323025
megameetei,28.5799195194,77.2294824433,1346150645
megameetei,28.6351198056,77.2212266922,1325667328
megameetei,28.5536051416,77.2178450595,1348210031
megameetei,28.5433197021,77.2068710327,1348210409
megameetei,28.5314188486,77.1952968256,1349167467
megameetei,28.5363643265,77.2114897671,1349687201
megameetei,28.681369,77.227283,1341394268
megameetei,28.576941794,77.196212089,1334204316
megameetei,28.5632621765,77.2243740369,1348210238
megameetei,28.5465195219,77.2092664569,1348216102
megameetei,28.6174221039,77.2424545288,1341394479
megameetei,28.5682284701,77.3232917022,1349778926
megameetei,28.545539856,77.2115325928,1348709888
megameetei,28.5435925438,77.2089688895,1348228550
megameetei,28.5455185,77.2022402,1348228883
megameetei,28.5598810521,77.2071890839,1349778056
megameetei,28.5251690188,77.1864077343,1349779077
