melissajwalker,37.775981,122.422751,1298855983
melissajwalker,37.7753198147,122.458313,1290886824
melissajwalker,37.7766077,122.4250379,1271540556
melissajwalker,37.7713981347,122.423855535,1271541219
melissajwalker,37.7765993049,122.425077736,1267906874
melissajwalker,37.777089,122.421494,1295580338
melissajwalker,37.783822063,122.405166809,1271540780
melissajwalker,37.7830453376,122.460719918,1267906809
melissajwalker,37.7824639581,122.407822609,1271527018
melissajwalker,37.7719020415,122.403788567,1267585412
melissajwalker,37.3867482471,122.03930412,1308008795
melissajwalker,37.7766077,122.4250379,1267921881
