michaelbmoore,47.2700861381,122.514209747,1308759446
michaelbmoore,47.1788661834,122.289597805,1317065938
michaelbmoore,47.2340096167,122.502480483,1323789153
michaelbmoore,47.2214376926,122.467199817,1328400602
michaelbmoore,46.599119,120.514842,1271118927
michaelbmoore,47.2058086122,122.483482361,1334676659
michaelbmoore,47.2057918125,122.42760144,1283033392
michaelbmoore,47.2162743197,122.465457916,1323123578
michaelbmoore,47.1914929987,122.433634509,1347403147
michaelbmoore,47.1791394214,122.288646698,1317322664
michaelbmoore,47.2418905508,122.420911789,1283612874
michaelbmoore,47.6215684013,122.351818085,1275245258
michaelbmoore,47.2551536009,122.483096686,1276474460
michaelbmoore,47.221103,122.535242,1317867355
michaelbmoore,47.2058086122,122.483482361,1283024251
michaelbmoore,47.3024284795,122.5198102,1308610447
michaelbmoore,47.2222479333,122.466198206,1286749925
michaelbmoore,47.1658029789,122.515382734,1322774827
michaelbmoore,46.6011124833,120.512511,1275953065
michaelbmoore,47.4439948732,122.303323746,1294201782
michaelbmoore,45.5100042482,122.71576249,1283641026
michaelbmoore,47.2043135567,122.425346652,1267916561
