mikulsky,47.8088899096,122.386965752,1320189136
mikulsky,47.8306163919,122.271738052,1318722319
mikulsky,47.807754,122.291926,1336002247
mikulsky,48.4235653719,123.376891554,1315153021
mikulsky,47.8076982786,122.326675057,1266691730
mikulsky,47.8206039067,122.293297648,1268961920
mikulsky,47.9095476866,122.227775,1327715042
mikulsky,47.8315815222,122.278153896,1315352000
mikulsky,47.9217059694,122.289719582,1266691551
mikulsky,47.8538975667,122.21982,1322082695
mikulsky,47.8086151974,122.278068066,1266692206
mikulsky,47.8103678333,122.37637639,1266788377
mikulsky,47.8315815222,122.278153896,1318375095
mikulsky,47.8071450333,122.327083,1334154379
mikulsky,47.8101283482,122.373790741,1312938672
mikulsky,47.7592839726,122.251911163,1267665487
mikulsky,47.8602355504,122.22060442,1266691887
mikulsky,47.8086151974,122.278068066,1311039260
mikulsky,47.79567,122.293055,1285899731
mikulsky,47.8199764269,122.313181831,1321733579
