ripbm,52.527328,13.397957,1340370532
ripbm,52.5207059835,13.4094572067,1340370172
ripbm,52.5186364874,13.3760476112,1340708074
ripbm,52.5252037003,13.3927953243,1340371012
ripbm,52.5136027004,13.3926236629,1340370416
ripbm,52.5259277295,13.4115551087,1340371129
ripbm,52.5295996709,13.4016092506,1340370483
ripbm,52.527035,13.394738,1340371239
ripbm,52.5144253821,13.350083828,1340370271
ripbm,52.5185973162,13.364739418,1333202854
ripbm,52.5412520297,13.4026014805,1340369624
ripbm,52.5428441427,13.4033310413,1340369859
ripbm,52.54272,13.403342,1340369545
ripbm,52.5016052943,13.4182564864,1340370627
