rje7,45.550231885,122.675721645,1332622797
rje7,45.53517532,122.651828528,1269224262
rje7,51.513299,0.132351,1345312190
rje7,45.5490658265,122.666659781,1341463245
rje7,45.523368,122.695793,1350151019
rje7,45.5046212428,122.632159889,1269224216
rje7,33.904805,18.420532,1300783993
rje7,45.521453,122.656767,1269224710
rje7,45.5395327155,122.661898651,1345312956
rje7,38.8553794317,77.1395984807,1350150556
rje7,45.5153989358,122.665898676,1345312789
rje7,45.550309,122.666516304,1269225314
rje7,45.562838,122.648317,1269225855
rje7,44.9851888418,124.007286,1345312025
rje7,45.52084977,122.681971,1345312430
rje7,45.5224850959,122.673037426,1332622940
rje7,45.5408188996,122.663608789,1269224821
rje7,45.5512744188,122.675398,1269224546
rje7,45.5153989358,122.665898676,1332623016
rje7,45.550507,122.66652438,1350150864
rje7,33.922292,18.419222,1300783774
rje7,45.4900506687,122.81052947,1350150810
rje7,45.554388,122.675938,1332622686
rje7,45.5120965844,122.645024455,1350150646
rje7,45.5285764678,122.681461573,1269224442
rje7,45.523184,122.632049,1269224333
rje7,45.517687,122.651424,1269225265
rje7,45.5325131424,122.690435246,1246899931
rje7,45.5230527857,122.641628087,1350150511
rje7,45.5503614881,122.66664505,1350150954
rje7,45.5120930745,122.646431923,1281217094
rje7,45.5235404399,122.674530745,1350150309
