starpadilla,33.4143201661,111.913433075,1312948790
starpadilla,33.433321593,111.903305054,1312943951
starpadilla,33.4330250261,111.903452958,1302805386
starpadilla,33.4330250261,111.903452958,1278375765
starpadilla,33.400007944,111.856465551,1302788445
starpadilla,33.4225289167,111.876158783,1312942821
starpadilla,33.5850198731,101.877991972,1316305307
starpadilla,33.4330250261,111.903452958,1300589242
starpadilla,33.6205265322,111.892289682,1294279709
starpadilla,33.6237986235,111.896039175,1302896264
starpadilla,33.3934861422,111.8717286,1330403872
starpadilla,33.3080905557,111.741975796,1346269775
starpadilla,33.400007944,111.856465551,1302788445
starpadilla,33.6237986235,111.896039175,1274377127
starpadilla,33.4668907577,111.912789345,1302132408
starpadilla,33.400007944,111.856465551,1312944185
starpadilla,33.6264105667,111.92485415,1302895199
starpadilla,33.6287127241,111.893359423,1274375659
starpadilla,33.6287127241,111.893359423,1274375725
starpadilla,33.326587,111.858441183,1312943916
starpadilla,33.4217033386,111.908744812,1339890936
starpadilla,33.4266382312,111.940819994,1312944142
starpadilla,33.6780315667,111.97836019,1312943731
starpadilla,33.3358527619,111.859555543,1312943874
starpadilla,33.520168,101.905247569,1316281007
starpadilla,33.3025900485,111.743163555,1321559751
starpadilla,33.409598,111.857006,1342648145
starpadilla,33.400007944,111.856465551,1302788445
starpadilla,29.7497325294,98.4322032725,1322183774
starpadilla,32.4495095015,100.39787673,1322333917
starpadilla,33.42193,111.838486791,1309376658
starpadilla,33.400007944,111.856465551,1302788447
starpadilla,33.306169,111.759453,1312944011
starpadilla,33.3767483532,111.859149605,1327325420
starpadilla,33.62872644,111.891695,1312944630
starpadilla,33.3080905557,111.741975796,1325629694
starpadilla,33.613213,111.863758,1312943255
starpadilla,33.4965896606,112.012069702,1322687065
starpadilla,33.2510205837,111.843313083,1348895489
starpadilla,33.3835458167,111.857303,1318086481
starpadilla,33.4225289167,111.876158783,1312943322
starpadilla,33.39419576,111.84059991,1343008466
starpadilla,33.3767483532,111.859149605,1323868587
starpadilla,33.3835458167,111.857303,1318086567
starpadilla,33.3820599318,111.82415843,1338302496
starpadilla,33.3767483532,111.859149605,1317221349
