supermodelme,1.3047099783,103.832061018,1276243025
supermodelme,1.3031837124,103.834877014,1277791084
supermodelme,1.304806,103.831863,1297661829
supermodelme,1.2910377,103.845731,1295861632
supermodelme,1.2896286103,103.839415323,1286964292
supermodelme,1.3045767329,103.832010645,1276579761
supermodelme,1.2874807103,103.860604763,1304568268
supermodelme,1.2570183277,103.814663887,1304567425
supermodelme,1.3035381062,103.834456182,1285030293
supermodelme,1.299931,103.853865,1294806688
supermodelme,1.2723469492,103.836618707,1278930589
supermodelme,1.301467542,103.838610649,1294296905
supermodelme,1.3048569774,103.823912144,1290054500
supermodelme,1.302324,103.83709,1306840293
supermodelme,1.2918430127,103.858506308,1295855423
supermodelme,1.278004,103.846097,1288261328
supermodelme,1.2940067144,103.852997276,1298521016
supermodelme,1.321328,103.844014039,1294806703
supermodelme,1.289878,103.85132,1304567302
supermodelme,1.355070491,103.988594413,1294806674
supermodelme,1.3047711689,103.832731247,1280811338
supermodelme,1.3311482537,103.80731999,1294806314
supermodelme,1.2918403688,103.845042695,1291176194
supermodelme,1.3046249869,103.831857801,1299726251
supermodelme,1.302553,103.8369261,1278930394
supermodelme,1.3046513083,103.831806852,1298522168
supermodelme,1.2830180721,103.847890438,1302692209
supermodelme,1.303163,103.834526,1277791116
supermodelme,1.361197135,103.990081213,1305887181
supermodelme,1.2987642246,103.847426189,1304564644
supermodelme,1.3031739281,103.809629241,1290660858
supermodelme,1.304583522,103.831982341,1297338655
supermodelme,1.28553,103.850744,1295850628
supermodelme,1.2941309007,103.832044601,1291793905
supermodelme,1.2848635339,103.860626221,1277790946
supermodelme,1.2564605624,103.82015653,1277791017
supermodelme,1.2847026418,103.859703541,1305717606
supermodelme,1.3025616008,103.837387562,1288777640
supermodelme,1.2936901634,103.853433234,1293167002
supermodelme,1.264795661,103.824245,1288262287
supermodelme,1.2860434088,103.85427475,1306836872
supermodelme,1.3026259572,103.834812641,1285030279
supermodelme,1.296319024,103.848609924,1303125321
supermodelme,1.304809,103.831659669,1275626587
supermodelme,1.2932680943,103.858364757,1295856512
supermodelme,1.2785796388,103.842761147,1293771632
supermodelme,1.2713735019,103.819211923,1288776187
supermodelme,1.2904637033,103.845252169,1294296536
supermodelme,1.3032158906,103.83399725,1299725371
