vlondonescorts,51.4839878647,0.1742987899,1347619558
vlondonescorts,51.5327245337,0.1297583468,1346850507
vlondonescorts,51.4920053795,0.2660322189,1346947998
vlondonescorts,51.5327245337,0.1297583468,1347622977
vlondonescorts,51.4264155903,0.1009054817,1346850312
vlondonescorts,51.4713371566,0.3657209606,1347690757
vlondonescorts,51.5413574151,0.0018668175,1352457736
vlondonescorts,51.530376,0.123831,1347623158
vlondonescorts,51.497766,0.13540581,1349175417
vlondonescorts,51.455701628,0.2032279438,1347959961
vlondonescorts,51.5655701841,0.136086062,1346948121
vlondonescorts,51.5121839957,0.1231373951,1347623349
vlondonescorts,51.3542024194,0.0937271118,1346850211
