whizhouse,40.723502,73.988252,1262272538
whizhouse,41.143702,72.298637,1320529871
whizhouse,25.8092290163,80.195516,1327040730
whizhouse,40.729022687,73.9814504892,1338304251
whizhouse,40.71363612,73.957404,1281802220
whizhouse,40.7221910819,74.0036426628,1300833531
whizhouse,34.0977328969,118.367643356,1274495550
whizhouse,40.6252369225,73.9614942828,1332632919
whizhouse,41.0394647939,73.528948774,1330212401
whizhouse,40.71194,73.952456,1255577610
whizhouse,29.9543672756,90.0678999268,1311185609
whizhouse,41.0576807833,73.535638,1282353231
whizhouse,40.7437434876,73.9737689495,1261202751
whizhouse,40.721418,73.984088,1293841226
whizhouse,40.6844407289,73.9777601532,1269821626
whizhouse,40.713030566,73.9575510087,1256510156
