1000,36.1119,86.9172,1378080060
1000,36.1531,86.7982,1378073760
1000,36.1658,86.8275,1377976200
1000,36.0159,86.7857,1377971040
1000,33.7576,84.4011,1377828960
1000,33.7576,84.4011,1377827040
1000,33.7357,84.3892,1377651300
1000,33.8586,84.0197,1377468660
1000,33.8037,84.2151,1377457620
1000,33.7476,84.4018,1377190680
1000,32.0268,80.924,1376158860
1000,32.0288,81.0706,1376091900
1000,33.8008,84.325,1375118220
1000,33.7542,84.3762,1374969480
1000,33.8011,84.328,1374603900
1000,33.7921,84.324,1374596160
1000,33.8009,84.3247,1373912640
1000,34.1778,84.0212,1373835240
1000,33.9916,84.0938,1373733540
1000,33.9914,84.0941,1373672820
1000,33.7946,84.3106,1373050500
1000,33.7996,84.3194,1373049720
1000,33.7318,84.1792,1372981200
1000,33.801,84.3271,1372879620
1000,33.7371,84.3937,1372615020
1000,33.7316,84.1793,1372609080
1000,33.8037,84.215,1372564740
1000,33.8001,84.3245,1372173120
1000,33.7371,84.3937,1372094580
1000,33.8001,84.3244,1372093200
1000,33.8001,84.3244,1372093200
1000,33.7371,84.3937,1372011420
1000,33.7317,84.1792,1371927300
1000,33.8,84.3244,1371581100
1000,33.8,84.3245,1371477180
1000,33.6934,84.0897,1371411660
1000,33.751,84.3967,1369592880
1000,33.751,84.3967,1369590720
1000,33.751,84.3967,1369590000
1000,33.7316,84.1791,1369170360
1000,36.1277,80.2577,1368884160
1000,38.8953,77.0364,1368585720
1000,38.972,76.882,1368306720
1000,38.9233,77.0204,1368282720
1000,38.9221,77.0215,1368282540
1000,38.9014,77.0402,1368158220
1000,33.8036,84.4124,1367795460
1000,33.7573,84.3965,1367282040
1000,33.7317,84.1791,1367014980
1000,33.7001,84.1163,1366857660
1000,33.7419,84.3985,1366856940
1000,33.7475,84.4085,1366513320
1000,33.7494,84.3586,1366497420
1000,33.7314,84.1933,1366485840
1000,33.7466,84.3742,1366250160
1000,33.7474,84.4087,1366219380
1000,33.7317,84.1791,1365967680
1000,33.8514,83.9841,1365898080
1000,33.7285,84.1817,1365801000
1000,33.7303,84.1946,1365532140
1000,34.8601,84.3122,1364088780
1000,34.7848,84.3034,1364072940
1000,34.7848,84.3034,1364072040
1000,34.8627,84.3121,1363971960
1000,33.7319,84.1792,1363887180
1000,33.7318,84.1793,1363537740
1000,28.4068,82.2949,1362939120
1000,27.9622,82.5142,1362845100
1000,27.9631,82.5154,1362794160
1000,33.7303,84.1946,1362686760
1000,33.7971,84.4116,1362618600
1000,33.7313,84.1791,1362608580
1000,33.6304,83.9765,1362245580
1000,33.7317,84.1791,1362075120
1000,34.1884,84.1409,1361741820
1000,33.6592,84.429,1361739480
1000,38.8743,76.9937,1361469300
1000,42.4415,19.262,1360605300
1000,42.4436,19.2456,1360530120
1000,42.4348,18.6984,1360524840
1000,38.9533,77.4462,1360456920
1000,38.8197,77.0011,1360374900
1000,38.8569,76.9904,1360362540
1000,38.8772,77.0027,1359646800
1000,38.8576,76.9902,1359387240
1000,38.7583,77.0175,1359335520
1000,38.9242,77.0209,1359216240
1000,38.8639,77.0627,1359171420
1000,38.8568,76.9904,1359155100
1000,38.9342,77.0303,1358980980
1000,38.8569,76.9904,1358980800
1000,38.8569,76.9904,1358910420
1000,38.8564,76.9898,1358794620
1000,38.857,76.9903,1358785680
1000,38.8569,76.9904,1358437320
1000,38.9274,77.0194,1358271900
1000,38.8569,76.9906,1358271480
1000,38.8566,76.9903,1358271180
1000,38.9164,77.0154,1358108100
1000,38.9059,77.0515,1357947780
1000,38.8569,76.9902,1357786620
1000,33.7319,84.1791,1357522620
1000,33.7317,84.1791,1357404000
1000,33.7303,84.1946,1357317060
1000,33.7318,84.1792,1357059000
1000,16.9935,88.3737,1356882300
1000,16.994,88.3606,1356825420
1000,33.6407,84.4361,1356705840
1000,33.7318,84.1792,1356640140
1000,33.7323,84.179,1356638520
1000,32.8395,84.8135,1356462600
1000,33.7183,84.239,1356386760
1000,35.4134,80.8864,1355503620
1000,38.972,76.882,1355346780
1000,38.9217,77.0193,1355331720
1000,38.9718,76.8821,1355158680
1000,38.9717,76.8823,1355112120
1000,38.9461,77.0066,1354899060
1000,38.857,76.9904,1354804920
1000,38.8569,76.9904,1354803360
1000,38.8212,77.0165,1354767720
1000,38.9461,77.0065,1354749480
1000,38.946,77.0064,1354553460
1000,38.9423,77.0028,1354386660
1000,38.946,77.0066,1354197120
1000,38.946,77.0063,1353953400
1000,38.9459,77.0065,1353465660
1000,38.7584,77.0172,1353295980
1000,39.0242,76.926,1353275820
1000,38.9443,77.0038,1353001500
1000,38.9461,77.007,1352750820
1000,38.8988,77.0211,1352686380
1000,38.946,77.0063,1352673780
1000,38.9562,76.9392,1352664900
1000,38.9083,77.0357,1352304900
1000,38.9059,77.0515,1352159700
1000,38.9466,77.0061,1351817880
1000,38.956,76.939,1351729740
1000,38.9461,77.0066,1351531620
1000,38.946,77.007,1351396620
1000,38.923,77.0191,1351195140
1000,38.9459,77.0063,1351183740
1000,38.9462,77.0066,1351101960
1000,38.9246,77.0092,1350908880
1000,38.9198,77.0223,1350838320
1000,38.9459,77.007,1350836220
1000,38.946,77.0066,1350752640
1000,38.9462,77.0065,1350752280
1000,38.9461,77.0066,1350752040
1000,38.946,77.0065,1350699120
1000,38.9806,77.0263,1350687480
1000,38.8569,76.9904,1350624420
1000,38.946,77.0066,1350493140
1000,38.9236,77.0193,1350405900
1000,38.9236,77.0193,1350405600
1000,38.8631,77.0604,1350218820
1000,38.8632,77.0609,1350218220
1000,38.8632,77.0607,1350218040
1000,38.8735,77.0015,1350159840
1000,38.9461,77.0066,1350139920
1000,38.9162,77.035,1350093300
1000,39.302,76.6196,1350022080
1000,38.9461,77.0067,1349979120
1000,38.9464,77.007,1349969580
1000,38.909,77.022,1349823000
1000,38.9461,77.0065,1349822760
1000,38.9005,77.0568,1349728560
1000,38.9462,77.0065,1349711760
1000,38.9718,76.8823,1349639880
1000,38.9461,77.0066,1349625540
1000,38.9462,77.0066,1349562300
1000,38.9461,77.0066,1349461380
1000,38.9293,77.0163,1349402580
1000,38.9294,77.0163,1349384460
1000,38.9843,77.0021,1349107320
1000,38.9463,77.0067,1349054340
1000,38.4938,77.9338,1349034120
1000,38.946,77.0067,1348951920
1000,38.9461,77.0067,1348849620
1000,38.946,77.0064,1348774320
1000,38.9846,77.0031,1348584180
1000,39.235,76.5436,1348376940
1000,38.9835,76.8917,1348370340
1000,38.9461,77.0064,1348343400
1000,38.9442,77.0057,1348252080
1000,38.9463,77.0062,1348183680
1000,38.9461,77.0065,1348163760
1000,38.9404,76.9926,1348160160
1000,38.946,77.0063,1348066800
1000,38.9567,77.0024,1347576720
1000,38.946,77.0067,1347556620
1000,38.946,77.0065,1347497280
1000,38.9302,77.0325,1347495060
1000,39.3533,74.444,1347245640
1000,39.3535,74.44,1347218220
1000,39.3553,74.4365,1347153960
1000,39.3575,74.4393,1347127980
1000,39.3593,74.4413,1347084960
1000,39.3582,74.4381,1347083760
1000,39.905,75.1402,1346996460
1000,39.9488,75.1438,1346993280
1000,39.9523,75.1756,1346974200
1000,39.877,75.2424,1346966520
1000,38.8988,77.0218,1346902560
1000,38.9001,76.9862,1346892900
1000,33.8454,84.3612,1346541300
1000,33.9379,83.3681,1346445660
1000,38.9462,77.0067,1346212920
1000,38.9161,77.0155,1346015820
1000,38.9171,77.027,1346005860
1000,33.7885,84.3416,1344970440
1000,32.3652,86.2954,1344114360
1000,33.7542,84.3671,1341092820
1000,33.7735,84.3622,1339734180
1000,33.7736,84.362,1339725540
1000,33.653,84.4495,1339551480
1000,33.6526,84.4495,1339548420
1000,35.4877,80.8882,1339305660
1000,35.448,80.8904,1339302480
1000,38.956,77.0032,1318376820
