1030,40.5175,74.4654,1377998760
1030,40.5175,74.4652,1377995940
1030,40.5227,74.5242,1377818760
1030,40.3474,74.3174,1377701700
1030,40.415,74.305,1377465720
1030,40.7682,74.022,1377373080
1030,40.7583,73.9906,1377372660
1030,40.3472,74.3185,1377287520
1030,40.3472,74.3184,1377278280
1030,40.4726,74.2848,1377226800
1030,40.3471,74.3186,1377204240
1030,40.3907,75.0859,1376885220
1030,40.3471,74.3183,1376784720
1030,40.3478,74.3189,1376783880
1030,40.2603,74.2731,1376696460
1030,40.472,74.2848,1376630040
1030,40.347,74.3187,1376586300
1030,40.3031,74.2529,1376436240
1030,40.4155,74.2294,1376409660
1030,40.5721,74.2405,1376367060
1030,40.3473,74.3183,1376355660
1030,40.3454,74.3225,1376245500
1030,40.3474,74.3189,1376145420
1030,40.572,74.2405,1376099580
1030,40.4735,74.4208,1376080140
1030,40.4725,74.285,1376015880
1030,40.3476,74.314,1375982220
1030,40.3472,74.3184,1375979580
1030,40.3472,74.3185,1375918260
1030,40.572,74.2408,1375762920
1030,40.3144,74.2506,1375737180
1030,40.3445,74.2938,1375706820
1030,40.0962,74.0363,1375649820
1030,40.3588,74.6033,1375582200
1030,40.3588,74.6033,1375579260
1030,40.3588,74.6033,1375573200
1030,40.3555,74.6002,1375571880
1030,40.3201,74.2622,1375478520
1030,40.3446,74.2939,1375362900
1030,40.3472,74.3184,1375320180
1030,40.3472,74.3183,1375320060
1030,40.3226,74.2893,1375305180
1030,40.298,74.2595,1375223940
1030,41.0801,73.4628,1375042080
1030,41.0127,73.6407,1375041420
1030,40.3428,74.2954,1374846360
1030,40.3486,74.2861,1374769500
1030,40.3133,73.9763,1374595800
1030,40.3363,74.293,1374585900
1030,40.3409,74.1575,1374527340
1030,40.7682,74.2807,1374509160
1030,40.7668,74.2803,1374505560
1030,40.2395,74.2922,1374453120
1030,40.4723,74.2848,1374200100
1030,40.3473,74.3184,1374186480
1030,40.347,74.3185,1374098280
1030,40.3472,74.3185,1374027960
1030,40.2893,74.301,1373941680
1030,40.1171,74.0568,1373833620
1030,40.117,74.057,1373833140
1030,40.6029,74.2315,1373760840
1030,40.593,74.2313,1373755680
1030,40.3135,74.3049,1373500380
1030,40.4846,74.2907,1373296080
1030,40.3391,74.3083,1373248440
1030,40.3279,74.2649,1373245080
1030,40.136,74.4405,1373163480
1030,40.3473,74.3208,1372987860
1030,40.3471,74.3184,1372980540
1030,40.3472,74.3186,1372895100
1030,40.351,74.0724,1372797720
1030,40.347,74.3185,1372611960
1030,40.3469,74.3186,1372531800
1030,40.3472,74.3184,1372519560
1030,40.4723,74.2848,1372452300
1030,40.3472,74.3188,1372452180
1030,40.3473,74.3183,1372349940
1030,40.3475,74.3186,1372301640
1030,40.2894,74.3005,1372210680
1030,40.3519,74.2904,1372194420
1030,40.2888,74.2883,1372089060
1030,40.2897,74.3007,1372035060
1030,40.2901,74.3007,1372034580
1030,40.3472,74.3185,1371925740
1030,40.0405,75.1532,1371871680
1030,40.4725,74.2851,1371790260
1030,40.3472,74.3187,1371762180
1030,40.283,74.0776,1371756360
1030,40.302,73.9783,1371752040
1030,40.3087,74.0178,1371402600
1030,40.3425,74.3094,1371255960
1030,40.3471,74.3185,1371225540
1030,40.3468,74.3187,1371225060
1030,40.4725,74.2848,1371179340
1030,40.4723,74.2848,1371178860
1030,40.4724,74.285,1371176460
1030,40.4722,74.285,1371175320
1030,40.347,74.3184,1371144420
1030,40.3471,74.3183,1371143580
1030,40.347,74.3183,1370995500
1030,40.7013,73.9908,1370798340
1030,40.7223,73.9874,1370797200
1030,40.7223,73.9874,1370795580
1030,40.7064,74.5455,1370728560
1030,40.3468,74.3185,1370543940
1030,40.3474,74.3183,1370531340
1030,40.3472,74.3189,1370465220
1030,40.2335,74.301,1370442960
1030,40.2524,74.3131,1370353020
1030,40.347,74.3182,1370220240
1030,40.347,74.3184,1369958100
1030,40.3471,74.3181,1369939800
1030,40.347,74.3185,1369875840
1030,40.3489,74.2872,1369865100
1030,40.3522,74.2903,1369784160
1030,40.3471,74.3184,1369686060
1030,40.3473,74.3187,1369685760
1030,40.3473,74.3187,1369685580
1030,40.3473,74.3187,1369685400
1030,40.3473,74.3187,1369685280
1030,40.3473,74.3187,1369684980
1030,40.7546,73.987,1369521120
1030,40.4724,74.2848,1369363440
1030,40.2347,74.3008,1369316100
1030,40.3473,74.3186,1369250640
1030,40.3471,74.3188,1368984600
1030,40.2551,74.3016,1368928740
1030,40.5154,74.4656,1368757620
1030,40.5155,74.4654,1368749160
1030,40.5155,74.4655,1368748080
1030,40.5156,74.4657,1368744840
1030,40.3014,74.3061,1368564660
1030,40.3471,74.3183,1368552600
1030,40.3473,74.3187,1368545280
1030,40.1362,74.439,1368392580
1030,40.3924,74.2371,1368228180
1030,40.3469,74.3187,1368219600
1030,40.3472,74.3185,1368219540
1030,40.3472,74.3184,1368219120
1030,40.4722,74.285,1368146580
1030,40.3472,74.3182,1368137100
1030,40.314,74.2503,1368113220
1030,40.347,74.3183,1368022320
1030,40.347,74.3183,1367895660
1030,40.4863,74.4372,1367868000
1030,40.3471,74.3187,1367789160
1030,40.5077,74.9681,1367717460
1030,40.5137,74.9716,1367710620
1030,40.5136,74.9716,1367703900
1030,40.3463,74.3173,1367693400
1030,40.3469,74.3185,1367684040
1030,40.3469,74.3185,1367683560
1030,40.5681,74.2716,1367628780
1030,40.3471,74.3187,1367524080
1030,40.3473,74.3186,1367521380
1030,40.3473,74.3183,1367439600
1030,40.3454,74.2052,1367429400
1030,40.3281,74.1341,1367334720
1030,40.3535,74.0683,1367201700
1030,40.3507,74.0662,1367200920
1030,40.2458,74.2941,1367187840
1030,40.1537,74.4317,1367187240
1030,40.1372,74.4348,1367180760
1030,40.1383,74.4386,1367176860
1030,40.347,74.3178,1367124840
1030,40.1861,74.0105,1367121120
1030,40.3468,74.3184,1367043000
1030,40.3468,74.3184,1367042820
1030,40.8458,74.0784,1367037600
1030,40.8458,74.0783,1367033280
1030,40.3472,74.3185,1367005320
1030,40.347,74.3184,1367003400
1030,40.3469,74.3188,1366998240
1030,40.3469,74.3188,1366998060
1030,40.3469,74.3188,1366997820
1030,40.3469,74.3187,1366923900
1030,40.3473,74.3186,1366753320
1030,40.3708,74.3688,1366597980
1030,40.4999,74.4477,1366554000
1030,40.2779,74.3551,1366500600
1030,40.2646,74.3367,1366426860
1030,40.3471,74.3186,1366267320
1030,40.3505,74.066,1366221540
1030,40.347,74.3187,1366149540
1030,40.347,74.3187,1366149300
1030,40.3356,74.138,1366130280
1030,40.3356,74.138,1366130160
1030,40.3329,74.1253,1366129980
1030,40.3329,74.1253,1366129860
1030,40.3329,74.1253,1366129800
1030,40.3318,74.1204,1366129620
1030,40.3472,74.3186,1365981180
1030,40.3472,74.3183,1365979620
1030,40.4294,74.4763,1365899640
1030,40.3472,74.3184,1365877020
1030,40.3472,74.3184,1365876900
1030,40.3472,74.3184,1365876780
1030,40.3472,74.3184,1365876600
1030,40.3472,74.3184,1365876480
1030,40.9812,74.5458,1365825120
1030,40.9953,74.5265,1365817920
1030,40.9956,74.5267,1365808920
1030,40.9129,74.5772,1365802680
1030,40.89,74.477,1365801840
1030,40.3105,74.3028,1365558120
1030,40.3475,74.3181,1365450780
1030,40.3476,74.3187,1365443160
1030,40.3475,74.3186,1365442920
1030,40.3475,74.3186,1365442440
1030,40.3472,74.3184,1365320220
1030,40.5031,74.4525,1365306900
1030,40.5034,74.4527,1365269880
1030,40.347,74.3183,1365098940
1030,40.3472,74.3184,1365088140
1030,40.3472,74.3181,1365027840
1030,40.2914,74.2978,1364701560
1030,40.2914,74.2978,1364701440
1030,40.2914,74.2978,1364701200
1030,40.3471,74.3182,1364659140
1030,40.3471,74.3182,1364658840
1030,40.3471,74.3186,1364592360
1030,40.3471,74.3186,1364591700
1030,40.3471,74.3186,1364591220
1030,40.3471,74.3186,1364590740
1030,40.338,74.1399,1364486760
1030,40.338,74.1399,1364486520
1030,40.3243,74.1322,1364476920
1030,40.3472,74.3188,1364449740
1030,40.2408,74.2815,1364442420
1030,40.2408,74.2815,1364441700
1030,40.2408,74.2817,1364429280
1030,40.2381,74.293,1364428980
1030,40.3474,74.3184,1364413920
1030,40.3471,74.3184,1364241420
1030,40.4654,74.2794,1364175900
1030,40.4656,74.2793,1364169060
1030,40.4655,74.2795,1364163360
1030,40.4655,74.2794,1364161080
1030,40.3471,74.3184,1364145000
1030,40.3469,74.3185,1364106120
1030,40.4656,74.2795,1364098800
1030,40.3471,74.3184,1364081520
1030,40.3471,74.3183,1363987260
1030,40.3471,74.3102,1363971060
1030,40.3472,74.3182,1363907280
1030,40.3472,74.3184,1363883280
1030,40.3473,74.3184,1363847940
1030,40.3473,74.3183,1363825500
1030,39.9732,74.2367,1363740060
1030,40.3471,74.3186,1363664880
1030,40.3465,74.3177,1363621140
1030,40.3465,74.3179,1363579560
1030,40.3472,74.3184,1363570500
1030,40.3472,74.3184,1363477620
1030,40.3471,74.3183,1363475460
1030,40.3471,74.3184,1363415340
1030,40.3598,74.3269,1363414680
1030,40.3517,74.3214,1363414380
1030,40.347,74.3183,1363413840
1030,40.2394,74.2929,1363395360
1030,40.3472,74.3185,1363377120
1030,40.3398,74.1409,1363285860
1030,40.3385,74.1389,1363277040
1030,40.4655,74.2794,1363230900
1030,40.4654,74.2796,1363228560
1030,40.3421,74.1418,1363196160
1030,40.3473,74.3185,1363182660
1030,40.3463,74.3217,1362960300
1030,40.3472,74.3184,1362960000
1030,40.5947,73.9815,1362941640
1030,39.9447,74.073,1362882360
1030,40.3471,74.3184,1362881280
1030,39.9379,74.0723,1362869220
1030,40.3475,74.3187,1362705540
1030,40.3472,74.3185,1362582060
1030,40.6072,74.0424,1362360060
1030,40.5946,73.9814,1362351000
1030,40.595,73.9815,1362345600
1030,40.5824,74.1917,1362337680
1030,40.5824,74.1917,1362337560
1030,40.5824,74.1917,1362337440
1030,40.3476,74.3185,1362296220
1030,40.3476,74.3185,1362296100
1030,40.3476,74.3185,1362295980
1030,40.3469,74.3182,1362206220
1030,40.3469,74.3182,1362205980
1030,40.3473,74.3183,1362181200
1030,40.3472,74.3159,1362153840
1030,40.3369,74.1378,1362071940
1030,40.3369,74.1378,1362071700
1030,40.3369,74.1378,1362071520
1030,40.3471,74.3184,1362034680
1030,40.4653,74.2792,1362019740
1030,40.3472,74.3182,1361995020
1030,40.3471,74.3185,1361937060
1030,40.3471,74.3183,1361914740
1030,40.3353,74.1369,1361895300
1030,40.6581,74.2725,1361669340
1030,40.6581,74.2725,1361664780
1030,40.3472,74.3185,1361653500
1030,40.4212,74.2732,1361591700
1030,40.3472,74.3184,1361493060
1030,40.3371,74.3197,1361491920
1030,40.3375,74.1392,1361294820
1030,40.3475,74.3174,1360809480
1030,40.328,74.1329,1360698540
1030,40.3375,74.1392,1360682640
1030,40.347,74.3185,1360637760
1030,40.347,74.3182,1360619880
1030,39.9592,75.1495,1360528440
1030,40.0044,75.195,1360463040
1030,40.7445,73.8506,1360383300
1030,40.7456,73.8503,1360361100
1030,40.6961,73.9764,1360356540
1030,40.6961,73.9764,1360355760
1030,40.3471,74.3183,1360221480
1030,40.3471,74.3183,1360221180
1030,40.3241,74.132,1360174980
1030,40.3441,74.14,1360085160
1030,40.3472,74.3183,1360019160
1030,40.4653,74.2797,1359872520
1030,40.3472,74.3187,1359681660
1030,40.3471,74.3183,1359499920
1030,40.347,74.3187,1359397440
1030,40.3145,74.2505,1359045300
1030,40.3472,74.3183,1358818320
1030,40.347,74.3184,1358720160
1030,40.3471,74.3185,1358376780
1030,40.356,74.291,1358363520
1030,40.3468,74.3184,1358227740
1030,40.3469,74.3185,1358203200
1030,40.3538,74.3209,1358188860
1030,40.5495,74.334,1358102340
1030,40.5495,74.334,1358101920
1030,40.275,74.0432,1358035380
1030,40.275,74.0432,1358034600
1030,40.3472,74.3184,1357928460
1030,40.3471,74.3186,1357882140
1030,40.4655,74.2794,1357794480
1030,40.4654,74.2794,1357791240
1030,40.2544,74.3157,1357765560
1030,40.3139,74.25,1357758300
1030,40.3476,74.3184,1357748640
1030,40.3473,74.3182,1357701960
1030,40.347,74.3187,1357682880
1030,40.3524,74.2906,1357604400
1030,40.347,74.3187,1357590720
1030,40.3475,74.3179,1357574940
1030,41.3754,74.291,1357442580
1030,41.3754,74.291,1357442280
1030,41.3752,74.2917,1357432380
1030,40.2532,74.0565,1357414740
1030,40.3612,74.2904,1357402800
1030,40.346,74.3202,1357330380
1030,40.3472,74.3185,1357269720
1030,40.3469,74.3177,1357240680
1030,40.3471,74.3185,1357232100
1030,40.3471,74.3185,1357231860
1030,40.4655,74.2797,1357186320
1030,40.347,74.3184,1357183140
1030,40.3497,74.3126,1357176960
1030,40.347,74.3184,1357174800
1030,40.3472,74.3185,1357169580
1030,40.347,74.3186,1357146780
1030,40.3469,74.3109,1357071240
1030,40.346,74.3202,1357071000
1030,40.3471,74.3186,1357070820
1030,40.3471,74.3185,1357070640
1030,40.3471,74.3185,1357070460
1030,40.3471,74.3185,1357070340
1030,40.3471,74.3185,1357070160
1030,40.3471,74.3185,1357070040
1030,40.3471,74.3185,1357069740
1030,40.3471,74.3185,1357069560
1030,39.3966,74.5492,1357059300
1030,39.3941,74.5477,1357030500
1030,39.3966,74.55,1357026600
1030,39.3957,74.5503,1357025040
1030,39.3957,74.5503,1357024920
1030,39.3957,74.5503,1357024860
1030,39.3957,74.5503,1357024680
1030,39.3961,74.5501,1356995580
1030,39.4449,74.526,1356990960
1030,39.9766,74.2118,1356984060
1030,40.1989,74.0191,1356915660
1030,40.1984,74.0158,1356915360
1030,40.4135,74.3058,1356897840
1030,40.5013,74.4513,1356875520
1030,40.5012,74.4514,1356856140
1030,40.5018,74.4512,1356852060
1030,40.4987,74.4486,1356847800
1030,40.3384,74.3157,1356796740
1030,40.2913,74.2977,1356754320
1030,40.3472,74.3149,1356737280
1030,40.3081,74.3223,1356716520
1030,40.355,74.2691,1356702960
1030,40.353,74.3094,1356664920
1030,40.353,74.3094,1356664800
1030,40.397,74.3051,1356664740
1030,40.397,74.3051,1356664620
1030,40.4281,74.3027,1356664500
1030,40.4281,74.3027,1356664440
1030,40.4281,74.3027,1356664320
1030,40.5804,74.2439,1356664080
1030,40.5804,74.2439,1356663960
1030,40.5804,74.2439,1356663900
1030,40.5804,74.2439,1356663780
1030,40.5804,74.2439,1356663660
1030,40.5804,74.2439,1356663480
1030,40.347,74.3183,1356572460
1030,40.3474,74.3185,1356539100
1030,40.3467,74.3163,1356484980
1030,40.347,74.3185,1356484680
1030,40.347,74.3185,1356484560
1030,40.347,74.3185,1356484440
1030,40.347,74.3185,1356484260
1030,40.3473,74.3182,1356446100
1030,40.6053,74.0309,1356387420
1030,40.6053,74.0309,1356387000
1030,40.3467,74.3187,1356369180
1030,40.347,74.3184,1356366000
1030,40.3463,74.3113,1356326640
1030,40.3455,74.3168,1356326520
1030,40.3455,74.3168,1356326280
1030,40.3463,74.3113,1356326220
1030,40.3463,74.3113,1356326040
1030,40.3455,74.3169,1356325800
1030,40.3465,74.3119,1356325500
1030,40.3472,74.3183,1356325260
1030,40.2886,74.2922,1356297360
1030,40.3469,74.3185,1356278280
1030,40.5255,74.5272,1356228840
1030,40.5255,74.5272,1356221820
1030,40.5255,74.5272,1356221520
1030,40.5255,74.5272,1356221340
1030,40.533,74.5579,1356219360
1030,40.3474,74.3185,1356203880
1030,40.2624,74.3772,1356139920
1030,40.3522,74.2909,1356120360
1030,40.314,74.2505,1356114360
1030,40.3138,74.2499,1356113520
1030,40.2433,74.2934,1356103980
1030,40.3472,74.3187,1356039720
1030,40.3472,74.3187,1356039660
1030,40.3472,74.3187,1356039540
1030,40.3472,74.3187,1356039480
1030,40.3472,74.3187,1356039420
1030,40.3496,74.3091,1356038280
1030,40.3471,74.3185,1355971800
1030,40.4853,74.4207,1355943480
1030,40.2074,74.4357,1355929140
1030,40.3452,74.3121,1355891760
1030,40.3472,74.3184,1355713620
1030,40.3473,74.3184,1355667180
1030,40.3473,74.3184,1355667120
1030,40.3483,74.3183,1355523060
1030,40.3483,74.2867,1355437740
1030,40.347,74.3181,1355424000
1030,40.4653,74.2796,1355380500
1030,40.465,74.2801,1355378580
1030,40.3468,74.3144,1355334240
1030,40.3472,74.3184,1355334120
1030,40.3472,74.3184,1355334060
1030,40.3472,74.3184,1355333940
1030,40.3471,74.3182,1355321700
1030,40.4653,74.2795,1355279880
1030,40.4656,74.2795,1355273880
1030,40.3467,74.3114,1355259600
1030,40.3471,74.3184,1355252640
1030,40.3469,74.3183,1355248440
1030,40.3473,74.3185,1355246400
1030,40.252,74.3148,1355244540
1030,40.3473,74.3186,1355175060
1030,40.3472,74.3183,1355079660
1030,40.3471,74.3182,1355079600
1030,40.3473,74.3187,1355079540
1030,40.3476,74.3184,1355079480
1030,40.3481,74.3177,1355079360
1030,40.3472,74.3184,1355078520
1030,40.3473,74.3186,1355078340
1030,40.5135,74.9679,1355019600
1030,40.5077,74.9678,1355011020
1030,40.3471,74.3185,1354990620
1030,40.3478,74.3183,1354981500
1030,40.3472,74.3184,1354980060
1030,40.3502,74.0799,1354924800
1030,40.347,74.3185,1354897800
1030,40.3472,74.318,1354846440
1030,40.3472,74.3183,1354822920
1030,40.3473,74.3184,1354806480
1030,40.4651,74.2788,1354762380
1030,40.3473,74.3185,1354756860
1030,40.2713,74.2381,1354744440
1030,40.347,74.3186,1354676280
1030,40.347,74.3182,1354657560
1030,40.2862,74.173,1354639860
1030,40.347,74.3184,1354499760
1030,40.3436,74.3081,1354490580
1030,40.3371,74.3194,1354489860
1030,40.5778,74.3767,1354416600
1030,40.5778,74.3766,1354406580
1030,40.5776,74.3768,1354405500
1030,40.5776,74.3768,1354404960
1030,40.5776,74.3768,1354404780
1030,40.4398,74.3001,1354399500
1030,40.3472,74.3187,1354397100
1030,40.3472,74.3184,1354310460
1030,40.3525,74.2907,1354308000
1030,40.3525,74.2908,1354304940
1030,40.339,74.3085,1354299900
1030,40.4655,74.2795,1354168740
1030,40.4656,74.2797,1354157340
1030,40.4653,74.2795,1354155780
1030,40.4655,74.2794,1354151760
1030,40.3432,74.3182,1354127940
1030,40.3423,74.3084,1354122000
1030,40.347,74.3185,1354120440
1030,40.347,74.3185,1354058940
1030,40.5565,74.8539,1354043760
1030,40.4657,74.4061,1354037580
1030,40.2961,74.2821,1353970560
1030,40.347,74.3185,1353944400
1030,40.3473,74.3185,1353887100
1030,40.347,74.3185,1353880140
1030,40.347,74.3185,1353880080
1030,40.347,74.3183,1353879900
1030,40.3475,74.318,1353879840
1030,40.3472,74.3185,1353879720
1030,40.3472,74.3181,1353879600
1030,40.3471,74.3182,1353879420
1030,40.435,74.3837,1353863100
1030,40.3472,74.3183,1353822300
1030,40.5697,74.5452,1353793140
1030,40.5699,74.5452,1353788040
1030,40.5698,74.5451,1353782460
1030,40.347,74.3185,1353724260
1030,40.3474,74.3183,1353713220
1030,40.3473,74.3183,1353632640
1030,40.3471,74.3185,1353626040
1030,40.3019,74.2976,1353568980
1030,40.4653,74.2795,1353553200
1030,40.4654,74.2797,1353551940
1030,40.3019,74.2975,1353544620
1030,40.3473,74.3185,1353363960
1030,40.2523,74.3158,1353263940
1030,40.2523,74.3158,1353258180
1030,40.2549,74.3194,1353258000
1030,40.5345,74.3766,1353207720
1030,40.3475,74.3185,1353173280
1030,40.5423,74.3913,1353132300
1030,40.6227,74.4395,1353124500
1030,40.6228,74.4394,1353121140
1030,40.3467,74.2877,1353096180
1030,40.347,74.3185,1353037200
1030,40.3472,74.3183,1353014040
1030,40.3371,74.1388,1353006600
1030,40.3472,74.3183,1352964240
1030,40.0695,74.0848,1352833380
1030,40.2486,74.1073,1352819100
1030,40.3471,74.3186,1352748960
1030,40.3473,74.3181,1352739180
1030,40.3471,74.3184,1352696160
1030,40.3471,74.3185,1352672760
1030,40.347,74.3185,1352669760
1030,40.3471,74.3184,1352653080
1030,40.3132,74.3047,1352586240
1030,40.2544,74.3405,1352567700
1030,40.3472,74.3185,1352563740
1030,40.3471,74.3184,1352563380
1030,40.347,74.3184,1352419560
1030,40.3524,74.2913,1352404740
1030,40.3521,74.2904,1352323020
1030,40.2509,74.1095,1352313780
1030,40.2309,74.1102,1352304720
1030,40.8282,74.1392,1352268300
1030,40.0809,74.0805,1352220780
1030,40.347,74.3186,1352116860
1030,40.3424,74.3,1352050740
1030,40.3471,74.3186,1352050020
1030,40.3471,74.3183,1352048340
1030,40.3473,74.3188,1352002200
1030,40.4759,74.6063,1352002080
1030,40.3473,74.3187,1351916220
1030,40.8283,74.1391,1351899960
1030,40.3472,74.3183,1351827360
1030,40.3471,74.3186,1351731900
1030,40.5611,74.3014,1351720260
1030,40.3474,74.3183,1351485060
1030,40.3471,74.3183,1351476900
1030,40.3471,74.3183,1351476780
1030,40.3469,74.3179,1351474140
1030,40.3472,74.318,1351473900
1030,40.347,74.3181,1351473660
1030,40.3472,74.3186,1351405440
1030,40.6295,74.3092,1351400220
1030,40.624,74.3187,1351388940
1030,40.347,74.3183,1351363620
1030,40.3473,74.3185,1351354260
1030,40.3472,74.3185,1351354020
1030,40.347,74.3184,1351353720
1030,40.3449,74.3077,1351184280
1030,40.3377,74.3188,1351097280
1030,40.3471,74.3185,1351048920
1030,40.3471,74.3181,1351035480
1030,40.3471,74.3184,1351034040
1030,40.3471,74.3183,1351033920
1030,40.347,74.3186,1351033800
1030,40.3473,74.3183,1351029780
1030,40.3456,74.3167,1350830700
1030,39.982,74.0638,1350772800
1030,39.9823,74.0637,1350772380
1030,40.3472,74.3184,1350495960
1030,40.2161,74.1268,1350484740
1030,40.3474,74.3186,1350415860
1030,40.3494,74.3144,1350409260
1030,40.9586,74.1543,1350168900
1030,40.3471,74.3184,1350131760
1030,40.4255,74.38,1350000120
1030,40.2292,74.1088,1349918760
1030,40.3474,74.3185,1349877660
1030,40.2839,74.5282,1349812860
1030,40.3469,74.3182,1349741640
1030,40.3472,74.3187,1349729160
1030,40.2292,74.1088,1349712420
1030,40.8319,74.1591,1349620920
1030,40.8332,74.1553,1349620860
1030,40.3473,74.3182,1349588640
1030,40.5935,74.2314,1349581740
1030,40.6001,74.2311,1349581620
1030,40.5926,74.2315,1349575620
1030,40.3471,74.3188,1349308080
1030,40.1068,74.7837,1349290860
1030,40.3687,74.1824,1349272500
1030,40.2318,74.1121,1349185260
1030,40.0902,74.1708,1348956780
1030,40.3472,74.3188,1348857660
1030,40.2705,74.3016,1348783500
1030,40.3469,74.3187,1348727580
1030,40.343,74.3265,1348727460
1030,40.347,74.3185,1348727100
1030,40.3466,74.3179,1348703640
1030,40.2156,74.125,1348595820
1030,40.294,74.0944,1348580760
1030,40.347,74.3187,1348544340
1030,40.596,74.873,1348515300
1030,40.3471,74.3185,1348430520
1030,40.3472,74.3181,1348422960
1030,40.347,74.3185,1348422600
1030,40.3471,74.3183,1348382220
1030,40.4655,74.2795,1348373880
1030,40.4654,74.2795,1348373520
1030,40.4652,74.2797,1348369680
1030,40.38,74.3072,1348366680
1030,40.3471,74.3183,1348329000
1030,40.372,74.2958,1348254360
1030,40.347,74.3181,1348250160
1030,40.3931,74.3416,1348247880
1030,40.3472,74.3184,1348233960
1030,40.3471,74.3185,1348183320
1030,40.3471,74.3184,1348145820
1030,40.347,74.3185,1348101480
1030,40.3471,74.3186,1347854880
1030,40.2519,74.5258,1347766320
1030,40.3471,74.3184,1347581580
1030,40.4655,74.2792,1347499740
1030,40.2289,74.1076,1347466260
1030,40.3472,74.3183,1347413460
1030,40.3471,74.3185,1347413160
1030,40.4577,74.8962,1347388680
1030,40.2514,74.2942,1347298320
1030,40.5698,74.5452,1347156060
1030,40.5697,74.5452,1347155400
1030,40.5697,74.5453,1347146220
1030,40.5697,74.5451,1347146160
1030,40.9517,74.6993,1347129600
1030,40.3474,74.3187,1347063480
1030,40.2971,74.0313,1347057060
1030,40.3472,74.3183,1346984880
1030,40.3469,74.3181,1346909940
1030,40.3473,74.3182,1346872380
1030,40.347,74.3184,1346721480
1030,40.3471,74.3182,1346704020
1030,40.3469,74.3182,1346702640
1030,40.5612,74.3012,1346625360
1030,40.4654,74.2795,1345091280
1030,40.2877,74.053,1344998760
1030,40.2877,74.0524,1344998160
1030,40.2876,74.0525,1344995820
1030,40.2806,74.0871,1344994800
1030,40.2991,74.0226,1344806100
1030,40.3089,74.016,1344797520
1030,40.3471,74.3184,1344721200
1030,40.1372,74.4355,1344529560
1030,40.3471,74.3184,1344435420
1030,40.1386,74.4411,1344392640
1030,40.653,74.6956,1344269580
1030,40.67,74.726,1344268920
1030,40.3371,74.3194,1344209220
1030,40.3165,74.2239,1344013920
1030,40.3362,74.3192,1343852340
1030,40.3471,74.3185,1343707680
1030,40.3164,74.2236,1343669340
1030,40.3442,74.2943,1343661540
1030,40.3415,74.2898,1343652960
1030,40.0657,74.2456,1343604300
1030,40.0661,74.2453,1343597280
1030,40.2911,74.2975,1343527980
1030,40.2924,74.2895,1343525280
1030,40.347,74.3185,1343509860
1030,40.1727,74.0219,1343490060
1030,40.3472,74.3184,1343432880
1030,40.3472,74.3181,1343340180
1030,40.3441,74.2938,1343324700
1030,40.3471,74.3184,1343259960
1030,40.3715,74.2964,1343256960
1030,40.3471,74.3183,1343103600
1030,40.2367,74.301,1343091540
1030,40.4845,74.2904,1343052420
1030,40.1725,74.0204,1342985940
1030,40.296,74.1993,1342930740
1030,40.3472,74.3185,1342915080
1030,40.3472,74.3184,1342914660
1030,40.3472,74.3186,1342902960
1030,40.3473,74.3185,1342881180
1030,40.3445,74.2941,1342790880
1030,40.237,74.2965,1342756440
1030,40.4321,74.3865,1342739040
1030,40.3479,74.3186,1342677420
1030,40.4652,74.2793,1342677300
1030,40.4655,74.2795,1342669980
1030,40.345,74.2937,1342443720
1030,40.3453,74.2939,1342443360
1030,40.3372,74.3195,1342392720
1030,40.4101,74.3819,1342318380
1030,40.4102,74.382,1342318140
1030,40.3472,74.3187,1342225440
1030,40.3205,74.3209,1342189080
1030,40.3522,74.2913,1342122780
1030,40.0748,74.1867,1342021620
1030,40.0748,74.1868,1342018440
1030,40.3472,74.3184,1341883860
1030,40.2549,74.3146,1341705840
1030,40.3471,74.3184,1341698040
1030,40.3435,74.2948,1341607020
1030,40.3441,74.294,1341593280
1030,40.3166,74.2238,1341584820
1030,40.3471,74.3184,1341535020
1030,40.35,74.3183,1341531360
1030,40.3443,74.2938,1341512820
1030,40.3442,74.2938,1341511860
1030,40.172,74.0147,1341432240
1030,40.172,74.0148,1341419160
1030,40.3525,74.2908,1341401640
1030,40.4297,74.303,1341367560
1030,40.3472,74.3184,1341349500
1030,40.3104,74.25,1341235860
1030,40.347,74.318,1341182040
1030,40.3025,74.2775,1340943060
1030,40.3441,74.294,1340628120
1030,40.2559,74.2748,1340585640
1030,40.3471,74.3185,1340504880
1030,40.3471,74.3187,1340500020
1030,40.3471,74.3185,1340499960
1030,40.3472,74.3187,1340337480
1030,40.3425,74.329,1340238180
1030,40.3015,74.3063,1340214780
1030,40.3499,74.2095,1339980240
1030,40.1351,74.4433,1339961820
1030,40.1346,74.4398,1339959480
1030,40.1346,74.4399,1339958400
1030,39.9488,74.0718,1339730940
1030,40.3524,74.2909,1339711740
1030,40.3471,74.3183,1339596000
1030,40.3472,74.3185,1339362780
1030,40.3471,74.3183,1339278540
1030,40.3472,74.3184,1339276920
1030,40.2604,74.2728,1339106880
1030,40.4654,74.2795,1339037940
1030,40.4654,74.2795,1339037280
1030,40.3015,74.3063,1339017720
1030,40.3471,74.3184,1338991140
1030,40.3472,74.3184,1338868620
1030,40.2652,74.6427,1338688020
1030,40.2655,74.6424,1338681420
1030,40.3471,74.3185,1338495960
1030,40.347,74.3182,1338335700
1030,40.3472,74.3183,1338255120
1030,39.9549,74.0678,1338239520
1030,39.9548,74.0679,1338235620
1030,39.9548,74.0681,1338232860
1030,39.9548,74.0681,1338155520
