1031,33.4097,70.566,1377176820
1031,33.5221,70.7566,1377038160
1031,33.5221,70.7566,1377037620
1031,33.5224,70.7561,1376794980
1031,33.4003,70.5059,1376404020
1031,33.4841,70.7507,1376321820
1031,33.5221,70.7568,1376162880
1031,33.0497,71.5573,1376069940
1031,33.0497,71.5574,1376025300
1031,33.0497,71.5574,1375985040
1031,33.5221,70.7567,1375816500
1031,33.5221,70.7567,1375326900
1031,33.413,70.6941,1375313640
1031,33.5221,70.7567,1373829060
1031,33.4579,70.555,1373408100
1031,33.5225,70.7559,1373169180
1031,33.5221,70.7567,1373147760
1031,33.4,70.5071,1372967220
1031,33.5221,70.7566,1372957260
1031,33.4004,70.5057,1372714320
1031,33.5228,70.7562,1372574640
1031,33.5221,70.7567,1372549440
1031,33.5221,70.7567,1372219740
1031,33.5222,70.7567,1372218060
1031,33.5221,70.7567,1371937740
1031,33.5222,70.7567,1371924840
1031,33.5221,70.7567,1371618180
1031,33.4228,70.572,1371582780
1031,33.5221,70.7567,1371429180
1031,33.5221,70.7567,1370980080
1031,33.4394,70.6399,1370812740
1031,33.5222,70.7566,1370573520
1031,33.5222,70.7567,1370486880
1031,33.5222,70.7567,1369959840
1031,33.4003,70.5058,1369863720
1031,33.5221,70.7567,1369768200
1031,33.355,70.533,1369426800
1031,33.4003,70.5059,1369246320
1031,33.4003,70.5059,1368106320
1031,33.5221,70.7566,1367711100
1031,33.5489,70.7669,1367704380
1031,33.5221,70.7567,1367280060
1031,33.5223,70.7567,1367099220
1031,33.5221,70.7567,1366865400
1031,33.5222,70.7567,1366414140
1031,33.5221,70.7567,1366335180
1031,33.5221,70.7566,1366029660
1031,33.5221,70.7567,1365727680
1031,33.4653,70.659,1365351660
1031,33.4626,70.6597,1365347400
1031,33.4011,70.5072,1363990440
1031,33.5222,70.7567,1361402520
1031,33.5223,70.7568,1361392560
1031,33.5221,70.7566,1361144280
1031,33.5222,70.7567,1360790640
1031,33.5221,70.7566,1360612140
1031,33.5221,70.7567,1360359720
1031,33.5221,70.7568,1360204980
1031,33.5221,70.7565,1359429780
1031,33.5221,70.7566,1359429360
1031,33.5222,70.7567,1359138600
1031,33.5221,70.7567,1358995860
1031,33.5222,70.7566,1358899680
1031,33.5238,70.7573,1358646780
1031,33.522,70.7568,1358534040
1031,33.5222,70.7567,1358360220
1031,33.4496,70.6624,1357776420
1031,33.5239,70.7605,1357440300
1031,33.522,70.7568,1357313640
1031,33.5222,70.7567,1357303560
1031,33.522,70.7568,1357005000
1031,32.9871,71.2714,1356831300
1031,33.522,70.7568,1356644340
1031,33.522,70.7567,1356575220
1031,33.522,70.7568,1356557940
1031,33.522,70.7568,1356538500
1031,33.5225,70.7558,1356412620
1031,33.522,70.7568,1356398820
1031,33.522,70.7567,1356100860
1031,33.5221,70.7565,1356098160
1031,33.5221,70.7567,1355681100
1031,33.5221,70.7567,1355608140
1031,33.5221,70.7567,1355607900
1031,33.5235,70.7598,1355541720
1031,33.5226,70.7556,1355537160
1031,33.5113,70.7519,1355413500
1031,33.5235,70.7598,1355317440
1031,33.522,70.7568,1355277300
1031,33.5221,70.7567,1355189340
1031,33.5235,70.7598,1355021280
1031,33.5221,70.7567,1355005440
1031,33.5221,70.7568,1354983180
1031,33.4374,70.6439,1354205280
