1046,14.6641,121.1535,1377771720
1046,14.6641,121.1534,1377604920
1046,14.6642,121.1534,1377179580
1046,14.6516,121.0137,1377143640
1046,14.6641,121.1534,1376828640
1046,14.6208,121.054,1376489700
1046,14.6642,121.1534,1376117700
1046,14.6642,121.1533,1375972500
1046,14.5997,120.9893,1375953840
1046,14.5497,121.077,1375866300
1046,14.6642,121.1535,1375785180
1046,14.664,121.1534,1375598820
1046,14.6641,121.1534,1375261020
1046,14.6641,121.1534,1375089480
1046,14.1337,120.9953,1375008840
1046,14.134,121.0026,1374883200
1046,14.5995,120.9893,1374817500
1046,14.6008,120.9923,1374756840
1046,14.6642,121.1535,1374658200
1046,14.599,120.9899,1374465180
1046,14.6641,121.1533,1374389640
1046,14.6642,121.1537,1373726520
1046,14.6022,120.9882,1373601480
1046,14.5997,120.9893,1373362620
1046,14.6642,121.1533,1373285940
1046,14.6004,120.9894,1373262300
1046,14.6641,121.1534,1373199240
1046,14.6641,121.1535,1373179140
1046,14.6642,121.1538,1373121180
1046,14.6641,121.1552,1373072820
1046,14.5835,121.0617,1372982100
1046,14.665,121.1556,1372840080
1046,14.6651,121.1556,1372731000
1046,14.5845,121.0617,1372677000
1046,14.665,121.1555,1372613460
1046,34.8585,136.8129,1372585020
1046,36.8982,76.2048,1372449840
1046,45.3037,93.2012,1372019220
1046,45.3037,93.2012,1371994680
1046,36.6943,76.2426,1371868500
1046,28.4376,81.4697,1371780480
1046,28.4376,81.4697,1371780420
1046,28.4377,81.4697,1371679020
1046,28.4097,81.4598,1371678780
1046,41.9518,70.713,1371265620
1046,41.9673,70.697,1371265320
1046,41.9518,70.7128,1370757720
1046,41.9672,70.697,1370645340
1046,41.656,70.297,1369888200
1046,41.9515,70.7128,1369782180
1046,41.9515,70.7128,1369264080
1046,40.0368,74.6213,1369003020
1046,40.0368,74.6215,1368910200
1046,41.9673,70.697,1368316620
1046,41.9673,70.697,1368254400
1046,41.9721,70.7168,1368040680
1046,41.959,70.6683,1367980020
1046,41.9528,70.7118,1367424840
1046,41.9717,70.7173,1367003520
1046,41.9675,70.6972,1366584000
1046,41.9675,70.6972,1366123440
1046,41.9527,70.715,1365999600
1046,41.9518,70.7133,1365882000
1046,41.9692,70.716,1365793080
1046,41.9677,70.6972,1365782940
1046,41.9675,70.6972,1365780480
1046,41.9676,70.6972,1365744360
1046,41.952,70.7134,1365461040
1046,14.6005,120.9894,1345097100
1046,14.6005,120.9895,1344925260
