1052,48.2397,16.3635,1378153080
1052,48.1974,16.3665,1378117560
1052,48.1974,16.3665,1378047120
1052,48.2463,16.1482,1378035360
1052,48.209,16.0738,1378035060
1052,48.2062,16.0625,1378034880
1052,48.1974,16.3665,1378014660
1052,48.2385,16.3622,1377975540
1052,48.1974,16.3665,1377954300
1052,48.2459,16.2566,1377907260
1052,48.2459,16.2566,1377892560
1052,48.2459,16.2566,1377886440
1052,48.2005,16.3748,1377863160
1052,48.1973,16.3668,1377803580
1052,48.1973,16.3668,1377803160
1052,48.1758,16.4807,1377710940
1052,48.18,16.4792,1377710520
1052,48.2297,16.4113,1377627600
1052,48.1775,16.4848,1377627420
1052,48.182,16.459,1377626340
1052,48.1598,16.492,1377625800
1052,48.1988,16.3578,1377606300
1052,48.2033,16.367,1377595740
1052,48.2252,16.4023,1377536580
1052,48.2282,16.4096,1377534000
1052,48.1998,16.3493,1377449880
1052,48.2005,16.3458,1377443520
1052,48.2005,16.3459,1377439080
1052,48.2255,16.3598,1377426360
1052,48.3465,16.4106,1377422040
1052,48.4631,16.4458,1377398040
1052,48.2528,16.376,1377371640
1052,48.463,16.3648,1377371160
1052,48.199,16.3511,1377371040
1052,48.4837,16.5,1377370920
1052,48.34,16.4132,1377370860
1052,48.1995,16.3502,1377352380
1052,48.3369,16.2541,1377284220
1052,48.3369,16.2541,1377283920
1052,48.3369,16.2541,1377283800
1052,48.1965,16.3525,1377263700
1052,48.2006,16.3459,1377205020
1052,48.1965,16.3524,1377116400
1052,48.1965,16.3525,1377087360
1052,48.1965,16.3523,1377065700
1052,48.1965,16.3525,1376999040
1052,48.1965,16.3524,1376937600
1052,48.1965,16.3525,1376861340
1052,48.1965,16.3524,1376829480
1052,48.2289,16.4266,1376759880
1052,48.188,16.3047,1376687880
1052,48.1965,16.3524,1376682540
1052,48.1965,16.3525,1376681880
1052,48.1965,16.3525,1376681580
1052,47.9878,15.959,1376608680
1052,47.9918,16.0478,1376608680
1052,47.9735,15.9753,1376608680
1052,48.0598,16.1237,1376608680
1052,48.201,16.3462,1376589360
1052,48.201,16.3462,1376589180
1052,48.2007,16.3461,1376589060
1052,48.201,16.3462,1376588940
1052,48.2008,16.3463,1376588820
1052,48.201,16.3461,1376588700
1052,48.1965,16.3524,1376555340
1052,48.1965,16.3525,1376523600
1052,48.1965,16.3525,1376523240
1052,48.1965,16.3526,1376522640
1052,48.1765,16.4793,1376522460
1052,48.1965,16.3524,1376510640
1052,48.206,16.353,1376460540
1052,48.3282,16.4082,1376351040
1052,48.1963,16.3527,1376350740
1052,48.1965,16.3525,1376350320
1052,48.1965,16.3525,1376350260
1052,48.298,16.3472,1376350080
1052,48.2992,16.3542,1376334960
1052,48.2493,16.2357,1376149440
1052,48.2913,16.1122,1376149140
1052,48.292,16.1142,1376149140
1052,48.2635,16.3668,1376149140
1052,48.1967,16.3525,1376124780
1052,48.2697,16.3738,1376073300
1052,48.2007,16.3463,1376073240
1052,48.1965,16.3525,1376055480
1052,48.1966,16.3525,1375906200
1052,48.347,16.3005,1375902600
1052,48.1908,16.3642,1375866540
1052,47.1238,12.831,1375865460
1052,48.1966,16.3524,1375855980
1052,47.3347,13.0087,1375855680
1052,47.1237,12.8307,1375715880
1052,47.4207,12.8479,1375715760
1052,47.1237,12.8316,1375715760
1052,47.1699,12.8147,1375715760
1052,47.286,12.825,1375690440
1052,47.4064,12.9743,1375641420
1052,47.3867,12.8293,1375639860
1052,47.3878,12.905,1375639680
1052,47.4087,12.9753,1375621980
1052,47.4087,12.9753,1375621920
1052,47.3973,13.0002,1375621860
1052,47.3068,13.028,1375621860
1052,47.3903,13.0157,1375621860
1052,47.331,13.0227,1375621860
1052,47.3908,13.0158,1375621800
1052,47.2947,12.9747,1375621800
1052,47.3973,12.8335,1375621680
1052,47.3845,12.9132,1375621680
1052,47.3877,12.905,1375621620
1052,47.4088,12.9752,1375621620
1052,47.409,12.975,1375621560
1052,48.2007,16.346,1375506780
1052,48.1967,16.3523,1375503240
1052,48.1978,16.3525,1375502460
1052,48.1965,16.3525,1375307940
1052,48.2748,16.3715,1375295820
1052,48.277,16.3682,1375295760
1052,48.2036,16.3671,1375174080
1052,48.1775,16.4827,1375082700
1052,48.1768,16.4815,1375082640
1052,48.2758,16.3678,1375082640
1052,48.2982,16.3483,1375082580
1052,48.1939,16.4365,1375082520
1052,48.1803,16.4858,1375074240
1052,48.2008,16.3461,1375073580
1052,48.1805,16.4858,1375033080
1052,48.1803,16.486,1375031760
1052,48.1807,16.4863,1375027080
1052,48.1972,16.3593,1374933120
1052,48.2008,16.3463,1374922080
1052,48.2433,16.1678,1374922020
1052,48.2573,16.167,1374921900
1052,48.2623,16.1772,1374921780
1052,48.225,16.3668,1374921720
1052,48.2215,16.3677,1374906780
1052,48.1965,16.3525,1374902580
1052,48.1978,16.352,1374873480
1052,48.2014,16.3511,1374864660
1052,48.3423,16.3215,1374785520
1052,48.3197,16.2825,1374785220
1052,48.3138,16.3057,1374784680
1052,48.1965,16.3523,1374737460
1052,48.1998,16.3493,1374732540
1052,48.1966,16.3524,1374715500
1052,37.611,122.3916,1374627360
1052,37.6125,122.3897,1374627120
1052,37.6126,122.3897,1374626820
1052,37.7585,122.4187,1374509820
1052,37.7549,122.4465,1374507660
1052,37.7586,122.4188,1374474660
1052,37.9392,122.6583,1374426780
1052,37.7584,122.4185,1374426300
1052,37.9355,122.65,1374372480
1052,37.773,122.4375,1374371700
1052,37.9298,122.6435,1374371580
1052,37.9302,122.6445,1374371520
1052,37.94,122.6385,1374370680
1052,37.7585,122.4187,1374370560
1052,37.914,122.6102,1374370320
1052,37.7586,122.4186,1374301500
1052,37.7586,122.4186,1374300960
1052,37.8303,122.5072,1374293940
1052,37.7558,122.4198,1374267240
1052,37.7585,122.4185,1374257760
1052,37.6972,122.4095,1374209460
1052,37.6992,122.4435,1374209400
1052,37.6628,122.4638,1374209340
1052,37.7585,122.4187,1374126120
1052,37.762,122.4453,1374121860
1052,37.7549,122.4465,1374121560
1052,37.817,122.4782,1374036060
1052,37.8358,122.5015,1374036000
1052,37.8838,122.5303,1374034560
1052,37.4138,121.9632,1373956260
1052,37.4144,121.9614,1373956080
1052,37.4226,122.0879,1373955900
1052,37.4226,122.0879,1373955780
1052,37.758,122.4212,1373858880
1052,37.7549,122.4465,1373843160
1052,37.7549,122.4465,1373843040
1052,37.8272,122.4992,1373842920
1052,37.9085,122.5772,1373842860
1052,37.9272,122.5802,1373842740
1052,37.7585,122.4188,1373842740
1052,37.9107,122.6127,1373842620
1052,37.9105,122.6123,1373842560
1052,37.9085,122.5772,1373842440
1052,37.7585,122.4187,1373842260
1052,37.7981,122.4357,1373817120
1052,37.7609,122.4267,1373767020
1052,37.7585,122.4185,1373757000
1052,37.7585,122.4189,1373748660
1052,37.7586,122.4186,1373747460
1052,37.7586,122.4186,1373705940
1052,37.7585,122.4187,1373699760
1052,37.817,122.4782,1373694300
1052,37.8317,122.4783,1373694180
1052,37.8817,122.5193,1373694060
1052,37.8561,122.4793,1373694000
1052,37.7608,122.4467,1373435820
1052,37.7527,122.447,1373435760
1052,37.7549,122.4465,1373435700
1052,37.7549,122.4465,1373435640
1052,37.8082,122.4763,1373298120
1052,37.7586,122.4186,1373254440
1052,37.7587,122.4188,1373193180
1052,37.7605,122.4194,1373189580
1052,37.7585,122.4187,1373170980
1052,37.76,122.4272,1373160660
1052,37.7585,122.4188,1373151360
1052,37.7585,122.4187,1373151120
1052,37.7981,122.4357,1373143440
1052,37.7981,122.4357,1373143380
1052,37.7982,122.4355,1373143260
1052,37.8177,122.5148,1373143200
1052,37.9272,122.5802,1373143080
1052,37.9277,122.5825,1373142960
1052,37.9272,122.5802,1373142840
1052,37.8242,122.4792,1373142780
1052,37.7981,122.4357,1373139960
1052,37.7585,122.4185,1373084520
1052,37.7614,122.4248,1373072340
1052,37.7567,122.4105,1373043540
1052,37.7585,122.4187,1373043420
1052,37.7585,122.419,1373043300
1052,37.5982,122.5022,1373043180
1052,37.6373,122.4902,1373043120
1052,37.5982,122.5022,1373041080
1052,37.5982,122.5022,1373040960
1052,37.7662,122.423,1372974000
1052,37.7549,122.4465,1372909740
1052,37.7549,122.4465,1372909500
1052,37.756,122.4177,1372801920
1052,37.7785,122.514,1372749840
1052,37.7549,122.4465,1372735980
1052,37.7545,122.4553,1372735860
1052,37.7981,122.4357,1372627560
1052,37.7981,122.4357,1372627440
1052,37.7586,122.4188,1372612260
1052,37.76,122.4272,1372612200
1052,37.7586,122.4188,1372612080
1052,37.7586,122.4188,1372612020
1052,37.7587,122.4188,1372611900
1052,37.7585,122.419,1372611780
1052,37.7586,122.4187,1372611660
1052,37.7585,122.4188,1372540080
1052,37.7584,122.4187,1372540020
1052,37.7584,122.4188,1372539960
1052,37.7584,122.4188,1372539960
1052,37.7585,122.4187,1372391400
1052,37.7585,122.4187,1372391340
1052,37.7585,122.4187,1372391220
1052,37.7599,122.4214,1372028580
1052,37.7585,122.4188,1372024620
1052,37.7585,122.4188,1372024500
1052,37.7585,122.4188,1372024440
1052,37.7981,122.4357,1372024380
1052,37.7981,122.4357,1372024260
1052,37.7585,122.4188,1371966120
1052,37.7585,122.4188,1371965760
1052,37.836,122.5431,1371949620
1052,37.7585,122.4188,1371949560
1052,37.836,122.5431,1371949500
1052,37.7585,122.4188,1371949380
1052,37.8272,122.4992,1371949320
1052,37.7585,122.4188,1371830880
1052,37.7585,122.4188,1371830820
1052,37.7586,122.419,1371830700
1052,37.7585,122.4188,1371793380
1052,37.8566,122.4783,1371793020
1052,37.7585,122.4188,1371792960
1052,37.817,122.4782,1371792840
1052,37.7586,122.4186,1371792780
1052,37.7901,122.4003,1371792720
1052,37.769,122.4834,1371698760
1052,37.7981,122.4357,1371421680
1052,37.7586,122.4188,1371421560
1052,37.7586,122.4187,1371421440
1052,37.7586,122.4187,1371421380
1052,37.9408,122.6384,1371421140
1052,37.7585,122.4187,1371421080
1052,37.7942,122.4004,1371421020
1052,37.7585,122.4187,1371420960
1052,37.7585,122.4188,1371420900
1052,37.7586,122.4187,1371420840
1052,37.7586,122.4187,1371420840
1052,37.7584,122.4188,1371361440
1052,37.7586,122.4188,1371338640
1052,37.6916,122.406,1371338520
1052,37.7585,122.4188,1371338400
1052,37.7585,122.4187,1371337980
1052,37.7584,122.4188,1371337860
1052,37.7585,122.4188,1371053760
1052,37.7585,122.4188,1371053640
1052,37.7586,122.4187,1371053580
1052,37.8272,122.4992,1370886480
1052,37.7585,122.4188,1370847360
1052,37.7585,122.4187,1370847180
1052,37.7585,122.4187,1370847120
1052,37.767,122.4219,1370847000
1052,37.7623,122.4216,1370847000
1052,37.7585,122.4188,1370759580
1052,37.7586,122.419,1370759340
1052,37.7586,122.419,1370722320
1052,37.7584,122.4189,1370722320
1052,37.7584,122.4189,1370722260
1052,37.7585,122.4189,1370722140
1052,37.7584,122.4188,1370722080
1052,37.7585,122.4185,1370700660
1052,38.1508,122.4496,1370620140
1052,37.7585,122.4185,1370620080
1052,37.7585,122.4185,1370619960
1052,38.2147,122.4541,1370619840
1052,38.2147,122.4541,1370619720
1052,38.2147,122.4541,1370619600
1052,37.817,122.4782,1370619420
1052,37.7635,122.4014,1370507760
1052,37.7585,122.4189,1370507640
1052,37.777,122.4085,1370507520
1052,37.7586,122.4188,1370504460
1052,37.7599,122.4214,1370503800
1052,37.7585,122.4188,1370489100
1052,37.7585,122.4187,1370489040
1052,37.7586,122.4187,1370278320
1052,37.7586,122.4187,1370278260
1052,37.7586,122.4186,1370278200
1052,37.7586,122.4186,1370278140
1052,37.7586,122.4186,1370278080
1052,37.7587,122.4187,1370113740
1052,37.7587,122.4187,1370113740
1052,37.7587,122.4187,1370113680
1052,37.3943,122.0765,1370057640
1052,37.4031,122.05,1370021280
1052,37.4204,122.0838,1369959360
1052,37.4219,122.0839,1369958340
1052,37.4226,122.0879,1369952700
1052,37.4226,122.0879,1369952580
1052,37.7585,122.4188,1369931400
1052,37.7585,122.4187,1369931340
1052,37.7981,122.4357,1369539120
1052,37.7583,122.4189,1369538460
1052,37.7585,122.4188,1369521960
1052,37.7585,122.4188,1369521840
1052,37.7585,122.4188,1369521780
1052,37.7585,122.4188,1369521720
1052,37.7585,122.4188,1369521720
1052,38.0685,122.805,1369521660
1052,38.0685,122.805,1369509000
1052,38.0686,122.805,1369508820
1052,37.7586,122.4186,1369465860
1052,37.7546,122.4463,1369324920
1052,37.8272,122.4992,1369152180
1052,37.7585,122.4188,1369114980
1052,37.7585,122.4188,1369114860
1052,37.7585,122.4188,1369114800
1052,37.7981,122.4357,1369114740
1052,37.7585,122.4188,1369114740
1052,37.8592,122.4851,1368910860
1052,37.8592,122.4851,1368910860
1052,37.8591,122.485,1368910860
1052,37.8591,122.4851,1368905280
1052,37.8592,122.4851,1368905220
1052,37.8592,122.4851,1368905160
1052,37.8591,122.485,1368905040
1052,37.8591,122.485,1368905040
1052,37.8593,122.4851,1368904740
1052,37.8591,122.4852,1368904620
1052,37.8592,122.485,1368904620
1052,37.7586,122.4188,1368806580
1052,37.7586,122.4188,1368806520
1052,37.7586,122.4188,1368806460
1052,37.7585,122.4187,1368633660
1052,37.7585,122.4187,1368633540
1052,37.756,122.4177,1368504300
1052,37.7586,122.419,1368460740
1052,37.7626,122.4348,1368460680
1052,37.7549,122.4465,1368460620
1052,37.7586,122.4187,1368460500
1052,37.7586,122.4187,1368460440
1052,37.7586,122.419,1368329040
1052,37.7586,122.419,1368328920
1052,37.7586,122.419,1368328860
1052,37.7584,122.4188,1368328740
1052,37.7584,122.4188,1368328680
1052,37.7584,122.4188,1368328620
1052,37.7584,122.4188,1368328620
1052,37.7584,122.4188,1368328560
1052,37.7584,122.4188,1368328500
1052,37.8676,122.5873,1368320760
1052,37.7586,122.419,1368267960
1052,37.7549,122.4465,1368267900
1052,37.76,122.4272,1368267840
1052,37.7549,122.4465,1368267660
1052,37.7586,122.419,1368267540
1052,37.7586,122.4189,1368267480
1052,37.817,122.4782,1368267420
1052,37.7586,122.4189,1368267360
1052,37.7586,122.4189,1368267300
1052,37.7586,122.4189,1368267300
1052,37.7585,122.4187,1368267240
1052,37.7585,122.4187,1368267180
1052,37.7585,122.4187,1368267120
1052,37.7586,122.419,1366792680
1052,37.7586,122.419,1366792620
1052,37.8561,122.4793,1366792560
1052,37.817,122.4782,1366792500
1052,37.817,122.4782,1366792440
1052,37.7858,122.4846,1366792380
1052,37.7719,122.4527,1366792320
1052,37.7605,122.4194,1366792260
1052,37.7586,122.4188,1366792200
1052,37.7725,122.4101,1366792140
1052,37.7585,122.4188,1366792080
1052,37.7586,122.419,1366792020
1052,37.7585,122.4187,1366791960
1052,37.7585,122.4187,1366791900
1052,37.7585,122.4187,1366791840
1052,37.7585,122.4187,1366791840
1052,37.7585,122.4187,1366791780
1052,37.7585,122.4187,1366791660
1052,51.5125,0.1268,1366479180
1052,51.5226,0.0856,1366380000
1052,51.5222,0.0702,1366379880
1052,51.5234,0.0843,1366379820
1052,51.5234,0.0843,1366379820
1052,51.5226,0.0856,1366379760
1052,51.5212,0.0848,1366379760
1052,51.524,0.097,1366379700
1052,51.5243,0.099,1366220340
1052,51.5122,0.1235,1366187700
1052,51.5123,0.1232,1366187640
1052,51.5176,0.1242,1366187640
1052,51.5175,0.1243,1366187580
1052,51.5176,0.1241,1366187520
1052,48.2026,16.3469,1365713160
1052,48.2077,16.3814,1365713100
1052,48.202,16.347,1365713040
1052,48.2018,16.3466,1365713040
1052,48.2036,16.3347,1365712980
1052,48.2008,16.3461,1365712920
1052,48.2009,16.3459,1365712860
1052,48.2008,16.3461,1365712740
1052,48.2003,16.3614,1361666100
1052,48.2003,16.3614,1361665740
1052,48.2349,16.3608,1361665620
1052,48.2349,16.3608,1361665560
1052,48.2008,16.3451,1361665020
1052,48.2007,16.3461,1361507220
1052,48.2007,16.3462,1361507220
1052,48.2007,16.3462,1361507220
1052,48.2007,16.3462,1361507220
1052,48.2007,16.3462,1360709700
1052,48.2007,16.3462,1360709640
1052,48.2007,16.3462,1360709640
1052,48.2007,16.3462,1360709580
1052,48.1436,17.1081,1360709520
1052,48.1436,17.1081,1360709460
1052,48.1966,16.3524,1360092480
1052,48.1966,16.3524,1360092420
1052,48.1966,16.3523,1359864900
1052,48.1966,16.3524,1359864780
1052,14.5064,121.0042,1359864360
1052,14.5065,121.0042,1359864360
1052,14.5065,121.0042,1358863800
1052,14.5065,121.0042,1358863440
1052,14.5065,121.0042,1358863440
1052,12.0006,120.2062,1358863380
1052,12.0006,120.2062,1358863380
1052,12.0005,120.2062,1358334780
1052,11.9985,120.2014,1358334780
1052,12.0005,120.2062,1358334660
1052,12.0004,120.2062,1358334660
1052,11.9967,120.2069,1358334600
1052,11.9965,120.207,1358334600
1052,11.9978,120.2028,1358333880
1052,12.0005,120.206,1358333820
1052,11.9575,120.2262,1358333760
1052,11.9988,120.2064,1358333700
1052,11.9948,120.2078,1358333580
1052,16.1235,120.4046,1358333400
1052,14.1243,120.9908,1357442340
1052,14.0914,120.8951,1357381080
1052,14.0906,120.8932,1357380960
1052,14.1345,121.0363,1357380720
1052,14.1261,120.997,1357380660
1052,14.1152,120.962,1357380540
1052,14.0907,120.8932,1357380540
1052,7.1029,125.6385,1357030020
1052,7.0714,125.6088,1357029960
1052,7.0714,125.6088,1357029720
1052,7.0927,125.6114,1357029660
1052,7.0891,125.6115,1357029600
1052,7.0742,125.625,1357029540
1052,7.0742,125.625,1357029480
1052,7.057,125.6006,1357029120
1052,7.0721,125.7106,1356805500
1052,7.0721,125.7106,1356805440
1052,7.077,125.6874,1356805380
1052,7.077,125.6874,1356805260
1052,6.9647,125.7236,1356805260
1052,7.1024,125.6637,1356805200
1052,6.9647,125.7236,1356805080
1052,6.9645,125.723,1356805080
1052,6.9645,125.723,1356804540
1052,6.9645,125.723,1356804480
1052,6.9647,125.7236,1356804360
1052,6.9647,125.7236,1356804300
1052,7.1024,125.6637,1356543000
1052,7.1028,125.6647,1356542940
1052,7.1024,125.6637,1356542820
1052,7.1024,125.6637,1356542760
1052,7.1024,125.6637,1356542700
1052,7.0845,125.6122,1356187860
1052,14.5811,121.0575,1356058860
1052,14.5929,120.9716,1356058680
1052,14.5929,120.9716,1356058440
1052,14.5648,120.9847,1356000360
1052,14.5929,120.9716,1355993340
1052,14.5805,121.0574,1355969340
1052,37.8991,122.5155,1355077800
1052,37.8991,122.5155,1355077740
1052,37.7619,122.4194,1354660500
1052,37.7619,122.4194,1354660440
1052,37.7554,122.4206,1353151140
1052,37.7586,122.4186,1353150960
1052,37.7506,122.4182,1353150900
1052,37.769,122.4834,1352536740
1052,37.7984,122.4072,1352536560
1052,37.7984,122.4072,1352483520
1052,37.7984,122.4072,1352483400
1052,37.7506,122.4182,1352349360
1052,37.7648,122.4176,1352007240
1052,37.836,122.5431,1351976220
1052,37.7522,122.421,1351825080
1052,37.7699,122.4485,1351607400
1052,37.7663,122.4987,1351463820
1052,37.9351,122.6971,1351390920
1052,37.7586,122.419,1351390800
1052,37.7651,122.4176,1351390740
1052,37.7651,122.4176,1351206780
1052,37.7583,122.4187,1350627540
1052,37.7631,122.411,1350627420
1052,37.7605,122.4194,1349995740
1052,37.7605,122.4194,1349995740
1052,37.7605,122.4194,1349995740
1052,37.8272,122.4992,1349806980
1052,37.3963,122.0896,1349291820
1052,48.2028,16.3545,1348602360
1052,48.2008,16.3461,1348211880
1052,48.1864,16.3546,1347299760
1052,48.1864,16.3549,1347298860
1052,48.2008,16.3461,1346711580
1052,48.2008,16.3461,1346357700
1052,48.2008,16.3461,1346357640
1052,48.2008,16.3461,1345208340
1052,48.1966,16.3524,1345142340
1052,48.2008,16.3461,1344863880
1052,48.1966,16.3524,1344715800
1052,48.1966,16.3524,1344690960
1052,48.1965,16.3523,1344631140
1052,48.2008,16.3461,1344340080
1052,48.2008,16.3461,1344340020
1052,48.2007,16.3462,1344339960
1052,48.2008,16.3461,1343909760
1052,48.1966,16.3524,1343598960
1052,48.1965,16.3524,1343598780
1052,48.1719,16.383,1343561340
1052,47.8313,16.1663,1343561280
1052,47.6116,16.4098,1343314080
1052,47.6751,16.5797,1343313960
1052,47.612,16.4095,1343312640
1052,47.6117,16.4098,1343311860
1052,47.6117,16.4098,1343311800
1052,47.6116,16.4098,1343311680
1052,47.6017,16.4075,1343245920
1052,47.6116,16.4098,1343055120
1052,48.205,16.3604,1342974180
1052,48.2043,16.3602,1342974180
1052,48.2049,16.3603,1342974120
1052,48.2049,16.3604,1342974060
1052,48.2049,16.3604,1342974000
1052,48.2048,16.3604,1342973940
1052,48.2048,16.3605,1342973880
1052,48.1966,16.3524,1342731240
1052,48.1966,16.3524,1342731180
1052,48.1966,16.3524,1342731060
1052,48.1965,16.3524,1342123320
1052,48.1966,16.3524,1341950280
1052,48.2278,16.4255,1341684360
1052,48.1966,16.3523,1341649980
1052,48.1966,16.3524,1341514920
1052,48.1965,16.3524,1341435840
1052,48.1966,16.3524,1341435720
1052,48.2005,16.346,1340838000
1052,48.1966,16.3524,1340057520
1052,48.2008,16.3461,1339955880
1052,48.2311,16.4361,1339941840
1052,48.1965,16.3524,1339443120
1052,48.1969,16.3402,1339250640
1052,48.2008,16.3462,1339013640
1052,48.1831,16.3632,1338964560
1052,48.1966,16.3524,1338964500
1052,48.1831,16.3632,1338964440
1052,48.1831,16.3632,1338964380
1052,48.1831,16.3632,1338964320
1052,48.1965,16.3523,1338751020
1052,48.2318,16.4339,1338138000
1052,48.2367,16.4281,1338137760
1052,48.2061,16.3636,1338041040
1052,48.1966,16.3524,1337629860
1052,48.1966,16.3524,1337580600
1052,48.2145,16.3599,1337430300
1052,48.1966,16.3523,1337371980
1052,48.1966,16.3524,1337369940
1052,48.203,16.3588,1336924680
1052,48.1966,16.3524,1336855920
1052,48.1966,16.3524,1336074780
1052,48.1966,16.3522,1335993120
1052,48.1213,16.2232,1335876720
1052,48.2005,16.3516,1335623880
1052,48.1668,16.5111,1335623880
1052,48.2008,16.3461,1335538320
1052,48.1965,16.3523,1335389160
1052,48.2008,16.3461,1335369240
1052,48.1965,16.3523,1335044580
1052,48.1965,16.3522,1334699280
1052,48.2031,16.3546,1334691000
1052,48.203,16.3545,1334682720
1052,48.2031,16.3543,1334672700
1052,48.2132,16.3607,1334666820
1052,48.1719,16.3833,1334490600
1052,48.1718,16.3832,1334490420
1052,48.1994,16.3528,1333986900
1052,48.2001,16.3677,1333925100
1052,48.1966,16.3523,1333826940
1052,48.1718,16.3832,1333800660
1052,48.1966,16.3522,1333654320
1052,48.1864,16.3549,1333563240
1052,48.1864,16.3549,1333560060
1052,48.1864,16.3549,1333540560
1052,48.2018,16.3458,1333540500
1052,48.1864,16.3549,1333540440
1052,48.1864,16.3548,1333295460
1052,48.1865,16.3546,1333292520
1052,48.1863,16.3546,1333292280
1052,48.1864,16.3549,1333292220
1052,48.1864,16.3549,1333179900
1052,48.1865,16.3548,1333132500
1052,48.1864,16.3549,1333130820
1052,48.1864,16.3549,1333129860
1052,48.1864,16.3549,1333129620
1052,48.1864,16.3549,1333117260
1052,48.1864,16.3549,1333107360
1052,48.1864,16.3549,1333019520
1052,48.1864,16.3549,1332934320
1052,48.2012,16.3503,1332691860
1052,48.2021,16.3515,1332691620
1052,48.2021,16.3515,1332691560
1052,48.2415,16.3503,1332630720
1052,48.2054,16.4049,1332602400
1052,48.2018,16.3454,1332599220
1052,48.2112,16.3409,1332589080
1052,48.2008,16.3461,1332371280
1052,48.2008,16.3461,1332353460
1052,48.1966,16.3524,1332185880
1052,48.1864,16.3546,1332147960
1052,48.2066,16.3647,1332095880
1052,48.2067,16.3652,1332095760
1052,48.2067,16.3652,1332095700
1052,48.2089,16.3678,1332092640
1052,48.208,16.3665,1332091860
1052,48.2066,16.3647,1332091260
1052,48.2045,16.3651,1332089820
1052,48.2045,16.3649,1332089760
1052,48.2045,16.3649,1332089700
1052,48.2042,16.3659,1332089340
1052,48.2042,16.3659,1332089160
1052,48.2042,16.3659,1332089100
1052,48.1944,16.3578,1332087540
1052,48.2034,16.3587,1332002160
1052,48.1965,16.3523,1331754420
1052,49.005,2.5668,1331723940
1052,29.9857,95.3358,1331666280
1052,30.2026,97.6676,1331656440
1052,30.2026,97.6676,1331656440
1052,30.311,97.7059,1331624640
1052,30.3108,97.706,1331624580
1052,30.2701,97.736,1331624520
1052,30.267,97.7318,1331624520
1052,30.2672,97.7318,1331624520
1052,30.2671,97.7319,1331624520
1052,30.1989,97.7662,1331624460
1052,30.1984,97.7666,1331624460
1052,30.1986,97.7666,1331589780
1052,30.2667,97.744,1331572680
1052,30.2667,97.7436,1331572680
1052,30.2667,97.7436,1331537040
1052,30.2668,97.744,1331534880
1052,30.2667,97.7436,1331534460
1052,30.2674,97.7442,1331531640
1052,30.2672,97.7442,1331531640
1052,30.2673,97.7444,1331531640
1052,30.2763,97.7437,1331514180
1052,30.2684,97.7433,1331488440
1052,30.2603,97.7332,1331488440
1052,30.2604,97.733,1331487780
1052,30.26,97.7327,1331487780
1052,30.2627,97.7314,1331487720
1052,30.2633,97.7272,1331487720
1052,30.2633,97.7276,1331487720
1052,30.2643,97.7438,1331487720
1052,30.2645,97.744,1331487720
1052,30.2658,97.7448,1331487720
1052,34.0188,118.5014,1331487660
1052,34.0186,118.5013,1331487660
1052,34.0192,118.5009,1331487660
1052,34.0188,118.5013,1331487660
1052,30.3102,97.7114,1331405100
1052,34.0243,118.3945,1331332740
1052,34.0243,118.3945,1331330340
1052,34.0616,118.3218,1331319960
1052,34.0617,118.3082,1331288280
1052,34.0617,118.308,1331287560
1052,34.0616,118.3081,1331287200
1052,34.0618,118.3218,1331284740
1052,34.0616,118.3218,1331284680
1052,34.0577,118.2956,1331284680
1052,34.0577,118.2956,1331284680
1052,34.0577,118.2956,1331284680
1052,34.0617,118.3217,1331278860
1052,34.0617,118.3218,1331278800
1052,34.0616,118.3218,1331278740
1052,34.0143,118.4977,1331275620
1052,34.0141,118.4981,1331274480
1052,34.0141,118.498,1331272800
1052,34.014,118.4978,1331272740
1052,34.0143,118.4977,1331272620
1052,34.0138,118.4978,1331272560
1052,34.0141,118.4978,1331272500
1052,34.0142,118.4977,1331272440
1052,34.0143,118.4977,1331270880
1052,32.8958,117.1957,1331239560
1052,32.8958,117.1957,1331235840
1052,32.8744,117.1987,1331233860
1052,32.7533,117.1578,1331233320
1052,32.733,117.1993,1331229060
1052,47.618,122.3404,1331216640
1052,47.4442,122.291,1331216520
1052,47.6181,122.3401,1331177640
1052,47.6183,122.3405,1331177100
1052,47.5975,122.3271,1331176500
1052,47.6156,122.3356,1331165940
1052,47.6156,122.3356,1331165700
1052,47.6156,122.3356,1331164860
1052,47.6188,122.3292,1331164320
1052,47.6203,122.3288,1331164200
1052,47.6423,122.1367,1331155620
1052,47.6421,122.1368,1331154900
1052,47.6422,122.1369,1331150820
1052,47.6422,122.1367,1331150820
1052,47.6421,122.1368,1331150760
1052,47.6421,122.1368,1331150640
1052,47.6421,122.1368,1331150460
1052,47.6421,122.1368,1331150340
1052,47.6421,122.1368,1331150100
1052,37.6102,122.3724,1331137260
1052,37.6168,122.3834,1331132040
1052,37.7717,122.4168,1331107560
1052,37.7717,122.4168,1331105040
1052,37.7857,122.4062,1331094960
1052,37.7878,122.4076,1331083980
1052,37.7824,122.4041,1331080320
1052,37.4833,122.1495,1331062800
1052,37.4833,122.1495,1331054940
1052,37.4833,122.1495,1331052000
1052,37.4833,122.1495,1331050440
1052,37.7717,122.4168,1331028960
1052,37.4439,122.1701,1331009280
1052,37.4439,122.1701,1331009280
1052,37.4438,122.1701,1331009220
1052,37.4439,122.1698,1331009040
1052,37.4255,122.1394,1331002620
1052,37.4255,122.1394,1330997280
1052,37.4262,122.1718,1330990140
1052,37.4262,122.1718,1330990080
1052,37.4262,122.1718,1330990080
1052,37.4262,122.1718,1330990020
1052,37.4262,122.1718,1330990020
1052,37.4262,122.1718,1330989960
1052,37.4262,122.1718,1330989900
1052,37.4216,122.2059,1330989780
1052,37.4262,122.1718,1330986540
1052,37.4262,122.1722,1330986060
1052,37.4262,122.1718,1330985940
1052,37.4262,122.1718,1330984560
1052,37.4262,122.1718,1330984380
1052,37.4119,122.0714,1330978080
1052,37.4119,122.0714,1330975800
1052,37.4119,122.0714,1330975620
1052,37.467,122.2114,1330922280
1052,37.467,122.2114,1330922220
1052,37.7974,122.4086,1330922100
1052,37.7973,122.4088,1330922100
1052,37.4305,122.1605,1330922100
1052,37.4215,122.1957,1330922100
1052,37.467,122.2114,1330922040
1052,37.467,122.2114,1330922040
1052,37.7974,122.4086,1330896780
1052,37.7959,122.4081,1330895460
1052,37.7907,122.4191,1330892580
1052,37.817,122.4782,1330889640
1052,37.8326,122.48,1330883820
1052,37.7689,122.4195,1330846140
1052,37.3909,122.0818,1330839840
1052,37.3905,122.0815,1330835580
1052,37.3905,122.0815,1330830900
1052,37.4906,122.2278,1330738680
1052,37.4906,122.2278,1330738620
1052,37.4462,122.1674,1330738260
1052,37.4461,122.1671,1330738200
1052,37.4461,122.1671,1330738200
1052,37.4239,122.2214,1330738140
1052,37.4906,122.2278,1330738140
1052,37.4196,122.2149,1330712400
1052,37.4196,122.2144,1330711980
1052,37.4196,122.2149,1330710840
1052,37.4196,122.2149,1330710600
1052,37.4197,122.2143,1330710540
1052,37.4195,122.2122,1330707240
1052,37.4195,122.2122,1330705440
1052,37.4195,122.2122,1330705380
1052,37.4195,122.2122,1330705380
1052,37.422,122.0878,1330658460
1052,37.4226,122.0879,1330658220
1052,37.4227,122.0876,1330658100
1052,37.4226,122.0879,1330650360
1052,37.4226,122.0879,1330647600
1052,37.4226,122.0879,1330641180
1052,37.4226,122.0879,1330640940
1052,37.4226,122.0879,1330640700
1052,37.4226,122.0879,1330640460
1052,37.4227,122.0882,1330638120
1052,37.4222,122.0841,1330632360
1052,37.4222,122.084,1330631880
1052,37.4223,122.0839,1330631820
1052,37.422,122.085,1330631700
1052,37.4227,122.0876,1330631700
1052,37.4226,122.0879,1330625100
1052,37.7717,122.4168,1330613520
1052,37.7717,122.4168,1330576680
1052,37.785,122.3973,1330563300
1052,37.7851,122.3974,1330563120
1052,37.7851,122.3974,1330563120
1052,37.7851,122.3974,1330561920
1052,37.785,122.3973,1330561740
1052,37.7797,122.3913,1330554600
1052,37.7797,122.3913,1330553280
1052,37.7789,122.392,1330548000
1052,37.7789,122.392,1330545540
1052,37.7746,122.4154,1330543200
1052,37.7888,122.3989,1330494420
1052,37.7878,122.3993,1330490760
1052,37.7879,122.3994,1330488960
1052,37.7877,122.3993,1330488900
1052,37.7877,122.3993,1330488660
1052,37.7717,122.4168,1330458720
1052,37.7717,122.4168,1330458720
1052,37.7717,122.4168,1330398060
1052,37.3354,122.0331,1330391640
1052,37.3881,122.0831,1330389420
1052,37.3881,122.0831,1330389180
1052,37.3881,122.0831,1330385880
1052,37.3881,122.0831,1330385820
1052,37.4234,122.0711,1330385820
1052,37.4236,122.0707,1330385820
1052,37.4235,122.0706,1330385760
1052,37.4236,122.0707,1330385760
1052,37.4236,122.0707,1330385760
1052,37.3877,122.0829,1330384680
1052,37.7819,122.401,1330379760
1052,37.4235,122.0707,1330377720
1052,37.7821,122.4006,1330368900
1052,37.7821,122.4006,1330363680
1052,37.7821,122.4006,1330362480
1052,37.7821,122.4006,1330362120
1052,37.7821,122.4006,1330360800
1052,37.7697,122.4489,1330319940
1052,37.7659,122.4401,1330319940
1052,37.7642,122.4409,1330319940
1052,37.7584,122.423,1330319880
1052,37.769,122.4522,1330309920
1052,37.7718,122.4167,1330296240
1052,37.7717,122.4168,1330280760
1052,37.7719,122.4167,1330229580
1052,37.771,122.4078,1330220340
1052,42.3665,71.0167,1330176240
1052,42.3652,71.0177,1330176000
1052,42.3501,71.0485,1330128240
1052,42.3501,71.0485,1330128000
1052,42.3501,71.0484,1330126560
1052,42.35,71.0484,1330126320
1052,42.3627,71.0839,1330119240
1052,42.3627,71.0839,1330117860
1052,42.3627,71.0839,1330117500
1052,42.3628,71.0832,1330117440
1052,42.3627,71.0839,1330117440
1052,42.3626,71.0837,1330108320
1052,42.361,71.0874,1330104780
1052,42.3606,71.0877,1330103220
1052,42.3606,71.0877,1330101720
1052,42.3601,71.087,1330101600
1052,42.3606,71.0877,1330101420
1052,42.3606,71.0877,1330101420
1052,42.3606,71.0877,1330100640
1052,42.3606,71.0877,1330100340
1052,42.3606,71.0877,1330100220
1052,42.3606,71.0877,1330100100
1052,42.3606,71.0877,1330099740
1052,42.3611,71.0812,1330046220
1052,42.361,71.0812,1330043640
1052,42.3544,71.0829,1330042980
1052,42.3615,71.0811,1330039620
1052,40.6958,74.1747,1330033080
1052,42.3615,71.0811,1330032600
1052,40.6958,74.1773,1329998160
1052,40.7884,73.9489,1329969420
1052,40.7884,73.9489,1329969060
1052,40.7562,73.9932,1329953100
1052,40.7404,73.9886,1329920700
1052,40.7558,73.9895,1329919740
1052,40.7411,74.0025,1329878460
1052,40.7411,74.0025,1329878400
1052,40.7412,74.002,1329878160
1052,40.7419,74.0046,1329870780
1052,40.7417,74.005,1329856140
1052,40.7417,74.0052,1329856080
1052,40.7388,74.0036,1329855600
1052,40.7406,74.0045,1329855300
1052,40.7417,74.005,1329855240
1052,40.7417,74.0051,1329854760
1052,40.7417,74.0051,1329854520
1052,40.7411,74.0025,1329848820
1052,40.7562,73.9932,1329834180
1052,40.7562,73.9932,1329834060
1052,40.7003,73.99,1329834000
1052,40.7003,73.99,1329833940
1052,40.7008,73.9898,1329833940
1052,40.7553,73.9934,1329794280
1052,40.7024,73.9891,1329769320
1052,40.7414,73.9881,1329769200
1052,40.7414,73.9882,1329761520
1052,40.7287,73.9934,1329714780
1052,40.7293,73.9941,1329714780
1052,40.7358,74.0015,1329714780
1052,40.7455,73.9985,1329714780
1052,40.7456,73.9983,1329707880
1052,40.74,73.9908,1329706140
1052,40.7561,73.9902,1329684780
1052,40.7562,73.9931,1329667440
1052,40.7393,73.9894,1329607680
1052,40.739,73.9897,1329607440
1052,40.7392,73.9893,1329599520
1052,40.7392,73.9892,1329599460
1052,40.7396,73.9897,1329590100
1052,40.7393,73.9894,1329590040
1052,40.7624,73.9893,1329587880
1052,40.7566,73.9914,1329587880
1052,40.7543,73.9875,1329587880
1052,40.7392,73.9896,1329587880
1052,40.7588,73.9904,1329518400
1052,40.7587,73.9926,1329518220
1052,40.7557,73.9917,1329515520
1052,40.7579,73.9821,1329513120
1052,40.7537,73.9851,1329513060
1052,40.7548,73.9834,1329507840
1052,40.7528,73.9815,1329498180
1052,40.7526,73.9777,1329498180
1052,40.7527,73.9756,1329498180
1052,40.7527,73.9769,1329498180
1052,40.7558,73.9897,1329486120
1052,40.7562,73.9931,1329486120
1052,40.7519,73.9842,1329442140
1052,40.6437,73.7914,1329442140
1052,40.6604,73.8305,1329442140
1052,48.1203,16.5619,1329383220
1052,48.2021,16.345,1329253140
1052,48.2008,16.3461,1329063780
1052,48.2007,16.3461,1329063540
1052,48.2007,16.3462,1329063360
1052,48.1864,16.3549,1328779560
1052,48.197,16.3576,1327756980
1052,48.1871,16.3556,1327402020
1052,48.1861,16.355,1327401360
1052,48.2552,16.3655,1327248060
1052,48.2454,16.3875,1327240860
1052,48.2447,16.3904,1327240620
1052,48.2461,16.3892,1327236900
1052,48.1981,16.4055,1327183680
1052,48.1982,16.4057,1327178940
1052,48.1981,16.4056,1327173780
1052,48.1964,16.3527,1327113060
1052,48.2052,16.3571,1327108860
1052,48.205,16.3572,1327106220
1052,48.2105,16.3763,1327085640
1052,48.2105,16.3763,1327083660
1052,48.2106,16.3763,1327083360
1052,48.2106,16.3763,1327083360
1052,48.2104,16.3762,1327082820
1052,48.2104,16.3762,1327082760
1052,48.2105,16.3759,1327066980
