1055,52.9389,1.1462,1377465000
1055,52.9389,1.1462,1377443580
1055,52.9389,1.1462,1377292380
1055,52.9389,1.1462,1377179040
1055,52.961,1.1552,1377116340
1055,52.9604,1.1556,1377116340
1055,52.9389,1.1462,1377084780
1055,52.9389,1.1462,1376854920
1055,52.9574,1.1646,1376685720
1055,52.9389,1.1462,1376603400
1055,52.9389,1.1462,1376597280
1055,52.9389,1.1462,1376595360
1055,52.9389,1.1462,1376594280
1055,52.9389,1.1462,1376592780
1055,52.9389,1.1462,1376587140
1055,52.9389,1.1462,1376574960
1055,52.9389,1.1462,1376520660
1055,52.9389,1.1461,1376519820
1055,52.92,1.1515,1376221500
1055,52.9389,1.1462,1376180400
1055,52.9389,1.1462,1375956780
1055,53.4129,1.4122,1375811160
1055,53.4129,1.4122,1375807920
1055,52.9389,1.1462,1375704600
1055,52.9389,1.1462,1375485480
1055,52.9618,1.068,1375393020
1055,52.9618,1.0679,1375392600
1055,52.7634,1.4322,1375273740
1055,52.7154,1.5045,1375273440
1055,52.4281,1.8335,1375213680
1055,52.4281,1.8335,1375213440
1055,52.4135,1.8276,1375110480
1055,52.449,1.8881,1375107480
1055,52.5138,1.9291,1375107120
1055,52.4281,1.8334,1375037100
1055,52.4281,1.8334,1374937440
1055,52.4281,1.8334,1374937200
1055,52.4191,1.8313,1374863820
1055,52.4227,1.844,1374863760
1055,52.4282,1.8334,1374831840
1055,52.9389,1.1462,1374008460
1055,52.9389,1.1463,1373755140
1055,52.9389,1.1462,1373753940
1055,52.9618,1.068,1373747700
1055,52.9618,1.068,1373745120
1055,52.9618,1.068,1373744580
1055,53.0869,1.3878,1373741100
1055,52.9389,1.1462,1373734560
1055,52.9389,1.1463,1373670120
1055,52.9389,1.1462,1373669580
1055,52.9389,1.1462,1373668560
1055,52.9389,1.1463,1373665260
1055,52.9389,1.1463,1373664600
1055,52.9389,1.1462,1373664300
1055,52.9389,1.1462,1373632140
1055,52.9389,1.1462,1373537400
1055,52.9389,1.1462,1373312340
1055,52.9389,1.1462,1373158800
1055,52.939,1.1463,1373133120
1055,52.9389,1.1462,1373031900
1055,52.9389,1.1463,1372975080
1055,52.9389,1.1463,1372956000
1055,52.9389,1.1462,1372691700
1055,52.939,1.1463,1372455720
1055,52.9389,1.1461,1372262580
1055,52.9389,1.1463,1372180440
1055,52.939,1.1463,1372086180
1055,53.5235,2.2304,1371910380
1055,52.9389,1.1464,1371842640
1055,52.9389,1.1463,1371742140
1055,52.939,1.1463,1371672240
1055,52.9389,1.1464,1371663840
1055,52.9389,1.1463,1371659820
1055,52.9389,1.1463,1371577080
1055,52.9389,1.1463,1371506820
1055,52.9389,1.1462,1371499800
1055,52.9203,1.1516,1371411240
1055,52.9389,1.1463,1371337800
1055,52.9389,1.1463,1371312780
1055,52.9389,1.1463,1370973060
1055,52.9389,1.1463,1370718600
1055,52.939,1.1463,1370642880
1055,52.9389,1.1463,1370634780
1055,52.9389,1.1463,1370369760
1055,52.9389,1.1463,1370293980
1055,52.4167,1.8415,1370212320
1055,52.9389,1.1463,1370110440
1055,52.9389,1.1463,1370045700
1055,52.9389,1.1463,1370044200
1055,52.9389,1.1462,1369920720
1055,52.9389,1.1463,1369861740
1055,52.9389,1.146,1369852260
1055,52.9389,1.1463,1369752600
1055,52.9389,1.1463,1369736400
1055,52.9384,1.138,1369698660
1055,52.9368,1.1321,1369681500
1055,52.9389,1.1463,1369230000
1055,52.9389,1.1463,1369174680
1055,52.9476,1.1472,1369062180
1055,52.9389,1.1462,1368814440
1055,52.428,1.8334,1368791940
1055,52.9389,1.1462,1368707700
1055,52.9389,1.1463,1368646080
1055,52.9463,1.1631,1368627960
1055,52.428,1.8332,1367103180
1055,52.428,1.8332,1367101800
1055,52.9389,1.1463,1363114740
1055,52.9389,1.1463,1361803080
1055,52.9389,1.1463,1361802360
1055,52.939,1.146,1361226720
1055,52.9389,1.1463,1360777920
1055,52.9393,1.1463,1360768200
1055,52.9389,1.1463,1360710240
1055,52.9389,1.1463,1360707960
1055,52.9389,1.1461,1360704000
1055,52.939,1.1461,1360515900
1055,52.939,1.1463,1360445400
1055,52.9203,1.1514,1360429680
1055,52.9389,1.1462,1360353180
1055,52.9389,1.1464,1360190400
1055,52.939,1.1463,1358024520
1055,52.9389,1.1463,1358023740
1055,52.9389,1.1463,1357231620
1055,52.9389,1.1463,1356996120
1055,52.9389,1.1463,1356896280
1055,52.9389,1.1463,1356895680
1055,52.939,1.1463,1356895380
1055,52.9389,1.1463,1356385320
1055,52.9389,1.1463,1354731240
1055,52.9388,1.1463,1353969600
1055,52.9388,1.1463,1353673860
1055,52.9389,1.1463,1353428280
1055,52.9389,1.1463,1351967280
1055,52.9389,1.1463,1351896240
1055,52.9389,1.1463,1351015080
1055,52.9389,1.1463,1351014720
1055,52.9389,1.1463,1351014120
1055,52.9389,1.1463,1351008540
1055,52.939,1.1463,1351008360
1055,52.9389,1.1463,1350583020
1055,52.939,1.1463,1350505620
1055,52.9389,1.1463,1350233700
1055,52.939,1.1463,1349724120
1055,52.9389,1.1463,1349041620
1055,53.3154,1.2812,1348681500
1055,52.9389,1.1463,1347908460
1055,52.9389,1.1462,1346964780
1055,52.939,1.1463,1346533980
1055,52.9388,1.1463,1346086140
1055,52.9397,1.1436,1345968900
