1056,40.9199,29.1792,1378390620
1056,41.0674,28.992,1377764580
1056,40.9199,29.1792,1377756780
1056,40.5705,29.4105,1375976520
1056,40.5704,29.4106,1373207520
1056,36.8782,30.7053,1373024820
1056,37.0465,27.4087,1372683180
1056,38.9109,27.8387,1372497300
1056,40.743,29.2612,1372411800
1056,40.962,29.1065,1370431860
1056,41.0782,29.0456,1369761180
1056,40.9199,29.1794,1369677060
1056,40.9193,29.1784,1369663680
1056,41.0057,29.0465,1367759940
1056,36.855,30.8773,1366703220
1056,40.9372,29.3253,1365175980
1056,40.984,29.0247,1353255060
