1127,33.8856,118.4091,1378254900
1127,33.882,118.4082,1378173720
1127,33.8625,118.4016,1378077480
1127,33.8815,118.3698,1377965280
1127,33.8853,118.4092,1377917100
1127,33.8812,118.37,1377917040
1127,33.8836,118.4117,1377453600
1127,33.9017,118.4175,1377405300
1127,33.9017,118.4177,1377405240
1127,33.8816,118.3698,1377389700
1127,33.8815,118.3698,1377312060
1127,33.8816,118.3697,1377311820
1127,33.8623,118.4005,1377308280
1127,33.8827,118.4122,1377288300
1127,33.8855,118.409,1377221760
1127,33.8815,118.3697,1377183000
1127,33.8323,118.3145,1376809800
1127,33.8322,118.3147,1376803800
1127,33.819,118.3885,1376716560
1127,22.8872,109.9117,1376616000
1127,22.9297,109.8157,1376523060
1127,22.8778,109.9083,1376504640
1127,22.8795,109.909,1376498640
1127,22.8753,109.908,1376457420
1127,22.8752,109.908,1376443980
1127,22.8753,109.9082,1376358180
1127,22.8887,109.9035,1376353980
1127,22.8758,109.9083,1376350440
1127,22.8758,109.9082,1376270400
1127,22.889,109.9032,1376269860
1127,22.8758,109.9082,1376269500
1127,22.8753,109.9082,1376235720
1127,22.8757,109.9082,1376231280
1127,33.8814,118.3698,1376012100
1127,33.8845,118.4094,1375907460
1127,33.8815,118.3698,1375648980
1127,33.8815,118.3698,1375637880
1127,33.8622,118.4008,1375505400
1127,33.8622,118.4008,1375498680
1127,33.8817,118.3697,1375293000
1127,34.1614,118.1682,1375113540
1127,33.8814,118.3697,1375113540
1127,34.1613,118.168,1375082580
1127,34.1613,118.1679,1375081980
1127,34.1612,118.168,1375079640
1127,33.8815,118.3698,1375030260
1127,34.0492,118.2515,1374943440
1127,34.0486,118.2519,1374894420
1127,34.0487,118.252,1374893580
1127,33.8814,118.3701,1374850380
1127,33.8813,118.3698,1374723960
1127,33.8815,118.3698,1374552300
1127,33.8635,118.3998,1374421980
1127,33.8814,118.3699,1374082260
1127,33.8815,118.3698,1373986500
1127,34.1467,118.334,1373937300
1127,33.8747,118.4077,1373828760
1127,33.8733,118.4046,1373779380
1127,33.8855,118.4091,1373735100
1127,33.8815,118.3698,1373558640
1127,33.9853,118.4728,1373243220
1127,33.9855,118.4726,1373142480
1127,33.8815,118.3698,1372995240
1127,33.8817,118.3697,1372994520
1127,33.8752,118.4078,1372994040
1127,33.8748,118.4082,1372993980
1127,33.8817,118.3697,1372993980
1127,33.8752,118.4078,1372974780
1127,33.8748,118.4081,1372963560
1127,33.8748,118.4082,1372963320
1127,33.8748,118.4082,1372963080
1127,33.8815,118.3698,1372920120
1127,33.8852,118.4093,1372804560
1127,33.8883,118.3855,1372645860
1127,33.8882,118.3854,1372645740
1127,33.8816,118.3698,1372609560
1127,33.8874,118.3738,1372554300
1127,33.737,118.3995,1372477800
1127,33.8815,118.3698,1372262220
1127,33.8816,118.3698,1372257600
1127,33.8813,118.37,1372181520
1127,33.8837,118.4088,1372090500
1127,33.8814,118.3698,1372035180
1127,33.875,118.4073,1372014480
1127,33.8817,118.3697,1372007640
1127,33.862,118.4005,1371868140
1127,33.8855,118.409,1371789480
1127,33.8852,118.4093,1371789000
1127,33.8815,118.3698,1371442380
1127,33.8815,118.37,1371436320
1127,34.5857,118.1517,1371427740
1127,34.5853,118.1522,1371419940
1127,34.3174,118.4908,1371406260
1127,33.8185,118.3847,1371356520
1127,33.8186,118.3848,1371356340
1127,33.886,118.4084,1371311040
1127,33.8815,118.3697,1371224520
1127,33.8815,118.3698,1371004260
1127,33.873,118.4015,1370881020
1127,33.8805,118.3697,1370808000
1127,33.8815,118.3698,1370577600
1127,33.887,118.3958,1370570460
1127,33.8815,118.3698,1370557140
1127,33.8815,118.37,1370491380
1127,33.8815,118.3698,1370491140
1127,33.8814,118.3699,1370488920
1127,38.6712,121.1603,1370454900
1127,38.6758,121.1687,1370114040
1127,38.6754,121.1688,1370109180
1127,38.6717,121.1032,1370092440
1127,38.6713,121.1033,1370062380
1127,38.6715,121.1032,1370060580
1127,38.6714,121.1033,1370058000
1127,38.6715,121.1032,1370057880
1127,38.6543,121.104,1370055720
1127,38.6543,121.104,1370055660
1127,38.656,121.1117,1370055660
1127,38.6543,121.1042,1370050380
1127,33.8815,118.3698,1370017200
1127,33.8867,118.3317,1369939080
1127,33.8815,118.3697,1369797360
1127,33.8793,118.3647,1369685700
1127,33.8747,118.4075,1369684500
1127,33.8747,118.4077,1369677540
1127,33.8747,118.4076,1369677540
1127,33.8784,118.405,1369605060
1127,33.8785,118.4048,1369602360
1127,33.8785,118.4048,1369602300
1127,33.8563,118.3905,1369445760
1127,33.8815,118.3698,1369194720
1127,33.8817,118.37,1368988080
1127,33.819,118.3883,1368937260
1127,33.8853,118.4095,1368667560
1127,33.8853,118.4094,1368667260
1127,33.8855,118.4091,1368664980
1127,33.8815,118.3698,1368660360
1127,33.8813,118.3699,1368543660
1127,33.8817,118.3697,1368467280
1127,33.8816,118.3698,1368414960
1127,33.8817,118.3698,1368384720
1127,33.8815,118.3697,1368377640
1127,33.8817,118.3697,1367975940
1127,33.8815,118.3698,1367940660
1127,34.1608,118.3867,1367806020
1127,34.1608,118.3868,1367805900
1127,34.161,118.3868,1367805840
1127,34.1608,118.3867,1367805780
1127,34.161,118.3868,1367805060
1127,33.8817,118.3697,1367618640
1127,33.8813,118.37,1367376960
1127,33.8687,118.3548,1367353320
1127,33.8632,118.3997,1367192940
1127,33.8632,118.3997,1367182020
1127,33.8632,118.3995,1367177340
1127,33.8852,118.4095,1367105160
1127,33.8854,118.4092,1367022060
1127,33.8816,118.3698,1366993260
1127,33.8855,118.4092,1366926480
1127,33.8815,118.3697,1366763580
1127,33.8814,118.3697,1366647600
1127,36.1266,115.1686,1366427700
1127,36.1258,115.1676,1366426920
1127,34.0715,117.8682,1366379100
1127,33.8814,118.3698,1365654540
1127,38.6715,121.1032,1365539160
1127,38.6715,121.1033,1365526380
1127,38.6542,121.1219,1365476100
1127,38.6715,121.1028,1365444720
1127,38.6717,121.103,1365437100
1127,33.8813,118.3697,1365269400
1127,33.8855,118.4091,1365115500
1127,33.881,118.3702,1364953740
1127,33.8817,118.3697,1364754780
1127,33.8816,118.3697,1364752800
1127,38.7319,121.1424,1364582820
1127,33.8813,118.3697,1364154540
1127,33.8867,118.3318,1363896540
1127,34.044,118.2678,1363839300
1127,34.0433,118.2673,1363839240
1127,33.8867,118.3317,1363802340
1127,33.8817,118.3698,1363629000
1127,33.8815,118.3698,1363458420
1127,33.8563,118.3903,1363314120
1127,33.8817,118.3699,1363220040
1127,33.8816,118.3698,1362941160
1127,33.8853,118.4092,1362861960
1127,33.8815,118.3698,1362807720
1127,33.8811,118.37,1362722580
1127,33.8867,118.3318,1362682680
1127,33.8867,118.3318,1362415020
1127,33.7837,116.4893,1362345600
1127,33.784,116.49,1362344940
1127,33.7827,116.4942,1362337980
1127,33.7828,116.4983,1362337740
1127,33.7933,116.4682,1362290280
1127,33.7933,116.468,1362264000
1127,33.7935,116.4677,1362257040
1127,33.8815,118.3698,1362197580
1127,33.8627,118.402,1362192000
1127,33.8865,118.3318,1362166260
1127,33.8867,118.3317,1362160020
1127,33.8852,118.4095,1362117300
1127,33.8813,118.3698,1361996820
1127,33.8815,118.3698,1361750160
1127,33.8815,118.3698,1361592300
1127,33.8853,118.4095,1361512320
1127,33.8868,118.3318,1361473800
1127,33.8867,118.332,1361377440
1127,33.8867,118.3317,1361318580
1127,33.8817,118.3697,1361142900
1127,33.8817,118.3697,1361141520
1127,33.8503,118.3893,1360985100
1127,38.4365,121.817,1360722180
1127,33.8813,118.3698,1360643880
1127,33.8635,118.4,1360643400
1127,33.8815,118.3697,1360616340
1127,33.8832,118.3283,1360537380
1127,33.8855,118.409,1360363140
1127,33.8853,118.4088,1360352880
1127,33.8855,118.4088,1360344720
1127,33.8855,118.4088,1360344540
1127,33.8635,118.4,1359933780
1127,33.8832,118.3725,1359930300
1127,34.1173,118.262,1359906120
1127,34.1172,118.2618,1359870660
1127,33.9007,118.4175,1359754080
1127,33.8813,118.3698,1359665940
1127,33.8832,118.3702,1359665820
1127,33.8827,118.37,1359665820
1127,33.882,118.3698,1359664020
1127,33.8813,118.3699,1359583140
1127,33.8817,118.37,1359562740
1127,33.8852,118.4095,1359515640
1127,33.8853,118.4088,1359510540
1127,33.8812,118.3699,1359345360
1127,33.8813,118.37,1359341820
1127,33.8813,118.3698,1359172200
1127,33.8855,118.4091,1358988420
1127,34.2742,117.6108,1358827740
1127,33.8813,118.3698,1358819220
1127,33.8813,118.3698,1358818980
1127,34.1322,117.9495,1358782560
1127,33.881,118.374,1358745120
1127,34.1675,118.0682,1358744220
1127,34.1675,118.0682,1358742900
1127,34.1676,118.0681,1358722620
1127,34.1676,118.0681,1358722440
1127,34.1676,118.0681,1358722440
1127,34.1675,118.0682,1358721540
1127,34.165,118.0667,1358718840
1127,34.165,118.0667,1358718600
1127,34.1675,118.0682,1358716080
1127,34.1675,118.0682,1358715780
1127,34.1676,118.0681,1358715540
1127,34.1675,118.0683,1358714280
1127,34.1675,118.0682,1358712000
1127,34.1675,118.0682,1358700540
1127,34.1675,118.0682,1358695500
1127,34.1675,118.0682,1358692320
1127,33.8798,118.3742,1358653320
1127,33.8742,118.404,1358634900
1127,33.8858,118.3733,1358560380
1127,33.8783,118.3743,1358553420
1127,33.8815,118.37,1358542980
1127,33.8815,118.3698,1358542920
1127,33.8784,118.3748,1358525700
1127,33.8814,118.3699,1358392440
1127,33.8855,118.4091,1358303580
1127,34.0297,118.5111,1358110980
1127,33.8815,118.3698,1358044980
1127,33.8815,118.3698,1358031540
1127,33.8618,118.4012,1357969860
1127,33.8618,118.4012,1357969860
1127,33.8618,118.4012,1357969320
1127,33.8619,118.4011,1357967160
1127,33.8814,118.3698,1357756440
1127,33.8814,118.3698,1357610100
1127,33.8875,118.394,1357595220
1127,33.8815,118.3698,1357589640
1127,34.0895,118.3288,1357455780
1127,34.0897,118.3288,1357455660
1127,34.091,118.344,1357454160
1127,34.0922,118.344,1357454160
1127,34.0958,118.3442,1357454100
1127,34.1043,118.3413,1357453620
1127,34.0235,118.4435,1357432800
1127,33.8688,118.355,1357153680
1127,33.9007,118.418,1357068180
1127,33.8816,118.3698,1357063200
1127,33.8805,118.3699,1357033920
1127,33.8815,118.3698,1357029180
1127,33.9017,118.4182,1357020120
1127,33.9007,118.4177,1357016100
1127,33.9007,118.4177,1357015560
1127,33.9006,118.4176,1357013940
1127,33.8815,118.3698,1357012380
1127,33.8813,118.37,1357012140
1127,33.8855,118.4091,1356978300
1127,33.882,118.3698,1356918480
1127,34.0293,118.5133,1356913260
1127,34.0295,118.5132,1356911700
1127,38.6715,121.1033,1356654240
1127,38.4365,121.817,1356652440
1127,38.5707,121.5975,1356567240
1127,38.6715,121.1032,1356473880
1127,38.6714,121.1033,1356467220
1127,38.6715,121.1033,1356451980
1127,38.665,121.1328,1356405720
1127,38.6473,121.1157,1356397620
1127,38.6715,121.1033,1356388080
1127,38.6715,121.1035,1356370080
1127,38.6716,121.1032,1356323100
1127,38.6715,121.1035,1356321300
1127,38.6714,121.103,1356320520
1127,38.5423,121.4737,1356299640
1127,33.8815,118.3699,1356222180
1127,33.8235,118.3813,1356117540
1127,33.8815,118.3698,1355373960
1127,33.8868,118.3319,1355328840
1127,33.8813,118.3697,1355180400
1127,33.8868,118.3318,1355156940
1127,33.8868,118.3319,1355156700
1127,33.8814,118.3698,1355099880
1127,33.8868,118.3318,1354754580
1127,33.8875,118.3785,1354747920
1127,33.8868,118.3318,1354728960
1127,38.74,120.7128,1354502220
1127,33.8813,118.3698,1354489680
1127,33.8618,118.4005,1354489500
1127,33.8813,118.3698,1354250580
1127,33.8814,118.3698,1354246620
1127,33.8813,118.3698,1354239480
1127,33.8813,118.3698,1354123080
1127,38.7295,120.7322,1353821640
1127,38.7289,120.7974,1353805620
1127,38.7446,120.7186,1353795540
1127,38.672,121.103,1353736740
1127,38.672,121.103,1353735420
1127,38.6715,121.1028,1353703140
1127,38.6715,121.103,1353699060
1127,38.6714,121.1034,1353639780
1127,38.6713,121.1033,1353622140
1127,38.6715,121.1032,1353612780
1127,38.6715,121.1033,1353611460
1127,33.8336,118.3155,1353214560
1127,33.8335,118.3157,1353214080
1127,33.8832,118.3283,1353085020
1127,33.8868,118.3316,1352508240
1127,33.8868,118.332,1352508120
1127,33.8825,118.3702,1352223780
1127,34.2205,119.0708,1352142240
1127,34.2218,119.1587,1351974180
1127,34.2218,119.1588,1351971900
1127,34.0431,118.2672,1351911000
1127,33.8815,118.3698,1351730880
1127,33.8867,118.3318,1351703280
1127,33.8853,118.4092,1351648560
1127,33.8619,118.4007,1351567140
1127,33.8617,118.4003,1351559100
1127,33.8813,118.3697,1351477020
1127,33.8815,118.3698,1351261380
1127,33.89,118.3347,1351191900
1127,33.8832,118.3283,1351094820
1127,33.8815,118.3698,1350866520
1127,33.862,118.4005,1350861720
1127,33.8815,118.3697,1350576060
1127,34.4215,118.5938,1350445020
1127,34.4255,118.5987,1350174480
1127,34.4216,118.594,1350174360
1127,34.4242,118.5955,1350173940
1127,34.4195,118.5913,1350173580
1127,34.427,118.5982,1350170880
1127,33.8868,118.3317,1349974800
1127,33.8868,118.3317,1349902200
1127,33.8857,118.3788,1349652900
1127,33.8817,118.3698,1349643960
1127,33.8867,118.3316,1349462520
1127,33.8815,118.3698,1349384340
1127,33.8627,118.4001,1348972920
1127,33.8815,118.3697,1348879440
1127,33.8867,118.3317,1348875000
1127,33.8815,118.3698,1348542960
1127,33.8817,118.3697,1348429080
1127,33.8817,118.3697,1348427280
1127,34.0232,118.3948,1348424160
1127,33.895,118.3333,1347908760
1127,33.8421,118.3918,1347834000
1127,33.8421,118.3918,1347833580
1127,33.8815,118.3697,1347632820
1127,33.8815,118.3697,1347632760
1127,33.8863,118.3315,1347380100
1127,33.8814,118.3699,1346892600
1127,33.8692,118.4045,1346725140
1127,38.6637,121.1118,1346553660
1127,38.6713,121.1033,1346553600
1127,33.8815,118.3697,1346553480
1127,33.8882,118.3858,1346029080
1127,39.0064,119.9492,1345742220
1127,38.8185,120.0278,1345695240
1127,38.9595,119.9508,1345695060
1127,38.9576,119.9433,1345690740
1127,38.96,119.9503,1345669140
1127,38.82,120.075,1345572960
1127,35.4123,119.0527,1345302780
1127,33.8628,118.3997,1344783840
1127,33.8622,118.4007,1344732240
1127,33.8865,118.3317,1344449880
1127,34.1122,118.3391,1343700960
1127,36.9912,120.9076,1343611380
1127,37.0139,120.9288,1343611320
1127,33.8865,118.3319,1342635720
1127,33.8866,118.3316,1341857100
1127,33.8868,118.3317,1341248100
1127,36.1227,115.1702,1341194940
1127,36.123,115.1698,1341194640
1127,36.1228,115.1702,1341105660
1127,36.1227,115.1703,1341105540
1127,36.1158,115.1737,1341077940
1127,36.1166,115.1734,1341077820
1127,36.1162,115.1736,1341077100
1127,33.8865,118.3315,1340822700
1127,33.8871,118.3326,1340315280
1127,33.8788,118.3647,1339640160
1127,33.8788,118.3647,1339639620
1127,34.0265,118.515,1338675300
1127,34.0289,118.4465,1338674040
1127,34.0262,118.5157,1338152340
1127,33.8865,118.3312,1337911020
1127,33.8867,118.3313,1337891580
1127,33.8863,118.3311,1337876880
1127,33.8867,118.3314,1337202840
1127,33.8868,118.3313,1336759320
1127,33.8867,118.3313,1336759140
1127,33.8867,118.3312,1336086120
1127,33.8866,118.3315,1335890940
1127,33.8872,118.3337,1335416640
1127,33.8867,118.3313,1334959500
1127,33.8096,117.9051,1334424720
1127,35.1497,118.9971,1334171280
1127,37.1187,120.2418,1334162820
1127,33.8861,118.3312,1333728780
1127,33.8852,118.41,1333683360
1127,33.8852,118.41,1333683300
1127,33.885,118.4097,1332705780
1127,33.8866,118.3314,1332542160
1127,34.0237,118.2807,1332183360
1127,33.8863,118.3313,1331328240
1127,33.879,118.3646,1331094420
1127,33.8865,118.3313,1331069340
1127,34.139,118.0447,1330664880
1127,34.139,118.0447,1330664820
1127,33.8865,118.3313,1330632060
1127,33.8872,118.3341,1330474380
1127,33.8865,118.3313,1330451040
1127,33.8867,118.3314,1330128480
1127,33.8832,118.3283,1330012080
1127,33.8867,118.3319,1329963480
1127,34.1408,118.0449,1329689100
1127,34.1408,118.0449,1329687120
1127,34.0432,118.2672,1329544020
1127,34.0433,118.2673,1329536580
1127,33.8867,118.3312,1329522600
1127,33.8873,118.3333,1329406740
1127,33.8863,118.3318,1329234060
1127,33.8887,118.3312,1329147840
1127,33.885,118.4097,1328040720
1127,33.8852,118.4098,1327712160
1127,33.8843,118.4095,1327453680
1127,19.7353,156.0414,1327261200
1127,19.8294,155.9913,1327207260
1127,19.6407,156.0058,1327187100
1127,19.6401,155.9961,1327176000
1127,19.6412,156.0077,1327175820
1127,19.6711,156.026,1327101780
1127,19.6407,155.9971,1327071780
1127,19.6396,155.9978,1327003800
1127,19.6405,155.9974,1327001760
1127,19.6365,155.9932,1326998760
1127,19.6398,155.9977,1326994500
1127,19.6398,155.9975,1326994200
1127,19.641,155.9967,1326961860
1127,19.7358,156.042,1326957780
1127,33.8851,118.4097,1326820200
1127,33.8854,118.4094,1326396840
1127,33.8843,118.4097,1325568060
1127,34.2205,116.8927,1325382360
1127,34.2263,116.898,1325378580
1127,34.2207,116.893,1325371740
1127,34.2337,116.8892,1325367060
1127,34.2585,116.8593,1325314500
1127,34.2585,116.8597,1325314140
1127,33.8832,118.4088,1325121780
1127,37.354,120.6284,1324944180
1127,34.0442,118.2663,1324663740
1127,34.0442,118.2663,1324093200
1127,33.8849,118.4098,1323889200
1127,33.8848,118.4095,1323889080
1127,34.0245,118.4977,1322622840
1127,33.8619,118.4013,1322236260
1127,33.8619,118.4013,1322236200
1127,33.8852,118.4097,1322019540
1127,34.0318,118.4562,1321489440
1127,34.0135,118.4935,1321475880
1127,33.8852,118.4098,1320972120
1127,34.014,118.4945,1320614340
1127,34.014,118.4947,1320614100
1127,34.014,118.4947,1320613980
1127,33.8769,118.3646,1320606540
