1157,48.5609,1.0333,1378230780
1157,48.8707,2.3532,1378037460
1157,48.8712,2.3513,1378026900
1157,48.8047,2.302,1377944700
1157,44.8383,0.5706,1377784980
1157,48.8315,2.3414,1377591600
1157,48.8606,2.3458,1377508800
1157,48.8673,2.348,1377367740
1157,48.8712,2.3513,1377279840
1157,48.8315,2.3414,1377160440
1157,48.8677,2.3454,1376997960
1157,48.8686,2.3511,1376910000
1157,48.8702,2.3114,1376557560
1157,48.8639,2.3427,1376296800
1157,48.8683,2.3488,1376039580
1157,48.8647,2.3476,1375870140
1157,48.8469,2.3372,1375777140
1157,48.8564,2.3521,1375694460
1157,48.8606,2.3677,1375527480
1157,48.861,2.3455,1375457340
1157,48.861,2.3455,1375270140
1157,48.8533,2.3565,1375175880
1157,48.8705,2.3488,1375120200
1157,48.8571,2.3572,1375107300
1157,48.8652,2.3504,1375105020
1157,48.8647,2.3476,1375010220
1157,48.8647,2.3476,1374861000
1157,48.8652,2.349,1374833100
1157,48.8606,2.3677,1374655080
1157,48.8847,2.3442,1374608460
1157,48.8647,2.3476,1374505620
1157,48.863,2.287,1374491040
1157,48.8678,2.3477,1374481200
1157,48.8469,2.3372,1374224340
1157,48.8401,2.3708,1374140040
1157,48.8573,2.3319,1374051960
1157,48.8847,2.3442,1373966520
1157,48.8606,2.3677,1373801880
1157,48.8606,2.3524,1373533860
1157,48.8854,2.3417,1373446440
1157,48.8662,2.3474,1373274840
1157,48.8582,2.3522,1373187120
1157,48.8537,2.362,1373010720
1157,48.8506,2.3623,1372930080
1157,48.8593,2.3574,1372774080
1157,48.8682,2.3487,1372759860
1157,48.8646,2.2967,1372759680
1157,48.8646,2.2967,1372676760
1157,48.8469,2.3372,1372673400
1157,48.8594,2.2336,1372599660
1157,48.8683,2.3486,1372588200
1157,48.8683,2.3486,1372587960
1157,48.8601,2.2341,1372514640
1157,48.8696,2.3443,1372501380
1157,48.8666,2.3472,1372414020
1157,48.8661,2.3125,1372325220
1157,48.8661,2.3125,1372261200
1157,48.8677,2.3495,1372165380
1157,48.8606,2.3524,1372081200
1157,48.8616,2.3533,1372064040
1157,48.8666,2.3472,1371990600
1157,48.8319,2.3402,1371910860
1157,48.8616,2.3533,1371834120
1157,48.8676,2.3465,1371781500
1157,48.8662,2.3125,1371744180
1157,48.8616,2.3533,1371732000
1157,48.8469,2.3372,1371647400
1157,48.8593,2.3516,1371643380
1157,48.8658,2.3241,1371480300
1157,48.8683,2.3488,1371115680
1157,48.8554,2.3809,1370939280
1157,48.8554,2.3809,1370860080
1157,48.8652,2.3504,1370770380
1157,48.8682,2.3487,1370770260
1157,48.8658,2.3241,1370690160
1157,48.8683,2.3487,1370690040
1157,48.8554,2.3809,1370624580
1157,48.8554,2.3809,1370595600
1157,48.8554,2.3809,1370546220
1157,48.8552,2.384,1370543460
1157,48.8864,2.3399,1370262480
1157,48.8864,2.3399,1370262360
1157,48.8319,2.3402,1370100000
1157,48.8654,2.3469,1369761780
1157,48.8371,2.3316,1369744320
1157,48.8632,2.3337,1369312620
1157,48.8632,2.3337,1369312500
1157,48.8632,2.3337,1369312380
1157,48.8699,2.3509,1369312140
1157,48.8319,2.3402,1368786900
1157,48.8861,2.3343,1368613320
1157,48.8676,2.3464,1368550740
1157,48.8646,2.2967,1368396120
1157,48.8646,2.2967,1368396000
1157,48.8646,2.2967,1368387480
1157,48.8642,2.3475,1368267720
1157,48.8826,2.3703,1368184440
1157,48.8332,2.3337,1367943900
1157,48.8678,2.3479,1367854620
1157,48.837,2.3728,1367840460
1157,48.8682,2.3486,1367840220
1157,48.8631,2.3336,1367583000
1157,48.8631,2.3336,1367581860
1157,48.8901,2.3702,1367329620
1157,48.8901,2.3702,1367325300
1157,48.8699,2.3509,1366884900
1157,48.8705,2.3488,1366884840
1157,48.8676,2.3465,1366884840
1157,48.8682,2.3487,1366801620
1157,48.8682,2.3487,1366801440
1157,48.8682,2.3486,1366731000
1157,48.8682,2.3486,1366730940
1157,48.8854,2.3417,1366631520
1157,48.8854,2.3417,1366631340
1157,48.8854,2.3417,1366631100
1157,48.8432,2.3328,1366631040
1157,48.8654,2.3469,1366566180
1157,48.8654,2.3469,1366566060
1157,48.8676,2.3464,1366565940
1157,48.8654,2.3469,1366483200
1157,48.8678,2.3479,1366482960
1157,48.8698,2.3527,1366453680
1157,48.8661,2.3125,1366108560
1157,48.8661,2.3125,1366023480
1157,48.8661,2.3125,1366023300
1157,48.8698,2.3527,1365519660
1157,48.8682,2.3487,1365417420
1157,48.8569,2.3274,1365369900
1157,48.8625,2.3445,1365076380
1157,48.8395,2.4123,1364983560
1157,48.8625,2.3445,1364325300
1157,48.8533,2.3565,1363693440
1157,48.8533,2.3565,1363439760
1157,48.8533,2.3565,1363439040
1157,48.8689,2.3431,1362252840
1157,48.8683,2.3486,1362150480
1157,48.8666,2.3472,1361886120
1157,48.8646,2.2967,1361799660
1157,48.8644,2.2978,1361277480
1157,48.8644,2.2978,1361277360
1157,48.8668,2.3536,1360943580
1157,48.8668,2.3536,1360943460
1157,48.8689,2.3431,1356261120
1157,48.8371,2.3316,1355831880
1157,48.8674,2.3476,1355152980
1157,48.8689,2.3431,1354876080
