116,51.6056,0.1763,1378062660
116,51.6056,0.1767,1378060140
116,51.6057,0.1767,1378058700
116,51.4935,0.1715,1377796980
116,51.6057,0.1768,1377781920
116,51.6056,0.1767,1377731820
116,51.6055,0.1766,1377730140
116,51.6057,0.177,1377648420
116,51.6056,0.1767,1377517620
116,51.6057,0.1768,1377478080
116,51.5947,0.2544,1377451680
116,51.5947,0.2544,1377447000
116,51.5947,0.2544,1377446700
116,51.5656,0.11,1377379740
116,51.5315,0.1242,1377259920
116,51.5492,0.0244,1376938980
116,51.5426,0.0034,1376899680
116,51.6057,0.1767,1376833680
116,51.6057,0.1767,1376833200
116,51.6057,0.1767,1376832840
116,51.4372,0.1406,1376776260
116,51.3971,0.0748,1376761740
116,51.6058,0.1766,1376749920
116,51.6056,0.1766,1376696340
116,51.5098,0.1269,1376695080
116,51.5047,0.0774,1376671320
116,51.5063,0.1174,1376660220
116,51.5063,0.1174,1376596560
116,51.5643,0.1012,1376595960
116,51.6057,0.1768,1376574240
116,51.6057,0.1768,1376572560
116,51.5103,0.1219,1376491440
116,51.5134,0.2279,1376264340
116,51.6056,0.1767,1376245740
116,51.4632,0.1339,1376085060
116,51.6055,0.1767,1375638000
116,51.6057,0.1767,1375531140
116,51.6057,0.1768,1375483020
116,51.6056,0.1768,1375457100
116,51.5755,0.1794,1375291020
116,51.6057,0.1768,1375212780
116,51.5456,0.1208,1375189860
116,55.9823,3.4004,1374880200
116,51.5173,0.083,1374797520
116,51.6056,0.1767,1374428820
116,51.6057,0.1767,1374428520
116,51.5518,0.0442,1374363840
116,51.5074,0.2213,1374324420
116,51.5802,0.1789,1374220080
116,51.5508,0.4658,1373669640
116,51.6057,0.1781,1373668800
116,51.5508,0.4658,1373647920
116,51.4036,0.5133,1373315040
116,51.491,0.2666,1373314740
116,51.4056,0.5158,1373298120
116,51.5928,0.2121,1373109720
116,51.6057,0.1767,1373055480
116,51.6057,0.1768,1373048040
116,51.5806,0.1826,1373039280
116,51.6057,0.1768,1372990500
116,51.5273,0.0071,1372978440
116,51.5246,0.0117,1372946520
116,51.5246,0.0117,1372864740
116,51.5658,0.1854,1372695720
116,51.6057,0.1767,1372592220
116,51.6058,0.1765,1372539480
116,51.5658,0.1854,1372491540
116,51.5018,0.2266,1372460040
116,51.5154,0.1267,1372459800
116,51.5173,0.1204,1372459560
116,51.6056,0.1767,1372289940
116,51.6057,0.1768,1372286820
116,51.6056,0.1767,1372206420
116,51.4626,0.1148,1372098960
116,51.4626,0.1148,1372098360
116,51.5064,0.2201,1371935100
116,51.6057,0.1771,1371928500
116,51.6057,0.1765,1371495720
116,51.5347,0.7057,1371386400
116,51.5323,0.7161,1371314700
116,51.5323,0.7161,1371312960
116,51.6057,0.1768,1371211020
116,51.5417,0.0037,1371031920
116,51.6057,0.1768,1370355960
116,51.6057,0.1768,1370134620
116,51.5724,0.1742,1369856940
116,51.5591,0.0697,1369761300
116,51.5781,0.0987,1369704360
116,51.5081,0.1096,1369703580
116,51.5081,0.1096,1369702560
116,51.5081,0.1096,1369701960
116,51.5083,0.1281,1369680180
116,51.508,0.128,1369674660
116,51.606,0.1788,1369605060
116,51.6057,0.1768,1369595580
116,51.6057,0.1768,1369587180
116,51.5037,0.1001,1369518000
116,51.5081,0.1096,1369517340
116,51.6057,0.1765,1369420080
116,51.6057,0.1767,1369184280
116,51.6054,0.1765,1368930540
116,51.6057,0.1765,1368837060
116,51.6061,0.1785,1368752520
116,51.6057,0.1768,1368712860
116,51.5205,0.1343,1368558180
116,51.6057,0.1765,1368466980
116,51.6055,0.1766,1368288960
116,51.6055,0.1785,1368110100
116,51.552,0.2183,1368007440
116,51.6057,0.1768,1367950500
116,51.5779,0.1857,1367940120
116,51.6058,0.1765,1367782260
116,51.6057,0.1768,1367721900
116,51.6057,0.1768,1367715840
116,51.6058,0.1769,1367699460
116,51.6055,0.1768,1367608080
116,51.6057,0.1768,1367598600
116,51.6056,0.177,1367583960
116,51.5771,0.1826,1367341020
116,51.506,0.1196,1367279160
116,51.6057,0.1768,1367013600
116,51.6061,0.1765,1366833180
116,51.6057,0.1768,1366823580
116,51.6057,0.1765,1366666080
116,51.6057,0.1767,1366563120
116,51.6056,0.1765,1366465860
116,51.606,0.1788,1366302000
116,51.6057,0.1765,1366126800
116,51.5094,0.1321,1366072080
116,51.5099,0.135,1366071480
116,51.6057,0.1768,1365978060
116,51.6053,0.1767,1365184260
116,51.513,0.1204,1365106500
116,51.6057,0.1781,1364758620
116,51.5394,0.6679,1364757660
116,51.6057,0.1768,1364757000
116,51.6056,0.1771,1364756340
116,51.6056,0.1766,1364502480
116,50.8562,0.5925,1364394660
116,50.8562,0.595,1364317260
116,50.8562,0.5948,1364316780
116,51.0258,0.4555,1364303040
116,51.6057,0.1765,1364099040
116,51.6057,0.1765,1364070660
116,51.6057,0.1766,1363899480
116,51.6057,0.1765,1363822920
116,51.6057,0.1768,1363810800
116,51.6057,0.1765,1363782660
116,51.6057,0.1768,1363636200
116,51.6057,0.1765,1363303440
116,51.6057,0.177,1363194300
116,51.6057,0.1768,1363097520
116,51.6057,0.1768,1363042620
116,51.6058,0.1765,1362846180
116,51.6057,0.1768,1362845520
116,51.6059,0.1767,1362843000
116,51.6057,0.1765,1362781560
116,51.6052,0.1768,1362674280
116,51.6057,0.1768,1362609960
116,51.6057,0.1767,1362599160
116,51.6057,0.1768,1362543420
116,51.6057,0.1768,1362413580
116,51.6057,0.1766,1362337680
116,51.6057,0.1768,1362325200
116,52.4812,1.8935,1362317640
116,51.6058,0.1765,1362265440
116,51.606,0.1761,1362186420
116,51.5134,0.1347,1362177660
116,51.5435,0.0902,1362149520
116,51.6057,0.1751,1362097860
116,52.4297,1.9314,1362077580
116,52.4778,1.894,1362075900
116,52.4298,1.9308,1362069960
116,52.4862,1.908,1362013140
116,52.4796,1.9145,1361998080
116,52.4862,1.9079,1361890560
116,51.6058,0.1767,1361851380
116,51.6054,0.1766,1361842020
116,51.5352,0.6972,1361667480
116,51.6056,0.1766,1361565480
116,51.6056,0.1768,1361476380
116,51.606,0.1765,1361442360
116,51.578,0.1833,1361385300
116,51.5618,0.2207,1361384580
116,51.563,0.214,1361302740
116,51.6056,0.1766,1361219460
116,51.6054,0.1786,1361215140
116,51.6057,0.1767,1360972140
116,51.6056,0.1769,1360963440
116,51.6055,0.1769,1360880700
116,51.605,0.1784,1360874880
116,51.6057,0.1767,1360612680
116,51.6059,0.1764,1360592640
116,51.6057,0.1765,1360525800
116,51.6059,0.1766,1360276260
116,51.6054,0.1789,1360245600
116,51.6057,0.177,1360180980
116,51.6055,0.1767,1360084080
116,51.6057,0.1765,1359730020
116,51.5755,0.1794,1359653220
116,51.5755,0.1794,1359652680
116,51.5755,0.1794,1359652500
116,51.6057,0.1766,1359460140
116,51.6057,0.1765,1359417480
116,51.6052,0.1765,1359312720
116,51.6056,0.1769,1359117180
116,51.6057,0.1765,1359115560
116,51.6057,0.177,1359055800
116,51.6039,0.1802,1358780040
116,51.6057,0.1768,1358739900
116,51.6058,0.1763,1358461740
116,51.6055,0.1767,1358460060
116,51.6057,0.1765,1358436480
116,51.6057,0.1765,1358430240
116,51.6057,0.1767,1358151540
116,51.6055,0.1769,1358022300
116,51.6057,0.1765,1357855380
116,51.6057,0.1765,1357826280
116,51.6057,0.1765,1357825200
116,51.6046,0.1784,1357805160
116,51.6057,0.1768,1357668420
116,51.5073,0.0653,1357660380
116,51.4957,0.1428,1357592820
116,51.5795,0.1822,1357407060
116,51.6058,0.1766,1357337760
116,51.6057,0.1767,1357328520
116,51.6056,0.1772,1357323780
116,51.6057,0.1765,1356810000
116,51.6055,0.1768,1356377940
116,51.608,0.1924,1356368760
116,51.6057,0.1768,1356293700
116,51.5264,0.6133,1356229140
116,51.6055,0.1769,1356140100
116,51.6056,0.1767,1356023040
116,51.5581,0.2828,1355702340
116,51.6055,0.1767,1355541720
116,51.5581,0.2828,1355540460
116,51.6056,0.1766,1355401980
116,51.6054,0.1764,1355257800
116,51.6058,0.1767,1354998540
116,51.6057,0.1769,1354838100
116,51.6056,0.1767,1354816320
116,51.589,0.5399,1354814460
116,51.6057,0.1768,1354662780
116,51.6057,0.1768,1354555860
116,51.6056,0.1767,1354235400
116,51.487,0.2811,1354196940
116,51.4877,0.2836,1354151400
116,51.6055,0.1768,1354036560
116,51.6058,0.1767,1353875460
116,51.5088,0.1593,1353718200
116,51.6058,0.1768,1353629880
116,51.6059,0.1769,1353628620
116,51.6056,0.1766,1353612780
116,51.5967,0.1792,1353281700
116,51.6056,0.1766,1353257880
116,51.606,0.1767,1353249060
116,51.5581,0.2828,1353090240
116,51.6057,0.1767,1353070740
116,51.5585,0.0749,1353005940
116,51.6057,0.1767,1352839140
116,51.6057,0.1767,1352820000
116,28.6042,77.2241,1352634000
116,51.6055,0.1765,1352630280
116,51.4715,0.4883,1352483160
116,51.4655,0.4843,1352483040
116,19.0437,72.82,1352281740
116,19.0437,72.82,1352281440
116,28.6042,77.2241,1352147280
116,18.9235,72.8335,1352090700
116,28.6042,77.2241,1351787280
116,27.1718,78.0421,1351786740
116,22.6316,88.3546,1351495620
116,22.5543,88.3521,1351493880
116,17.4167,78.4498,1351411080
116,22.5703,88.4053,1351375920
116,17.4167,78.4498,1351374780
116,17.3505,78.4503,1351189500
116,17.3616,78.4747,1351188600
116,17.3616,78.4747,1351168260
116,51.6058,0.1767,1350683880
116,51.6056,0.1767,1350597420
116,51.6055,0.1769,1350514260
116,51.6056,0.1767,1350405900
116,51.6057,0.1766,1350315180
116,51.6056,0.1767,1350261300
116,51.6056,0.1767,1350258180
116,51.6057,0.1767,1350128580
116,51.6057,0.1766,1349996160
116,51.6057,0.1766,1349907180
116,51.5995,0.1635,1349818860
116,51.5072,0.2214,1349811240
116,51.6059,0.1765,1349732700
116,51.6057,0.1767,1349655960
116,51.6054,0.177,1349567580
116,51.6057,0.1767,1349471520
116,51.495,0.0982,1349455980
116,51.5031,0.1129,1349455080
116,51.5042,0.1193,1349454300
116,51.6057,0.1768,1349017920
116,51.6056,0.1766,1348884240
116,51.6057,0.1767,1348711500
116,51.6055,0.1767,1348694100
116,51.6053,0.1768,1348692300
116,51.6059,0.1768,1348610160
116,51.5779,0.1818,1348526700
116,44.4349,26.0949,1348520400
116,51.6056,0.1767,1348163700
116,51.6057,0.1766,1348073160
116,51.6056,0.1767,1347975780
116,51.6055,0.1767,1347898020
116,51.6057,0.1766,1347736620
116,51.5922,0.1357,1347530340
116,51.6057,0.1766,1347401640
116,51.6056,0.1767,1347387000
116,51.6056,0.1767,1347385440
116,51.6056,0.1767,1347236340
116,51.6056,0.1767,1347198780
116,51.6057,0.1768,1347154440
116,51.597,0.182,1347060360
116,51.6057,0.1767,1347048900
116,51.4375,0.2711,1347048420
116,51.6057,0.1766,1346938140
116,51.6056,0.1767,1346895840
116,51.6056,0.1767,1346889600
116,51.6057,0.1768,1346865780
116,51.6056,0.1766,1346805420
116,51.6056,0.1767,1346796180
116,51.6057,0.1765,1346760180
116,51.6056,0.1769,1346723100
116,51.6057,0.1765,1346619060
116,51.6057,0.1767,1346605740
116,51.5509,0.2174,1346484600
