1167,41.1764,28.9848,1377674400
1167,41.1764,28.9848,1375789260
1167,41.0298,28.9754,1375717740
1167,41.0086,28.9799,1375427100
1167,41.0437,29.0365,1375012140
1167,41.1733,29.056,1374403500
1167,41.0168,28.9598,1373723340
1167,41.1731,29.0585,1373655300
1167,41.0296,28.9517,1373122800
1167,41.1733,29.0558,1373101320
1167,41.0045,29.081,1369821360
1167,40.8776,29.0981,1369071120
1167,41.0045,29.0783,1369032960
1167,41.0386,29.0218,1361810160
1167,41.0054,28.9768,1361579580
1167,41.0201,28.9732,1361576640
