1172,14.3481,120.9499,1378392660
1172,14.6398,121.0373,1378343940
1172,14.5521,121.025,1378281000
1172,14.5521,121.025,1378280880
1172,14.5521,121.025,1378280520
1172,14.6425,121.0391,1378250880
1172,14.3518,120.9475,1378198800
1172,14.6391,121.0358,1378188720
1172,14.6425,121.0391,1378182900
1172,14.4514,121.0183,1377938040
1172,14.4514,121.0183,1377938040
1172,14.4514,121.0183,1377937560
1172,14.5588,120.9841,1377929520
1172,14.6398,121.0373,1377746880
1172,14.6425,121.0391,1377643620
1172,14.6406,121.036,1377499020
1172,14.6406,121.036,1377498960
1172,14.6406,121.036,1377498780
1172,14.6398,121.0373,1377476580
1172,14.4233,121.0263,1377172560
1172,14.3706,120.9392,1377072960
1172,14.6398,121.0373,1377058320
1172,14.3518,120.9475,1376910360
1172,14.6398,121.0373,1376799480
1172,14.567,120.9927,1376730840
1172,14.5659,120.9929,1376711820
1172,14.5343,120.9771,1376557440
1172,14.5364,120.9808,1376555760
1172,14.6398,121.0373,1376548020
1172,14.6425,121.0391,1376521380
1172,14.6391,121.0358,1376457300
1172,14.6391,121.0358,1376457060
1172,14.6391,121.0358,1376456220
1172,14.6391,121.0358,1376456040
1172,14.657,121.067,1376123820
1172,14.5813,121.0667,1375678800
1172,14.6398,121.0373,1375676700
1172,14.6398,121.0373,1375656780
1172,14.5792,121.0518,1375599900
1172,14.5868,121.0469,1375599300
1172,14.348,120.9499,1375441080
1172,14.567,120.9927,1374882120
1172,14.5305,120.9803,1374847920
1172,14.5308,120.9803,1374847800
1172,14.5305,120.9803,1374847740
1172,14.5305,120.9803,1374843600
1172,14.5305,120.9803,1374843180
1172,14.5305,120.9803,1374839820
1172,14.5305,120.9803,1374836040
1172,14.5305,120.9803,1374835440
1172,14.6425,121.0391,1374439680
1172,14.353,120.9407,1374150720
1172,14.3535,120.936,1374149700
1172,14.6425,121.0391,1374107700
1172,14.6425,121.0391,1374100620
1172,14.6425,121.0391,1374100500
1172,14.6425,121.0391,1374100440
1172,14.348,120.9499,1373978700
1172,14.6424,121.0391,1373850840
1172,14.6398,121.0373,1373763300
1172,14.6425,121.0391,1373761680
1172,14.3518,120.9475,1373639100
1172,14.5349,120.9801,1373443440
1172,14.6425,121.0391,1373325840
1172,14.348,120.9499,1373188620
1172,14.567,120.9927,1373102640
1172,14.4221,121.0303,1372940580
1172,14.4221,121.0303,1372940400
1172,14.4221,121.0303,1372940040
1172,14.4221,121.0301,1372926960
1172,14.4221,121.0301,1372926060
1172,14.5517,121.0252,1372845840
1172,14.5517,121.0252,1372840140
1172,14.5844,121.068,1372664760
1172,14.5788,121.0527,1372374300
1172,14.4172,121.0406,1372244340
1172,14.6425,121.0391,1371943800
1172,14.5359,120.9821,1371875400
1172,14.5813,121.0667,1371775800
1172,14.348,120.9499,1371733740
1172,14.4236,121.0305,1371729060
1172,14.348,120.9499,1371652200
1172,14.348,120.9499,1371560520
1172,14.6425,121.0391,1371507660
1172,14.5665,120.993,1371267420
1172,14.5667,120.9923,1371264960
1172,14.5679,120.9921,1371258720
1172,14.5868,121.0469,1371106200
1172,14.6411,121.0382,1371080160
1172,14.348,120.9499,1371039300
1172,14.6425,121.0391,1371012180
1172,14.6425,121.0391,1371011520
1172,14.6425,121.0391,1371010320
1172,14.6398,121.0373,1370990880
1172,14.3481,120.95,1370768760
1172,14.6398,121.0373,1370733000
1172,14.348,120.9499,1370700000
1172,14.348,120.9499,1370699160
1172,14.6398,121.0373,1370474880
1172,14.6425,121.0391,1370473080
1172,14.581,121.0552,1370415420
1172,14.566,120.9933,1370058480
1172,14.4239,121.0287,1369994700
1172,14.4231,121.0299,1369984800
1172,14.5348,120.9801,1369912920
1172,14.5343,120.9809,1369901520
1172,14.6416,121.0385,1369892220
1172,14.6425,121.0391,1369803060
1172,14.6425,121.0391,1369799460
1172,14.6398,121.0373,1369792800
1172,14.6425,121.0391,1369784580
1172,14.567,120.9927,1369730040
1172,14.6422,121.0388,1369717860
1172,14.6398,121.0373,1369695840
1172,14.6397,121.0373,1369626840
1172,14.6398,121.0372,1369521240
1172,14.6398,121.0373,1369521060
1172,14.6398,121.0373,1369520820
1172,14.353,120.9408,1369473660
1172,14.4212,121.0375,1369468800
1172,14.4212,121.0375,1369468620
1172,14.4212,121.0375,1369467660
1172,14.4212,121.0375,1369467000
1172,14.3535,120.936,1369457640
1172,14.348,120.9499,1369413480
1172,14.3479,120.9499,1369391700
1172,14.3479,120.9499,1369382100
1172,14.348,120.9499,1369378200
1172,14.3479,120.9499,1369360800
1172,14.4231,121.0298,1369312020
1172,14.4231,121.0298,1369311840
1172,14.4231,121.0298,1369311420
1172,14.4238,121.0313,1369306500
1172,14.6398,121.0373,1369292580
1172,14.6398,121.0373,1369292220
1172,14.6398,121.0373,1369190160
1172,14.4231,121.0299,1369127400
1172,14.4226,121.0293,1369033860
1172,14.6425,121.0391,1369024020
1172,14.6398,121.0373,1368929280
1172,14.6398,121.0373,1368928440
1172,14.6398,121.0373,1368919500
1172,14.4228,121.0298,1368691380
1172,14.333,121.0821,1368608700
1172,14.6399,121.0373,1368581340
1172,14.6205,121.0534,1368553980
1172,14.6205,121.0534,1368550080
1172,14.6205,121.0534,1368549240
1172,14.6205,121.0534,1368540300
1172,14.6205,121.0534,1368539940
1172,14.621,121.0532,1368539820
1172,14.3481,120.9497,1368454500
1172,14.3531,120.9404,1368431160
1172,14.6416,121.0394,1368420120
1172,14.6398,121.0373,1368408360
1172,14.6398,121.0373,1368408120
1172,14.6398,121.0373,1368398100
1172,14.6398,121.0373,1368395880
1172,14.6398,121.0373,1368394140
1172,14.6416,121.0394,1368341400
1172,14.6425,121.0391,1368339540
1172,14.6398,121.0373,1368338820
1172,14.6398,121.0373,1368324120
1172,14.3518,120.9475,1368302640
1172,14.2522,120.9084,1368254940
1172,14.2522,120.9084,1368254280
1172,14.2522,120.9084,1368248220
1172,14.6399,121.0308,1368084300
1172,14.6398,121.0374,1367992380
1172,14.6398,121.0374,1367990940
1172,14.6398,121.0374,1367984640
1172,14.6398,121.0373,1367888580
1172,14.6398,121.0373,1367713620
1172,14.348,120.9499,1367652660
1172,14.348,120.9499,1367650140
1172,14.348,120.9499,1367505720
1172,14.3479,120.9499,1367419440
1172,14.567,120.9927,1367314560
1172,14.6398,121.0373,1367295360
1172,14.3479,120.9499,1366941480
1172,14.3479,120.9499,1366909380
1172,14.6398,121.0373,1366848240
1172,14.6398,121.0373,1366778040
1172,14.3518,120.9475,1366747860
1172,14.6398,121.0374,1366586280
1172,14.348,120.9498,1366364820
1172,14.348,120.9498,1366364640
1172,14.348,120.9498,1366363200
1172,14.348,120.9498,1366305840
1172,14.348,120.9498,1366304820
1172,14.348,120.9498,1366296540
1172,14.6398,121.0373,1365979440
1172,14.6223,121.0233,1365866880
1172,14.6223,121.0233,1365866160
1172,14.6398,121.0373,1365664860
1172,14.6398,121.0373,1365656820
1172,14.4232,121.03,1365255600
1172,14.4231,121.03,1365254340
1172,14.521,121.014,1364971740
1172,13.1466,123.7226,1364709720
1172,14.3518,120.9475,1364424420
1172,14.6398,121.0373,1364361660
1172,14.6399,121.0373,1364253060
1172,14.3518,120.9475,1364219880
1172,14.4231,121.0299,1364200320
1172,14.348,120.9498,1364039160
1172,14.3518,120.9475,1363850640
1172,14.3518,120.9475,1363828380
1172,14.4234,121.0294,1363768380
1172,14.3479,120.9499,1363698060
1172,14.3479,120.9499,1363697280
1172,14.6397,121.0365,1363653480
1172,14.6398,121.0373,1363496220
1172,14.3479,120.9499,1363207020
1172,14.4231,121.0299,1362985440
1172,14.4234,121.0294,1362982080
1172,14.6398,121.0373,1362621060
1172,14.6399,121.0373,1362452520
1172,14.5529,121.0249,1362384240
1172,14.3518,120.9475,1362152940
1172,14.6399,121.0373,1361841000
1172,14.64,121.0373,1361837700
1172,14.6399,121.0373,1361759160
1172,14.6399,121.0373,1361755860
1172,14.348,120.9499,1361711160
1172,14.348,120.9499,1361709480
1172,14.3518,120.9475,1361585880
1172,14.4231,121.0299,1361532360
1172,14.3518,120.9475,1361439120
1172,14.348,120.9499,1361366760
1172,14.5348,120.9797,1361346720
1172,14.6398,121.0373,1361140800
1172,14.348,120.9498,1360925880
1172,14.3518,120.9475,1360820940
1172,14.3518,120.9475,1360728540
1172,14.6398,121.0373,1360633620
1172,14.6399,121.0373,1360534500
1172,14.6399,121.0373,1360452660
1172,14.6398,121.0373,1360450440
1172,14.6398,121.0373,1360449540
1172,14.348,120.9498,1360418400
1172,14.348,120.9498,1360336200
1172,14.3518,120.9475,1360323420
1172,14.6399,121.0373,1360109880
1172,14.6399,121.0373,1360106280
1172,14.5518,121.0216,1359630000
1172,14.3479,120.9499,1359040560
1172,14.6399,121.0373,1359001020
1172,14.6398,121.0373,1358988900
1172,14.348,120.9499,1358935860
1172,14.6398,121.0373,1358836380
1172,14.6398,121.0373,1358733240
1172,14.6398,121.0373,1358657760
1172,14.6398,121.0373,1358638680
1172,14.348,120.9498,1358610480
1172,14.348,120.9499,1358605140
1172,14.5608,120.991,1358488980
1172,14.565,120.9935,1358417700
1172,14.5667,120.9928,1358390820
1172,14.3479,120.9499,1358375700
1172,14.5592,121.0085,1358262780
1172,14.5592,121.0085,1358262300
1172,14.3518,120.9475,1358170740
1172,14.353,120.9407,1357901760
1172,14.353,120.9407,1357901460
1172,14.353,120.9408,1357901280
1172,14.3518,120.9475,1357732320
1172,14.6398,121.0373,1357694400
1172,14.6398,121.0372,1357687920
1172,14.6398,121.0372,1357619460
1172,14.3479,120.9499,1357550100
1172,14.3535,120.936,1357299960
1172,14.4241,121.0296,1357226760
1172,14.4241,121.0296,1357226340
1172,14.4241,121.0296,1357225620
1172,14.4241,121.0296,1357224720
1172,14.4241,121.0296,1357223160
1172,14.4231,121.0299,1357201920
1172,14.4231,121.0299,1357201620
1172,14.348,120.9498,1357127820
1172,14.348,120.9498,1357118220
1172,14.3518,120.9475,1356966240
1172,14.6398,121.0373,1356920700
1172,14.6398,121.0373,1356915000
1172,14.348,120.9498,1356750600
1172,14.348,120.9498,1356750180
1172,14.348,120.9498,1356749880
1172,14.6398,121.0373,1356568500
1172,14.6398,121.0373,1356500820
1172,14.3518,120.9475,1356440100
1172,14.3518,120.9475,1356357840
1172,14.3518,120.9475,1356344280
1172,14.6398,121.0373,1356318420
1172,14.6398,121.0373,1356313020
1172,14.6398,121.0373,1356225000
1172,14.6398,121.0373,1356224640
1172,14.6399,121.0373,1356221340
1172,14.348,120.9498,1356178200
1172,14.3518,120.9475,1356065160
1172,14.6398,121.0373,1355965200
1172,14.6398,121.0372,1355618820
1172,14.3452,120.9934,1355313360
1172,14.6398,121.0373,1355116860
1172,14.3518,120.9475,1355049060
1172,14.348,120.9499,1354849380
1172,14.6398,121.0372,1354761180
1172,14.5578,121.0093,1354633380
1172,14.6392,121.0357,1354604160
1172,14.6392,121.0357,1354603860
1172,14.567,120.9927,1354348320
1172,14.3518,120.9475,1354323240
1172,14.4386,120.9908,1354195080
1172,14.4386,120.9908,1354194420
1172,14.4386,120.9908,1354194360
1172,14.4386,120.9908,1354194300
1172,14.4386,120.9908,1354193760
1172,14.6398,121.0373,1354080120
1172,14.5578,121.0093,1354031580
1172,14.5577,121.0092,1354014480
1172,14.558,121.0094,1354004280
1172,14.348,120.9499,1353932820
1172,14.5596,121.032,1353577140
1172,14.5596,121.032,1353576600
1172,14.5596,121.032,1353576240
1172,14.5596,121.032,1353576000
1172,14.5596,121.032,1353575820
1172,14.5596,121.032,1353575640
1172,14.5596,121.032,1353575460
1172,14.5596,121.032,1353575280
1172,14.5596,121.032,1353575220
1172,14.6404,121.0372,1353477240
1172,14.6399,121.0373,1353471180
1172,14.5672,120.9929,1353147420
1172,14.3518,120.9475,1353101640
1172,14.353,120.9407,1352956020
1172,14.353,120.9407,1352955960
1172,14.6398,121.0373,1352784180
1172,14.3518,120.9475,1352511420
1172,14.348,120.9499,1352471520
1172,14.6398,121.0372,1352346060
1172,14.6398,121.0372,1352270100
1172,14.6398,121.0373,1352178840
1172,14.6398,121.0373,1352172180
1172,14.6399,121.0373,1352168580
1172,14.6399,121.0373,1352076480
1172,14.6398,121.0373,1352063580
1172,14.348,120.9499,1352032020
1172,14.1019,120.9499,1351924380
1172,14.1022,120.9521,1351921200
1172,14.348,120.9499,1351900500
1172,14.348,120.9499,1351822800
1172,14.348,120.9499,1351776300
1172,14.6398,121.0373,1351742100
1172,14.6398,121.0372,1351733760
1172,14.3479,120.9499,1351686600
1172,14.6398,121.0373,1351654680
1172,14.3479,120.9499,1351600020
1172,14.6398,121.0373,1351599300
1172,14.6398,121.0373,1351598580
1172,14.6398,121.0373,1351598160
1172,14.3479,120.9499,1351597800
1172,14.6398,121.0373,1351567920
1172,14.6398,121.0373,1351491360
1172,14.6398,121.0373,1351490520
1172,14.6398,121.0373,1351489320
1172,14.6398,121.0373,1351485960
1172,14.6398,121.0373,1351483980
1172,14.6398,121.0373,1351481100
1172,14.6398,121.0373,1351469100
1172,14.6398,121.0373,1351467000
1172,14.348,120.9499,1351353060
1172,14.3479,120.9499,1351246080
1172,14.3518,120.9475,1350823200
1172,14.6398,121.0373,1350436740
1172,14.6399,121.0374,1350370980
1172,14.6398,121.0373,1350368400
1172,14.6398,121.0373,1350350400
1172,14.6398,121.0372,1350260460
1172,14.6397,121.0372,1350188760
1172,14.6398,121.0372,1350185280
1172,14.6398,121.0373,1350185100
1172,14.348,120.9498,1350037560
1172,14.348,120.9498,1349864880
1172,14.6398,121.0373,1349846100
1172,14.6398,121.0374,1349755080
1172,14.6396,121.0371,1349664180
1172,7.064,125.5967,1349448360
1172,7.1044,125.6512,1349307360
1172,14.6398,121.0373,1349156280
1172,14.6396,121.0372,1348981500
1172,14.3518,120.9475,1348882200
1172,14.5516,121.022,1348752360
1172,14.5516,121.022,1348751700
1172,14.5516,121.022,1348751160
1172,14.5516,121.022,1348751100
1172,14.5516,121.022,1348750980
1172,14.5516,121.022,1348750860
1172,14.5516,121.022,1348750560
1172,14.5528,121.0229,1348741440
1172,14.348,120.9498,1348664580
1172,14.348,120.9498,1348663200
1172,14.6397,121.0373,1348461780
1172,14.6398,121.0373,1348461720
1172,14.6398,121.0373,1348447440
1172,14.348,120.9498,1348361760
1172,14.6205,121.0534,1348249140
1172,14.6205,121.0534,1348228500
1172,14.348,120.9498,1348154520
1172,14.348,120.9498,1348134360
1172,14.348,120.9498,1348130400
1172,14.348,120.9498,1348111260
1172,14.348,120.9498,1348111140
1172,14.348,120.9498,1347976320
1172,9.7996,118.6935,1347619620
1172,14.5531,121.0253,1347580920
1172,14.348,120.9498,1347450360
1172,14.348,120.9498,1347449160
1172,14.3518,120.9475,1347448740
1172,14.348,120.9498,1347448020
1172,14.348,120.9498,1347447960
1172,14.6398,121.0372,1347243000
1172,14.6397,121.0372,1347239040
1172,14.5815,121.0564,1347187200
1172,14.6398,121.0373,1347165480
1172,14.1016,120.9498,1347115080
1172,14.6426,121.0399,1347030120
1172,14.6309,121.0345,1347015180
1172,14.348,120.9498,1346978820
1172,14.348,120.9498,1346941560
1172,14.6397,121.0372,1346902080
1172,14.6397,121.0372,1346901780
1172,14.6399,121.0372,1346821140
1172,14.6398,121.0373,1346820420
1172,14.6398,121.0373,1346809920
1172,14.6398,121.0373,1346730720
1172,14.6398,121.0373,1346721900
1172,14.3518,120.9475,1346589480
1172,14.6398,121.0373,1346566860
1172,14.64,121.0372,1346566620
1172,14.6398,121.0373,1346545260
1172,14.3518,120.9475,1346397660
1172,14.6398,121.0373,1346299020
1172,14.6397,121.0372,1346219160
1172,14.6399,121.0373,1346203080
1172,14.4231,121.0298,1346061360
1172,14.4231,121.0298,1346058420
1172,14.4231,121.0299,1346054400
1172,14.6398,121.0373,1346034180
1172,14.6398,121.0373,1346029440
1172,14.348,120.9498,1346003820
1172,14.348,120.9498,1345978080
1172,14.6398,121.0373,1345946640
1172,14.4233,121.0334,1345900620
1172,14.348,120.9498,1345882020
1172,14.348,120.9498,1345881060
1172,14.6398,121.0373,1345705080
1172,14.4231,121.0299,1345622220
1172,14.6398,121.0373,1345616100
1172,14.4239,121.0315,1345457880
1172,14.3518,120.9475,1345381800
1172,14.6398,121.0373,1345354080
1172,14.6398,121.0373,1345354080
1172,14.6398,121.0373,1345354020
1172,14.6398,121.0373,1345353960
1172,14.6398,121.0373,1345344300
1172,14.3267,120.9428,1345281780
1172,14.3233,120.9593,1345277880
1172,14.348,120.9498,1345246980
1172,14.6398,121.0373,1345010280
1172,14.3518,120.9475,1344948480
1172,14.4231,121.0299,1344933600
1172,14.4231,121.0299,1344933180
1172,14.4231,121.0302,1344840480
1172,14.3518,120.9475,1344650760
1172,14.348,120.9498,1344595620
1172,14.348,120.9498,1344593640
1172,14.348,120.9498,1344592920
1172,14.6397,121.0372,1344487200
1172,14.6398,121.0373,1344486840
1172,14.348,120.9498,1344247020
1172,14.348,120.9498,1344244800
1172,14.3518,120.9475,1344157980
1172,14.6389,121.0356,1343882640
1172,14.6398,121.0373,1343877480
1172,14.3518,120.9475,1343619240
1172,14.6397,121.0371,1343531760
1172,14.3518,120.9475,1343312220
1172,14.3518,120.9475,1343215500
1172,14.348,120.9498,1343215320
1172,14.348,120.9498,1343213880
1172,14.348,120.9498,1343213040
1172,14.348,120.9498,1343032260
1172,14.348,120.9498,1343031780
1172,14.3518,120.9475,1342761240
1172,14.5371,120.9881,1342706580
1172,14.5666,120.9925,1342684200
1172,14.4232,121.0299,1342604460
1172,14.6398,121.0373,1342484400
1172,14.4183,121.0401,1342421760
1172,14.348,120.9498,1342351560
1172,14.3518,120.9475,1342348740
1172,14.6398,121.0373,1342345380
1172,14.2395,121.0579,1342296420
1172,14.6398,121.0373,1342068180
1172,14.3518,120.9475,1341949800
1172,14.6398,121.0373,1341894420
1172,14.5349,120.9801,1341627420
1172,14.3535,120.936,1341581460
1172,14.4223,121.0296,1341567600
1172,14.6397,121.0372,1341466740
1172,14.6397,121.0372,1341466080
1172,14.3518,120.9475,1341320580
1172,14.4231,121.0299,1341302460
1172,14.4231,121.0299,1341302100
1172,14.6397,121.0372,1341200940
1172,14.3518,120.9475,1341143640
1172,14.348,120.9498,1341142020
1172,14.64,121.0373,1341101760
1172,14.3518,120.9475,1340896080
1172,14.5662,120.9929,1340873280
1172,14.6398,121.0373,1340845740
1172,14.6398,121.0373,1340691720
1172,14.3518,120.9475,1340617560
1172,14.6398,121.0373,1340511900
1172,14.6398,121.0373,1340509200
1172,14.3518,120.9475,1340337780
1172,14.3529,120.9407,1340164560
1172,14.3535,120.936,1340102880
1172,14.6392,121.0357,1340087820
1172,14.3518,120.9475,1340013480
1172,14.6397,121.0371,1339990080
1172,14.6398,121.0373,1339897980
1172,14.6398,121.0373,1339897860
1172,14.6398,121.0373,1339897800
1172,14.348,120.9498,1339732440
1172,14.6397,121.037,1339559460
1172,14.6397,121.0372,1339549920
1172,14.639,121.0357,1339477500
1172,14.6397,121.0365,1339464180
1172,14.6396,121.0371,1339457220
1172,14.6397,121.0372,1339378020
1172,14.348,120.9498,1339330080
1172,14.3518,120.9475,1339318860
1172,14.348,120.9498,1339317840
1172,14.348,120.9498,1339317480
1172,14.3518,120.9475,1339237320
1172,14.5636,120.9945,1339061940
1172,14.6398,121.0372,1339055940
1172,14.4231,121.0299,1338970140
1172,14.4231,121.0299,1338884580
1172,14.348,120.9498,1338636240
1172,14.348,120.9498,1338636000
1172,14.348,120.9498,1338635700
1172,14.348,120.9498,1338635520
1172,14.348,120.9498,1338635220
1172,14.348,120.9498,1338634860
1172,14.348,120.9498,1338634740
1172,14.348,120.9498,1338634620
1172,14.348,120.9498,1338634380
1172,14.348,120.9498,1338633960
1172,14.348,120.9498,1338632640
1172,14.348,120.9498,1338632460
1172,14.348,120.9498,1338632280
1172,14.348,120.9498,1338632160
1172,14.348,120.9498,1338632040
1172,14.348,120.9498,1338631920
1172,14.348,120.9498,1338631800
1172,14.348,120.9498,1338631560
1172,14.348,120.9498,1338631440
1172,14.348,120.9498,1338631140
1172,14.5361,120.982,1338552240
1172,14.3518,120.9475,1338525540
1172,14.5664,120.9926,1338454740
1172,14.6398,121.0373,1338358920
1172,14.6399,121.0373,1338358800
1172,14.6398,121.0372,1338346380
1172,14.6398,121.0372,1338261900
1172,14.3518,120.9475,1338201000
1172,14.6398,121.0373,1338084780
1172,14.348,120.9498,1337844840
1172,14.3518,120.9475,1337817660
1172,14.6398,121.0373,1337748900
1172,14.6396,121.0371,1337572440
1172,14.348,120.9498,1337386020
1172,14.3518,120.9475,1337331720
1172,14.3518,120.9475,1337196960
1172,14.4222,121.03,1337157300
1172,14.64,121.0373,1337141520
1172,14.348,120.9498,1337087580
1172,14.6398,121.0372,1336884840
1172,11.9619,121.9254,1336782360
1172,11.9614,121.9247,1336754160
1172,15.188,120.5493,1336595160
1172,14.6399,121.0373,1336457640
1172,14.348,120.9498,1336415460
1172,14.6397,121.0372,1336279380
1172,14.3478,120.9452,1336224240
1172,14.6398,121.0373,1335939300
1172,14.6398,121.0373,1335919440
1172,14.3518,120.9475,1335900240
1172,14.348,120.9499,1335867480
1172,14.348,120.9498,1335787380
1172,14.348,120.9498,1335787320
1172,14.6398,121.0372,1335680400
1172,14.6398,121.0373,1335660060
1172,14.348,120.9498,1335620040
1172,14.348,120.9499,1335610560
1172,14.6399,121.0373,1335416460
1172,14.6399,121.0373,1335397500
1172,14.348,120.9498,1335364320
1172,14.5364,120.9808,1335339300
1172,14.3518,120.9475,1335209940
1172,14.5359,120.9821,1335105540
1172,14.5359,120.9821,1335085080
1172,14.3518,120.9475,1335010020
1172,14.348,120.9498,1334993040
1172,14.348,120.9498,1334987520
1172,14.1178,120.9615,1334948400
1172,14.5351,120.9802,1334841300
1172,14.3252,120.9582,1334748300
1172,14.6398,121.0373,1334720640
1172,14.6398,121.0373,1334712540
1172,14.6398,121.0373,1334553480
1172,14.348,120.9499,1334493000
1172,14.3518,120.9475,1334481780
1172,14.6399,121.0372,1334470440
1172,14.6398,121.0373,1334457780
1172,14.3518,120.9475,1334304960
1172,14.348,120.9499,1334303640
1172,14.6398,121.0373,1334280360
1172,14.6398,121.0373,1334280180
1172,14.6205,121.0534,1334158140
1172,14.6205,121.0534,1334155620
1172,14.348,120.9499,1334137440
1172,14.6399,121.0373,1334095080
1172,14.5671,120.993,1334046840
1172,14.6398,121.0373,1333947120
1172,14.348,120.9498,1333878300
1172,14.6558,121.0311,1333786980
1172,14.348,120.9499,1333683540
1172,14.348,120.9498,1333549800
1172,14.5852,121.0568,1333525320
1172,14.6399,121.0373,1333513440
1172,14.6401,121.0373,1333510440
1172,14.6399,121.0373,1333493400
1172,14.348,120.9499,1333453500
1172,14.6399,121.0372,1333239780
1172,14.6399,121.0372,1333239780
1172,14.3518,120.9475,1333196520
1172,14.5643,120.9938,1333025340
1172,14.6398,121.0373,1333001640
1172,14.6398,121.0373,1332906000
1172,14.6398,121.0373,1332825600
1172,14.4221,121.0303,1332743040
1172,14.3518,120.9475,1332674580
1172,14.0968,120.9432,1332581040
1172,14.5525,121.0218,1332517020
1172,14.5521,121.0227,1332516060
1172,14.5521,121.0204,1332506820
1172,14.3518,120.9475,1332158700
1172,14.3479,120.9499,1332158640
1172,14.6399,121.0372,1332045240
1172,14.3479,120.9499,1331987700
1172,14.3479,120.9499,1331824920
1172,14.6399,121.0373,1331797980
1172,14.348,120.9499,1331756760
1172,14.348,120.9499,1331719560
1172,14.348,120.9499,1331719260
1172,14.3479,120.9499,1331467380
1172,14.6399,121.0373,1331442720
1172,14.6399,121.0373,1331438340
1172,14.6399,121.0374,1331436360
1172,14.4238,121.029,1331276580
1172,14.5642,120.9939,1331208120
1172,14.348,120.9499,1331035140
1172,14.6399,121.0351,1331009760
1172,14.348,120.9499,1330936380
1172,14.3479,120.9499,1330850760
1172,14.64,121.0373,1330837500
1172,14.348,120.9499,1330602240
1172,14.6392,121.0353,1330498500
1172,14.64,121.0372,1330495860
1172,14.3518,120.9475,1330328460
1172,14.348,120.9499,1330247640
1172,14.348,120.9499,1330246080
1172,14.64,121.0374,1330229220
1172,14.348,120.9499,1330102320
1172,14.348,120.9499,1330099860
1172,14.5642,120.9937,1329999240
1172,14.6433,121.0378,1329983700
1172,14.6399,121.0374,1329950460
1172,14.6398,121.0373,1329873960
1172,14.6392,121.0354,1329812460
1172,14.64,121.0352,1329624840
1172,14.6398,121.0373,1329612480
1172,14.567,120.9927,1329534900
1172,14.5676,120.9928,1329527160
1172,14.5351,120.9799,1329409020
1172,14.6399,121.0374,1329373020
1172,14.6392,121.0372,1329350400
1172,14.5349,120.9798,1329303300
1172,14.348,120.9499,1329221520
1172,14.6399,121.0373,1329193620
1172,14.6399,121.0373,1329193560
1172,14.6399,121.0374,1329193560
1172,14.6363,121.0292,1328884200
1172,14.64,121.0374,1328746920
1172,14.348,120.9499,1328522640
1172,14.64,121.0374,1328420160
1172,14.564,120.9936,1328176380
1172,14.64,121.0374,1328162820
1172,14.348,120.9499,1328098560
1172,14.348,120.9499,1328014140
1172,14.348,120.9499,1328004960
1172,14.348,120.9499,1328004660
1172,14.348,120.9499,1327924560
1172,14.6398,121.0373,1327897740
1172,14.348,120.9499,1327834980
1172,14.64,121.0372,1327802580
1172,14.5349,120.9798,1327744860
1172,14.3479,120.9499,1327701240
1172,14.348,120.9499,1327651980
1172,14.348,120.9499,1327651860
1172,14.348,120.9499,1327623060
1172,14.64,121.0374,1327562820
1172,14.348,120.9499,1327495620
1172,14.348,120.9499,1327493880
1172,14.348,120.9499,1327404420
1172,14.348,120.9499,1327404300
1172,14.348,120.9499,1327325880
1172,14.348,120.9499,1327325280
1172,14.348,120.9499,1327224000
1172,14.348,120.9499,1327222920
1172,14.6399,121.0374,1327212960
1172,14.64,121.0373,1327208160
1172,14.64,121.0373,1326875820
1172,14.5344,120.9803,1326789420
1172,14.5343,120.9803,1326788400
1172,14.6398,121.0373,1326781140
1172,14.348,120.9499,1326718620
1172,14.6399,121.0373,1326602880
1172,14.6399,121.0374,1326602640
1172,14.348,120.9499,1326449760
1172,14.348,120.9499,1326382620
1172,14.6399,121.0374,1326356340
1172,14.64,121.0373,1326343680
1172,14.348,120.9499,1326288180
1172,14.623,121.0232,1326270720
1172,14.3479,120.9499,1326204000
1172,16.4009,120.5905,1326021120
1172,15.4806,120.5948,1325870940
1172,14.6399,121.0373,1325743920
1172,14.64,121.0373,1325477580
1172,14.6398,121.0373,1325390700
1172,14.6398,121.0373,1325380860
1172,14.3479,120.9499,1325336460
1172,14.348,120.9498,1325298000
1172,14.3479,120.9499,1325206200
1172,14.6399,121.0373,1324945740
1172,14.3015,120.9562,1324885680
1172,14.3008,120.957,1324883100
1172,14.6399,121.0374,1324769040
1172,14.348,120.9498,1324710600
1172,14.348,120.9498,1324710480
1172,14.6398,121.0373,1324529340
1172,14.6398,121.0373,1324529280
1172,14.6398,121.0373,1324528920
1172,14.3479,120.9499,1324383720
1172,14.6398,121.0373,1324253640
1172,14.6398,121.0373,1324008660
1172,14.6398,121.0373,1323829680
1172,14.6401,121.0368,1323829320
1172,14.5838,121.0567,1323512340
1172,14.6568,121.0324,1323443280
1172,14.3278,120.935,1323343140
1172,14.3278,120.9347,1323340680
1172,14.6398,121.0373,1323072060
1172,14.6018,121.0502,1323070200
1172,14.6398,121.0373,1322971200
1172,14.6556,121.032,1322415360
1172,14.6398,121.0373,1322020140
1172,14.4252,120.9435,1321962660
1172,14.64,121.0373,1321942140
1172,14.6398,121.0373,1321935540
1172,14.3706,120.9386,1321690020
1172,14.3706,120.9386,1321689060
1172,14.3512,120.9443,1321440600
1172,14.639,121.0359,1321357920
1172,14.6399,121.0374,1321338660
1172,14.461,120.9597,1321007340
1172,14.6399,121.0374,1320817260
1172,14.64,121.0374,1320817260
1172,14.6401,121.0368,1320817260
1172,14.4483,120.9542,1320755220
1172,14.64,121.0374,1320639180
1172,14.3255,120.9407,1320486480
1172,14.3255,120.9407,1320486120
1172,14.3255,120.9407,1320485820
1172,14.3518,120.9475,1320319440
1172,14.6398,121.0373,1320289980
1172,14.6398,121.0373,1320289920
1172,14.6392,121.0357,1320282480
1172,14.6398,121.0373,1320282300
1172,14.6398,121.0373,1320282180
1172,14.3518,120.9475,1320224760
1172,14.6392,121.0357,1320196020
1172,14.6398,121.0373,1320195600
1172,14.6398,121.0373,1320128340
1172,14.6398,121.0373,1320126840
1172,14.6398,121.0373,1320037800
1172,14.6398,121.0373,1320004140
1172,14.6398,121.0373,1319967720
1172,14.6398,121.0373,1319967660
1172,14.6398,121.0373,1319967600
1172,14.6398,121.0373,1319967540
1172,14.6398,121.0373,1319967420
1172,14.6398,121.0373,1319949300
1172,14.6399,121.0374,1319932380
1172,14.64,121.0373,1319696040
1172,14.6397,121.0365,1319695920
1172,14.3915,120.9397,1319621820
1172,14.4547,120.9574,1319545260
1172,14.4547,120.9574,1319543340
1172,14.3506,120.9402,1319459460
1172,14.6401,121.037,1319360160
1172,14.5588,120.9867,1319176620
1172,14.5588,120.9867,1319176440
1172,14.3506,120.9402,1319018520
1172,14.3012,120.9566,1318760220
1172,14.3008,120.9569,1318759320
1172,14.3012,120.9566,1318757640
1172,14.6398,121.0373,1318756980
1172,14.4238,121.0289,1318682760
1172,14.3506,120.9402,1318559580
1172,14.6398,121.0373,1318324020
1172,14.6399,121.0374,1318233240
1172,14.6399,121.0374,1318148160
1172,14.6399,121.0374,1318148160
1172,14.3506,120.9402,1317891780
1172,14.6399,121.0374,1317891180
1172,14.3506,120.9402,1317819540
1172,14.4452,120.9507,1317720000
1172,14.5512,121.0272,1317608040
1172,14.6399,121.0374,1317607020
1172,14.6399,121.0374,1317606960
1172,14.6399,121.0374,1317606960
1172,14.6398,121.0374,1317606960
1172,14.3506,120.9402,1317435240
1172,14.3506,120.9402,1317435240
1172,14.3506,120.9402,1317433500
1172,14.3506,120.9402,1317299940
1172,14.3547,120.9379,1317111720
1172,14.6531,121.0335,1316777520
1172,14.7247,121.0377,1316649960
1172,11.962,121.9251,1316648340
1172,11.9619,121.925,1316648220
1172,11.9642,121.9286,1316617680
1172,11.9652,121.9236,1316602500
1172,11.9638,121.923,1316590140
1172,11.9623,121.9271,1316589000
1172,11.964,121.9286,1316512020
1172,14.6399,121.0374,1316369220
1172,14.6399,121.0374,1316369220
1172,14.6399,121.0374,1316276460
1172,14.6565,121.0305,1316175600
1172,14.6399,121.0374,1316043300
1172,14.6399,121.0374,1316042580
1172,14.6399,121.0374,1315875000
1172,14.64,121.0374,1315874940
1172,14.6399,121.0374,1315665120
1172,14.6399,121.0374,1315657860
1172,14.6399,121.0374,1315657860
1172,14.6399,121.0374,1315648920
1172,14.6399,121.0374,1315329000
1172,14.6399,121.0374,1315328880
1172,14.6399,121.0374,1315045020
1172,14.64,121.0374,1314700620
1172,14.6399,121.0374,1314643260
1172,14.6399,121.0374,1314629520
1172,14.6399,121.0374,1314541560
1172,14.5345,120.9829,1314368100
1172,14.64,121.037,1314147720
1172,14.6399,121.0374,1314051060
1172,14.6399,121.0374,1313996100
1172,14.6399,121.0374,1313990100
1172,14.6399,121.0374,1313929800
1172,14.5496,121.0538,1313911740
1172,14.5499,121.0537,1313834940
1172,14.5494,121.0486,1313820240
1172,14.64,121.0373,1313768640
1172,14.64,121.0373,1313765520
1172,14.64,121.0373,1313764860
1172,14.64,121.0373,1313762940
1172,14.64,121.0373,1313753640
1172,14.64,121.0373,1313743680
1172,14.6399,121.0374,1313734740
1172,14.6399,121.0374,1313729700
1172,14.6399,121.0374,1313723400
1172,14.6399,121.0373,1313723400
1172,14.6399,121.0373,1313676960
1172,14.6399,121.0373,1313642580
1172,14.6399,121.0373,1313592300
1172,14.6399,121.0373,1313552640
1172,14.6399,121.0373,1313446260
1172,14.6399,121.0373,1313446260
1172,14.6399,121.0373,1313347500
1172,14.64,121.0372,1313317320
1172,14.64,121.0372,1313317200
1172,14.64,121.0372,1313317200
1172,14.6399,121.0373,1313251260
1172,14.6399,121.0374,1313251080
1172,14.6399,121.0373,1313251020
1172,14.6399,121.0373,1313202240
1172,14.6399,121.0373,1313162100
1172,14.6399,121.0373,1313161800
1172,14.6399,121.0373,1313144520
1172,14.3009,120.9568,1313064840
1172,14.6399,121.0373,1312985520
1172,14.6399,121.0374,1312960560
1172,14.6399,121.0374,1312914840
1172,14.6399,121.0374,1312841700
1172,14.6399,121.0374,1312841700
1172,14.6399,121.0374,1312841700
1172,14.6399,121.0374,1312841640
1172,14.6399,121.0374,1312841640
1172,14.6399,121.0373,1312829700
1172,14.6399,121.0373,1312829640
1172,14.6399,121.0373,1312804260
1172,14.6399,121.0374,1312719600
1172,14.6399,121.0373,1312716480
1172,14.6399,121.0373,1312716420
1172,14.6399,121.0373,1312716420
1172,14.6399,121.0373,1312689300
1172,14.6399,121.0373,1312687740
1172,14.6399,121.0373,1312650480
1172,14.6399,121.0373,1312650240
1172,14.6396,121.0351,1312546200
1172,14.64,121.0373,1312544760
1172,14.6399,121.0374,1312524540
1172,14.64,121.0371,1312468440
1172,14.64,121.0371,1312431960
1172,14.64,121.0371,1312431720
1172,14.64,121.0371,1312426200
1172,14.64,121.0372,1312323240
1172,14.64,121.0372,1312323060
1172,14.64,121.0372,1312283880
1172,14.64,121.0372,1312261260
1172,14.64,121.0372,1312212840
1172,14.6399,121.0373,1312118340
1172,14.6399,121.0373,1312118220
1172,14.6399,121.0374,1311912840
1172,14.6399,121.0374,1311907560
1172,14.4237,121.029,1311853680
1172,14.6399,121.0374,1311516960
1172,14.5845,121.0572,1311340920
1172,14.6399,121.0374,1311314940
1172,14.6389,121.0359,1311147480
1172,14.6399,121.0373,1311113100
1172,14.6399,121.0374,1311106740
1172,14.6399,121.0374,1311106560
1172,14.6399,121.0374,1311106440
1172,14.6399,121.0374,1311106380
1172,14.6399,121.0374,1311106320
1172,14.6399,121.0373,1310893860
1172,14.6399,121.0373,1310893800
1172,14.6399,121.0373,1310825940
1172,14.6399,121.0373,1310825880
1172,14.5355,120.9821,1310650800
1172,14.5355,120.9821,1310631420
1172,14.5341,120.9807,1310620800
1172,14.64,121.0373,1310465700
1172,14.6399,121.0373,1310407560
1172,14.6399,121.0374,1310405580
1172,14.6399,121.0373,1310405220
1172,14.6399,121.0373,1310404980
1172,14.6399,121.0373,1310307180
1172,14.6399,121.0373,1310307180
1172,14.6399,121.0373,1310307120
1172,14.6399,121.0373,1310293560
1172,14.6399,121.0373,1310293560
1172,14.6399,121.0373,1310293560
1172,14.6399,121.0373,1310293560
1172,14.6399,121.0373,1310213760
1172,14.6399,121.0374,1310197680
1172,14.64,121.0372,1310138640
1172,14.64,121.0372,1310138520
1172,14.6399,121.0373,1309890720
1172,14.6399,121.0373,1309890480
1172,14.64,121.0373,1309817460
1172,14.6399,121.0373,1309809960
1172,14.6399,121.0373,1309809960
1172,14.6399,121.0373,1309809960
1172,14.6399,121.0373,1309809960
1172,14.64,121.0373,1309692240
1172,14.64,121.0373,1309692120
1172,14.64,121.0373,1309691820
1172,14.6362,121.0298,1309617720
1172,14.6399,121.0373,1309604040
1172,14.6399,121.0373,1309604040
1172,14.64,121.0371,1309514280
1172,14.347,120.9372,1309345800
1172,14.6399,121.0373,1309299660
1172,14.64,121.0374,1309299660
1172,14.6399,121.0373,1309284540
1172,14.6399,121.0373,1309284480
1172,14.6399,121.0373,1309284480
1172,14.6398,121.0373,1309203000
1172,11.9993,120.2071,1308747300
1172,11.9993,120.2071,1308743820
1172,11.9994,120.2071,1308742620
1172,11.9993,120.2071,1308702360
1172,11.9993,120.207,1308611880
1172,11.9994,120.2071,1308573240
1172,11.9993,120.2072,1308545640
1172,11.9993,120.2072,1308545100
1172,14.5204,121.0125,1308529320
1172,14.64,121.0372,1308492900
1172,14.6399,121.0374,1308486360
1172,14.6397,121.0365,1308485940
1172,14.6399,121.036,1308130440
1172,14.6399,121.036,1308130380
1172,14.6399,121.036,1308130320
1172,14.6398,121.0374,1308003240
1172,14.64,121.0374,1303232220
1172,14.64,121.0374,1303232220
1172,14.64,121.0374,1303232160
1172,14.64,121.0374,1303152780
1172,14.6399,121.0374,1303138020
1172,14.6399,121.0374,1303137780
1172,14.6399,121.0374,1303020240
1172,14.6399,121.0374,1302996420
1172,14.6399,121.0374,1302996180
1172,14.64,121.0373,1302949560
1172,14.64,121.0373,1302949500
1172,14.6399,121.0374,1302949380
1172,14.64,121.0374,1302636480
1172,14.64,121.0374,1302636420
1172,14.64,121.0374,1302636300
1172,14.64,121.0374,1302636180
1172,14.6399,121.0374,1302635820
1172,14.64,121.0374,1302559740
1172,14.64,121.0372,1302559680
1172,14.6399,121.0374,1302446640
1172,14.64,121.0374,1302446640
1172,14.64,121.0373,1302341760
1172,14.64,121.0373,1302341700
1172,14.5514,121.0498,1302341520
1172,14.6397,121.0365,1302245220
1172,14.6397,121.0365,1302234120
1172,14.6397,121.0365,1302233940
1172,14.6399,121.0373,1301373900
1172,14.6399,121.0373,1301339400
1172,14.64,121.0372,1301339220
1172,14.64,121.0372,1301332680
1172,14.64,121.0372,1301332500
1172,14.6399,121.0373,1301332200
1172,14.6399,121.0373,1301332080
1172,14.6399,121.0373,1301331960
1172,14.6399,121.0373,1301331900
1172,14.6399,121.0373,1301331780
1172,14.64,121.0372,1301331000
1172,14.6398,121.0373,1301226360
1172,14.6399,121.0373,1301147760
1172,14.64,121.0372,1301130060
1172,14.64,121.0372,1301130000
1172,14.6391,121.0361,1300116540
1172,14.6391,121.0361,1300116120
1172,14.6391,121.0361,1300115940
1172,14.6391,121.0361,1300015680
1172,10.3099,123.9196,1297559760
1172,14.6391,121.0361,1292161380
1172,14.6391,121.0361,1292023920
