1209,45.4673,9.2149,1378416720
1209,45.4676,9.215,1378142640
1209,45.4673,9.2147,1378127400
1209,45.4583,9.1812,1378045320
1209,45.4676,9.215,1378028460
1209,45.4655,9.1956,1377799800
1209,45.4673,9.215,1377263280
1209,45.4598,9.2052,1377017700
1209,45.4598,9.2052,1376865780
1209,45.4562,9.1859,1376842920
1209,45.4673,9.2148,1376834580
1209,44.0335,8.2073,1376766360
1209,44.0783,8.0977,1376764860
1209,44.0018,8.1695,1376309280
1209,43.9798,8.1592,1376225940
1209,44.3905,8.6475,1375633080
1209,45.4673,9.2151,1375185660
1209,45.4674,9.2149,1375028340
1209,45.4674,9.2152,1374941640
1209,44.4104,8.9053,1374422760
1209,44.3862,8.6388,1374343320
1209,44.3889,8.6451,1374337980
1209,45.4676,9.2149,1374248580
1209,45.4674,9.2151,1373974380
1209,45.4673,9.2149,1373811360
1209,45.4673,9.2152,1373793480
1209,45.4674,9.2149,1373471700
1209,45.4674,9.2152,1373466720
1209,45.4539,9.2071,1373387940
1209,45.4674,9.2149,1373373540
1209,45.4673,9.2148,1373312400
1209,45.4674,9.215,1373302800
1209,45.4673,9.215,1373302560
1209,45.4674,9.2149,1373279100
1209,45.4803,9.1843,1373265840
1209,45.4623,9.2053,1372878540
1209,45.4376,9.1646,1372699980
1209,45.4674,9.215,1372169580
1209,45.4675,9.2152,1371129120
1209,45.4658,9.2147,1371075900
1209,45.4635,9.2124,1370974800
1209,45.4635,9.2124,1370806800
1209,45.4672,9.2147,1370803800
1209,45.5211,9.3184,1370728560
1209,45.4674,9.2151,1370703360
1209,45.4744,9.2927,1370381400
1209,45.4673,9.2147,1370190600
1209,45.4674,9.215,1370093040
1209,45.4674,9.2149,1370023080
1209,45.3324,9.0984,1369131360
1209,45.336,9.0994,1369131000
1209,45.4673,9.2148,1368961140
1209,45.4674,9.215,1367935860
1209,45.4673,9.2151,1367790180
1209,45.4674,9.2151,1367498580
1209,45.4674,9.215,1367498520
1209,45.4681,9.2136,1367422620
1209,45.4675,9.2152,1367272320
1209,45.4678,9.2168,1367270640
1209,45.4674,9.2149,1367152800
1209,45.4674,9.2149,1367152080
1209,45.4635,9.2124,1367050560
1209,45.4644,9.1892,1366996260
1209,45.4556,9.1132,1366996080
1209,45.4556,9.1132,1366995840
1209,45.4644,9.1892,1366995720
1209,45.4644,9.1899,1366995420
1209,45.4673,9.2148,1366908960
1209,45.4635,9.2124,1366795080
1209,45.4679,9.2167,1366493640
1209,45.4635,9.2124,1365605400
1209,45.4674,9.2151,1365446880
1209,45.4674,9.215,1365436920
1209,45.4674,9.215,1365101520
1209,45.4674,9.2149,1365015780
1209,45.4914,9.1205,1364742540
1209,45.4685,9.2237,1364427720
1209,45.4679,9.2168,1364136060
1209,45.4635,9.2124,1363691160
1209,45.4673,9.2148,1363164300
1209,45.4914,9.2921,1362937200
1209,43.77,11.2555,1362907980
1209,43.77,11.2555,1362602460
1209,43.7768,11.2478,1362597600
1209,43.768,11.2532,1362570240
1209,43.768,11.2532,1362569880
1209,43.7692,11.2562,1362569160
1209,45.4681,9.2136,1362330000
1209,45.4675,9.215,1362160800
1209,45.4673,9.215,1361202540
1209,45.8305,7.8234,1360941720
1209,45.4674,9.2152,1360705980
1209,45.4644,9.1899,1360604400
1209,45.4672,9.1816,1360363680
1209,45.4672,9.1816,1360363500
1209,45.4672,9.1816,1360363260
1209,45.4674,9.215,1360013280
1209,45.4914,9.1205,1359904560
1209,45.4673,9.215,1359743160
1209,45.4673,9.2149,1359743040
1209,45.4674,9.2152,1359659700
1209,45.4673,9.215,1359326160
1209,45.4673,9.215,1359325500
1209,45.4674,9.2151,1358975220
1209,45.4674,9.215,1358714760
1209,45.4674,9.215,1358714640
1209,45.4674,9.215,1358714400
1209,45.4674,9.215,1358714340
1209,45.4674,9.2151,1358696100
1209,45.4674,9.2151,1358199960
1209,45.4673,9.2149,1358179800
1209,45.4674,9.2151,1357929360
1209,45.4674,9.2152,1357860240
1209,45.4674,9.2154,1357829640
1209,45.4674,9.2152,1357828440
1209,45.4673,9.2151,1357754100
1209,45.4674,9.215,1357684800
1209,45.4674,9.2149,1357672440
1209,45.4675,9.2146,1357585380
1209,45.4624,9.2306,1357581840
1209,45.4676,9.215,1357516080
1209,45.4676,9.215,1357516020
1209,45.4674,9.2151,1357487820
1209,45.4674,9.2151,1357429980
1209,45.4674,9.2149,1357067940
1209,45.4674,9.2151,1357055760
1209,45.4672,9.2158,1357054620
1209,45.7613,7.8391,1356824640
1209,45.867,7.8574,1356796500
1209,45.8613,7.851,1356796140
1209,45.7788,7.8253,1356795960
1209,45.4674,9.215,1356482160
1209,45.4674,9.2151,1356473400
1209,45.4674,9.2151,1355772840
1209,45.4673,9.2147,1355438820
1209,45.4674,9.2148,1355436780
1209,45.4674,9.2151,1355086740
1209,45.4674,9.2152,1354959900
1209,45.4676,9.2156,1354932540
1209,45.4674,9.2149,1354909380
1209,45.5203,9.079,1354903560
1209,45.5203,9.079,1354903380
1209,45.5203,9.079,1354903260
1209,45.5203,9.079,1354903200
1209,45.4674,9.215,1354739040
1209,45.4674,9.2147,1354560780
1209,45.4672,9.2147,1354560540
1209,45.4784,9.2329,1354040700
1209,45.4674,9.2151,1353706620
1209,45.4673,9.2147,1353524340
1209,45.4675,9.2151,1353523200
1209,45.4674,9.215,1353097200
1209,45.4674,9.2151,1352908080
1209,45.4674,9.2151,1352907960
1209,45.4621,9.2345,1352742780
1209,45.4621,9.2345,1352742360
1209,45.4674,9.2151,1352495280
1209,45.4674,9.2151,1352064420
1209,45.4675,9.215,1352064300
1209,45.4673,9.2153,1351988160
1209,45.4674,9.2152,1351799820
1209,45.4673,9.2147,1351682700
1209,45.4674,9.215,1351681800
1209,45.4674,9.2151,1351467540
1209,45.4674,9.2151,1351467540
1209,45.4674,9.2151,1351460160
1209,45.4674,9.2151,1351014540
1209,45.4674,9.2152,1350943500
1209,45.4673,9.215,1350943200
1209,45.4673,9.2147,1350828660
1209,45.4674,9.215,1350751500
1209,45.4674,9.2151,1350590940
1209,45.4674,9.2151,1350582000
1209,45.4673,9.215,1350511200
1209,45.4674,9.215,1350331800
1209,45.4674,9.2151,1350062580
1209,45.4635,9.2124,1350061500
1209,45.4635,9.2124,1350061140
1209,45.4674,9.215,1350061020
1209,45.4674,9.215,1350060720
1209,45.4672,9.2148,1349990220
1209,45.4674,9.215,1349989980
1209,45.4672,9.2147,1349975340
1209,45.4675,9.2151,1349890680
1209,45.4675,9.2151,1349802180
1209,45.4674,9.2152,1349802180
1209,45.4675,9.2153,1349459100
1209,45.4675,9.2147,1349459100
1209,45.4674,9.2151,1349370180
1209,45.4675,9.2151,1349286660
1209,45.4674,9.2151,1349286420
1209,45.4674,9.215,1349284380
1209,45.4637,9.2132,1349165280
1209,45.4853,9.1959,1349039100
1209,45.4674,9.215,1349038800
1209,45.4726,9.1953,1349038200
1209,45.4672,9.2148,1348922940
1209,45.4674,9.2151,1348868040
1209,45.4675,9.2151,1348850820
1209,45.4674,9.2152,1348593060
1209,45.4674,9.2151,1348522560
1209,45.4464,9.2538,1348317180
1209,45.4462,9.2517,1348315620
1209,45.4674,9.2152,1348257360
1209,45.4674,9.2152,1348172640
1209,45.4673,9.2152,1348141380
1209,45.4674,9.2152,1347916200
1209,45.4674,9.2152,1347911640
1209,45.4674,9.215,1347810600
1209,45.4673,9.2151,1347810360
1209,45.4674,9.2151,1347655800
1209,45.4674,9.2152,1347651120
1209,45.4674,9.215,1347651000
1209,45.4674,9.2149,1347570240
1209,45.4675,9.2151,1347533580
1209,45.4675,9.2149,1347360120
1209,45.4675,9.2151,1347357360
1209,45.4674,9.2151,1347210000
1209,45.4674,9.2152,1347209820
1209,45.4674,9.2151,1347209700
1209,45.4675,9.2151,1347209340
1209,45.4675,9.2151,1347209160
1209,45.4674,9.2152,1347207480
1209,45.4673,9.2152,1346755500
1209,45.4674,9.2151,1346707140
1209,45.4674,9.2152,1346608740
1209,45.4674,9.2151,1346531040
1209,45.4674,9.2151,1346523480
1209,45.4674,9.215,1346521560
1209,45.4674,9.215,1346147880
1209,45.4674,9.2151,1346095560
1209,45.4674,9.2149,1346086560
1209,45.4674,9.215,1345997700
1209,45.4675,9.215,1345820940
1209,45.4674,9.215,1345819800
1209,45.4674,9.215,1345792740
1209,45.4674,9.215,1345745280
1209,45.4674,9.2151,1345678440
1209,45.522,9.2157,1345676940
1209,45.4674,9.2151,1345408560
1209,45.4675,9.2151,1345307760
1209,45.7992,6.9777,1345073040
1209,45.7992,6.9777,1345072920
1209,45.7992,6.9777,1345072860
1209,45.7992,6.9777,1345038840
1209,45.7992,6.9777,1345029720
1209,45.7992,6.9777,1345025340
1209,45.7992,6.9777,1345025220
1209,45.7992,6.9777,1345025040
1209,45.7992,6.9777,1344988560
1209,45.7992,6.9777,1344988560
1209,45.7992,6.9777,1344987720
1209,45.7992,6.9777,1344981780
1209,45.7992,6.9777,1344981480
1209,45.7992,6.9777,1344979680
1209,45.7992,6.9777,1344979620
1209,45.7907,6.9715,1344978480
1209,45.7992,6.9777,1344799560
1209,45.7992,6.9777,1344783300
1209,45.7907,6.9715,1344782400
1209,45.7907,6.9715,1344782340
1209,45.7907,6.9715,1344774300
1209,45.7803,7.8251,1344438000
1209,45.7794,7.8251,1344437760
1209,45.4673,9.2152,1344009120
1209,45.4673,9.2152,1344008100
1209,45.4674,9.215,1344003840
1209,45.4674,9.2151,1343916180
1209,45.4674,9.2149,1343905500
1209,45.4674,9.2152,1343904120
1209,45.4675,9.2154,1343861460
1209,45.4674,9.2151,1343844060
1209,45.4674,9.2149,1343806380
1209,45.4675,9.2151,1343671020
1209,45.4673,9.2147,1343346180
1209,45.4673,9.2149,1343345700
1209,45.4674,9.2152,1343334360
1209,45.4674,9.2152,1343333220
1209,45.4674,9.2151,1343200320
1209,45.4674,9.2151,1342985220
1209,45.4674,9.2151,1342985160
1209,45.4674,9.2151,1342985100
1209,45.4674,9.2151,1342985040
1209,45.4674,9.2151,1342699560
1209,45.4674,9.2151,1342692660
1209,45.4674,9.215,1342692360
1209,45.4674,9.2151,1342647780
1209,45.4674,9.2151,1342473600
1209,45.4672,9.2147,1342200360
1209,45.4674,9.215,1342104120
1209,45.4673,9.2152,1341870960
1209,45.4737,9.2032,1341867780
1209,45.4674,9.2151,1341615960
1209,45.4673,9.2149,1341438840
1209,45.4673,9.2149,1341437160
1209,45.4674,9.2151,1341430140
1209,45.4674,9.2151,1341338760
1209,45.4674,9.2151,1341338580
