1211,51.4832,0.006,1377467820
1211,51.4831,0.0061,1376604300
1211,51.4831,0.0062,1376255940
1211,51.5461,0.0847,1375698960
1211,51.4792,0.1357,1374335640
1211,51.4013,0.4068,1374326820
1211,51.4743,0.009,1374158700
1211,51.5167,0.1258,1373914500
1211,51.4832,0.006,1373718840
1211,51.4867,0.0063,1373113860
1211,51.4832,0.0062,1372937400
1211,51.4865,0.0365,1372930920
1211,51.5438,0.0082,1372765440
1211,51.4832,0.0063,1372759620
1211,51.4613,0.0078,1368476700
1211,51.5033,0.1192,1366531620
1211,51.4832,0.0063,1365963840
1211,51.4832,0.0062,1364734260
1211,51.4808,0.0077,1360752960
1211,51.4615,0.0103,1360080480
