1216,41.432,1.7823,1377261780
1216,41.4319,1.7825,1377189300
1216,41.4319,1.7825,1377122520
1216,41.432,1.7825,1377110400
1216,41.432,1.7825,1377071520
1216,41.432,1.7825,1377008340
1216,41.432,1.7825,1377000240
1216,41.432,1.7825,1376945880
1216,41.4319,1.7825,1376864760
1216,41.432,1.7825,1376859720
1216,41.428,1.7896,1376808060
1216,41.3841,2.1728,1375285920
1216,41.3565,2.1246,1374078420
1216,41.4319,1.7825,1374015660
1216,41.4312,1.7819,1374000480
1216,41.4319,1.7825,1373970900
1216,41.4319,1.7825,1373921280
1216,41.432,1.7824,1373843580
1216,41.4319,1.7825,1373809800
1216,41.432,1.7824,1373363700
1216,41.2085,1.6738,1373190540
1216,41.432,1.7825,1373152140
1216,41.432,1.7824,1373136780
1216,41.432,1.7825,1372932000
1216,41.3873,1.7522,1372720440
1216,41.4319,1.7824,1372121100
1216,41.4272,1.7851,1372101960
1216,41.2044,1.676,1371999360
1216,41.2044,1.676,1371997380
1216,41.2044,1.676,1371997320
1216,41.2321,1.8003,1371935160
1216,41.4272,1.7851,1371495300
1216,41.3886,2.1729,1367313840
1216,41.3873,1.7522,1366922400
1216,41.4272,1.7851,1366833600
1216,41.4272,1.7851,1366742520
1216,41.392,2.1645,1366719120
1216,41.3869,2.1699,1366715640
1216,41.4272,1.7851,1366578120
1216,41.3874,1.7523,1366546380
1216,41.3874,1.7523,1366487160
