1225,25.0659,77.4648,1377197760
1225,25.0761,77.4017,1376860080
1225,25.0659,77.4645,1376796360
1225,25.066,77.4646,1376785440
1225,25.066,77.4646,1376432940
1225,25.066,77.4651,1376250660
1225,25.0659,77.4647,1376155200
1225,25.0659,77.4648,1376067480
1225,25.066,77.4648,1375416060
1225,25.0661,77.4649,1374876600
1225,25.0659,77.4648,1374773520
1225,25.0661,77.4645,1374728640
1225,25.0658,77.4645,1374372000
1225,25.0659,77.4647,1374340380
1225,25.0752,77.3338,1373769960
1225,25.066,77.4647,1373744700
1225,25.0675,77.4312,1373492880
1225,25.0677,77.4318,1373489640
1225,25.068,77.4319,1373486220
1225,25.0509,77.3903,1373071260
1225,25.0508,77.3902,1373070840
1225,25.066,77.4648,1373030280
1225,25.0659,77.4645,1372996440
1225,25.0659,77.4646,1372900800
1225,25.0659,77.4644,1372888620
1225,25.0659,77.4648,1372713660
1225,25.066,77.4645,1372110960
1225,25.0661,77.4646,1372109100
1225,25.0661,77.4646,1372108800
1225,25.0838,77.3216,1372009020
1225,25.066,77.4646,1371925740
1225,25.066,77.4646,1371912720
1225,25.066,77.4646,1371911700
1225,25.0772,77.4068,1371831780
1225,25.0785,77.3492,1371696720
1225,25.0659,77.4648,1345164600
1225,25.0656,77.4656,1344836520
