124,51.2275,1.481,1377808980
124,51.2057,1.4775,1377531840
124,51.2272,1.4812,1376554560
124,50.9942,1.2797,1376256720
124,50.986,1.2842,1376256300
124,51.2275,1.481,1375109880
124,51.2274,1.481,1374698520
124,51.2275,1.481,1374187080
124,51.2275,1.481,1373978760
124,51.2275,1.4809,1373976480
124,51.2275,1.481,1373976240
124,51.2275,1.481,1373919600
124,51.2275,1.4809,1373793540
124,51.2275,1.481,1373749620
124,51.1118,1.6707,1373381340
124,51.2273,1.481,1373020680
124,51.2273,1.481,1372610340
124,51.2273,1.481,1372531980
124,51.2274,1.4809,1372428240
124,51.1118,1.6707,1372363200
124,51.2274,1.481,1372349160
124,51.2275,1.481,1372197180
124,51.2276,1.481,1372105200
124,51.2274,1.481,1371818520
124,51.2143,1.5237,1371378600
124,51.2142,1.5237,1371378600
124,51.2235,1.4898,1371199020
124,51.2235,1.4898,1371164160
124,51.2973,0.852,1371147120
124,51.2277,1.481,1370700180
124,51.2268,1.481,1370683620
124,51.2274,1.4811,1370351280
124,51.2273,1.4809,1369130460
124,51.2274,1.4809,1369086720
124,51.2275,1.481,1369086660
124,51.2273,1.481,1369083960
124,51.2274,1.481,1369041480
124,51.2274,1.4811,1368630300
124,51.2275,1.4812,1368177480
124,51.2273,1.481,1368103980
124,51.2275,1.481,1367867700
124,51.2275,1.4808,1367867520
124,51.2275,1.481,1367604720
124,51.2272,1.4808,1367419200
124,51.2273,1.4808,1367351520
124,51.2277,1.4807,1366631940
124,51.2274,1.4812,1366567080
124,51.2283,1.4837,1366147500
124,51.2272,1.4808,1366139220
124,51.1119,1.6706,1365629460
124,51.112,1.6705,1365629160
124,51.1118,1.6707,1364972940
124,51.2062,1.4812,1364972880
124,51.2061,1.4814,1364972880
124,51.2055,1.4772,1364149020
124,51.1119,1.6706,1363850460
124,51.2127,1.461,1363011000
124,51.1119,1.671,1361788920
124,51.1118,1.6707,1361440620
124,51.1119,1.6707,1361273760
124,51.1118,1.6707,1360707420
124,51.1118,1.6707,1360513800
124,51.2112,1.5145,1359497940
124,51.1829,1.4147,1358948460
124,51.112,1.6707,1358792400
124,51.1119,1.6706,1358716440
124,51.1143,1.7907,1358514420
124,51.1119,1.6706,1358383620
124,51.1118,1.6707,1357981440
124,51.112,1.6708,1357072440
124,51.2162,1.4852,1357063920
124,51.1118,1.6707,1356447480
124,51.1118,1.6707,1356441120
124,51.1118,1.6707,1356439920
124,51.2127,1.4598,1356399120
124,51.1118,1.6707,1356289260
124,51.1118,1.6707,1356131220
124,51.1116,1.6703,1356025920
124,51.2128,1.461,1355842080
124,51.1118,1.6706,1355301240
124,51.2127,1.461,1354745340
124,51.1118,1.6707,1354745220
124,51.1119,1.6706,1353922860
124,51.1122,1.671,1353890400
124,51.112,1.6707,1353890340
124,51.112,1.6707,1353890280
124,51.112,1.6707,1353229920
124,51.0932,1.6495,1352703600
124,51.112,1.6707,1351619160
124,51.112,1.6703,1351617480
124,51.0932,1.6495,1351368900
124,51.1119,1.6706,1351071000
124,51.1122,1.6738,1350763860
124,51.0932,1.6495,1350250440
124,51.1119,1.6706,1350237840
124,51.1119,1.6707,1350193680
124,51.1119,1.6706,1349897580
124,52.8259,1.3307,1348822380
124,51.1119,1.6706,1348754460
124,51.1118,1.6706,1348082820
124,51.1119,1.6706,1348041720
124,51.1119,1.6707,1347810660
124,51.1119,1.6707,1347775800
124,50.7547,2.0522,1347700740
124,51.1119,1.6706,1347487680
124,51.1119,1.6706,1347483120
124,51.1119,1.6706,1347483060
124,51.1143,1.4928,1347373680
124,51.1119,1.6707,1347373560
124,51.112,1.6708,1346612280
124,51.112,1.6708,1346612160
124,51.0932,1.6495,1346172900
124,51.1809,1.6792,1346098140
124,51.1264,1.7276,1346097900
124,51.0932,1.6495,1346097720
124,51.112,1.6705,1344846300
124,51.1119,1.6706,1344846180
124,51.112,1.6708,1344846120
124,51.1118,1.6707,1344846060
124,51.1119,1.6706,1344491880
124,51.1118,1.6707,1343667780
124,51.1119,1.6706,1343603700
124,51.1119,1.6706,1343590260
124,51.1118,1.6706,1343576040
124,51.112,1.6706,1343415900
124,51.1118,1.6707,1343415540
124,51.1118,1.6707,1343160240
124,51.1119,1.6706,1342983720
124,51.1119,1.6706,1342983720
124,51.112,1.6705,1342975800
124,51.1119,1.6706,1342896060
124,50.9783,1.9552,1342819380
124,51.112,1.6708,1342455420
124,51.1119,1.6706,1342213920
124,51.1035,1.6673,1342124340
124,51.1017,1.7095,1342124220
124,51.1113,1.673,1342111020
124,50.9713,1.9317,1342110960
124,51.112,1.6707,1342110900
124,51.1119,1.6706,1341943620
124,51.112,1.6707,1341690540
124,51.0875,1.7828,1341688320
124,51.0932,1.6495,1341687060
124,51.1012,1.6657,1341686760
124,51.1119,1.6706,1341673620
124,51.1119,1.6706,1341673080
124,51.1121,1.6724,1341526980
124,51.1119,1.6706,1341519720
124,51.1119,1.6707,1341243360
124,51.1118,1.671,1341235860
124,51.1121,1.6722,1341002340
124,51.1119,1.6706,1340657280
124,51.112,1.6707,1340227920
124,51.1118,1.6707,1340210100
124,51.112,1.6707,1340099580
124,51.1119,1.6707,1340025060
124,51.1147,1.7068,1339752720
124,51.1119,1.6707,1339625580
124,51.112,1.6707,1339519440
124,51.1118,1.6707,1339519380
124,51.112,1.6707,1339508160
124,51.1118,1.6707,1339507800
124,51.0932,1.6495,1339507560
124,51.1119,1.6707,1339356540
124,51.1119,1.6707,1339095420
124,51.112,1.6707,1339003620
124,51.112,1.6707,1338995280
124,51.1119,1.6707,1338993060
124,51.112,1.6707,1338990840
124,51.1117,1.6705,1338990780
124,51.1119,1.6707,1338990720
124,51.1119,1.6707,1338973980
124,51.1119,1.6706,1338404220
124,51.1119,1.6704,1338298680
124,51.112,1.6707,1338110880
124,51.1119,1.6707,1338067980
124,51.0932,1.6495,1338067920
124,51.1119,1.6707,1338067860
124,51.1118,1.6707,1338067860
124,51.112,1.6707,1338054480
124,51.112,1.6707,1338050760
124,51.0028,1.8935,1337769480
124,51.1118,1.6707,1337609460
124,51.0932,1.6495,1337548860
124,51.1119,1.6706,1337380860
124,51.1119,1.6706,1337275320
124,51.1118,1.6707,1337084040
124,51.1117,1.6917,1337077980
124,51.1118,1.6707,1337036880
124,51.1118,1.6707,1336593840
124,51.1119,1.6707,1336488660
124,51.0797,1.4223,1336484640
124,51.112,1.6707,1336430580
124,51.112,1.6707,1336430340
124,51.1119,1.6707,1336429980
124,51.1119,1.6707,1336429920
124,51.1119,1.6707,1336429260
124,51.112,1.6707,1336429140
124,51.1122,1.67,1336399500
124,51.112,1.6707,1336398420
124,51.1119,1.6707,1335802680
124,51.0932,1.6495,1335802620
124,51.112,1.6707,1335788700
124,51.112,1.6707,1335545160
124,51.1118,1.6707,1335470760
124,50.9688,2.0609,1335289980
124,51.1119,1.6707,1335043500
124,51.0932,1.6495,1335043380
124,53.4339,1.109,1334564340
124,51.112,1.6707,1334482380
124,50.9688,2.0609,1334256360
124,51.0875,1.7498,1334052540
124,51.1119,1.6707,1334042460
124,51.1118,1.6707,1333826760
124,51.1118,1.6706,1333620660
124,51.1119,1.6707,1333230540
124,51.1119,1.6707,1333229100
124,51.112,1.6706,1333102200
124,51.1119,1.6708,1333089720
124,51.1119,1.6705,1332775920
124,51.1119,1.6706,1332666180
124,51.112,1.6708,1332661020
124,51.112,1.6707,1332528900
124,51.0932,1.6495,1332521760
124,51.1119,1.6707,1332451320
124,51.1112,1.6734,1332269220
124,51.1119,1.6707,1332251760
124,51.112,1.6707,1332247740
124,51.0932,1.6495,1332178740
124,51.1017,1.7102,1332012900
124,51.1119,1.6707,1331835720
124,51.0932,1.6495,1331826000
124,51.1119,1.6705,1331567640
124,50.7193,1.8412,1331305080
124,50.8058,1.8125,1331305020
124,51.1118,1.6707,1331061540
124,51.0932,1.6495,1331060460
124,51.1118,1.6707,1330984920
124,51.112,1.6707,1330790520
124,51.112,1.6707,1330790520
124,50.894,1.4065,1330786020
124,50.911,1.4047,1330773060
124,50.9097,1.4044,1330772940
124,52.656,1.6398,1330721220
124,51.112,1.6707,1330335360
124,51.11,1.675,1330199880
124,51.0932,1.6495,1330197540
124,51.1119,1.6707,1330115700
124,51.1118,1.6706,1329951600
124,51.0932,1.6495,1329951420
124,51.1119,1.6707,1329936660
124,51.1119,1.6707,1329544680
124,51.1117,1.6708,1329418440
124,51.1118,1.6708,1329247440
124,51.1117,1.6708,1329222300
124,51.104,1.6775,1329175620
124,51.1075,1.699,1328992200
124,51.1082,1.6737,1328987880
124,51.104,1.6775,1328654520
124,51.1118,1.6706,1328396040
124,51.1118,1.6706,1328381040
124,51.1118,1.6706,1328349780
124,51.1117,1.6715,1328221380
124,51.6533,1.5769,1327965660
124,51.6533,1.5769,1327940040
124,51.6533,1.577,1327854060
124,51.655,1.5752,1327853940
124,51.6533,1.5769,1327693440
124,51.6549,1.5847,1327608000
124,51.6533,1.5768,1327585320
124,51.6532,1.5766,1327527780
124,51.6549,1.5847,1327527720
124,51.6535,1.5772,1327434960
124,51.5902,1.4272,1327400700
124,51.6533,1.577,1327365360
124,51.5775,1.729,1327347300
124,51.6549,1.5847,1327177920
124,51.6533,1.5768,1327092180
124,51.6533,1.5769,1327004940
124,51.6549,1.5847,1326990540
124,51.6533,1.5768,1326905880
124,51.6535,1.577,1326817920
124,51.6549,1.5847,1326745620
124,53.4307,1.098,1326672840
124,53.4339,1.109,1326637980
124,53.4339,1.109,1326496800
124,53.4308,1.0981,1326445440
124,53.4339,1.109,1326411060
124,53.4339,1.109,1326411000
124,53.4339,1.109,1326411000
124,52.1773,1.218,1326373200
124,51.6533,1.5769,1326328680
124,51.6815,1.5888,1326282120
124,51.6532,1.5769,1326147720
124,51.6533,1.5771,1326071400
124,51.6549,1.5847,1326054420
124,51.6531,1.5764,1326034920
124,51.6509,1.5775,1325957700
124,51.6182,2.0496,1325896380
124,51.6533,1.5768,1325895840
124,51.6549,1.5847,1325809200
124,51.6549,1.5847,1325794380
124,51.6549,1.5847,1325794080
124,51.6533,1.5769,1325794020
124,51.6532,1.577,1325641980
124,51.6533,1.577,1325530440
124,51.6533,1.577,1325098980
124,51.6533,1.577,1325024340
124,51.6534,1.5771,1324865340
124,51.6533,1.577,1324852140
124,51.6534,1.5769,1324848300
124,51.6549,1.5847,1324841400
124,51.6533,1.5768,1324839660
124,51.6533,1.5768,1324813320
124,51.6532,1.577,1324807260
124,51.6533,1.5769,1324775880
124,51.6549,1.5847,1324771800
124,51.6549,1.5847,1324753140
124,51.6533,1.5769,1324684380
124,51.6549,1.5847,1324658640
124,51.6549,1.5847,1324476960
124,51.6585,1.5848,1324476900
124,51.6549,1.5847,1324318020
124,51.6549,1.5847,1324236000
124,51.6533,1.577,1323959640
124,51.6096,1.7853,1323957780
124,51.6533,1.577,1323887460
124,51.6549,1.5847,1323877860
124,51.6205,1.6568,1323859440
124,51.6533,1.5768,1323788940
124,51.6533,1.5768,1323713280
124,51.6533,1.577,1323708360
124,51.6695,1.5885,1323690240
124,51.6533,1.577,1323636240
124,51.6549,1.5847,1323635700
124,51.6549,1.5847,1323565020
124,51.6533,1.5769,1323544920
124,51.6533,1.5772,1323462900
124,51.6533,1.577,1323442680
124,51.6533,1.577,1323366060
124,51.6533,1.577,1323197160
124,51.6533,1.577,1323197100
124,51.6533,1.5768,1323194760
124,51.6533,1.5768,1323169200
124,51.6533,1.577,1323102120
124,51.6533,1.577,1323099900
124,51.6533,1.5771,1323018720
124,51.6533,1.5768,1323013920
124,51.6533,1.5768,1322960040
124,51.6533,1.577,1322947080
124,51.6533,1.5772,1322945640
124,51.6533,1.5769,1322782440
124,51.6533,1.577,1322767800
124,51.6533,1.577,1322767620
124,51.6535,1.5772,1322697600
124,51.6536,1.5768,1322608020
124,51.6533,1.577,1322524680
124,51.6533,1.5772,1322524560
124,51.6535,1.577,1322515920
124,51.6533,1.577,1322508720
124,51.6533,1.5771,1322504940
124,51.6533,1.5771,1322504880
124,53.4309,1.0979,1322349540
124,53.4308,1.0981,1322349540
124,53.4308,1.098,1322349480
124,53.4307,1.0979,1322348940
124,51.653,1.5772,1322065860
124,51.6533,1.5772,1322065680
124,51.6532,1.577,1322009580
124,51.6533,1.577,1322009400
124,51.6549,1.5847,1321872960
124,51.6549,1.5847,1321824480
124,51.6532,1.5771,1321810080
124,51.6553,1.5762,1321809960
124,51.6531,1.5769,1321668960
124,51.6534,1.5768,1321648980
124,51.6533,1.5769,1321648920
124,51.6549,1.5847,1321638120
124,51.6534,1.5769,1321574400
124,51.6534,1.577,1321574340
124,51.6531,1.5769,1321574100
124,51.6533,1.5769,1321567020
124,51.6532,1.577,1321563720
124,51.6549,1.5847,1321558080
124,51.6535,1.5774,1321452360
124,51.6534,1.5771,1321452240
124,51.6533,1.5769,1321452120
124,51.6533,1.577,1321383060
124,51.6533,1.577,1321363680
124,51.6534,1.5769,1321305600
124,51.6533,1.577,1321305540
124,51.6611,1.5856,1321222680
124,52.0366,0.6903,1321190580
124,52.0405,0.3225,1320999960
124,52.0375,0.329,1320999540
124,51.5585,1.8132,1320583140
124,51.5742,1.833,1320583080
124,51.6549,1.5847,1320523080
124,51.6533,1.5772,1320522480
124,51.6533,1.577,1320520440
124,51.6533,1.577,1320493140
124,51.6533,1.5772,1320491340
124,51.6533,1.577,1320491100
124,51.6549,1.5847,1320443580
124,52.0086,0.3011,1320346740
124,52.0062,0.3236,1320335340
124,51.6549,1.5847,1319996940
124,51.6529,1.5739,1319996940
124,51.6533,1.577,1319984040
124,51.6549,1.5847,1319982540
124,51.6533,1.577,1319908920
124,52.0348,0.3484,1319750880
124,52.0349,0.3486,1319750460
124,52.035,0.3483,1319749440
124,52.0053,0.3032,1319646180
124,52.0054,0.3031,1319488380
124,51.5703,1.7535,1319455740
124,51.6549,1.5847,1319396760
124,52.0349,0.3483,1319219580
124,52.0053,0.3034,1319207280
124,52.0053,0.3034,1319060100
124,52.0367,0.327,1318951560
124,52.0064,0.3237,1318950060
124,52.0053,0.3033,1318948140
124,53.4312,1.0975,1318843680
124,53.431,1.0978,1318792320
124,53.4339,1.109,1318788840
124,53.431,1.0977,1318788780
124,52.005,0.3027,1318626660
124,52.0607,0.27,1318607280
124,52.0053,0.3034,1318530660
124,52.0053,0.3034,1318459800
124,52.0053,0.3034,1318455300
124,52.0054,0.303,1318434960
124,52.0879,0.2644,1318331880
124,52.0513,0.3063,1318248960
124,52.0535,0.3098,1318248600
124,52.0028,0.3018,1318235100
124,52.0053,0.3034,1318190040
124,51.6533,1.5771,1318109940
124,51.6533,1.5771,1318109340
124,51.6534,1.5771,1318097220
124,51.6549,1.5847,1318083480
124,52.0053,0.3034,1318002360
124,52.0053,0.3033,1317910560
124,52.0053,0.3033,1317909720
124,52.0053,0.3033,1317909660
124,52.5318,0.3208,1317668820
124,53.4354,1.1177,1317657420
124,53.4288,1.2105,1317643020
124,53.4339,1.109,1317641400
124,53.4354,1.1176,1317553740
124,53.4166,1.0877,1317553680
124,52.0107,0.2938,1317367740
124,52.0106,0.2942,1317322560
124,52.0827,0.2463,1317298620
124,52.0827,0.2463,1317298500
124,52.0106,0.2939,1317161580
124,52.0107,0.2938,1317159120
124,51.6533,1.5769,1317081060
124,51.6534,1.5772,1317080880
124,51.6534,1.5772,1317079980
124,51.6534,1.5772,1317079800
124,51.6533,1.5769,1317078720
124,51.6533,1.5769,1317078660
124,51.6533,1.5769,1317077820
124,51.6533,1.5769,1317077760
124,51.6533,1.5769,1317077700
124,51.6533,1.5769,1317077640
124,51.6534,1.5771,1317077100
124,51.6533,1.5771,1317049200
124,51.6533,1.577,1317046860
124,51.6533,1.577,1316963460
124,51.6533,1.577,1316959740
124,52.0107,0.2942,1316618760
124,51.6534,1.5769,1316019240
124,51.6533,1.577,1315954200
124,51.6549,1.5847,1315951320
124,52.0413,0.3133,1315487220
124,51.6533,1.5771,1314611940
124,52.0373,0.329,1314393300
124,52.0373,0.329,1314393060
124,52.0373,0.329,1314392940
124,52.0373,0.329,1312639080
124,52.0373,0.329,1312556220
124,52.0374,0.3291,1312270020
124,51.6532,1.5771,1312126800
124,51.6532,1.5771,1312126740
124,51.6532,1.5771,1312126680
124,51.6532,1.5771,1312126620
124,51.6534,1.5772,1312126320
124,51.6549,1.5847,1312125180
124,51.6523,1.5782,1311078000
124,51.6534,1.5771,1311075240
124,51.6533,1.577,1310927400
124,51.6533,1.5771,1310895840
124,52.0373,0.3292,1310592540
124,52.0373,0.3291,1310403120
124,52.0373,0.3291,1310403000
124,52.0373,0.3291,1310330760
124,52.0373,0.329,1309849080
124,52.0373,0.3291,1309213320
124,52.0373,0.3291,1309183440
124,52.0373,0.3291,1309183440
124,52.0214,0.2214,1309032900
124,52.0356,0.3308,1308596640
124,52.0099,0.2585,1308492180
124,52.0367,0.3342,1308255360
124,52.0367,0.3342,1308255120
124,52.0367,0.3342,1308255060
124,52.0367,0.3342,1308255000
124,52.0367,0.3342,1308254940
124,52.0376,0.3335,1308254820
124,52.0367,0.334,1308254760
124,52.0367,0.3342,1308254700
124,52.0393,0.3227,1307806620
124,52.0393,0.3227,1307806500
124,52.0357,0.3274,1307734320
124,52.0373,0.329,1307316120
124,52.0373,0.3291,1307224980
124,52.0385,0.3087,1307217720
124,52.0366,0.3339,1307045160
124,52.0373,0.3291,1306880040
124,51.6532,1.5771,1306762500
124,51.6532,1.5771,1306762020
124,51.6532,1.5771,1306761900
124,51.6532,1.5771,1306761660
