1240,3.1669,101.6132,1377777960
1240,3.1669,101.6132,1377600780
1240,3.1669,101.6132,1377600120
1240,3.9999,101.0192,1375885500
1240,3.1575,101.6127,1374986520
1240,3.1874,101.7689,1371512100
1240,3.1874,101.7689,1371511860
1240,3.1571,101.6096,1370870460
1240,3.1671,101.6133,1370256660
1240,3.1671,101.6133,1370256540
1240,3.1675,101.613,1370254740
1240,3.1203,101.6222,1370099400
1240,3.1596,101.6964,1370070120
1240,3.1596,101.6964,1370064240
1240,3.1596,101.6964,1370063280
1240,3.1669,101.6132,1369880700
1240,3.1543,101.6225,1369231500
1240,3.1543,101.6225,1369229580
1240,3.181,101.7666,1368855180
1240,3.181,101.7666,1368854940
1240,3.1669,101.6132,1368771240
1240,3.9999,101.0192,1368334440
1240,3.2012,101.5862,1368269160
1240,3.1455,101.6992,1368204960
1240,3.1874,101.7689,1368124020
1240,3.1671,101.6133,1368079740
1240,3.1874,101.7689,1367825760
1240,3.9995,101.0174,1367723640
1240,4.0013,101.0187,1367611980
1240,3.9999,101.0192,1367047620
1240,3.1671,101.6133,1366370460
1240,3.1671,101.6133,1366369860
1240,3.2074,101.7186,1365920580
1240,3.1919,101.7712,1365517260
1240,3.1609,101.7591,1363394820
1240,3.1671,101.6133,1363335120
1240,3.1671,101.6133,1363327620
1240,3.1671,101.6133,1363097700
1240,3.1671,101.6133,1362981720
1240,3.1671,101.6133,1362981240
1240,3.1949,101.6937,1362929580
1240,3.1949,101.6937,1362925620
1240,3.1949,101.6937,1362925140
1240,3.1118,101.5528,1362896220
1240,3.2,101.717,1362853380
1240,3.181,101.7666,1362319860
1240,3.1918,101.7707,1362161340
1240,3.1875,101.7689,1361985960
1240,3.1607,101.7585,1361970540
1240,3.181,101.7666,1361166660
1240,3.181,101.7666,1361111160
1240,4.0007,101.0183,1361025120
1240,4.0255,101.0226,1361005860
1240,4.0255,101.0226,1361005380
1240,3.9999,101.0192,1360987920
1240,3.9999,101.0192,1360939380
1240,4.5073,101.408,1360920360
1240,4.5073,101.408,1360919580
1240,4.5243,101.3819,1360918740
1240,4.5243,101.3819,1360918620
1240,4.5185,101.3829,1360916400
1240,3.9999,101.0192,1360852920
1240,3.1874,101.7689,1360677960
1240,3.181,101.7666,1360675440
1240,3.1874,101.7689,1360667220
1240,2.9235,101.6826,1360592160
1240,3.1261,101.7871,1360582080
1240,3.1988,101.7418,1360572360
1240,3.1498,101.6837,1360490100
1240,3.1498,101.6837,1360489560
1240,3.1498,101.6837,1360488180
1240,3.181,101.7666,1360481940
1240,3.1874,101.7687,1360480680
1240,3.2,101.717,1360335660
1240,3.2,101.717,1360334820
1240,3.0917,101.4307,1360285020
1240,3.0914,101.4324,1360244700
1240,3.9999,101.0192,1359999540
1240,2.2372,102.3042,1359259860
1240,2.6839,101.9405,1359247560
1240,2.7222,101.9425,1359189540
1240,3.9999,101.0192,1359119160
1240,3.9999,101.0192,1359118860
1240,3.181,101.7666,1358951340
1240,2.9501,101.3077,1358912820
1240,4.0174,101.0271,1358672340
1240,3.9999,101.0192,1358429100
1240,3.1774,101.7503,1358159580
1240,3.159,101.7201,1358157780
1240,3.1455,101.6993,1358152080
1240,3.1575,101.6127,1358082180
1240,3.1455,101.6992,1358066520
1240,4.5658,101.129,1357975260
1240,4.0013,101.0185,1357890000
1240,4.0024,101.0128,1357793280
1240,4.0206,101.0225,1357720080
1240,4.0218,101.0238,1357691400
1240,4.0024,101.0128,1357622580
1240,4.0024,101.0127,1357558020
1240,3.9999,101.0192,1357464720
1240,3.7118,101.7363,1357357680
1240,3.7118,101.7363,1357357200
1240,3.7121,101.7363,1357357020
1240,3.7147,101.7341,1357343460
1240,3.4246,101.7948,1357314780
1240,4.0218,101.0238,1357259100
1240,3.9999,101.0192,1357191840
1240,4.0014,101.0187,1357121940
1240,4.0218,101.0238,1356914760
1240,4.0014,101.0186,1356677640
1240,4.0002,101.017,1356672300
1240,3.9999,101.0192,1356580860
1240,4.499,101.152,1356411060
1240,2.6839,101.9405,1356345600
1240,2.6839,101.9405,1356345240
1240,4.4744,101.0877,1356248880
1240,3.9677,100.9738,1356216900
1240,2.6838,101.9519,1356185040
1240,4.0015,101.0188,1356144900
1240,4.0015,101.0187,1356081360
1240,3.9999,101.0192,1355997180
1240,4.0218,101.0238,1355964060
1240,4.0008,101.0184,1355924820
1240,3.9999,101.0192,1355818740
1240,4.0159,101.0226,1355818020
1240,4.0218,101.0238,1355789820
1240,4.0013,101.0186,1355628600
1240,4.0218,101.0238,1355568600
1240,4.0218,101.0238,1355568420
1240,3.9999,101.0192,1355449140
1240,4.0203,101.0196,1355446680
1240,4.0218,101.0238,1355443200
1240,4.0013,101.0185,1355372760
1240,3.9999,101.0192,1355286420
1240,4.0218,101.0238,1355189820
1240,4.0015,101.0186,1355135580
1240,2.4158,101.8567,1354958700
1240,2.418,101.8618,1354955160
1240,2.4158,101.8567,1354954800
1240,2.6839,101.9405,1354928040
1240,2.7115,101.9152,1354895280
1240,3.1338,101.6041,1354876500
1240,4.0218,101.0238,1354789860
1240,3.9999,101.0192,1354756140
1240,4.0218,101.0238,1354704480
1240,3.9999,101.0192,1354668240
1240,4.0014,101.0186,1354629780
1240,4.0021,101.0168,1354613700
1240,4.0014,101.0187,1354613280
1240,4.0218,101.0238,1354492860
1240,4.3064,100.5777,1354422660
1240,3.9999,101.0192,1354298820
1240,3.2048,101.701,1354255920
1240,3.2127,101.7093,1354255500
1240,3.1259,101.6163,1354251780
1240,3.6503,101.5273,1354245960
1240,4.0013,101.0186,1354191960
1240,4.0218,101.0238,1354147800
1240,4.0218,101.0238,1354065720
1240,3.9999,101.0192,1354019040
1240,4.2358,100.6358,1353912300
1240,4.3064,100.5777,1353903000
1240,4.3064,100.5777,1353742800
1240,4.1892,100.6078,1353742680
1240,4.1841,100.6951,1353742500
1240,3.9677,100.9738,1353742440
1240,3.6813,101.5195,1353561840
1240,4.0195,101.0256,1353551940
1240,3.9999,101.0192,1353486300
1240,4.0042,101.0162,1353478980
1240,3.1069,101.4413,1353457620
1240,2.9235,101.6826,1353255420
1240,2.8968,101.6792,1353255180
1240,3.0998,101.5981,1353212820
1240,3.1084,101.4611,1353208980
1240,3.109,101.4593,1353204840
1240,3.0914,101.4325,1353079680
1240,3.105,101.5962,1353072780
1240,3.1297,101.6718,1352973960
1240,4.0013,101.0187,1352941140
1240,3.9999,101.0192,1352856900
1240,4.0014,101.0186,1352772240
1240,4.0013,101.0187,1352769600
1240,4.0225,101.024,1352768340
1240,4.0218,101.0238,1352765520
1240,3.9999,101.0192,1352594100
1240,3.9999,101.0192,1352540820
1240,4.0006,101.0185,1352426340
1240,4.0218,101.0238,1352422380
1240,4.0218,101.0238,1352422080
1240,3.9999,101.0192,1352285040
1240,3.9999,101.0192,1352255580
1240,4.0218,101.0238,1352248140
1240,3.9999,101.0192,1352113740
1240,3.9891,101.0129,1352024340
1240,3.9999,101.0192,1351996380
1240,3.0822,101.6073,1351864260
1240,3.0822,101.6073,1351860480
1240,4.0013,101.0185,1351693680
1240,4.3602,100.9558,1351675680
1240,4.3648,100.9789,1351663920
1240,4.3648,100.9789,1351663500
1240,4.3601,100.9557,1351659540
1240,4.0011,101.0183,1351608600
1240,3.9999,101.0192,1351560060
1240,3.9999,101.0192,1351513380
1240,3.9999,101.0192,1351409520
1240,4.0013,101.0186,1351341540
1240,3.425,101.1772,1351340100
1240,4.0013,101.0186,1351167780
1240,4.0016,101.0184,1351162620
1240,4.0074,101.0389,1351155120
1240,4.001,101.0185,1350913080
1240,4.3604,100.9558,1350881340
1240,4.0039,101.0202,1350799200
1240,3.9999,101.0192,1350779400
1240,4.0013,101.0187,1350774960
1240,4.0014,101.0186,1350743100
1240,4.0296,101.0429,1350708600
1240,3.9999,101.0192,1350693540
1240,4.0799,100.9371,1350562500
1240,4.3577,100.9695,1350537420
1240,4.3604,100.9559,1350534420
1240,4.3603,100.9556,1350530220
1240,4.3577,100.9695,1350522840
1240,4.3617,100.9404,1350522660
1240,4.3603,100.9557,1350458160
1240,4.3603,100.9557,1350437520
1240,4.3604,100.9559,1350436800
1240,4.0012,101.0186,1350392580
1240,4.3602,100.9558,1350281820
1240,4.3602,100.9558,1350281280
1240,4.3604,100.9559,1350277080
1240,3.9999,101.0192,1350199680
1240,4.0013,101.0185,1350138120
1240,4.3602,100.9558,1350106440
1240,4.0086,101.0367,1350096900
1240,4.025,101.0178,1350093480
1240,4.0013,101.0186,1350080640
1240,4.3617,100.9404,1349968560
1240,3.6845,101.5182,1349933400
1240,3.6952,101.5158,1349933280
1240,4.0255,101.0194,1349915340
1240,4.0255,101.0194,1349912280
1240,4.3631,100.9484,1349868000
1240,4.1837,100.94,1349826660
1240,3.8414,101.2943,1349703960
1240,4.0163,101.0446,1349607600
1240,4.0014,101.0186,1349586180
1240,3.9999,101.0192,1349488800
1240,4.0041,101.0206,1349445180
1240,4.3603,100.9557,1349444280
1240,4.3605,100.9565,1349443440
1240,4.3638,100.977,1349090820
1240,4.0013,101.0185,1349089740
1240,4.0013,101.0188,1349006700
1240,4.0019,101.0186,1348925160
1240,4.1836,100.931,1348888620
1240,4.3603,100.9557,1348798620
1240,4.3602,100.9558,1348725600
1240,4.3602,100.9558,1348725420
1240,4.3602,100.9558,1348725300
1240,4.3604,100.9559,1348632120
1240,4.3602,100.9558,1348566120
1240,4.3602,100.9558,1348552560
1240,4.3602,100.9558,1348545840
1240,3.14,101.6936,1348391580
1240,3.14,101.6936,1348391280
1240,3.1397,101.6936,1348390980
1240,3.1407,101.6915,1348388760
1240,3.1418,101.6917,1348388580
1240,3.3288,101.2587,1348374540
1240,3.104,101.5932,1348309440
1240,3.4233,101.7925,1348293000
1240,3.4233,101.7925,1348291740
1240,3.4233,101.7925,1348287900
1240,3.4233,101.7925,1348287360
1240,3.4233,101.7925,1348286160
1240,3.408,101.7645,1348284960
1240,3.408,101.7645,1348284480
1240,4.3588,100.9566,1348189680
1240,3.9999,101.0192,1348143360
1240,4.3598,100.9826,1348120680
1240,4.3598,100.9822,1348120440
1240,4.3603,100.9559,1348113360
1240,4.3602,100.9558,1348110840
1240,4.3832,100.9795,1348048080
1240,4.3603,100.9563,1348033440
1240,3.9999,101.0192,1347969300
1240,4.3602,100.9552,1347929940
1240,3.1867,101.6284,1347816360
1240,3.1867,101.6284,1347787920
1240,3.1045,101.6473,1347787680
1240,3.9883,100.7838,1347757920
1240,3.1075,101.592,1347756840
1240,4.1303,103.3997,1347732600
1240,4.3832,100.9795,1347635640
1240,4.0799,100.9371,1347622140
1240,4.3576,100.9571,1347620400
1240,4.3807,100.9798,1347619380
1240,4.3832,100.9795,1347619020
1240,4.358,100.9693,1347521520
1240,4.3832,100.9795,1347455400
1240,4.3832,100.9795,1347448560
1240,4.3641,100.9778,1347437640
1240,4.3603,100.9557,1347419820
1240,4.0013,101.0187,1347379440
1240,4.5911,101.0924,1347371100
1240,4.5911,101.0924,1347370920
1240,4.5911,101.0924,1347369660
1240,4.5911,101.0924,1347369300
1240,4.5911,101.0924,1347369000
1240,4.3603,100.9557,1347347040
1240,4.3598,100.9685,1347342000
1240,4.3604,100.9559,1347273600
1240,6.021,102.4205,1347241620
1240,3.0917,101.4307,1347147780
1240,3.1033,101.4442,1347101520
1240,2.9977,101.5677,1347084300
1240,4.004,101.0196,1347064560
1240,4.3533,100.889,1347030120
1240,4.3832,100.9795,1347015120
1240,4.3832,100.9795,1347015000
1240,4.3832,100.9795,1347013920
1240,3.7058,103.3362,1346996520
1240,4.3563,100.9527,1346980920
1240,4.0013,101.0186,1346942880
1240,4.3602,100.9562,1346898180
1240,4.3602,100.9563,1346728680
1240,4.0013,101.0186,1346689920
1240,4.0013,101.0184,1346688720
1240,4.0218,101.0238,1346677800
1240,4.3603,100.9559,1346650560
1240,4.0013,101.0186,1346625480
1240,4.67,101.0749,1346572260
1240,4.565,101.1296,1346554140
1240,4.565,101.1295,1346505000
1240,4.5663,101.1292,1346462220
1240,4.0014,101.0186,1346417220
1240,49.1962,18.7418,1346380320
1240,4.0013,101.0186,1346374260
1240,4.0013,101.0186,1346342220
1240,3.9891,101.0129,1346330220
1240,4.3638,100.977,1346304720
1240,4.0028,101.0196,1346255700
1240,4.0013,101.0186,1346249160
1240,3.9999,101.0192,1346239860
1240,3.9999,101.0192,1346239740
1240,4.5456,101.0711,1346048160
1240,3.8931,100.9375,1345899300
1240,3.0652,101.4989,1345899120
1240,4.6857,101.0278,1345887300
1240,5.2272,100.4854,1345882440
1240,4.0025,101.019,1345816620
1240,4.0175,101.0274,1345812600
1240,4.0175,101.0274,1345812540
1240,4.0175,101.0274,1345812480
1240,4.0175,101.0274,1345812240
1240,4.0218,101.0238,1345770960
1240,4.0218,101.0238,1345769820
1240,4.0218,101.0238,1345769460
1240,4.0014,101.0186,1345737840
1240,3.1101,101.4581,1345631160
1240,3.0042,101.4021,1345625400
1240,3.728,100.9711,1345609560
1240,4.0013,101.0187,1345572240
1240,4.0012,101.0187,1345474020
1240,3.9999,101.0192,1345464180
1240,4.0012,101.0186,1345445760
1240,3.9999,101.0192,1345425120
1240,4.0218,101.0238,1345422900
1240,4.0219,101.0252,1345421940
1240,4.0218,101.0238,1345421520
1240,3.9891,101.0129,1345386000
1240,3.9829,100.7831,1345372320
1240,3.9906,100.7864,1345356240
1240,3.9906,100.7864,1345356060
1240,3.9999,101.0192,1345343580
1240,3.9999,101.0192,1345332000
1240,4.0013,101.0186,1345294440
1240,3.9999,101.0192,1345268280
1240,3.9999,101.0192,1345258020
1240,4.0002,101.017,1345219260
1240,3.9999,101.0192,1345217220
1240,4.0174,101.0274,1345198740
1240,4.0192,101.02,1345187820
1240,4.3603,100.9559,1344842460
1240,3.9999,101.0192,1344638040
1240,4.0037,101.02,1344552420
1240,3.9999,101.0192,1344511740
1240,4.36,100.9565,1344302940
1240,4.3602,100.9558,1344301080
1240,3.9999,101.0192,1344176640
1240,4.0013,101.0186,1344168120
1240,4.0014,101.0186,1344153480
1240,4.0012,101.0184,1344118440
1240,3.9999,101.0192,1344088380
1240,3.9999,101.0192,1343994240
1240,4.0013,101.0186,1343979420
1240,4.0015,101.0187,1343923320
1240,3.9999,101.0192,1343912820
1240,4.3563,100.9546,1343899320
1240,4.3563,100.9546,1343899200
1240,4.3563,100.9546,1343899080
1240,4.3563,100.9546,1343898780
1240,3.9999,101.0192,1343746320
1240,4.3617,100.9404,1343712840
1240,3.9999,101.0192,1343648220
1240,3.0822,101.6073,1343558820
1240,3.0822,101.6073,1343474760
1240,3.0822,101.6073,1343474460
1240,3.0556,101.5262,1343449140
1240,4.3602,100.9558,1343374680
1240,4.6134,101.1184,1343362380
1240,4.0013,101.0186,1343231160
1240,4.0226,101.0195,1343230380
1240,4.0996,101.0455,1343205960
1240,3.9999,101.0192,1343129220
1240,4.0013,101.0185,1343042940
1240,3.9999,101.0192,1342957080
1240,4.0012,101.0185,1342925040
1240,3.0817,101.5827,1342856160
1240,3.0817,101.5827,1342855980
1240,3.0817,101.5827,1342855920
1240,4.0014,101.0186,1342855680
1240,3.9999,101.0192,1342785060
1240,4.3602,100.9558,1342752960
1240,3.1431,101.6883,1342615680
1240,4.0013,101.0187,1342540860
1240,3.9999,101.0192,1342359420
1240,3.6897,101.5242,1342336560
1240,3.07,101.6071,1342313520
1240,3.1431,101.6883,1342313220
1240,3.1431,101.6883,1342313160
1240,3.1431,101.6883,1342313040
1240,3.1503,101.6005,1342238220
1240,3.4245,101.5535,1342235520
1240,4.3602,100.9558,1342148160
1240,4.0014,101.0186,1342102560
1240,4.0013,101.0186,1342102320
1240,4.3602,100.9558,1342069680
1240,3.9999,101.0192,1342013340
1240,4.2115,100.5553,1342012740
1240,4.3641,100.9778,1341900060
1240,4.0013,101.0186,1341853920
1240,4.0013,101.0186,1341853620
1240,4.0013,101.0186,1341853440
1240,4.0014,101.0186,1341851400
1240,4.0013,101.0187,1341850980
1240,4.3502,100.8821,1341816780
1240,3.6935,101.5192,1341742860
1240,3.711,101.493,1341742500
1240,4.0037,101.0353,1341738360
1240,4.3064,100.5777,1341721440
1240,4.3064,100.5777,1341720840
1240,4.3064,100.5777,1341720480
1240,4.0013,101.0187,1341714000
1240,4.0013,101.0187,1341713640
1240,4.4744,101.0877,1341711900
1240,4.4744,101.0877,1341711720
1240,4.4744,101.0877,1341710040
1240,4.0013,101.0187,1341708420
1240,4.4744,101.0877,1341707100
1240,4.4744,101.0877,1341706200
1240,4.4744,101.0877,1341705300
1240,4.001,101.0189,1341701760
1240,4.5173,101.0867,1341643800
1240,3.9999,101.0192,1341616440
1240,4.3571,100.955,1341457860
1240,4.3603,100.9555,1341449100
1240,4.3502,100.8821,1341328740
1240,4.0012,101.0188,1341242460
1240,3.9999,101.0192,1341233160
1240,4.0163,101.0446,1341190200
1240,3.122,101.719,1341123060
1240,3.122,101.719,1341123000
1240,3.122,101.719,1341122880
1240,3.0802,101.5689,1341111900
1240,3.9999,101.0192,1340972340
1240,4.0163,101.0446,1340946900
1240,3.9999,101.0192,1340899260
1240,4.3568,100.9572,1340880360
1240,4.3576,100.9571,1340876100
1240,4.3631,100.9484,1340689620
1240,4.3602,100.9558,1340606880
1240,4.3602,100.9558,1340606760
1240,4.3602,100.9558,1340606520
1240,4.0139,101.022,1340532180
1240,3.9999,101.0192,1340460840
1240,4.026,101.0188,1340460300
1240,4.3617,100.9425,1340371920
1240,4.3659,100.9795,1340340480
1240,4.0163,101.0446,1340321400
1240,4.0014,101.0185,1340196660
1240,3.9999,101.0192,1340115240
1240,3.9999,101.0192,1339932060
1240,3.9999,101.0192,1339931940
1240,3.7443,101.4561,1339915560
1240,3.6815,101.5201,1339889820
1240,3.723,101.5182,1339849620
1240,2.9281,101.6841,1339776120
1240,2.9281,101.6841,1339776060
1240,2.9281,101.6841,1339774260
1240,2.9156,101.6509,1339772640
1240,4.3602,100.9558,1339772280
1240,4.3648,100.9789,1339744560
1240,4.3648,100.9789,1339744320
1240,3.9999,101.0192,1339675560
1240,4.3129,100.9107,1339631940
1240,3.9999,101.0192,1339606800
1240,5.2464,103.1864,1339597140
1240,4.1834,100.9407,1339544160
1240,3.9677,100.9738,1339520340
1240,3.9677,100.9738,1339506840
1240,3.9677,100.9738,1339506660
1240,3.9677,100.9738,1339506060
1240,3.9677,100.9738,1339505340
1240,3.9677,100.9738,1339504860
1240,6.0173,102.4162,1339480560
1240,4.0013,101.0186,1339479120
1240,4.0013,101.0185,1339472700
1240,4.0012,101.0185,1339426320
1240,2.6937,101.9291,1339419600
1240,4.0013,101.0187,1339331400
1240,3.9999,101.0192,1339325640
1240,3.7228,100.9717,1339320720
1240,3.1347,101.4155,1339297320
1240,2.9528,101.5867,1339239900
1240,2.46,102.6862,1339230900
1240,2.4716,102.8112,1339223940
1240,2.4716,102.8112,1339223220
1240,2.4716,102.8112,1339223040
1240,2.4716,102.8112,1339222680
1240,2.6204,102.0621,1339212600
1240,2.798,101.8114,1339166580
1240,3.0144,101.5802,1339164900
1240,3.0917,101.4307,1339154100
1240,3.0913,101.4325,1339152420
1240,3.0853,101.4351,1339114560
1240,3.0917,101.4307,1339112820
1240,4.0159,101.0226,1339035360
1240,3.9999,101.0192,1339028100
1240,4.8101,103.4233,1338988980
1240,4.0012,101.0186,1338988380
1240,6.0173,102.4162,1338986880
1240,6.0173,102.4162,1338986520
1240,6.0173,102.4162,1338986400
1240,5.131,103.2477,1338904620
1240,4.8101,103.4233,1338904380
1240,4.8101,103.4233,1338904260
1240,4.8119,103.4231,1338904080
1240,4.8101,103.4233,1338903840
1240,4.8101,103.4233,1338903540
1240,4.8101,103.4233,1338903360
1240,4.8101,103.4233,1338903000
1240,4.8218,103.417,1338863940
1240,4.8218,103.417,1338863820
1240,4.8747,103.3867,1338863640
1240,4.8747,103.3867,1338863460
1240,5.0361,103.2907,1338863400
1240,5.0361,103.2907,1338863160
1240,5.2464,103.1864,1338852420
1240,5.2464,103.1864,1338852120
1240,5.2464,103.1864,1338852000
1240,5.2464,103.1864,1338851220
1240,5.2464,103.1864,1338851100
1240,5.2464,103.1864,1338850800
1240,5.2464,103.1864,1338850680
1240,5.2464,103.1864,1338850560
1240,5.2464,103.1864,1338849780
1240,5.5469,102.1996,1338821160
1240,5.547,102.1997,1338809100
1240,5.6028,102.1917,1338806880
1240,5.6113,102.1922,1338806820
1240,6.0204,102.4205,1338801300
1240,6.0173,102.4162,1338800520
1240,6.0173,102.4162,1338800040
1240,6.0173,102.4162,1338799320
1240,6.0173,102.4162,1338799140
1240,6.0173,102.4162,1338799080
1240,6.1263,102.236,1338793200
1240,6.1325,102.2389,1338790140
1240,5.7485,102.213,1338783420
1240,5.6741,102.2115,1338782760
1240,5.6126,102.1882,1338782460
1240,5.5468,102.2005,1338778440
1240,5.5446,102.2004,1338774420
1240,5.5397,102.2018,1338725940
1240,5.5397,102.2018,1338724920
1240,5.5397,102.2018,1338724860
1240,5.5402,102.2015,1338724680
1240,5.3395,101.975,1338724260
1240,5.3395,101.975,1338723840
1240,5.3522,102.029,1338723660
1240,5.3535,102.037,1338723540
1240,5.3612,102.0545,1338723360
1240,5.4213,102.2535,1338703680
1240,5.4947,102.2225,1338703020
1240,5.5285,102.2098,1338702780
1240,3.725,102.9225,1338693960
1240,3.5127,102.4399,1338693840
1240,3.3336,101.7607,1338693480
1240,3.2411,101.7162,1338693300
1240,3.1685,101.6006,1338693240
1240,3.4727,101.5366,1338693000
1240,3.9906,101.0612,1338605880
1240,4.0031,101.0394,1338605700
1240,4.0013,101.0186,1338567420
1240,3.9526,103.3834,1338555600
1240,4.0013,101.0186,1338551160
1240,4.0013,101.0186,1338551100
1240,4.0012,101.0187,1338551040
1240,4.0013,101.0187,1338550980
1240,4.0081,101.0379,1338538740
1240,4.0996,101.0455,1338513420
1240,4.0013,101.0186,1338509280
1240,4.0013,101.0186,1338465900
1240,4.0159,101.0226,1338457560
1240,4.5875,101.3438,1338379860
1240,4.5451,101.4212,1338376980
1240,4.5451,101.4212,1338376860
1240,4.5451,101.4212,1338376740
1240,4.5451,101.4212,1338366360
1240,4.4708,101.3829,1338358920
1240,4.4708,101.3829,1338357120
1240,4.5115,101.4278,1338357000
1240,4.5115,101.4278,1338356940
1240,4.5115,101.4278,1338356880
1240,4.5115,101.4278,1338356640
1240,4.5115,101.4278,1338356520
1240,4.5115,101.4278,1338356400
1240,4.5115,101.4278,1338356220
1240,4.5115,101.4278,1338356160
1240,4.5115,101.4278,1338355860
1240,4.5115,101.4278,1338354960
1240,4.5875,101.3438,1338352980
1240,4.5875,101.3438,1338352680
1240,4.5282,101.1304,1338348120
1240,4.5658,101.129,1338337200
1240,4.5658,101.129,1338337080
1240,4.5658,101.129,1338336840
1240,4.565,101.1295,1338335220
1240,4.3576,100.9571,1338305520
1240,3.9497,103.3842,1338304920
1240,3.9526,103.3834,1338304500
1240,4.0013,101.0186,1338280980
1240,4.0013,101.0186,1338274680
1240,3.6037,101.0636,1338180780
1240,3.9999,101.0192,1338171000
1240,3.9999,101.0192,1338170520
1240,3.9819,100.7871,1338039060
1240,3.9799,100.7869,1338031740
1240,3.9545,103.1916,1338015480
1240,3.9545,103.1916,1338015420
1240,4.0013,101.0186,1337974680
1240,3.9999,101.0192,1337923080
1240,3.9999,101.0192,1337904060
1240,3.8193,103.3257,1337862540
1240,3.4431,102.0269,1337861520
1240,3.8127,103.3719,1337835180
1240,3.8127,103.3719,1337834940
1240,3.8127,103.3719,1337834820
1240,3.8127,103.3719,1337834760
1240,3.6917,103.3403,1337817180
1240,3.6917,103.3403,1337817120
1240,3.6917,103.3403,1337815440
1240,3.6917,103.3403,1337815260
1240,3.6917,103.3403,1337814780
1240,3.6917,103.3403,1337814420
1240,3.6917,103.3403,1337814000
1240,3.6917,103.3403,1337813640
1240,3.6917,103.3403,1337813100
1240,3.6917,103.3403,1337812380
1240,3.6917,103.3403,1337812020
1240,3.9545,103.1916,1337770140
1240,3.9526,103.3834,1337745780
1240,3.9526,103.3834,1337745480
1240,3.9526,103.3834,1337745420
1240,3.7901,103.1439,1337745000
1240,3.7901,103.1439,1337744880
1240,3.7901,103.1439,1337744580
1240,3.8062,103.3345,1337691540
1240,3.6917,103.3403,1337685600
1240,3.6917,103.3403,1337685540
1240,3.9526,103.3834,1337682660
1240,3.9526,103.3834,1337682480
1240,3.9526,103.3834,1337682300
1240,3.9526,103.3834,1337681940
1240,3.9526,103.3834,1337681520
1240,3.9526,103.3834,1337675400
1240,3.9526,103.3834,1337674800
1240,3.9526,103.3834,1337674680
1240,3.9526,103.3834,1337674560
1240,3.9526,103.3834,1337674380
1240,3.7901,103.1439,1337590800
1240,3.7901,103.1439,1337587740
1240,3.7901,103.1439,1337587680
1240,3.7901,103.1439,1337587320
1240,3.7901,103.1439,1337587140
1240,3.7901,103.1439,1337586840
1240,3.7901,103.1439,1337586780
1240,3.7901,103.1439,1337586420
1240,3.7901,103.1439,1337586240
1240,4.1262,103.3961,1337569380
1240,4.2995,101.6877,1337549940
1240,4.1262,103.3961,1337548620
1240,4.1236,103.3818,1337529900
1240,4.1262,103.3961,1337529660
1240,4.1262,103.3961,1337529240
1240,4.1255,103.3932,1337520900
1240,3.8375,103.2846,1337514240
1240,4.1262,103.3961,1337510040
1240,4.1262,103.3961,1337509920
1240,4.1262,103.3961,1337509680
1240,4.1262,103.3961,1337509620
1240,4.1262,103.3961,1337509560
1240,4.1262,103.3961,1337509320
1240,4.1262,103.3961,1337509200
1240,4.1262,103.3961,1337509020
1240,4.1262,103.3961,1337508960
1240,4.1262,103.3961,1337508840
1240,4.1262,103.3961,1337508420
1240,3.9545,103.1916,1337508000
1240,3.7802,102.369,1337507700
1240,3.8169,103.3313,1337507580
1240,4.2209,101.8001,1337507100
1240,4.3938,101.6073,1337506800
1240,4.417,101.6087,1337485860
1240,4.4242,101.4943,1337485620
1240,4.4232,101.4837,1337485200
1240,4.4141,101.384,1337485140
1240,4.213,101.2542,1337411100
1240,4.4706,101.3761,1337410980
1240,3.9891,101.0129,1337396340
1240,3.9999,101.0192,1337393340
1240,3.9891,101.0129,1337326500
1240,3.9891,101.0129,1337326260
1240,4.0012,101.0185,1337315700
1240,3.9881,101.0114,1337315520
1240,3.9999,101.0192,1337302860
1240,3.9999,101.0192,1337227860
1240,4.0012,101.0185,1337185440
1240,4.0031,101.0194,1337184720
1240,4.0042,101.0192,1337184300
1240,4.0132,101.031,1337177340
1240,4.022,101.0202,1337140740
1240,4.0221,101.0205,1337140680
1240,3.9999,101.0192,1337129580
1240,3.9999,101.0192,1337079180
1240,3.9999,101.0192,1337043180
1240,4.0255,101.0226,1336981440
1240,4.3007,101.1606,1336960140
1240,4.3007,101.1606,1336960020
1240,4.3038,101.1565,1336958280
1240,4.4672,101.1635,1336957680
1240,4.5658,101.129,1336953300
1240,4.5658,101.129,1336952640
1240,4.5658,101.129,1336908900
1240,4.5658,101.129,1336908780
1240,4.7733,100.7627,1336902000
1240,5.1642,100.6793,1336895280
1240,5.0124,100.7304,1336895160
1240,5.0124,100.7304,1336894800
1240,5.0124,100.7304,1336894440
1240,4.7622,100.9039,1336894200
1240,4.749,100.9108,1336893900
1240,4.6361,101.0901,1336893540
1240,4.5631,101.1334,1336884900
1240,4.862,100.7491,1336883100
1240,4.5649,101.1295,1336871760
1240,4.5585,101.1292,1336869300
1240,4.5585,101.1292,1336869000
1240,4.5715,101.1325,1336868880
1240,4.5658,101.129,1336864740
1240,4.6134,101.1184,1336816620
1240,4.6139,101.1178,1336815780
1240,4.6134,101.1184,1336813200
1240,4.6134,101.1184,1336812780
1240,4.0013,101.0186,1336749600
1240,4.0013,101.0186,1336749540
1240,4.0014,101.0186,1336749360
1240,3.9999,101.0192,1336721160
1240,3.9999,101.0192,1336698660
1240,4.0016,101.0189,1336693980
1240,4.0255,101.0226,1336633680
1240,4.0255,101.0226,1336633560
1240,4.0013,101.0185,1336617540
1240,4.0014,101.0186,1336617060
1240,4.0013,101.0186,1336603620
1240,3.9999,101.0192,1336572600
1240,4.0105,101.0348,1336569840
1240,4.0195,101.0256,1336537620
1240,3.0906,101.4324,1336416840
1240,3.0912,101.4322,1336416240
1240,3.0893,101.4328,1336415700
1240,3.0914,101.4325,1336405200
1240,3.1985,101.7421,1336390680
1240,3.0924,101.5583,1336381800
1240,3.0299,101.576,1336303560
1240,3.0917,101.4307,1336263480
1240,3.0916,101.4325,1336259520
1240,3.124,101.7868,1336229460
1240,3.1045,101.6473,1336206300
1240,3.075,101.4858,1336195980
1240,3.075,101.4857,1336191840
1240,3.5945,101.072,1336182840
1240,4.0013,101.0186,1336160100
1240,4.0012,101.0186,1336159260
1240,3.9999,101.0192,1336129380
1240,4.0174,101.0274,1336105860
1240,4.0015,101.0187,1336029240
1240,4.0013,101.0186,1336002960
1240,4.0013,101.0186,1336002780
1240,4.1311,101.0012,1335947100
1240,4.0013,101.0186,1335919500
1240,4.0013,101.0187,1335875700
1240,3.963,100.9769,1335855300
1240,4.0014,101.0185,1335842520
1240,3.9999,101.0192,1335836700
1240,3.9999,101.0192,1335836520
1240,4.0014,101.0186,1335796080
1240,4.0799,100.9371,1335785280
1240,4.0799,100.9371,1335784140
1240,4.3604,100.9558,1335781740
1240,4.3637,100.9777,1335769560
1240,4.3242,101.3248,1335703740
1240,4.4574,101.366,1335703320
1240,4.502,101.4022,1335703200
1240,4.4574,101.366,1335691800
1240,4.4574,101.366,1335691560
1240,4.5035,101.4072,1335688260
1240,4.5035,101.4072,1335686940
1240,4.5035,101.4072,1335686040
1240,4.4719,101.381,1335684540
1240,4.4708,101.3829,1335680640
1240,4.4708,101.3829,1335679980
1240,4.1978,101.2612,1335670500
1240,4.0998,101.1094,1335669120
1240,4.0819,101.0945,1335668340
1240,4.0593,101.0491,1335668220
1240,4.5811,101.1078,1335611160
1240,4.382,100.9695,1335601980
1240,4.382,100.9695,1335601320
1240,4.0344,101.0457,1335580620
1240,4.2578,100.6275,1335528720
1240,4.2188,100.6677,1335514860
1240,4.2467,100.6304,1335498540
1240,4.2467,100.6304,1335498180
1240,4.2816,100.6555,1335496860
1240,4.0326,101.0442,1335484500
1240,4.2832,100.9073,1335426900
1240,4.3602,100.9558,1335329520
1240,4.2115,100.5553,1335285060
1240,4.0013,101.0186,1335277020
1240,4.0013,101.0186,1335275940
1240,4.2115,100.5553,1335247620
1240,4.2115,100.5553,1335247500
1240,4.2115,100.5553,1335246480
1240,4.2115,100.5553,1335246360
1240,4.2113,100.5559,1335246060
1240,4.2115,100.5553,1335241320
1240,4.2115,100.5553,1335241140
1240,4.211,100.5745,1335240900
1240,4.2265,100.5757,1335240780
1240,4.2321,100.6101,1335240660
1240,4.2361,100.6325,1335239880
1240,4.2115,100.5553,1335239340
1240,4.2302,100.5783,1335235800
1240,4.2361,100.6325,1335234840
1240,4.0013,101.0186,1335195420
1240,4.0013,101.0187,1335195060
1240,4.0014,101.0186,1335194220
1240,4.3602,100.9558,1335172860
1240,4.5929,101.0847,1335170580
1240,4.3602,100.9558,1335148620
1240,4.0024,101.0128,1335099660
1240,4.19,100.6101,1335094620
1240,3.9999,101.0192,1335093840
1240,3.9698,100.9717,1335077040
1240,4.19,100.6101,1335066840
1240,4.19,100.6101,1335066660
1240,4.19,100.6101,1335066540
1240,4.19,100.6101,1335066480
1240,3.9677,100.9738,1335061500
1240,3.9999,101.0192,1335056820
1240,3.9999,101.0192,1335052500
1240,3.9999,101.0192,1335052020
1240,3.9999,101.0192,1335051720
1240,4.0255,101.0194,1335051360
1240,3.0791,101.5939,1335051180
1240,3.0791,101.5939,1335051120
1240,4.0013,101.0187,1335051000
1240,3.0791,101.5939,1335050100
1240,3.0791,101.5939,1335049980
1240,3.0791,101.5939,1335049860
1240,3.0791,101.5939,1335049740
1240,3.0791,101.5939,1335049620
1240,3.0791,101.5939,1335049380
1240,3.9999,101.0192,1335047340
1240,4.0014,101.0188,1335019080
1240,2.987,101.6665,1334997960
1240,4.0013,101.0186,1334997660
1240,4.0012,101.0187,1334997540
1240,2.987,101.6665,1334997360
1240,3.0791,101.5939,1334976660
1240,3.0791,101.5939,1334973300
1240,3.0789,101.5947,1334965740
1240,4.2087,101.2578,1334913840
1240,4.3156,100.9103,1334882460
1240,3.9999,101.0192,1334826480
1240,3.9999,101.0192,1334812140
1240,4.0013,101.0186,1334749620
1240,4.3602,100.9558,1334741340
1240,4.3602,100.9558,1334734620
1240,4.3602,100.9558,1334732700
1240,4.0013,101.0187,1334677020
1240,3.9999,101.0192,1334664420
1240,3.9999,101.0192,1334663160
1240,3.9999,101.0192,1334660400
1240,3.9999,101.0192,1334657340
1240,4.0159,101.0226,1334620320
1240,4.0012,101.0187,1334591640
1240,4.0014,101.0187,1334582160
1240,4.0013,101.0185,1334579760
1240,4.3502,100.8821,1334550360
1240,4.0013,101.0187,1334527500
1240,3.9891,101.0129,1334487300
1240,3.9999,101.0192,1334464680
1240,3.9988,101.0204,1334453280
1240,4.0013,101.0186,1334445240
1240,4.0013,101.0186,1334444760
1240,4.0013,101.0187,1334410080
1240,4.0174,101.0274,1334383020
1240,3.9988,101.0204,1334370420
1240,4.0043,101.0199,1334321100
1240,4.0013,101.0186,1334320500
1240,4.3602,100.9558,1334292900
1240,4.3602,100.9558,1334286420
1240,4.1834,100.9407,1334276460
1240,4.0012,101.0185,1334154420
1240,3.9999,101.0192,1334152440
1240,4.522,101.3985,1334067480
1240,4.0013,101.0185,1334066700
1240,4.0013,101.0186,1334066580
1240,4.0014,101.0187,1334065620
1240,4.265,100.8956,1334056500
1240,4.3602,100.9558,1334047260
1240,4.3602,100.9558,1334046960
1240,4.3632,100.9552,1334034840
1240,4.3632,100.9552,1334034840
1240,4.36,100.9562,1333983120
1240,3.9999,101.0192,1333980360
1240,3.1343,101.496,1333881960
1240,3.0858,101.554,1333881540
1240,3.0277,101.718,1333876800
1240,3.0279,101.718,1333871160
1240,3.0279,101.718,1333870920
1240,3.0279,101.718,1333870800
1240,3.9677,100.9738,1333849680
1240,3.9988,101.0204,1333708500
1240,4.139,100.8962,1333703400
1240,4.3602,100.9558,1333698840
1240,4.3632,100.9552,1333675740
1240,3.9988,101.0204,1333642980
1240,4.3604,100.9556,1333600800
1240,4.3606,100.956,1333599960
1240,4.3604,100.9557,1333594140
1240,4.3604,100.9557,1333593240
1240,4.0501,100.8742,1333584780
1240,4.0013,101.0186,1333580820
1240,4.0012,101.0186,1333471080
1240,3.5088,101.0998,1333457220
1240,3.509,101.1,1333456560
1240,4.0996,101.0455,1333414380
1240,3.3497,101.2545,1333351200
1240,3.33,101.2586,1333347300
1240,3.1634,101.7153,1333297440
1240,3.6638,101.5193,1333199580
1240,4.1811,101.2904,1333195080
1240,4.5752,101.1096,1333184340
1240,4.5725,101.1127,1333180080
1240,4.5752,101.1096,1333178700
1240,4.5752,101.1096,1333178340
1240,4.5752,101.1096,1333177680
1240,4.5752,101.1096,1333177320
1240,4.5752,101.1096,1333177260
1240,4.5755,101.1095,1333175640
1240,4.5752,101.1096,1333175280
1240,4.5752,101.1096,1333175100
1240,4.5752,101.1096,1333174080
1240,4.5752,101.1096,1333167300
1240,3.9999,101.0192,1333112580
1240,3.9999,101.0192,1333105740
1240,4.6023,101.079,1332945060
1240,4.6023,101.079,1332944940
1240,4.3632,100.9552,1332900420
1240,4.3576,100.9571,1332896340
1240,4.0013,101.0186,1332850800
1240,4.0013,101.0186,1332845340
1240,4.3595,100.9637,1332833640
1240,4.0014,101.0187,1332770880
1240,3.9999,101.0192,1332652140
1240,4.0036,101.019,1332601560
1240,4.5234,101.0768,1332590040
1240,3.9999,101.0192,1332569100
1240,3.9999,101.0192,1332509220
1240,3.9999,101.0192,1332502620
1240,3.9999,101.0192,1332501720
1240,4.3502,100.8821,1332462480
1240,4.3534,100.9179,1332117240
1240,4.3612,100.9615,1331960940
1240,4.3648,100.9789,1331957100
1240,4.0013,101.0186,1331934900
1240,3.9999,101.0192,1331894400
1240,4.3071,100.911,1331858160
1240,3.9999,101.0192,1331817540
1240,4.3617,100.9398,1331771160
1240,4.49,101.0094,1331689620
1240,3.9999,101.0192,1331640540
1240,3.0764,101.5512,1331551440
1240,3.0651,101.4903,1331545440
1240,3.0718,101.6076,1331452440
1240,3.0718,101.6076,1331451960
1240,3.0718,101.6076,1331451540
1240,4.2433,101.3223,1331435460
1240,3.1071,101.5352,1331369280
1240,3.1071,101.5352,1331368020
1240,3.1071,101.5352,1331361960
1240,3.1071,101.5352,1331359800
1240,3.1065,101.5353,1331357520
1240,3.0739,101.5428,1331343780
1240,3.1309,101.5161,1331290080
1240,3.1309,101.5161,1331289720
1240,3.1309,101.5161,1331289480
1240,3.1309,101.5161,1331289420
1240,3.1312,101.516,1331289300
1240,3.1309,101.5161,1331289240
1240,3.1309,101.5161,1331289120
1240,3.1309,101.5161,1331289000
1240,3.1309,101.5161,1331288880
1240,3.1309,101.5161,1331285760
1240,3.1309,101.5161,1331285640
1240,3.1309,101.5161,1331283420
1240,3.1309,101.5161,1331279040
1240,3.1309,101.5161,1331278920
1240,3.0736,101.5427,1331275080
1240,4.3576,100.9571,1331113320
1240,4.3576,100.9571,1331111820
1240,4.3551,100.9091,1331111700
1240,2.9396,101.7108,1330944420
1240,3.1495,101.719,1330935840
1240,3.1494,101.7194,1330928160
1240,3.075,101.4857,1330852080
1240,3.6809,101.5214,1330831560
1240,4.0779,101.2427,1330823940
1240,3.9999,101.0192,1330782300
1240,4.6873,100.8859,1330780560
1240,4.6873,100.8859,1330779120
1240,4.3479,100.8859,1330648680
1240,4.3617,100.9398,1330562220
1240,3.9999,101.0192,1330435020
1240,4.3931,101.0049,1330416900
1240,4.3602,100.9558,1330416420
1240,4.3632,100.9552,1330397400
1240,4.3595,100.9637,1330322220
1240,4.0175,101.0274,1330242240
1240,3.9999,101.0192,1330216800
1240,3.9999,101.0192,1330214580
1240,3.9999,101.0192,1330212540
1240,4.0014,101.0185,1330181940
1240,3.9999,101.0192,1330168920
1240,3.9999,101.0192,1330166640
1240,3.9999,101.0192,1330164780
1240,4.5,101.152,1330098480
1240,4.5952,101.1001,1330096020
1240,4.5952,101.1001,1330089720
1240,4.0013,101.0187,1330080120
1240,4.0013,101.0187,1330080060
1240,4.0013,101.0187,1330079940
1240,4.0195,101.0256,1330079640
1240,4.3602,100.9558,1329910980
1240,4.3638,100.977,1329820020
1240,4.3595,100.9637,1329702720
1240,4.0052,101.0163,1329569760
1240,4.0013,101.0186,1329550800
1240,3.9999,101.0192,1329487140
1240,4.7036,101.0755,1329402900
1240,4.3632,100.9552,1329183960
1240,4.2415,100.9162,1329126720
1240,3.9998,101.0203,1329045600
1240,2.9391,101.7098,1328932980
1240,2.7542,101.7068,1328932440
1240,4.3571,100.955,1328710620
1240,4.3571,100.955,1328710440
1240,4.3571,100.955,1328710200
1240,4.3571,100.955,1328709900
1240,4.3576,100.9571,1328709660
1240,4.3602,100.9558,1328614260
1240,4.3571,100.955,1328576760
1240,4.3502,100.8821,1328535060
1240,4.3571,100.955,1328534760
1240,4.3571,100.955,1328509320
1240,4.3571,100.955,1328504520
1240,4.0321,101.0433,1328497920
1240,3.9923,101.0464,1328193060
1240,4.3645,100.9788,1328191320
1240,3.074,101.5185,1322322660
1240,4.3642,100.979,1319083440
1240,4.0012,101.0183,1318168380
