1252,16.721,49.2658,1377448620
1252,16.721,49.2658,1377357900
1252,16.7102,49.3283,1376959200
1252,16.7047,49.2735,1376916240
1252,16.7248,49.2371,1376690160
1252,16.7104,49.3283,1376608380
1252,16.7101,49.3282,1376443080
1252,16.7102,49.328,1376344980
1252,16.7103,49.3282,1376244060
1252,16.721,49.2658,1375284360
1252,17.7307,48.6272,1375209060
1252,16.7122,49.2719,1375146840
1252,16.7103,49.3284,1375056960
1252,16.7103,49.3283,1374873300
1252,16.721,49.2658,1374768540
1252,16.8078,49.921,1374517440
1252,16.5785,50.3025,1374381480
1252,16.7103,49.3283,1373823420
1252,16.5261,50.3973,1373402460
1252,16.7165,49.2598,1373319000
1252,16.7104,49.3283,1373246280
1252,16.712,49.3258,1372969260
1252,16.7103,49.3283,1372880820
1252,16.7102,49.3283,1372780500
1252,16.7103,49.3283,1372714560
1252,16.7105,49.3282,1372541820
1252,16.7104,49.3283,1372370460
1252,16.7103,49.3282,1372271280
1252,16.71,49.328,1372161360
1252,16.7174,49.3253,1371998700
1252,16.7103,49.3283,1371856260
1252,16.7095,49.3013,1371763800
1252,16.7132,49.3247,1371593100
1252,16.7104,49.3283,1371512820
1252,16.7105,49.3284,1371426600
1252,16.7103,49.3283,1371399180
1252,16.711,49.3313,1371275880
1252,16.7104,49.328,1371155160
1252,16.711,49.3252,1370989620
1252,16.7103,49.3282,1370885820
1252,16.7103,49.3281,1370793960
1252,16.7112,49.3207,1370648760
1252,16.7062,49.2713,1370452260
1252,16.7111,49.3256,1370311080
1252,16.7103,49.3283,1370185500
1252,16.7104,49.3281,1370122740
1252,16.7105,49.3285,1369992540
1252,16.7119,49.3254,1369879200
1252,16.7108,49.3284,1369705080
1252,16.7104,49.3281,1369620360
1252,16.7103,49.3282,1369514040
1252,16.7104,49.328,1369405140
1252,16.7104,49.3283,1369154880
1252,16.7128,49.3255,1369002840
1252,16.7087,49.3242,1368924060
1252,16.7126,49.3249,1368745980
1252,16.7102,49.3281,1368491820
1252,16.5258,50.3828,1368373680
1252,16.5177,50.3721,1368324900
1252,16.7106,49.3282,1367858580
1252,16.7117,49.3219,1367766720
1252,16.6167,49.2438,1367707560
1252,16.6982,49.2613,1366424940
1252,16.5177,50.3721,1362879780
1252,16.7156,49.3214,1362845160
1252,16.7104,49.328,1362608160
1252,16.7187,49.3249,1362515520
1252,16.7104,49.3284,1362440880
1252,16.7104,49.3284,1362328680
1252,16.7101,49.3282,1362253440
1252,17.7457,48.6238,1361925300
1252,16.7104,49.328,1361398200
1252,16.7158,49.3261,1361113560
1252,16.7106,49.3283,1361060640
1252,16.7446,49.3442,1361029020
1252,16.7244,49.2726,1360705020
1252,16.7104,49.3283,1360585380
1252,16.7128,49.3275,1360526160
1252,16.7056,49.2767,1360355520
1252,16.7104,49.3283,1360185600
1252,16.7102,49.3282,1359804660
1252,16.7105,49.3284,1359501900
1252,16.711,49.2996,1359388200
1252,16.7101,49.3283,1359291840
1252,16.7102,49.328,1359205680
1252,16.7099,49.3284,1359055440
1252,16.7102,49.3282,1358687580
1252,16.7034,49.2382,1358621400
1252,16.7103,49.3281,1358554560
1252,16.7192,49.3247,1358430360
1252,16.706,49.3283,1358087580
1252,16.7102,49.3283,1358033460
1252,16.7137,49.3308,1357996680
1252,16.7137,49.3257,1357922160
1252,16.7106,49.3285,1357755240
1252,16.7103,49.3283,1357314060
1252,16.7103,49.3278,1356296160
1252,16.713,49.3274,1356193800
1252,16.7103,49.3282,1356094560
1252,16.7131,49.3263,1356019440
1252,16.7102,49.3283,1355941680
1252,16.7106,49.3284,1355921340
1252,16.7105,49.3284,1355834460
1252,16.5206,50.3803,1355760840
1252,16.5253,50.383,1355697360
1252,41.8837,71.1475,1355076480
1252,41.8224,71.4036,1354944120
1252,42.0918,71.2678,1354849260
1252,42.281,71.4012,1354807800
1252,16.71,49.3283,1349621820
1252,16.7104,49.3284,1340556180
