1270,41.024,28.9736,1372851900
1270,41.0239,28.9734,1372403640
1270,41.0239,28.9736,1372328640
1270,41.0238,28.9735,1371815820
1270,41.0238,28.9735,1371806940
1270,41.024,28.9735,1371554580
1270,41.0238,28.9736,1371118380
1270,41.0302,28.9891,1369663320
1270,40.9846,29.0867,1368168660
1270,41.0239,28.9734,1367917500
1270,40.9851,29.087,1367766600
1270,41.1633,29.5571,1367701740
1270,41.0238,28.9736,1367219640
1270,41.1649,29.5613,1367164320
1270,41.0236,28.9735,1366372260
1270,41.0237,28.9736,1366267200
1270,41.0239,28.9737,1366121460
1270,41.0237,28.9736,1365603960
1270,40.9565,29.0944,1365431280
1270,40.9862,29.0851,1365325200
1270,41.0244,29.0259,1365281820
1270,41.0239,28.9734,1365168840
1270,41.0239,28.9734,1364486100
1270,40.9849,29.0869,1363212420
1270,40.9841,29.0912,1363184460
1270,40.9851,29.0871,1362746880
1270,40.9851,29.087,1362336540
1270,40.9841,29.0912,1362241680
1270,41.025,29.0249,1361974440
1270,40.9565,29.1125,1359922920
1270,40.9527,29.095,1359886380
1270,41.008,29.0843,1358894100
1270,41.025,29.0249,1358286300
1270,41.0302,28.9891,1357308960
1270,41.0315,28.9899,1356960420
1270,41.0315,28.9899,1356959700
1270,40.985,29.0868,1356912240
1270,41.0302,28.9891,1356214380
1270,39.9178,32.8127,1355600220
1270,41.0302,28.9891,1354728240
1270,40.9851,29.0869,1353883500
1270,40.985,29.0868,1353768900
1270,40.9851,29.0869,1353767880
1270,40.985,29.0871,1353537900
1270,41.0309,28.9799,1353251640
1270,40.985,29.087,1353242820
1270,41.0302,28.9891,1352905800
1270,40.9852,29.087,1351801980
1270,40.9852,29.0871,1351524600
1270,41.1615,29.5858,1341137220
1270,41.1623,29.5674,1340475240
1270,41.0689,29.0016,1340094480
1270,41.1651,29.5582,1339416840
1270,41.0239,29.0253,1336510260
1270,41.0244,29.0258,1336504440
1270,40.9851,29.087,1335125100
1270,40.985,29.0871,1334920260
1270,40.9851,29.0869,1334775300
1270,40.985,29.0869,1334688360
1270,40.985,29.087,1334183100
1270,40.985,29.087,1334085240
1270,40.9861,29.088,1333912980
1270,40.985,29.0868,1333899420
