1272,39.4683,0.3908,1378279680
1272,39.4673,0.3761,1378248480
1272,40.4167,3.702,1378210980
1272,40.4177,3.7034,1378207920
1272,40.4177,3.7034,1378206060
1272,40.417,3.7029,1378158840
1272,40.4223,3.6979,1378156020
1272,40.417,3.7029,1378145640
1272,40.492,3.566,1378133340
1272,33.3967,70.7949,1378072020
1272,33.3968,70.7911,1378067160
1272,33.397,70.7938,1378063860
1272,33.4755,70.5811,1378016040
1272,33.4722,70.58,1377996900
1272,33.4893,70.577,1377988440
1272,33.6355,70.5761,1377979020
1272,33.6351,70.576,1377978360
1272,33.4735,70.5833,1377961920
1272,33.5462,70.7801,1377920100
1272,33.4231,70.6079,1377883740
1272,33.4501,70.6533,1377806580
1272,33.4486,70.6526,1377803100
1272,33.4514,70.6514,1377712560
1272,33.4486,70.6526,1377701220
1272,33.6357,70.5739,1377694620
1272,33.4722,70.58,1377580920
1272,33.4722,70.58,1377580740
1272,33.4736,70.5833,1377571560
1272,33.4445,70.6536,1377552900
1272,33.4457,70.6525,1377549420
1272,33.4486,70.6526,1377542820
1272,33.4486,70.6526,1377540540
1272,33.4722,70.58,1377493500
1272,33.4736,70.5833,1377482820
1272,33.4735,70.5832,1377434340
1272,33.6357,70.5739,1377402480
1272,33.4178,70.6502,1377356100
1272,33.4722,70.58,1377309780
1272,33.4688,70.5973,1377309600
1272,33.4267,70.6077,1377273720
1272,33.4459,70.6533,1377208200
1272,33.4486,70.6526,1377181260
1272,33.4429,70.6538,1377177420
1272,33.4735,70.5832,1377146640
1272,33.4736,70.5833,1377144300
1272,33.4735,70.5832,1377140460
1272,33.4738,70.5831,1377140160
1272,33.4735,70.5833,1377139620
1272,33.5172,70.6811,1377139500
1272,33.4477,70.6529,1377110100
1272,33.4489,70.6528,1377109920
1272,33.4486,70.6526,1377105420
1272,33.4722,70.58,1377054600
1272,33.4624,70.5808,1377002940
1272,33.4735,70.5833,1376969820
1272,33.4722,70.58,1376880480
1272,33.4722,70.58,1376876460
1272,33.4722,70.58,1376875560
1272,33.4722,70.58,1376874180
1272,33.5587,70.7823,1376852580
1272,33.4736,70.5834,1376818560
1272,33.4722,70.58,1376815920
1272,33.4735,70.5832,1376809740
1272,33.5178,70.717,1376806620
1272,33.4651,70.5977,1376806500
1272,33.5418,70.5847,1376793120
1272,33.4722,70.58,1376789340
1272,33.4722,70.58,1376789040
1272,33.4651,70.5977,1376787360
1272,33.4722,70.58,1376693580
1272,33.4722,70.58,1376623080
1272,33.4735,70.5832,1376590680
1272,33.4735,70.5831,1376590140
1272,33.4735,70.5832,1376589960
1272,33.4735,70.5832,1376589780
1272,33.4735,70.5832,1376588340
1272,33.4736,70.5833,1376584200
1272,33.4722,70.58,1376526840
1272,33.4486,70.6526,1376513280
1272,33.4735,70.5833,1376482020
1272,33.4486,70.6526,1376364120
1272,33.4445,70.6536,1376331480
1272,33.4487,70.6488,1376330280
1272,33.5587,70.7823,1376238960
1272,33.4873,70.6963,1376235720
1272,33.4868,70.6974,1376235600
1272,33.4868,70.6974,1376235360
1272,33.4868,70.6974,1376234820
1272,33.4868,70.6974,1376233620
1272,33.4868,70.6974,1376233380
1272,33.4868,70.6974,1376232360
1272,33.4722,70.58,1376191320
1272,33.2972,70.8757,1376182980
1272,33.4736,70.5833,1376166480
1272,33.4736,70.5833,1376166240
1272,33.6357,70.5739,1376164620
1272,33.4231,70.6079,1376083680
1272,33.4735,70.5834,1376049360
1272,33.4735,70.5834,1376048820
1272,33.4735,70.5832,1376007960
1272,33.6357,70.5739,1375965060
1272,33.4208,70.6076,1375915740
1272,33.423,70.6078,1375900380
1272,33.4227,70.6086,1375893120
1272,33.4736,70.5833,1375849980
1272,33.4736,70.5833,1375849920
1272,33.4346,70.6015,1375793520
1272,33.4735,70.5833,1375791360
1272,33.4722,70.58,1375754820
1272,33.4486,70.6526,1375726260
1272,33.3572,70.523,1375721160
1272,33.3572,70.5232,1375721160
1272,33.4735,70.5832,1375682040
1272,33.4736,70.5833,1375681560
1272,33.4736,70.5833,1375681380
1272,33.6357,70.5739,1375664520
1272,33.4722,70.58,1375629060
1272,33.423,70.6,1375627200
1272,33.4735,70.5833,1375626600
1272,33.5732,70.5743,1375594860
1272,33.4736,70.5833,1375580220
1272,33.4722,70.58,1375564800
1272,33.3762,70.7262,1375552020
1272,33.4859,70.6257,1375540380
1272,33.4722,70.58,1375533420
1272,33.4736,70.5832,1375532280
1272,33.4735,70.5833,1375532160
1272,33.4735,70.5833,1375530540
1272,33.4735,70.5833,1375530540
1272,33.4735,70.5833,1375530480
1272,33.4735,70.5833,1375530420
1272,33.4735,70.5833,1375530420
1272,33.4735,70.5833,1375530360
1272,33.4231,70.6079,1375530300
1272,33.4735,70.5834,1375530300
1272,33.4736,70.5833,1375530240
1272,33.4291,70.58,1375471200
1272,33.4231,70.6079,1375364160
1272,33.4736,70.5833,1375361160
1272,33.4722,70.58,1375326840
1272,33.4722,70.58,1375326720
1272,33.4722,70.58,1375326300
1272,33.4722,70.58,1375325580
1272,33.4231,70.6079,1375199940
1272,33.423,70.6078,1375121820
1272,33.4236,70.6086,1375121640
1272,33.4406,70.6514,1375103820
1272,33.4735,70.5833,1375073400
1272,33.4735,70.5833,1375073280
1272,33.4735,70.5833,1375070460
1272,33.4735,70.5833,1375070400
1272,33.4722,70.58,1375041840
1272,33.473,70.5845,1375014900
1272,33.4722,70.58,1374970440
1272,33.4231,70.6079,1374969300
1272,33.4231,70.6079,1374933660
1272,33.611,70.5622,1374925140
1272,33.6116,70.5645,1374924960
1272,33.4722,70.58,1374920280
1272,33.4735,70.5833,1374918180
1272,33.4736,70.5833,1374917940
1272,33.4231,70.6079,1374797940
1272,33.423,70.6077,1374773640
1272,33.4231,70.6079,1374759600
1272,33.4688,70.5763,1374759420
1272,33.541,70.5772,1374714720
1272,33.541,70.5772,1374714660
1272,33.541,70.5772,1374714600
1272,33.541,70.5772,1374714600
1272,33.541,70.5772,1374714540
1272,33.541,70.5772,1374714540
1272,33.4231,70.6079,1374607380
1272,33.4232,70.6099,1374539520
1272,33.4722,70.58,1374465600
1272,33.4722,70.58,1374465420
1272,33.4722,70.58,1374459300
1272,33.474,70.5817,1374458880
1272,33.4722,70.58,1374457560
1272,33.7156,70.7268,1374440820
1272,33.7156,70.7268,1374430380
1272,33.4735,70.5833,1374411420
1272,33.4722,70.58,1374410580
1272,33.3522,70.3141,1374372000
1272,33.3522,70.3141,1374371880
1272,33.3495,70.2917,1374370920
1272,33.3522,70.3141,1374339720
1272,33.4722,70.58,1374329340
1272,33.4223,70.6088,1374260040
1272,33.422,70.6094,1374259680
1272,33.4736,70.5833,1374236220
1272,33.4226,70.6112,1374230700
1272,33.422,70.6074,1374094140
1272,33.4212,70.6076,1374085560
1272,33.5366,70.593,1374004500
1272,33.4736,70.5833,1373995440
1272,33.4736,70.5833,1373993520
1272,33.5355,70.5362,1373945040
1272,33.4538,70.5935,1373945040
1272,33.5357,70.5428,1373944980
1272,33.4538,70.5935,1373935860
1272,33.4736,70.5832,1373889540
1272,33.4722,70.58,1373846460
1272,33.5587,70.7823,1373824200
1272,33.5587,70.7823,1373824140
1272,33.5587,70.7823,1373822880
1272,33.5587,70.7823,1373821440
1272,33.6357,70.5739,1373768760
1272,33.4635,70.6469,1373733000
1272,33.4218,70.6075,1373574840
1272,33.4345,70.6115,1373503440
1272,33.4722,70.58,1373247360
1272,32.7704,71.5295,1373227320
1272,32.9649,71.5466,1373223600
1272,32.9738,71.5448,1373222880
1272,33.0537,71.6227,1373215560
1272,33.0537,71.6227,1373215260
1272,33.053,71.622,1373214840
1272,33.053,71.622,1373214480
1272,33.0384,71.6282,1373212440
1272,33.4514,70.6514,1373063280
1272,33.4231,70.6095,1373049060
1272,33.4231,70.6095,1373048640
1272,33.4722,70.58,1373026920
1272,33.4742,70.5818,1373026800
1272,33.4736,70.5833,1373021340
1272,33.4736,70.5833,1372995300
1272,33.4722,70.58,1372986360
1272,33.4231,70.6079,1372976280
1272,33.4231,70.6079,1372963500
1272,33.4231,70.6079,1372951920
1272,33.4345,70.6115,1372811580
1272,33.4229,70.6096,1372802340
1272,33.4737,70.5833,1372748040
1272,33.4736,70.5833,1372729140
1272,33.4736,70.5833,1372729140
1272,34.1914,71.4619,1372622700
1272,33.4941,70.598,1372604280
1272,33.4722,70.58,1372596360
1272,33.4722,70.58,1372529580
1272,33.4736,70.5833,1372508820
1272,33.4538,70.5935,1372477800
1272,32.9739,71.5279,1372431480
1272,32.9681,71.5453,1372420920
1272,32.9681,71.5453,1372420740
1272,32.9681,71.5453,1372385220
1272,32.9739,71.5279,1372371360
1272,32.9739,71.5279,1372348380
1272,32.9739,71.5279,1372346400
1272,32.9722,71.5441,1372298760
1272,32.9739,71.5279,1372271520
1272,33.4722,70.58,1372213320
1272,33.5248,70.5972,1372210080
1272,33.5248,70.5972,1372209180
1272,32.9739,71.5279,1372195800
1272,33.2309,71.4646,1372165560
1272,33.4736,70.5833,1372133640
1272,33.4853,70.585,1372110240
1272,33.6788,70.3411,1372105200
1272,33.6788,70.3411,1372105080
1272,33.4848,70.5982,1372088160
1272,33.4848,70.5982,1372080480
1272,33.4848,70.5982,1372079820
1272,33.4848,70.5982,1372079640
1272,33.4722,70.58,1372040100
1272,33.5637,70.7882,1372024680
1272,33.5544,70.7954,1372003920
1272,33.5544,70.7954,1372002780
1272,33.4737,70.5834,1371867720
1272,33.4734,70.5836,1371860760
1272,33.4433,70.5992,1371857160
1272,33.4433,70.5992,1371857160
1272,33.4433,70.5992,1371857160
1272,33.4433,70.5992,1371856980
1272,33.423,70.6099,1371854880
1272,33.4218,70.6089,1371852660
1272,32.9739,71.5279,1371587460
1272,32.9739,71.5279,1371569760
1272,32.9722,71.5441,1371561420
1272,32.9742,71.5377,1371559920
1272,32.9742,71.5377,1371523140
1272,33.4722,70.58,1371445680
1272,33.4735,70.5833,1371441060
1272,33.4737,70.5833,1371440760
1272,33.4735,70.5832,1371440640
1272,33.4736,70.5833,1371440580
1272,33.4737,70.5833,1371440400
1272,33.4737,70.5833,1371439560
1272,33.4736,70.5833,1371436080
1272,33.4736,70.5833,1371432360
1272,33.4722,70.58,1371404460
1272,33.453,70.6165,1371402960
1272,33.4523,70.68,1371399300
1272,33.7325,70.9112,1371350400
1272,33.4876,70.5775,1371321960
1272,33.4736,70.5833,1371299820
1272,33.4737,70.5823,1371249420
1272,33.4255,70.6785,1371244080
1272,33.423,70.6083,1371142320
1272,22.4959,68.9092,1371092820
1272,22.4958,68.9092,1371092820
1272,22.492,68.9147,1371085440
1272,22.4357,68.8629,1371036120
1272,22.4422,68.9092,1371036060
1272,22.1991,68.8674,1370976600
1272,22.2006,68.8677,1370969880
1272,22.2014,68.8796,1370952600
1272,22.2014,68.8796,1370952360
1272,22.219,68.8017,1370951580
1272,22.3009,68.798,1370907480
1272,22.4357,68.8629,1370893920
1272,33.3988,70.7932,1370866020
1272,33.4722,70.58,1370828220
1272,33.4722,70.58,1370783460
1272,33.4722,70.58,1370486520
1272,33.4736,70.5833,1370481780
1272,33.4537,70.5855,1370349840
1272,33.417,70.6065,1370215680
1272,33.4722,70.58,1370097960
1272,33.4537,70.5855,1370003220
1272,33.4736,70.5833,1369971180
1272,33.4735,70.5832,1369969500
1272,33.4238,70.6075,1369932000
1272,33.4238,70.6075,1369931880
1272,33.4722,70.58,1369878420
1272,33.4238,70.6075,1369747200
1272,33.4238,70.6075,1369659840
1272,33.4736,70.5834,1369610700
1272,33.4209,70.5965,1369574100
1272,33.4209,70.5965,1369489860
1272,33.4225,70.6095,1369418580
1272,33.4722,70.58,1369194720
1272,33.4722,70.58,1369184520
1272,33.6078,70.8376,1369077540
1272,33.4722,70.58,1368982260
1272,33.4722,70.58,1368974580
1272,33.4722,70.58,1368970260
1272,33.4736,70.5833,1368966600
1272,33.4722,70.58,1368914220
1272,33.4215,70.6144,1368891180
1272,33.4722,70.58,1368886620
1272,33.4715,70.5802,1368886440
1272,33.4575,70.7161,1368536760
1272,33.4722,70.58,1368420900
1272,33.5587,70.7823,1368382800
1272,33.4722,70.58,1368268140
1272,33.4739,70.5834,1368267180
1272,33.4736,70.5833,1368243240
1272,33.4736,70.5833,1368242580
1272,33.4736,70.5833,1368240960
1272,33.4233,70.6076,1368221520
1272,32.9739,71.5279,1368125700
1272,32.9739,71.5279,1368124140
1272,33.4722,70.58,1367985780
1272,33.4722,70.58,1367978160
1272,33.4882,70.5782,1367777340
1272,33.4736,70.5833,1367728680
1272,33.4722,70.58,1367691480
1272,33.4482,70.6485,1367634060
1272,33.4188,70.7826,1367615700
1272,33.3254,70.7199,1367590200
1272,33.4736,70.5833,1367554620
1272,33.423,70.61,1367536800
1272,33.5587,70.7823,1367427900
1272,33.5587,70.7823,1367427660
1272,33.4735,70.5833,1367383680
1272,33.4735,70.5833,1367383620
1272,33.4735,70.5833,1367383500
1272,33.4735,70.5833,1367383500
1272,33.4735,70.5833,1367381520
1272,33.4735,70.5833,1367380560
1272,33.4735,70.5833,1367380560
1272,33.4725,70.5826,1367368260
1272,33.4722,70.58,1367198160
1272,33.4722,70.58,1367196480
1272,33.4722,70.58,1367195520
1272,33.4736,70.5833,1367164200
1272,33.4735,70.5833,1367158500
1272,33.4735,70.5833,1367158440
1272,33.4735,70.5833,1367158440
1272,33.4735,70.5833,1367158440
1272,33.4735,70.5833,1367158440
1272,33.4735,70.5833,1367158440
1272,33.4735,70.5833,1367122260
1272,33.4735,70.5833,1367115660
1272,33.4722,70.58,1367108160
1272,33.4722,70.58,1367101260
1272,33.4722,70.58,1367090700
1272,33.4722,70.58,1367090580
1272,33.4736,70.5833,1367020920
1272,22.4959,68.9091,1366989840
1272,22.4953,68.9088,1366980060
1272,22.3687,68.8215,1366928040
1272,22.3485,68.8417,1366927320
1272,22.3687,68.8215,1366927320
1272,22.4647,68.9253,1366857180
1272,22.4953,68.9088,1366846920
1272,33.4366,70.6444,1366758420
1272,33.4475,70.5992,1366570020
1272,33.4475,70.5992,1366568400
1272,33.4475,70.5992,1366566000
1272,33.4722,70.58,1366505940
1272,33.4722,70.58,1366502520
1272,33.4722,70.58,1366464420
1272,33.423,70.6085,1366408560
1272,33.4373,70.6003,1366372860
1272,33.4736,70.5833,1366332360
1272,33.4736,70.5833,1366332240
1272,33.4231,70.6079,1366328640
1272,33.4722,70.58,1366328460
1272,33.4736,70.5833,1366255860
1272,33.4722,70.58,1366247520
1272,33.4722,70.58,1366246440
1272,33.4722,70.58,1366168200
1272,33.4736,70.5833,1366089300
1272,33.4736,70.5833,1366089240
1272,33.4736,70.5833,1366088940
1272,33.4735,70.5833,1366079280
1272,33.4735,70.5833,1366079280
1272,33.4735,70.5834,1365985800
1272,33.6352,70.5761,1365971640
1272,33.6352,70.5761,1365970740
1272,33.6351,70.576,1365969240
1272,33.6351,70.576,1365968700
1272,33.6351,70.576,1365967920
1272,33.4722,70.58,1365955320
1272,33.4722,70.58,1365953940
1272,33.4722,70.58,1365945600
1272,33.4722,70.58,1365943200
1272,33.4722,70.58,1365884880
1272,33.4722,70.58,1365883740
1272,33.4722,70.58,1365882420
1272,33.4722,70.58,1365882240
1272,33.4722,70.58,1365881700
1272,33.4722,70.58,1365881520
1272,33.4722,70.58,1365879840
1272,33.4722,70.58,1365879060
1272,33.4319,70.6354,1365811500
1272,33.4225,70.6072,1365788580
1272,33.4585,70.6055,1365724980
1272,33.4722,70.58,1365644460
1272,33.4234,70.6091,1365615540
1272,33.4231,70.6079,1365608520
1272,33.4736,70.5833,1365565080
1272,33.4736,70.5833,1365565080
1272,33.4736,70.5833,1365563340
1272,33.4736,70.5833,1365563340
1272,33.4736,70.5833,1365563340
1272,33.4736,70.5833,1365563340
1272,33.4736,70.5833,1365563340
1272,33.4736,70.5833,1365563280
1272,33.4722,70.58,1365463980
1272,33.4722,70.58,1365461820
1272,33.4196,70.607,1365441060
1272,33.4265,70.6153,1365440100
1272,33.4722,70.58,1365367800
1272,33.4722,70.58,1365357240
1272,33.4722,70.58,1365354300
1272,33.4735,70.5833,1365350220
1272,33.4722,70.58,1365344340
1272,33.4722,70.58,1365338340
1272,33.4736,70.5833,1365337800
1272,33.4736,70.5833,1365337680
1272,33.4736,70.5833,1365337440
1272,33.4722,70.58,1365272220
1272,33.4876,70.5776,1365264600
1272,33.4735,70.5834,1365227220
1272,33.546,70.7787,1365202380
1272,33.4277,70.6194,1365181440
1272,33.4277,70.6194,1365179220
1272,33.4287,70.6191,1365179160
1272,33.421,70.6076,1365173520
1272,33.4231,70.6079,1365164340
1272,33.4722,70.58,1365160080
1272,33.4722,70.58,1365158340
1272,33.4293,70.6029,1365077460
1272,33.4336,70.6423,1365046680
1272,33.4722,70.58,1365045960
1272,33.4722,70.58,1365045240
1272,33.4746,70.5832,1364962740
1272,33.4722,70.58,1364962440
1272,33.4736,70.5833,1364959620
1272,33.4322,70.642,1364945340
1272,33.4231,70.6079,1364917320
1272,33.4736,70.5832,1364865360
1272,33.4736,70.5832,1364865240
1272,33.4736,70.5832,1364865000
1272,33.4736,70.5832,1364864820
1272,33.4736,70.5832,1364864820
1272,33.4736,70.5832,1364864760
1272,33.4722,70.58,1364864220
1272,33.4736,70.5832,1364843340
1272,34.7704,71.0431,1364810940
1272,35.8219,72.5991,1364767980
1272,35.8219,72.5991,1364766180
1272,35.8438,72.6365,1364751060
1272,36.0128,72.7686,1364744700
1272,35.9507,72.7443,1364744700
1272,35.8438,72.6365,1364739060
1272,35.8267,72.5974,1364733840
1272,35.8219,72.5991,1364683620
1272,35.822,72.5993,1364683140
1272,35.822,72.5993,1364682480
1272,35.8267,72.5974,1364680980
1272,35.8221,72.5991,1364679300
1272,35.815,72.577,1364668860
1272,35.815,72.577,1364668740
1272,35.822,72.5993,1364661300
1272,35.8223,72.599,1364658120
1272,35.8222,72.599,1364613420
1272,35.8222,72.599,1364613120
1272,35.8267,72.5974,1364610180
1272,35.8267,72.5974,1364604720
1272,35.8209,72.5982,1364592660
1272,35.822,72.5993,1364590080
1272,35.822,72.5993,1364589600
1272,35.8214,72.5988,1364589300
1272,35.8517,72.6327,1364585700
1272,35.8517,72.6327,1364584860
1272,35.8212,72.5984,1364564640
1272,35.8267,72.5974,1364525460
1272,35.8146,72.5757,1364504460
1272,35.8146,72.5757,1364503680
1272,33.9308,70.7154,1364486400
1272,33.4736,70.5833,1364468280
1272,33.4722,70.58,1364431320
1272,33.4736,70.5833,1364416680
1272,33.4736,70.5833,1364415360
1272,33.4736,70.5833,1364415000
1272,33.4745,70.5811,1364414160
1272,33.4745,70.5811,1364413740
1272,33.4366,70.6444,1364339340
1272,33.4439,70.7849,1364336880
1272,33.4736,70.5833,1364257800
1272,35.4188,71.6815,1364257800
1272,33.4736,70.5833,1364187480
1272,33.4736,70.5834,1364187480
1272,33.4736,70.5833,1364187360
1272,33.4736,70.5833,1364187300
1272,33.4736,70.5834,1364187300
1272,33.4736,70.5834,1364187180
1272,33.4736,70.5834,1364187120
1272,33.4736,70.5834,1364187120
1272,33.4736,70.5834,1364187060
1272,33.4736,70.5834,1364187000
1272,33.4735,70.5834,1364186940
1272,33.4735,70.5834,1364186880
1272,33.4736,70.5834,1364186820
1272,33.4736,70.5833,1364186760
1272,33.4736,70.5833,1364184720
1272,33.4722,70.58,1364183940
1272,33.4736,70.5834,1364183520
1272,33.4736,70.5834,1364183040
1272,35.2293,71.4406,1364075820
1272,35.185,71.3917,1364075400
1272,34.7591,71.0424,1364074320
1272,34.7003,71.0224,1364072820
1272,33.4722,70.58,1363822920
1272,33.4736,70.5833,1363822860
1272,33.4736,70.5833,1363822800
1272,33.4216,70.6076,1363715520
1272,33.4735,70.5833,1363662240
1272,33.4735,70.5833,1363662240
1272,33.4735,70.5833,1363662060
1272,33.4735,70.5833,1363661880
1272,33.4736,70.5833,1363658700
1272,33.4348,70.626,1363630620
1272,33.4736,70.5833,1363567080
1272,33.4736,70.5833,1363567080
1272,33.4736,70.5833,1363567080
1272,33.4736,70.5833,1363567080
1272,33.4736,70.5833,1363567020
1272,33.4736,70.5833,1363563840
1272,33.5637,70.7882,1363545900
1272,33.5637,70.7882,1363545840
1272,33.5637,70.7882,1363545720
1272,33.5587,70.7823,1363534800
1272,33.5587,70.7823,1363530660
1272,33.5248,70.752,1363526700
1272,33.4688,70.5763,1363460280
1272,33.4735,70.5833,1363439460
1272,33.4736,70.5833,1363438680
1272,33.4736,70.5833,1363438680
1272,33.4736,70.5833,1363438680
1272,33.4736,70.5833,1363438680
1272,33.4735,70.5833,1363438680
1272,33.4736,70.5833,1363438680
1272,33.4253,70.6121,1363382340
1272,33.4722,70.58,1363314660
1272,33.4768,70.5813,1363231980
1272,33.4766,70.5811,1363226100
1272,33.4786,70.5781,1363225860
1272,33.4769,70.581,1363225740
1272,33.4769,70.581,1363225680
1272,33.4769,70.581,1363225440
1272,33.4769,70.581,1363225380
1272,33.4769,70.581,1363225380
1272,33.476,70.5816,1363225200
1272,33.476,70.5816,1363225200
1272,33.476,70.5816,1363225140
1272,33.476,70.5816,1363225080
1272,33.476,70.5816,1363225080
1272,33.476,70.5816,1363225020
1272,33.476,70.5816,1363225020
1272,33.4734,70.5834,1363222740
1272,33.4734,70.5834,1363222740
1272,33.4734,70.5834,1363222680
1272,33.4736,70.5833,1363054020
1272,33.4736,70.5833,1363053900
1272,33.4736,70.5833,1363053900
1272,33.4736,70.5833,1363053300
1272,33.4722,70.58,1363029300
1272,33.4736,70.5833,1363028940
1272,33.4736,70.5833,1363028220
1272,33.4741,70.583,1362937980
1272,33.4736,70.5833,1362702540
1272,33.4736,70.5833,1362702480
1272,33.4736,70.5833,1362702480
1272,33.4173,70.6102,1362340740
1272,33.4171,70.6104,1362339540
1272,33.4177,70.6067,1362330000
1272,33.4171,70.6104,1362321360
1272,33.4187,70.6097,1362312480
1272,33.4171,70.6104,1362245280
1272,33.4171,70.6104,1362236880
1272,33.4736,70.5833,1362201420
1272,33.4768,70.5809,1362196680
1272,33.4736,70.5833,1362173460
1272,33.4736,70.5833,1362173460
1272,33.4722,70.58,1362169080
1272,33.4209,70.6077,1362159720
1272,33.4231,70.6079,1362147360
1272,33.4722,70.58,1362108180
1272,33.4769,70.5828,1362025140
1272,33.4736,70.5833,1362021660
1272,33.4736,70.5833,1362019560
1272,33.4736,70.5833,1361848980
1272,33.4209,70.5965,1361844840
1272,33.4688,70.5763,1361752440
1272,33.4735,70.5834,1361680620
1272,33.4735,70.5833,1361680440
1272,33.4735,70.5833,1361680380
1272,33.4736,70.5831,1361680200
1272,33.4735,70.5832,1361679600
1272,33.4735,70.5834,1361679540
1272,33.4735,70.5833,1361679300
1272,33.4735,70.5834,1361679180
1272,33.4735,70.5834,1361679120
1272,33.4735,70.5833,1361679000
1272,33.4735,70.5833,1361678940
1272,33.4735,70.5833,1361678880
1272,33.4735,70.5833,1361678820
1272,33.4735,70.5834,1361678700
1272,33.4722,70.58,1361678220
1272,33.4722,70.58,1361676900
1272,33.4722,70.58,1361675340
1272,33.4736,70.5833,1361672340
1272,33.4736,70.5833,1361671200
1272,33.4736,70.5833,1361669100
1272,33.4881,70.5774,1361651220
1272,33.4881,70.5774,1361650920
1272,33.4888,70.5798,1361644860
1272,33.4884,70.58,1361643900
1272,33.444,70.6705,1361638080
1272,33.4735,70.5833,1361563500
1272,33.4722,70.58,1361506620
1272,33.4722,70.58,1361506560
1272,33.4722,70.58,1361506380
1272,33.4722,70.58,1361505420
1272,33.4219,70.6078,1361485020
1272,33.4231,70.6079,1361479020
1272,33.4239,70.6076,1361473620
1272,33.4767,70.5807,1361409780
1272,33.4266,70.6076,1361391720
1272,33.4722,70.58,1361370720
1272,33.4238,70.6076,1361369280
1272,33.4722,70.58,1361358780
1272,33.4343,70.6114,1361320740
1272,33.4722,70.58,1361247540
1272,33.4218,70.6076,1361218980
1272,33.5587,70.7823,1361144640
1272,33.4722,70.58,1361143860
1272,33.7402,70.9052,1361118540
1272,33.7402,70.9052,1361118480
1272,33.7402,70.9052,1361118420
1272,33.5097,70.7565,1361111700
1272,33.5097,70.7565,1361111280
1272,33.4722,70.58,1361062800
1272,33.4722,70.58,1361055960
1272,33.4722,70.58,1361050800
1272,33.4722,70.58,1361041200
1272,33.4722,70.58,1361019840
1272,33.4722,70.58,1360980960
1272,33.4767,70.5812,1360979460
1272,33.4722,70.58,1360979160
1272,33.4736,70.5832,1360978920
1272,33.4736,70.5832,1360978800
1272,33.4736,70.5832,1360978740
1272,34.616,58.3717,1360978620
1272,33.4573,70.5766,1360978500
1272,33.4372,70.6475,1360978500
1272,33.4244,70.6076,1360944060
1272,33.4722,70.58,1360904580
1272,33.4722,70.58,1360904400
1272,33.4328,70.636,1360902300
1272,33.4319,70.6354,1360894500
1272,33.4319,70.6354,1360884060
1272,33.4322,70.6348,1360882680
1272,33.4322,70.6348,1360882140
1272,33.4328,70.636,1360881540
1272,33.4214,70.6076,1360877880
1272,33.4218,70.6089,1360865400
1272,33.4722,70.58,1360810980
1272,34.6037,58.3805,1360793880
1272,33.4214,70.6084,1360793640
1272,33.4232,70.6098,1360793400
1272,33.4228,70.6096,1360793340
1272,33.4229,70.6094,1360793280
1272,33.4229,70.6086,1360793220
1272,33.4233,70.6079,1360792980
1272,33.4233,70.6079,1360792920
1272,33.4231,70.6079,1360763040
1272,33.4736,70.5833,1360723560
1272,33.4736,70.5833,1360723560
1272,33.6382,71.6343,1360627560
1272,39.0356,72.4933,1360613700
1272,39.336,71.7684,1360602960
1272,39.2781,72.2275,1359812880
1272,38.7159,72.5682,1359808200
1272,33.4756,70.5816,1359752940
1272,33.5369,70.58,1359683040
1272,33.5369,70.58,1359678120
1272,33.4229,70.6096,1359589260
1272,33.0526,71.5298,1359581580
1272,32.9716,71.5444,1359567780
1272,33.2309,71.4646,1359550080
1272,33.2309,71.4646,1359548280
1272,33.3848,71.273,1359547020
1272,32.9739,71.5279,1359476640
1272,32.9739,71.5279,1359467820
1272,33.2309,71.4646,1359464880
1272,33.4732,70.5832,1359456960
1272,33.4722,70.58,1359418860
1272,33.4231,70.6079,1359399660
1272,33.4231,70.6079,1359375720
1272,33.4722,70.58,1359365160
1272,33.2972,70.8757,1359329220
1272,33.2972,70.8757,1359329160
1272,33.2972,70.8757,1359329040
1272,33.2942,70.8753,1359320700
1272,33.2942,70.8754,1359318840
1272,33.2941,70.8756,1359316680
1272,33.294,70.8753,1359314880
1272,33.4545,70.6537,1359299580
1272,33.4463,70.5726,1359297120
1272,33.6437,71.6349,1359242280
1272,33.6349,71.6222,1359241740
1272,33.6364,71.6349,1359240840
1272,33.6364,71.6349,1359240720
1272,33.6364,71.6349,1359240660
1272,33.6364,71.6349,1359240660
1272,33.6414,71.635,1359239760
1272,33.6364,71.6349,1359239580
1272,33.6364,71.6349,1359238560
1272,33.6364,71.6349,1359238440
1272,33.6364,71.6349,1359236220
1272,33.5969,70.8877,1359229860
1272,33.5969,70.8877,1359228720
1272,33.5969,70.8877,1359228180
1272,33.5954,70.8874,1359223800
1272,33.5969,70.8877,1359223260
1272,33.5969,70.8877,1359223020
1272,33.472,70.582,1359158880
1272,33.4229,70.6084,1359132120
1272,33.4231,70.6079,1359125400
1272,33.4231,70.6079,1359117360
1272,33.4231,70.6079,1359114780
1272,33.4722,70.58,1359074520
1272,33.4722,70.58,1359073920
1272,33.4722,70.58,1359073740
1272,33.4227,70.6081,1359065700
1272,33.4227,70.6079,1359048060
1272,33.4228,70.6078,1359045840
1272,33.4722,70.58,1358993280
1272,33.4875,70.5773,1358993220
1272,33.472,70.582,1358993100
1272,33.4231,70.6079,1358983080
1272,33.4231,70.6079,1358973720
1272,33.4232,70.6082,1358963520
1272,33.4722,70.58,1358910780
1272,33.4722,70.58,1358906400
1272,33.4722,70.58,1358895360
1272,33.4722,70.58,1358893080
1272,33.4722,70.58,1358890620
1272,33.4531,70.617,1358889540
1272,33.4735,70.5833,1358888400
1272,33.4231,70.6079,1358873760
1272,33.4231,70.6079,1358873580
1272,33.4226,70.6088,1358873040
1272,33.4736,70.5833,1358819580
1272,33.4735,70.5834,1349398260
1272,33.4733,70.5835,1349394240
1272,32.9739,71.5279,1340821080
1272,32.9739,71.5279,1340821020
1272,32.9739,71.5279,1340817240
1272,33.2309,71.4646,1340805240
1272,33.2309,71.4646,1340805240
1272,33.4575,70.7161,1340799660
1272,33.4231,70.6079,1340799660
1272,33.4537,70.616,1340765460
1272,33.4372,70.6335,1340765460
1272,33.4376,70.6344,1340686380
1272,33.4376,70.6344,1340684940
1272,33.4231,70.6079,1340684160
1272,33.4231,70.6079,1340684100
1272,33.4231,70.6079,1340684040
1272,33.3601,71.3256,1340628720
1272,33.4406,70.6514,1340600640
1272,33.4406,70.6514,1340596920
1272,33.4366,70.6443,1340591160
1272,33.4366,70.6443,1340590800
1272,33.5102,70.7562,1340550780
1272,33.5102,70.7562,1340550660
1272,33.4377,70.6475,1340547840
1272,33.4376,70.6344,1340484000
1272,33.4376,70.6344,1340479140
1272,33.4369,70.6462,1340335680
1272,33.4385,70.649,1340333760
1272,33.4406,70.6514,1340320620
1272,33.4233,70.6076,1340298060
1272,33.4378,70.6475,1340083620
1272,33.4377,70.6475,1340083440
1272,33.4378,70.6475,1340050140
1272,33.4377,70.6475,1340050020
1272,33.4378,70.6475,1340049780
1272,33.4378,70.6475,1340049360
1272,33.4406,70.6514,1339808100
1272,33.4377,70.644,1339800600
1272,33.4372,70.6471,1339796760
1272,33.4231,70.6079,1339796040
1272,33.0479,71.6054,1339772220
1272,33.0479,71.6054,1339771380
1272,33.0479,71.6054,1339698900
1272,32.9693,71.5324,1339698600
1272,33.4585,70.948,1339689360
1272,33.4576,70.9127,1339689360
1272,33.0479,71.6054,1339689300
1272,33.4583,70.9215,1339689000
1272,33.4579,70.9403,1339689000
1272,33.0479,71.6054,1339689000
1272,33.0471,71.6061,1339685520
1272,33.4565,70.8983,1339679280
1272,33.4564,70.8979,1339679160
1272,33.4537,70.8886,1339679100
1272,33.4494,70.8723,1339679040
1272,33.4422,70.8456,1339678980
1272,33.4378,70.6475,1339638660
1272,33.5112,70.5645,1339532820
1272,33.4378,70.6475,1339398180
1272,33.4378,70.6476,1339397700
1272,33.4378,70.6475,1339397460
1272,33.4378,70.6475,1339397400
1272,33.4378,70.6475,1339397100
1272,33.4377,70.6477,1339396560
1272,34.6207,58.3725,1339366920
1272,34.6036,58.3804,1339366800
1272,34.6159,58.3716,1339366740
1272,34.6159,58.3716,1339366620
1272,34.6179,58.3702,1339366560
1272,34.598,58.3769,1339347420
1272,34.598,58.3769,1339347360
1272,34.6266,58.3708,1339347240
1272,34.633,58.4772,1339347180
1272,34.6393,58.3627,1339347000
1272,34.6209,58.3714,1339336260
1272,34.6209,58.3709,1339297380
1272,34.6188,58.3653,1339295280
1272,34.6188,58.3653,1339293420
1272,34.6044,58.3664,1339286460
1272,34.6034,58.3752,1339285620
1272,34.5876,58.391,1339280760
1272,34.5956,58.4028,1339265520
1272,34.5956,58.4028,1339264980
1272,34.6045,58.3803,1339263120
1272,34.6208,58.3757,1339261500
1272,34.6208,58.3757,1339261320
1272,34.6209,58.3714,1339258380
1272,34.5959,58.3946,1339212900
1272,34.5959,58.3946,1339212780
1272,34.6153,58.373,1339192200
1272,33.397,70.7938,1339146120
1272,33.4378,70.6476,1339134780
1272,33.4378,70.6476,1339134540
1272,33.4406,70.6514,1339134000
1272,33.4406,70.6514,1339133880
1272,33.4406,70.6514,1339133640
1272,33.4378,70.6505,1339133580
1272,33.4406,70.6514,1339133580
1272,33.4406,70.6514,1339115400
1272,33.4316,70.6248,1339110600
1272,33.4377,70.6475,1339045140
1272,33.4377,70.6475,1339031700
1272,33.4241,70.6067,1338928200
1272,33.6321,70.6039,1338854400
1272,33.6321,70.6039,1338824820
1272,33.6321,70.6039,1338824640
1272,33.4383,70.6446,1338778920
1272,33.4406,70.6514,1338773640
1272,33.6351,70.576,1338752640
1272,33.6351,70.576,1338752580
1272,33.6351,70.576,1338752580
1272,33.6351,70.576,1338751800
1272,33.6351,70.576,1338751740
1272,33.6351,70.576,1338750840
1272,33.6351,70.576,1338750600
1272,33.6351,70.576,1338750000
1272,33.6351,70.576,1338749700
1272,33.6351,70.576,1338749580
1272,33.6351,70.576,1338749520
1272,33.6044,70.8655,1338697980
1272,33.6044,70.8655,1338689820
1272,33.4435,70.6499,1338673920
1272,33.4406,70.6514,1338671220
1272,32.9739,71.5279,1338581100
1272,32.9693,71.5452,1338578100
1272,32.9698,71.5449,1338577920
1272,32.9693,71.5452,1338577740
1272,32.9698,71.5452,1338577080
1272,32.9698,71.5449,1338576600
1272,32.97,71.5445,1338573780
1272,32.9698,71.5449,1338573240
1272,32.9739,71.5279,1338571980
1272,32.9739,71.5279,1338571680
1272,33.2309,71.4646,1338559860
1272,33.2309,71.4646,1338559800
1272,33.2309,71.4646,1338557760
1272,33.4378,70.6475,1338527520
1272,33.4378,70.6475,1338527520
1272,33.4376,70.6476,1338527460
1272,33.4377,70.6476,1338527400
1272,33.4377,70.6475,1338520980
1272,33.4429,70.6538,1338519180
1272,33.4288,70.6109,1338491280
1272,33.4323,70.6099,1338479520
1272,33.4319,70.6118,1338479400
1272,33.4267,70.6175,1338387780
1272,33.4269,70.6178,1338387420
1272,33.4406,70.6514,1338348300
1272,33.4406,70.6514,1338298500
1272,33.4406,70.6522,1338251640
1272,33.4406,70.6514,1338173520
1272,33.5636,70.7881,1338155280
1272,33.5587,70.7823,1338146040
1272,33.5395,70.7748,1338142560
1272,33.4391,70.6542,1338138540
1272,33.4372,70.6502,1338137100
1272,33.4357,70.6524,1338137040
1272,33.4364,70.6508,1338134340
1272,33.4182,70.6567,1338134280
1272,33.4406,70.6514,1338089940
1272,33.4377,70.6475,1338065760
1272,33.4406,70.6514,1338046800
1272,33.397,70.7938,1338013440
1272,22.4961,68.9085,1338002640
1272,22.4648,68.9252,1337991180
1272,22.4646,68.9252,1337912400
1272,22.4953,68.9088,1337741940
1272,33.4188,70.7826,1337712600
1272,33.4406,70.6514,1337651220
1272,33.4406,70.6514,1337648280
1272,33.4406,70.6514,1337644980
1272,33.4381,70.6469,1337620200
1272,33.4406,70.6514,1337619300
1272,33.4378,70.6475,1337618220
1272,33.4377,70.6474,1337618100
1272,33.4376,70.6479,1337556240
1272,33.4406,70.6514,1337540700
1272,33.4406,70.6514,1337537880
1272,33.4406,70.6514,1337535300
1272,33.4286,70.641,1337489940
1272,33.4286,70.641,1337489640
1272,33.4286,70.641,1337488980
1272,33.4403,70.6566,1337437680
1272,33.4406,70.6514,1337432760
1272,33.4406,70.6514,1337396280
1272,33.328,70.7162,1337394840
1272,22.496,68.9094,1337394780
1272,22.496,68.9094,1337394120
1272,22.4953,68.9087,1337385540
1272,22.4961,68.9094,1337385180
1272,22.4953,68.9087,1337385180
1272,22.4953,68.9088,1337382720
1272,22.4707,68.9267,1337380740
1272,22.4635,68.9259,1337377920
1272,22.4305,68.9217,1337370060
1272,22.4308,68.9223,1337370060
1272,22.4649,68.9255,1337353620
1272,22.4309,68.922,1337353560
1272,22.4635,68.9254,1337351160
1272,22.4648,68.9254,1337281320
1272,22.4647,68.9253,1337280000
1272,22.4647,68.9253,1337214720
1272,22.4707,68.9267,1337211540
1272,22.4647,68.9253,1337192880
1272,22.4403,68.8872,1337191440
1272,22.4357,68.8629,1337191320
1272,22.4357,68.8629,1337190540
1272,22.4627,68.9267,1337135040
1272,22.4627,68.9267,1337134860
1272,22.3685,68.8215,1337127660
1272,22.4648,68.9253,1337050080
1272,22.4648,68.9252,1337048100
1272,22.4953,68.9088,1337046660
1272,33.3966,70.7905,1336983360
1272,33.397,70.7938,1336981080
1272,33.3978,70.7922,1336981020
1272,33.4376,70.6476,1336962420
1272,33.5587,70.7823,1336959600
1272,33.5587,70.7823,1336959360
1272,33.5587,70.7823,1336959120
1272,33.5102,70.7562,1336952040
1272,33.5102,70.7562,1336951860
1272,33.4372,70.6473,1336929360
1272,33.4406,70.6514,1336927560
1272,33.436,70.6483,1336924260
1272,33.4373,70.6443,1336920960
1272,33.4406,70.6514,1336917180
1272,33.4406,70.6514,1336882260
1272,33.4357,70.6702,1336864140
1272,33.4231,70.6079,1336825320
1272,33.4357,70.6435,1336793700
1272,33.4357,70.6435,1336793700
1272,33.4386,70.6412,1336790640
1272,33.4386,70.6412,1336790460
1272,33.4394,70.6397,1336784100
1272,33.4394,70.6397,1336783800
1272,33.4394,70.6399,1336783500
1272,33.4394,70.6399,1336783080
1272,33.4231,70.6079,1336690020
1272,33.437,70.6478,1336597020
1272,33.4376,70.6476,1336536480
1272,22.3108,68.8926,1336535640
1272,22.3198,68.9399,1336500420
1272,22.4387,68.9232,1336480920
1272,22.4953,68.9087,1336479120
1272,22.4846,68.9118,1336478160
1272,22.4953,68.9088,1336477860
1272,33.4406,70.6514,1336442040
1272,33.5112,70.5645,1336417980
1272,33.5112,70.5645,1336404300
1272,33.437,70.6457,1336404120
1272,33.437,70.6458,1336353840
1272,33.4406,70.6514,1336353780
1272,33.4366,70.6444,1336353480
1272,33.4184,70.6019,1336351920
1272,33.4129,70.6033,1336351140
1272,33.4177,70.5992,1336313400
1272,33.4184,70.6016,1336313340
1272,33.4377,70.6476,1336307940
1272,33.4142,70.5999,1336243620
1272,33.437,70.6454,1336188720
1272,33.437,70.6454,1336188660
1272,33.437,70.6454,1336188600
1272,33.4234,70.6077,1335994020
1272,33.442,70.644,1335929160
1272,33.442,70.644,1335929100
1272,33.442,70.644,1335919260
1272,33.4376,70.6476,1335915780
1272,33.4376,70.6476,1335915720
1272,33.4447,70.6518,1335910620
1272,33.4427,70.651,1335910560
1272,33.4406,70.6514,1335910380
1272,33.4375,70.6478,1335894600
1272,33.4406,70.6514,1335888180
1272,33.4375,70.6447,1335884280
1272,33.4382,70.6474,1335877620
1272,33.4406,70.6514,1335817980
1272,33.4415,70.6484,1335727380
1272,33.4406,70.6514,1335681780
1272,33.4406,70.6514,1335661920
1272,33.4406,70.6514,1335658500
1272,33.4406,70.6514,1335625200
1272,33.437,70.6454,1335620700
1272,33.4379,70.6412,1335593880
1272,33.4379,70.6412,1335593400
1272,22.3687,68.8215,1335566880
1272,22.4458,68.9192,1335548760
1272,22.4307,68.9217,1335468840
1272,22.4579,68.9265,1335410640
1272,22.4591,68.9274,1335397620
1272,22.317,68.9301,1335392880
1272,22.3153,68.9244,1335392820
1272,22.3122,68.9012,1335390420
1272,22.3122,68.9011,1335390360
1272,22.3108,68.8926,1335386040
1272,22.3198,68.9399,1335373860
1272,22.4707,68.9267,1335218940
1272,22.4953,68.9088,1335218460
1272,22.4953,68.9088,1335218220
1272,33.4376,70.6474,1335157560
1272,33.4406,70.6514,1335142920
1272,33.4406,70.6514,1335132300
1272,33.4378,70.6475,1335122760
1272,33.4378,70.6475,1335122700
1272,33.4452,70.6752,1335108600
1272,33.4452,70.6752,1335108120
1272,33.4452,70.6752,1335107520
1272,33.442,70.6633,1335103920
1272,33.4406,70.6596,1335103560
1272,33.4417,70.6599,1335103500
1272,33.4402,70.6564,1335103020
1272,33.4406,70.6514,1335055860
1272,33.5369,70.58,1335053580
1272,33.5419,70.5849,1335051960
1272,33.4908,70.6168,1335042840
1272,33.4447,70.6345,1335042540
1272,33.4447,70.6345,1335042120
1272,33.4406,70.6514,1335039660
1272,33.4406,70.6514,1335039540
1272,33.4406,70.6514,1335020940
1272,33.4406,70.6514,1335020880
1272,33.4385,70.649,1335014940
1272,33.437,70.6454,1334973540
1272,33.4427,70.6465,1334872800
1272,33.4095,70.5632,1334870160
1272,33.4092,70.5628,1334855280
1272,33.4096,70.5631,1334854800
1272,33.4096,70.5631,1334854620
1272,33.4096,70.5631,1334850960
1272,33.4096,70.5631,1334845620
1272,33.4406,70.6514,1334796480
1272,33.41,70.5632,1334784540
1272,33.4096,70.5631,1334759880
1272,33.4096,70.5631,1334759880
1272,33.4096,70.5631,1334759880
1272,33.4231,70.6079,1334677680
1272,33.4231,70.6079,1334665260
1272,33.4381,70.6445,1334635260
1272,33.4406,70.6514,1334633700
1272,33.4406,70.6514,1334626140
1272,33.5112,70.5645,1334606820
1272,33.5112,70.5645,1334606400
1272,33.5113,70.5645,1334580660
1272,33.5112,70.5643,1334579400
1272,33.4406,70.6514,1334574420
1272,33.4406,70.6514,1334546040
1272,33.5101,70.7569,1334534760
1272,33.5637,70.7882,1334524680
1272,33.5173,70.7574,1334507340
1272,33.4437,70.679,1334505480
1272,33.4378,70.6475,1334503020
1272,33.4376,70.6476,1334466900
1272,33.4376,70.6476,1334466780
1272,33.4376,70.6476,1334466120
1272,33.4376,70.6476,1334461980
1272,33.4376,70.6476,1334459940
1272,33.4376,70.6476,1334459820
1272,33.4376,70.6476,1334459760
1272,33.4377,70.6472,1334441460
1272,33.7539,70.9032,1334441040
1272,33.7539,70.9032,1334441040
1272,33.7539,70.9032,1334440740
1272,33.754,70.9038,1334426040
1272,33.7539,70.9032,1334425140
1272,33.6641,70.9341,1334422860
1272,33.4406,70.6514,1334417640
1272,33.4378,70.6475,1334416140
1272,33.438,70.6445,1334414280
1272,33.437,70.6477,1334414280
1272,33.4406,70.6514,1334411640
1272,33.4406,70.6514,1334410080
1272,22.4953,68.9085,1334367120
1272,22.4951,68.9091,1334365680
1272,22.4951,68.9087,1334364960
1272,22.4953,68.9088,1334363820
1272,22.4646,68.9253,1334359440
1272,22.4647,68.9254,1334359260
1272,22.4646,68.9253,1334359080
1272,22.3686,68.8215,1334350020
1272,22.3687,68.8215,1334315940
1272,22.4458,68.925,1334266380
1272,22.4544,68.934,1334260080
1272,22.4635,68.9293,1334260080
1272,22.4399,68.8974,1334232000
1272,22.4319,68.9151,1334231820
1272,22.4319,68.915,1334231460
1272,22.441,68.923,1334194200
1272,22.4458,68.9195,1334188500
1272,22.4334,68.9161,1334140620
1272,22.4345,68.9157,1334140560
1272,22.4333,68.9217,1334140440
1272,22.4367,68.9261,1334139960
1272,22.4366,68.9262,1334139780
1272,22.4365,68.9263,1334139660
1272,22.4338,68.9248,1334102520
1272,22.3108,68.8926,1334080140
1272,22.3114,68.9277,1334075340
1272,22.3108,68.8926,1334074800
1272,22.3108,68.8926,1334074740
1272,22.4953,68.9087,1334059680
1272,33.3982,70.7898,1334051040
1272,33.4234,70.6076,1333993860
1272,33.4229,70.6099,1333992780
1272,33.4231,70.6079,1333978860
1272,35.8113,72.5721,1333938000
1272,35.8134,72.5763,1333936020
1272,35.822,72.5993,1333925040
1272,35.822,72.5993,1333924920
1272,35.8221,72.6019,1333924380
1272,35.8221,72.6019,1333924140
1272,35.8221,72.6019,1333924020
1272,35.8221,72.6019,1333922280
1272,35.8221,72.6019,1333921740
1272,35.8267,72.5974,1333906380
1272,35.815,72.577,1333897020
1272,35.816,72.5859,1333893480
1272,35.8223,72.599,1333854180
1272,35.8224,72.599,1333853460
1272,35.8267,72.5974,1333853220
1272,35.8146,72.5757,1333853160
1272,35.8221,72.6019,1333842660
1272,35.8221,72.6019,1333836900
1272,35.8221,72.6019,1333836780
1272,35.8221,72.6019,1333836720
1272,35.8221,72.6019,1333835760
1272,35.8221,72.6019,1333835100
1272,35.8221,72.6019,1333834980
1272,35.8223,72.599,1333833000
1272,35.8223,72.599,1333832760
1272,35.8223,72.599,1333832760
1272,35.8223,72.599,1333832760
1272,35.8223,72.599,1333832760
1272,35.8223,72.599,1333829520
1272,35.8229,72.5989,1333828980
1272,35.8267,72.5974,1333824420
1272,35.8424,72.63,1333819260
1272,35.8443,72.6336,1333817580
1272,35.9353,72.7192,1333815780
1272,35.9353,72.7192,1333815780
1272,35.8434,72.6391,1333814220
1272,35.8434,72.6386,1333813680
1272,35.8423,72.639,1333813500
1272,35.8434,72.6386,1333813380
1272,35.8434,72.6386,1333812960
1272,35.8267,72.5974,1333811760
1272,35.8267,72.5974,1333811280
1272,35.8267,72.5974,1333811220
1272,35.8224,72.5989,1333803180
1272,35.8445,72.4713,1333746000
1272,33.6195,70.7155,1333725840
1272,33.5902,70.7152,1333725600
1272,33.5899,70.7151,1333725540
1272,33.5694,70.7121,1333725420
1272,33.4435,70.6668,1333723740
1272,33.4406,70.6514,1333719660
1272,33.4367,70.6449,1333687860
1272,33.4344,70.6427,1333687320
1272,33.4315,70.6351,1333681920
1272,33.4315,70.6351,1333681860
1272,33.4315,70.6351,1333675440
1272,33.4367,70.6405,1333672500
1272,33.4386,70.6412,1333672200
1272,33.4377,70.6477,1333671120
1272,33.4406,70.6514,1333669320
1272,33.4406,70.6514,1333669140
1272,33.4376,70.6491,1333667820
1272,33.4376,70.6491,1333666020
1272,33.4406,70.6514,1333664040
1272,33.4392,70.6468,1333651080
1272,33.4392,70.6468,1333650840
1272,33.4231,70.6079,1333643580
1272,33.4406,70.6514,1333586280
1272,33.4377,70.6473,1333585680
1272,33.4246,70.6085,1333581240
1272,33.4246,70.6085,1333580520
1272,33.4231,70.6079,1333580340
1272,33.5691,70.7198,1333580100
1272,33.5691,70.7198,1333580040
1272,33.5691,70.7198,1333579980
1272,33.5691,70.7198,1333579860
1272,33.4245,70.6085,1333577580
1272,33.4221,70.6096,1333560780
1272,33.4229,70.6088,1333560720
1272,33.4221,70.6098,1333560720
1272,33.4221,70.6097,1333558440
1272,33.4333,70.6261,1333540560
1272,33.4385,70.6446,1333540200
1272,33.479,70.6218,1333507680
1272,33.5418,70.5848,1333505220
1272,33.4774,70.6226,1333495200
1272,33.5691,70.7198,1333469940
1272,33.5691,70.7198,1333462500
1272,33.5587,70.7823,1333386660
1272,33.4227,70.6081,1333385520
1272,33.4406,70.6514,1333341600
1272,33.4376,70.6475,1333341180
1272,33.4377,70.6475,1333341060
1272,33.4376,70.6476,1333339800
1272,33.5587,70.7823,1333334940
1272,33.5637,70.7881,1333314840
1272,33.5587,70.7823,1333297980
1272,33.5537,70.7954,1333295640
1272,33.5392,70.7745,1333295400
1272,33.5228,70.7573,1333295160
1272,33.4505,70.7001,1333292940
1272,33.4406,70.6514,1333288800
1272,33.4406,70.6514,1333288620
1272,33.4378,70.6475,1333252740
1272,33.4377,70.6475,1333252680
1272,33.4378,70.6476,1333249500
1272,33.4378,70.6475,1333247700
1272,33.4377,70.6475,1333247460
1272,33.4378,70.6474,1333244880
1272,33.443,70.6475,1333239720
1272,33.4406,70.6514,1333237860
1272,33.4384,70.6466,1333237320
1272,33.4376,70.6445,1333236960
1272,33.4379,70.6444,1333236780
1272,33.4558,70.7415,1333235160
1272,33.482,70.7457,1333234800
1272,33.4821,70.7453,1333234680
1272,33.4821,70.7453,1333234380
1272,33.482,70.7479,1333233660
1272,33.4819,70.7472,1333233660
1272,33.4821,70.7453,1333230720
1272,33.4366,70.6444,1333228440
1272,33.4405,70.6494,1333225020
1272,33.4406,70.6514,1333215600
1272,33.437,70.6413,1333146780
1272,33.4231,70.6079,1333117740
1272,33.4377,70.6475,1333079820
1272,33.4228,70.608,1333058700
1272,33.4255,70.6133,1333058640
1272,33.4231,70.6079,1333055700
1272,33.4226,70.6072,1333055460
1272,33.4406,70.6514,1333022280
1272,33.4406,70.6514,1333022220
1272,33.4406,70.6514,1333022160
1272,33.4385,70.6586,1332971700
1272,33.4214,70.7828,1332969180
1272,33.4188,70.7826,1332969000
1272,33.4188,70.7826,1332968880
1272,33.5419,70.585,1332908400
1272,33.5419,70.5848,1332894180
1272,33.4846,70.6188,1332894060
1272,33.4225,70.6095,1332888420
1272,33.4406,70.6514,1332807060
1272,33.4316,70.6248,1332801120
1272,33.4314,70.6246,1332801060
1272,33.4316,70.6248,1332800940
1272,33.4238,70.6103,1332800580
1272,33.4316,70.6248,1332800580
1272,33.4231,70.6079,1332790020
1272,33.4375,70.6444,1332727800
1272,33.4136,70.6456,1332704700
1272,33.4178,70.6502,1332703440
1272,33.4178,70.6502,1332703080
1272,33.4406,70.6514,1332697080
1272,35.3514,71.5758,1332680460
1272,35.4545,71.6933,1332650400
1272,35.453,71.6933,1332639780
1272,35.4498,71.6867,1332639120
1272,35.4455,71.6768,1332628560
1272,35.4455,71.6765,1332628140
1272,35.4478,71.6751,1332628020
1272,35.441,71.6788,1332627900
1272,35.4538,71.6933,1332626040
1272,35.4275,71.6438,1332604860
1272,33.4543,70.6867,1332540480
1272,33.5112,70.5645,1332519180
1272,33.5112,70.5645,1332511140
1272,33.5102,70.5866,1332505920
1272,33.4372,70.644,1332477120
1272,33.4353,70.6433,1332476580
1272,33.461,70.6711,1332476280
1272,33.461,70.6711,1332476220
1272,33.4353,70.6433,1332476100
1272,33.4406,70.6514,1332464580
1272,33.4374,70.6436,1332459720
1272,33.4323,70.6099,1332450660
1272,33.4323,70.6099,1332450540
1272,33.4336,70.6089,1332450480
1272,33.4323,70.6099,1332447540
1272,33.4232,70.6079,1332441840
1272,33.4287,70.6191,1332422040
1272,33.4382,70.6534,1332376080
1272,33.4392,70.6564,1332374640
1272,33.4359,70.6664,1332371160
1272,33.4238,70.6086,1332367260
1272,33.4231,70.6079,1332346560
1272,33.4376,70.6477,1332329880
1272,33.4232,70.608,1332252840
1272,33.4255,70.6137,1332246000
1272,33.4342,70.6099,1332211440
1272,33.4406,70.6514,1332208260
1272,33.4353,70.6433,1332203100
1272,33.461,70.6711,1332128880
1272,33.4377,70.6474,1332125640
1272,33.4353,70.6433,1332105360
1272,33.4348,70.6513,1332087960
1272,33.4307,70.6477,1332087900
1272,33.4294,70.6491,1332080940
1272,33.4611,70.6708,1332079860
1272,33.4608,70.6693,1332079860
1272,33.4378,70.6505,1332079860
1272,33.4562,70.5931,1331945940
1272,33.5118,70.5648,1331943780
1272,33.4406,70.6514,1331943120
1272,33.4406,70.6514,1331940420
1272,33.4406,70.6514,1331899260
1272,33.4406,70.6514,1331898780
1272,33.4378,70.6475,1331896620
1272,22.4652,68.9254,1331773320
1272,22.4649,68.9257,1331773320
1272,22.4707,68.9267,1331751060
1272,22.4647,68.9253,1331742120
1272,22.4647,68.9253,1331681580
1272,22.3643,68.8198,1331679900
1272,22.3957,68.842,1331679840
1272,22.3687,68.8215,1331679780
1272,22.3957,68.842,1331679720
1272,22.3687,68.8215,1331679660
1272,22.3687,68.8215,1331679600
1272,22.3687,68.8215,1331679600
1272,22.3697,68.8244,1331679600
1272,22.3708,68.8303,1331679060
1272,22.465,68.9257,1331652720
1272,22.4649,68.9257,1331652240
1272,22.4462,68.9194,1331593080
1272,22.4707,68.9267,1331591580
1272,33.4687,70.598,1331589600
1272,33.4377,70.6473,1331589600
1272,33.4378,70.6471,1331531760
1272,33.4406,70.6514,1331531580
1272,33.443,70.6478,1331531460
1272,33.4323,70.6585,1331531460
1272,33.4435,70.6499,1331530380
1272,33.7156,70.7268,1331530260
1272,33.7156,70.7268,1331530200
1272,33.4406,70.6514,1331530080
1272,33.4378,70.6505,1331530080
1272,33.4406,70.6514,1331530020
1272,33.4418,70.6507,1331522040
1272,33.4377,70.6478,1331481840
1272,33.4377,70.6475,1331481840
1272,33.4775,70.6222,1331419200
1272,33.4378,70.6505,1331337900
1272,33.4379,70.6534,1331337300
1272,33.4379,70.6534,1331337180
1272,33.4406,70.6596,1331337180
1272,33.4406,70.6596,1331335620
1272,33.44,70.6523,1331334180
1272,33.4406,70.6522,1331332320
1272,33.4406,70.6522,1331332080
1272,33.422,70.6084,1331314140
1272,33.422,70.6084,1331314140
1272,33.5118,70.5648,1331140680
1272,33.4377,70.6474,1331131380
1272,33.5112,70.5645,1331131380
1272,33.5077,70.6127,1331068740
1272,33.5079,70.6127,1331068680
1272,33.5081,70.6124,1331068500
1272,33.5112,70.5645,1331053800
1272,33.5112,70.5645,1331053560
1272,33.4231,70.6079,1330960680
1272,33.4376,70.6476,1330923720
1272,33.4918,70.7031,1330883280
1272,33.4338,70.6355,1330831500
1272,33.4338,70.6355,1330826040
1272,33.4352,70.6443,1330814160
1272,33.4346,70.6454,1330814040
1272,33.4353,70.6433,1330813500
1272,33.436,70.6407,1330813140
1272,33.4298,70.6514,1330813020
1272,33.4386,70.6412,1330812420
1272,33.4377,70.6411,1330812240
1272,33.4373,70.6417,1330812060
1272,33.4375,70.6423,1330812000
1272,33.4376,70.6426,1330811700
1272,33.4375,70.6431,1330811640
1272,33.442,70.644,1330810620
1272,33.442,70.644,1330810380
1272,33.442,70.644,1330810320
1272,33.442,70.644,1330810140
1272,33.4406,70.6514,1330798860
1272,33.4231,70.6079,1330636800
1272,33.4285,70.6195,1330618680
1272,33.4287,70.6191,1330609500
1272,33.4376,70.6477,1330603080
1272,33.4445,70.6495,1330489380
1272,33.4372,70.6476,1330489320
1272,33.4372,70.6472,1330489320
1272,33.4377,70.6474,1330489140
1272,33.4246,70.6085,1330488960
1272,33.445,70.6484,1330488840
1272,33.4386,70.6439,1330488780
1272,33.4386,70.6439,1330488780
1272,33.4386,70.6439,1330488780
1272,35.705,71.8776,1330210920
1272,35.6277,71.7975,1330210320
1272,35.4301,71.6472,1330208220
1272,33.4406,70.6487,1330119120
1272,33.445,70.6484,1330119120
1272,33.4406,70.6487,1330117200
1272,33.4452,70.6483,1330108440
1272,33.4232,70.608,1330104360
1272,33.4232,70.608,1330104360
1272,33.4245,70.6083,1330102260
1272,33.3956,70.7901,1330081680
1272,22.4953,68.9088,1330045140
1272,33.4687,70.598,1330044960
1272,33.3957,70.7897,1330044960
1272,22.4957,68.9093,1330044900
1272,33.3958,70.7896,1330044780
1272,22.4953,68.9088,1330037220
1272,22.4332,68.9241,1330032900
1272,22.4338,68.9243,1330012620
1272,22.4339,68.924,1330012080
1272,22.3647,68.8225,1329997260
1272,22.4648,68.9249,1329955680
1272,22.3687,68.8215,1329954780
1272,22.4647,68.9253,1329954720
1272,22.3643,68.8198,1329954660
1272,22.4615,68.9229,1329926160
1272,22.4661,68.9311,1329924960
1272,22.4635,68.9293,1329924360
1272,22.4635,68.9293,1329924240
1272,22.4656,68.9278,1329873780
1272,22.4647,68.9253,1329778680
1272,33.3965,70.7901,1329747660
1272,33.3967,70.792,1329730020
1272,33.4508,70.6785,1329688500
1272,33.4406,70.6514,1329688380
1272,33.7153,70.7243,1329665700
1272,33.4406,70.6514,1329628200
1272,33.4395,70.6088,1329616620
1272,33.4393,70.608,1329616620
1272,33.4381,70.6099,1329616560
1272,33.4406,70.6514,1329601440
1272,33.4406,70.6514,1329601200
1272,33.4406,70.6514,1329527460
1272,33.4499,70.662,1329525120
1272,33.4439,70.6495,1329509520
1272,33.4231,70.608,1329492000
1272,33.4435,70.6499,1329437160
1272,32.9722,71.5441,1329432060
1272,33.1192,71.5512,1329431700
1272,33.1035,71.5483,1329431100
1272,33.1353,71.5627,1329431100
1272,32.9693,71.5452,1329427800
1272,32.9739,71.5279,1329424920
1272,32.9739,71.5279,1329415560
1272,33.4419,70.6506,1329345540
1272,33.4231,70.608,1329319620
1272,33.4379,70.6412,1329309240
1272,33.4379,70.6412,1329309180
1272,33.4406,70.6514,1329270060
1272,33.4406,70.6514,1329267600
1272,33.4406,70.6514,1329218880
1272,33.4406,70.6514,1329187860
1272,33.4453,70.6494,1329177360
1272,33.4316,70.6248,1329172980
1272,33.4235,70.6086,1329165360
1272,33.4406,70.6514,1329062760
1272,33.4406,70.6514,1329057360
1272,33.4406,70.6514,1329024000
1272,33.4406,70.6514,1329023820
1272,33.4406,70.6514,1329023700
1272,33.4377,70.6474,1329023520
1272,33.5369,70.58,1329013140
1272,33.4406,70.6514,1329012120
1272,33.4753,70.6469,1328983320
1272,33.4751,70.6444,1328981700
1272,33.4753,70.6469,1328981640
1272,33.4753,70.6469,1328977140
1272,33.4753,70.6469,1328974740
1272,33.4717,70.6531,1328973540
1272,33.4724,70.6542,1328973180
1272,33.4463,70.6602,1328972640
1272,33.4406,70.6514,1328971500
1272,33.4406,70.6514,1328971020
1272,33.4406,70.6514,1328969880
1272,33.4406,70.6514,1328969700
1272,33.4378,70.6475,1328951040
1272,33.4352,70.643,1328950800
1272,33.4313,70.6247,1328950740
1272,33.4378,70.6475,1328949540
1272,33.4406,70.6514,1328905680
1272,33.4298,70.6252,1328844360
1272,33.4377,70.6509,1328828100
1272,33.4377,70.6476,1328668860
1272,33.4378,70.6474,1328655360
1272,33.4377,70.6476,1328453400
1272,33.4406,70.6514,1328452980
1272,33.4369,70.6462,1328409360
1272,33.2942,70.8753,1328378280
1272,33.2942,70.8753,1328378160
1272,33.4145,70.679,1328374980
1272,33.2938,70.8762,1328374740
1272,33.4377,70.6474,1328309100
1272,33.438,70.647,1328308800
1272,33.4376,70.6446,1327770000
1272,39.2757,71.9701,1326675060
1272,39.2895,71.9983,1325340960
1272,33.4406,70.6514,1325297100
1272,33.4406,70.6514,1325296500
1272,33.4242,70.6133,1325283300
1272,33.4235,70.6077,1325260560
1272,33.4237,70.6077,1325259840
1272,32.9739,71.5279,1325174160
1272,32.9739,71.5279,1325174160
1272,33.4401,70.8042,1325154600
1272,33.4378,70.6472,1325043660
1272,33.4379,70.6475,1325043180
1272,33.4378,70.6476,1325043120
1272,32.9693,71.5452,1325012280
1272,33.0186,71.5506,1324990080
1272,33.0197,71.5508,1324989960
1272,33.4679,70.5879,1324794120
1272,33.4679,70.5878,1324794120
1272,33.437,70.6454,1324702380
1272,33.437,70.6454,1324699980
1272,33.437,70.6454,1324699740
1272,33.437,70.6454,1324697280
1272,33.4406,70.6514,1324690200
1272,33.4406,70.6514,1324690140
1272,33.4242,70.6077,1324652100
1272,33.4222,70.6077,1324651440
1272,33.4378,70.6474,1324635000
1272,33.4418,70.6453,1324606260
1272,33.4376,70.6474,1324514880
1272,33.4396,70.6491,1324332840
1272,33.2823,70.8633,1324332780
1272,33.4376,70.6475,1324299900
1272,33.2822,70.8633,1324299840
1272,33.4323,70.6099,1324292940
1272,33.4368,70.6398,1324255020
1272,33.4376,70.6476,1324189680
1272,33.4377,70.6476,1324179060
1272,33.4231,70.6079,1323959580
1272,33.4406,70.6514,1323951120
1272,33.4372,70.6468,1323840300
1272,33.4406,70.6514,1323840240
1272,33.4406,70.6514,1323840240
1272,33.4873,70.5778,1323638340
1272,33.4882,70.5782,1323636540
1272,33.511,70.6062,1323636060
1272,33.4875,70.5776,1323635880
1272,33.4725,70.5833,1323634200
1272,33.4235,70.608,1323634020
1272,33.4012,70.5748,1323633960
1272,33.4725,70.5833,1323633720
1272,33.4089,70.7248,1323581580
1272,33.422,70.6083,1323581520
1272,33.409,70.7248,1323581400
1272,33.4315,70.6247,1323580860
1272,33.4467,70.6534,1323386460
1272,33.4454,70.6535,1323386340
1272,33.4454,70.6535,1323386220
1272,33.4445,70.6536,1323386160
1272,33.4406,70.6514,1323124440
1272,33.4239,70.6127,1323109620
1272,33.4235,70.6105,1323107760
1272,33.4406,70.6514,1323028020
1272,33.4376,70.6476,1323015720
1272,33.4406,70.6514,1322968620
1272,33.4406,70.6514,1322964780
1272,33.4465,70.64,1322861100
1272,33.4406,70.6514,1322823900
1272,33.4406,70.6514,1322788440
1272,33.4345,70.6274,1322782860
1272,33.437,70.6344,1322781240
1272,33.4354,70.6298,1322781120
1272,33.4377,70.6478,1322717880
1272,33.4406,70.6514,1322693160
1272,33.4378,70.6477,1322633400
1272,33.4379,70.6477,1322633340
1272,33.4379,70.6477,1322633280
1272,33.4406,70.6514,1322616600
1272,33.4348,70.6359,1322529960
1272,33.4353,70.6433,1322517000
1272,33.4316,70.6248,1322512260
1272,33.4317,70.6248,1322512200
1272,33.5102,70.7571,1322444760
1272,33.4366,70.6443,1322444700
1272,33.5587,70.7823,1322444640
1272,33.4436,70.6545,1322415360
1272,33.4401,70.6552,1322415360
1272,33.4378,70.6477,1322405160
1272,33.4375,70.6476,1322403180
1272,33.4463,70.6285,1322358480
1272,33.4411,70.6652,1322336760
1272,33.4408,70.6628,1322336760
1272,33.4388,70.6517,1322335320
1272,33.439,70.656,1322335200
1272,33.4403,70.658,1322335080
1272,33.4407,70.6619,1322335020
1272,33.4408,70.6619,1322335020
1272,33.4409,70.6628,1322334960
1272,33.4454,70.6664,1322332920
1272,33.4406,70.66,1322309280
1272,33.4406,70.6594,1322309280
1272,33.4379,70.6476,1322242140
1272,33.4433,70.6681,1322184360
1272,33.4323,70.6099,1322066940
1272,33.4323,70.6099,1322066940
1272,33.4323,70.6099,1322066340
1272,33.4323,70.6099,1322066280
1272,33.4209,70.6099,1321894500
1272,33.4377,70.6477,1321849980
1272,33.4378,70.6475,1321848360
1272,33.4374,70.6434,1321847940
1272,33.4353,70.6433,1321847640
1272,33.4377,70.6477,1321847040
1272,33.7323,70.9114,1321812060
1272,33.4319,70.6354,1321759620
1272,33.4378,70.6474,1321750620
1272,33.4469,70.6531,1321736160
1272,33.4469,70.6531,1321736040
1272,33.4469,70.6531,1321729080
1272,33.4469,70.6531,1321726980
1272,33.434,70.635,1321581240
1272,33.4343,70.6351,1321581180
1272,33.4343,70.635,1321578420
1272,33.434,70.635,1321576320
1272,33.434,70.635,1321574100
1272,33.434,70.635,1321573080
1272,33.434,70.635,1321571520
1272,33.434,70.635,1321570920
1272,33.4222,70.6082,1321550520
1272,33.4377,70.6474,1321401420
1272,33.4226,70.6076,1321398840
1272,33.424,70.6076,1321299540
1272,33.4234,70.6091,1321290240
1272,33.421,70.5965,1321229820
1272,33.4406,70.6514,1321229760
1272,33.4379,70.6478,1321229760
1272,33.4376,70.6477,1321173960
1272,33.4311,70.6372,1321072560
1272,33.4311,70.6371,1321072500
1272,33.4342,70.6104,1321015980
1272,33.4342,70.6102,1321015440
1272,33.4383,70.647,1320981240
1272,22.3135,68.8889,1320923040
1272,22.4176,68.9176,1320921780
1272,22.4647,68.9253,1320920520
1272,22.4647,68.9249,1320888180
1272,22.4647,68.9253,1320879840
1272,22.3245,68.9278,1320878940
1272,22.4647,68.925,1320810780
1272,22.4647,68.925,1320810780
1272,22.4648,68.925,1320810180
1272,22.4647,68.9248,1320809040
1272,22.4648,68.925,1320808980
1272,22.4648,68.925,1320808800
1272,22.4648,68.9249,1320808620
1272,22.4648,68.925,1320808500
1272,22.4647,68.9249,1320808380
1272,22.4647,68.9249,1320808080
1272,22.4647,68.9249,1320807840
1272,22.4647,68.9248,1320807720
1272,22.4647,68.9253,1320800340
1272,22.4647,68.9253,1320799560
1272,22.4647,68.9253,1320799440
1272,22.3216,68.8873,1320793560
1272,22.3198,68.8873,1320753480
1272,22.3198,68.8873,1320753420
1272,22.3135,68.8889,1320749940
1272,22.353,68.9234,1320749040
1272,22.3734,68.9301,1320748860
1272,22.4477,68.9312,1320748200
1272,22.4527,68.9329,1320748140
1272,22.4637,68.93,1320747720
1272,22.4648,68.9252,1320747420
1272,22.3216,68.8873,1320705720
1272,22.3217,68.8872,1320703740
1272,22.322,68.8874,1320702960
1272,33.4406,70.6514,1320541800
1272,33.4406,70.6514,1320215700
1272,33.4508,70.6333,1320198480
1272,33.4285,70.6175,1320184320
1272,33.6236,70.8693,1320110160
1272,33.4542,70.6047,1320110160
1272,33.7327,70.9111,1320110160
1272,33.7332,70.9118,1320002580
1272,33.4348,70.6157,1319930100
1272,33.424,70.6128,1319927820
1272,33.424,70.6128,1319927820
1272,22.3216,68.8873,1319749620
1272,22.3212,68.8873,1319478780
1272,22.3245,68.9278,1319455740
1272,22.4625,68.927,1319454060
1272,22.4626,68.926,1319453340
1272,22.4626,68.926,1319410920
1272,22.4621,68.9271,1319409720
1272,22.4621,68.9271,1319409540
1272,22.4627,68.9258,1319321400
1272,22.4643,68.9255,1319306760
1272,22.4642,68.9253,1319306700
1272,22.4647,68.9253,1319303640
1272,22.4626,68.926,1319255640
1272,22.4627,68.926,1319255520
1272,22.4626,68.926,1319255520
1272,22.4627,68.926,1319255460
1272,22.4627,68.926,1319255400
1272,22.4387,68.9232,1319202600
1272,22.4524,68.9213,1319201880
1272,22.4626,68.926,1319201460
1272,22.4628,68.9262,1319174220
1272,22.4628,68.9261,1319167620
1272,33.4231,70.6079,1319150820
1272,33.4241,70.6112,1318957560
1272,39.2758,71.9702,1318899900
1272,39.2758,71.9701,1318889160
1272,39.2758,71.9702,1318885260
1272,39.2758,71.9701,1318885020
1272,39.2758,71.9701,1318884900
1272,39.2758,71.9701,1318884780
1272,33.4379,70.6476,1318309800
1272,33.4377,70.6476,1318309680
1272,33.3558,71.6541,1318268700
1272,33.4026,70.5928,1317850140
1272,33.5637,70.7882,1317586200
1272,33.5587,70.7823,1317585720
1272,33.4178,70.6502,1317567120
1272,33.4447,70.6259,1317536040
1272,33.7501,70.9012,1317511500
1272,33.7478,70.9055,1317511140
1272,33.7501,70.9012,1317499380
1272,33.7501,70.9012,1317486540
1272,33.4371,70.6523,1317432420
1272,33.4188,70.7826,1317410760
1272,35.4302,71.6494,1317336300
1272,35.4302,71.6494,1317336240
1272,35.4302,71.6494,1317336120
1272,35.6243,71.7025,1317327360
1272,35.5962,71.7315,1317316680
1272,35.6243,71.7025,1317293940
1272,35.5644,71.6955,1317256860
1272,35.5644,71.6955,1317256380
1272,35.5644,71.6955,1317249180
1272,35.6243,71.7025,1317247920
1272,35.6242,71.7024,1317247560
1272,35.5956,71.7309,1317231600
1272,35.5956,71.7309,1317231000
1272,35.5962,71.7315,1317230400
1272,35.5644,71.6955,1317162900
1272,35.601,71.7063,1317162720
1272,35.5644,71.6955,1317162660
1272,33.4356,70.6436,1316995740
1272,33.4366,70.6351,1316954220
1272,33.4385,70.6461,1316953620
1272,33.4381,70.6468,1316951820
1272,33.4381,70.6468,1316951640
1272,33.4381,70.6468,1316950980
1272,33.4381,70.6468,1316950920
1272,33.4377,70.6474,1316926020
1272,33.4379,70.6506,1316893740
1272,33.4449,70.6504,1316893500
1272,33.4368,70.6462,1316887920
1272,33.4377,70.6474,1316885100
1272,33.4406,70.6514,1316779440
1272,33.4266,70.6192,1316731440
1272,33.4377,70.6476,1316658300
1272,33.4377,70.6474,1316580600
1272,33.4374,70.645,1316558340
1272,33.4373,70.6477,1316494920
1272,33.4598,70.6542,1316466120
1272,33.4598,70.6542,1316465640
1272,33.4598,70.6542,1316464920
1272,33.4598,70.6548,1316464560
1272,33.4598,70.6548,1316464200
1272,33.4598,70.6548,1316464080
1272,33.4596,70.6545,1316463540
1272,33.4598,70.6548,1316463360
1272,33.4356,70.6436,1316451540
1272,33.4377,70.6474,1316448000
1272,33.4377,70.6474,1316447880
1272,33.438,70.6471,1316402520
1272,33.438,70.6471,1316402340
1272,33.438,70.6471,1316402220
1272,33.4377,70.6474,1316395980
1272,33.4308,70.5446,1316388000
1272,33.4308,70.5446,1316388000
1272,33.4308,70.5446,1316387940
1272,33.4334,70.6421,1316316540
1272,33.4334,70.6421,1316295180
1272,33.4334,70.6421,1316289300
1272,33.4334,70.6421,1316289180
1272,33.4334,70.6421,1316289120
1272,33.4356,70.6427,1316289000
1272,33.4333,70.642,1316286360
1272,33.4333,70.642,1316286120
1272,33.4378,70.6505,1316281320
1272,22.4861,68.9169,1316222280
1272,22.4628,68.926,1316198340
1272,22.4628,68.926,1316198280
1272,22.4621,68.9271,1316193600
1272,22.462,68.9262,1316192400
1272,22.462,68.9262,1316192220
1272,22.4621,68.9271,1316190660
1272,22.3212,68.8873,1316012220
1272,22.3217,68.8875,1315954020
1272,22.319,68.8859,1315942980
1272,22.3218,68.8883,1315942500
1272,22.3218,68.8883,1315942500
1272,22.3218,68.8883,1315941660
1272,22.3218,68.8883,1315941600
1272,22.3212,68.8873,1315851120
1272,22.9108,68.2003,1315762200
1272,22.9106,68.2028,1315679580
1272,22.9108,68.2003,1315665840
1272,22.9117,68.2014,1315627140
1272,22.9117,68.2014,1315624860
1272,22.2197,68.8735,1315514640
1272,22.3355,68.8253,1315337460
1272,22.1991,68.8674,1315334160
1272,22.2014,68.8799,1315334100
1272,22.4626,68.926,1315265580
1272,33.3982,70.7916,1315228800
1272,33.3982,70.7916,1315227480
1272,33.3982,70.7916,1315227480
1272,33.3967,70.7902,1315216440
1272,33.4406,70.6514,1315211880
1272,33.4377,70.6474,1315211340
1272,33.4426,70.6067,1315083000
1272,33.4456,70.6042,1315062960
1272,33.4456,70.5978,1315055820
1272,33.4456,70.5978,1315055580
1272,33.4233,70.6076,1314664080
1272,33.4179,70.6002,1314661560
1272,33.4186,70.6001,1314655860
1272,33.4231,70.6079,1314646440
1272,33.4231,70.6079,1314619380
1272,33.4379,70.6474,1314617520
1272,33.4448,70.5995,1314587520
1272,33.4448,70.5995,1314587400
1272,33.4448,70.5995,1314587340
1272,33.4448,70.5995,1314586800
1272,33.4448,70.5995,1314586680
1272,33.4448,70.5995,1314586500
1272,33.4448,70.5995,1314586380
1272,33.4477,70.5956,1314579060
1272,33.4556,70.5937,1314577200
1272,33.4374,70.6444,1314571500
1272,33.4366,70.6444,1314571380
1272,33.3807,70.6478,1314536280
1272,33.3807,70.6478,1314535500
1272,33.3807,70.6478,1314535200
1272,33.4376,70.6477,1314513000
1272,33.4384,70.6416,1314490020
1272,33.4384,70.6117,1314477120
1272,33.4404,70.6114,1314476220
1272,35.4265,71.666,1314388560
1272,35.4295,71.6506,1314387120
1272,35.4295,71.6506,1314386640
1272,35.5949,71.7311,1314380160
1272,35.596,71.7311,1314376440
1272,35.596,71.7311,1314375900
1272,35.6242,71.7024,1314365220
1272,35.5644,71.6955,1314317280
1272,35.5644,71.6955,1314316320
1272,35.5644,71.6955,1314314160
1272,35.6242,71.7024,1314307080
1272,35.6242,71.7024,1314297480
1272,33.4231,70.6079,1314216660
1272,33.4157,70.5922,1314194520
1272,33.4429,70.6451,1314152040
1272,35.4302,71.6494,1314140220
1272,35.4302,71.6494,1314139080
1272,35.4289,71.6541,1314138960
1272,35.6242,71.7022,1314121560
1272,35.6242,71.7024,1314120780
1272,35.5964,71.7314,1314120180
1272,35.601,71.7063,1314119760
1272,35.5962,71.7315,1314117060
1272,35.6242,71.7024,1314116640
1272,35.5644,71.6955,1314116580
1272,35.5644,71.6955,1314116580
1272,33.452,70.679,1314007620
1272,33.4524,70.679,1314006900
1272,33.4377,70.6474,1313966400
1272,33.4024,70.5787,1313954160
1272,33.438,70.6097,1313943840
1272,33.438,70.6097,1313943240
1272,33.438,70.6097,1313942940
1272,33.4435,70.6572,1313849580
1272,33.4222,70.6078,1313791380
1272,33.4231,70.6079,1313784300
1272,33.4231,70.6079,1313784180
1272,33.4231,70.6079,1313783460
1272,33.4231,70.6079,1313783100
1272,33.4231,70.6079,1313782860
1272,33.4231,70.6079,1313782320
1272,33.4231,70.6079,1313782020
1272,33.4379,70.6465,1313714400
1272,33.4358,70.6374,1313712420
1272,33.4326,70.6282,1313709660
1272,33.4317,70.608,1313695380
1272,33.4319,70.6081,1313689920
1272,33.4319,70.6081,1313674740
1272,33.4374,70.6475,1313541720
1272,33.4371,70.6479,1313493900
1272,33.4371,70.6479,1313493840
1272,33.4371,70.6479,1313493720
1272,33.4377,70.6474,1313468700
1272,33.4097,70.5708,1313258880
1272,33.4096,70.5708,1313207700
1272,33.4317,70.6515,1313173860
1272,33.4374,70.6478,1313158440
1272,22.4632,68.9245,1313033880
1272,22.4632,68.9245,1313031900
1272,22.4618,68.9264,1313022240
1272,22.4621,68.9262,1313015040
1272,22.4621,68.9262,1313014800
1272,22.3198,68.9399,1312996740
1272,22.3571,68.9247,1312976940
1272,22.3212,68.8873,1312949220
1272,22.4624,68.9262,1312865820
1272,22.4798,68.9297,1312751520
1272,22.4799,68.9292,1312667220
1272,22.4799,68.9292,1312666020
1272,22.4799,68.9292,1312665540
1272,22.4807,68.9294,1312665060
1272,22.4799,68.9294,1312664760
1272,22.4799,68.9294,1312664100
1272,22.483,68.9294,1312663740
1272,22.4799,68.9294,1312662540
1272,22.48,68.9296,1312660740
1272,22.4618,68.9277,1312659540
1272,22.4799,68.9294,1312659240
1272,22.4618,68.9277,1312659120
1272,22.4621,68.9266,1312657440
1272,22.4621,68.9266,1312656540
1272,22.4621,68.9266,1312656420
1272,22.462,68.9269,1312656300
1272,22.462,68.9262,1312568520
1272,22.4627,68.9259,1312433760
1272,22.1991,68.8674,1312397160
1272,22.4387,68.9232,1312381980
1272,23.4487,70.4409,1312332900
1272,33.3969,70.7918,1312320600
1272,33.4231,70.6079,1312223640
1272,33.4378,70.6469,1312157640
1272,33.4378,70.6469,1312157160
1272,33.4377,70.6474,1311915000
1272,33.4377,70.6474,1311914820
1272,33.4375,70.6479,1311043200
1272,33.4377,70.6474,1311031980
1272,33.4375,70.6476,1310972340
1272,33.4375,70.6476,1310972160
1272,22.4608,68.926,1310972040
1272,33.3948,70.7885,1310696520
1272,33.3948,70.7885,1310391960
1272,33.3958,70.7902,1310374020
1272,33.423,70.6081,1309893480
1272,33.423,70.6081,1309893300
1272,33.4336,70.6254,1309718280
1272,33.4385,70.6364,1309628160
1272,33.4232,70.6082,1309472580
1272,33.4233,70.6078,1309467660
1272,33.422,70.6086,1309458300
1272,33.4397,70.647,1309403100
1272,33.4231,70.6079,1309371960
1272,33.4231,70.6081,1309361460
1272,33.4231,70.6081,1309361160
1272,33.4374,70.6478,1309236480
1272,33.4387,70.6466,1309236360
1272,33.4387,70.6466,1309227360
1272,34.3446,70.8398,1309133040
1272,34.3446,70.8398,1309132860
1272,33.3945,70.5787,1308837120
1272,33.3919,70.573,1308835380
1272,33.4377,70.6474,1307498940
1272,33.4353,70.6433,1307334480
1272,33.4916,70.7534,1307229000
1272,33.4624,70.7379,1307217900
1272,33.4449,70.7409,1307217840
1272,33.3549,70.7424,1307217780
1272,33.4377,70.6474,1307206980
1272,33.4294,70.6662,1306702260
1272,33.4325,70.6622,1306701360
1272,33.4294,70.6662,1306701300
1272,33.4348,70.6598,1306695720
1272,33.4324,70.6626,1306695300
1272,33.4324,70.6626,1306694220
1272,33.4322,70.6625,1306690740
1272,33.0091,71.5475,1306606920
1272,33.0241,71.5515,1306604340
1272,33.4453,70.6445,1306555380
1272,33.4377,70.6474,1306546680
1272,22.4975,68.9067,1306541280
1272,22.4975,68.9067,1306540560
1272,22.4975,68.9067,1306540560
1272,22.4956,68.9083,1306528440
1272,22.4953,68.9088,1306527480
1272,22.463,68.9321,1306522140
1272,22.4508,68.9258,1306454760
1272,22.3213,68.8876,1306441980
1272,22.3198,68.9399,1306441920
1272,22.3195,68.9401,1306348020
1272,22.3198,68.9399,1306347960
1272,22.3227,68.8874,1306330800
1272,22.3219,68.8871,1306330620
1272,22.4627,68.9245,1306282860
1272,22.4621,68.9271,1306265400
1272,22.4624,68.9258,1306233180
1272,22.3105,68.9181,1306233060
1272,22.3105,68.9181,1306193400
1272,22.317,68.9301,1306192620
1272,22.4625,68.9261,1306165680
1272,33.397,70.7938,1306143360
1272,33.397,70.7938,1306143060
1272,33.4374,70.6507,1305994920
1272,33.4377,70.6474,1305989340
1272,33.4377,70.6474,1305989220
1272,33.4336,70.6407,1305950040
1272,33.4233,70.6069,1305914880
1272,33.424,70.608,1305733920
1272,33.4229,70.6088,1305722100
1272,33.4378,70.6376,1305675900
1272,33.4231,70.6079,1305660720
1272,33.4375,70.6479,1305597540
1272,33.4375,70.6479,1305597480
1272,33.4227,70.6087,1305568080
1272,33.4227,70.6087,1305567900
1272,33.4231,70.6079,1305555120
1272,33.4263,70.6058,1305554280
1272,33.4239,70.6083,1305554160
1272,33.4375,70.6384,1305549120
1272,33.4366,70.6351,1305548700
1272,33.4375,70.6384,1305548640
1272,33.436,70.6407,1305548460
1272,33.438,70.6469,1305523380
1272,33.4377,70.6473,1305523080
1272,33.4377,70.6473,1305522600
1272,33.4377,70.6473,1305522480
1272,33.4377,70.6473,1305522360
1272,33.4429,70.6538,1305521940
1272,33.4374,70.6474,1305519660
1272,33.4452,70.6445,1305510360
1272,33.4461,70.723,1305507480
1272,33.4901,70.7531,1305506160
1272,33.5645,70.7832,1305490260
1272,33.5587,70.7823,1305488820
1272,33.5637,70.7882,1305486780
1272,33.5621,70.7882,1305486660
