1294,44.9788,93.1695,1377819480
1294,45.0143,93.2597,1377540360
1294,44.9546,93.2428,1377095100
1294,45.0167,93.1392,1376961540
1294,45.0165,93.1427,1376946840
1294,45.0118,93.0613,1376784420
1294,39.626,106.051,1375461300
1294,39.3397,106.139,1375423320
1294,39.6274,106.0512,1375410120
1294,39.6273,106.0513,1375308300
1294,39.6274,106.0513,1375307520
1294,39.6275,106.0515,1375123380
1294,39.6271,106.0513,1375107660
1294,39.4333,106.1635,1375030740
1294,41.0361,100.4667,1374839580
1294,44.9918,93.1464,1374604320
1294,45.0156,93.1442,1373612760
1294,39.0425,94.5808,1372808100
1294,39.0449,94.581,1372800600
