1298,19.8181,41.4439,1374860700
1298,19.818,41.4443,1374447600
1298,19.8167,41.4386,1374344460
1298,19.8957,43.9283,1374071400
1298,19.8957,43.9283,1373934660
1298,19.8507,43.9317,1373676660
1298,19.8505,43.9316,1371693360
1298,19.8507,43.9316,1371253740
1298,19.8506,43.9317,1369875840
1298,19.89,43.932,1369413180
1298,19.8506,43.9317,1368993360
1298,19.8506,43.9316,1367512440
1298,19.8755,43.9253,1366512180
1298,19.8506,43.9319,1366157580
1298,19.89,43.932,1366129020
1298,19.8872,43.9405,1365300900
1298,19.8204,41.4407,1364676240
1298,19.8172,41.437,1364524440
1298,19.8405,43.925,1364405040
1298,19.9251,43.9214,1364083260
1298,19.8525,43.926,1363296840
1298,19.8902,43.9318,1363214040
1298,19.89,43.9319,1361560440
1298,19.8921,43.9293,1361551920
1298,19.8506,43.9316,1361319420
1298,19.8902,43.9318,1360929420
1298,19.818,41.4442,1358811780
1298,19.8211,41.4409,1358200560
1298,19.8181,41.4443,1357933140
1298,19.8303,41.388,1357487220
1298,20.8491,40.7456,1357011780
1298,20.8452,40.7393,1356964260
1298,20.8452,40.7393,1356902460
1298,20.8508,40.747,1356696840
1298,19.8188,41.4438,1356546480
1298,19.818,41.4442,1356473100
1298,19.8222,41.4417,1356409380
1298,19.8194,41.4441,1356398580
1298,19.8155,41.4422,1356204180
1298,19.8183,41.4415,1355968380
1298,19.8186,41.4416,1355963280
1298,19.8208,41.441,1355848080
1298,19.8207,41.4413,1355703780
1298,19.8506,43.9316,1355544360
1298,19.8506,43.9316,1355190900
1298,19.8481,43.9328,1355170380
1298,19.8506,43.9316,1354840140
1298,19.8898,43.9322,1354721520
1298,19.9068,43.9947,1354655640
1298,19.8508,43.9317,1354478220
1298,19.8905,43.9318,1354039740
1298,19.8507,43.9318,1353982020
1298,19.8506,43.9316,1353803760
1298,19.8924,43.9326,1353685260
1298,19.8902,43.9318,1353513720
1298,19.89,43.9322,1353499140
1298,19.89,43.9382,1352940240
1298,19.89,43.9382,1352934300
1298,19.8863,43.939,1352921880
1298,19.8863,43.939,1352906640
1298,19.8863,43.939,1352905920
1298,19.8899,43.9381,1352896140
1298,19.8506,43.9316,1352842680
1298,19.8508,43.9317,1352834640
1298,19.89,43.932,1352469540
1298,19.8505,43.9316,1352060940
1298,19.9307,43.9886,1351889160
1298,19.9203,43.9194,1351874520
1298,19.8903,43.932,1351518960
1298,19.8507,43.9315,1351286580
1298,19.8782,43.9341,1351281300
1298,19.8912,43.9316,1351257300
1298,19.8898,43.932,1351185120
1298,19.8506,43.9319,1350527820
1298,19.8505,43.9317,1350333180
1298,19.8505,43.9318,1350264420
1298,19.8506,43.9317,1350097560
1298,19.8506,43.9317,1350090780
1298,19.8507,43.9316,1349568660
1298,19.8506,43.9316,1349496060
1298,19.893,43.9328,1349365440
1298,19.8506,43.9316,1349054880
1298,19.8506,43.9318,1349042880
1298,19.8722,43.9252,1348777800
1298,19.8506,43.9318,1348621620
1298,19.8505,43.9318,1348525860
1298,19.8506,43.9318,1348378800
1298,19.8905,43.9315,1348262760
1298,19.8902,43.9318,1348156200
1298,19.8505,43.9317,1348096140
1298,19.893,43.9327,1348088700
1298,19.8913,43.9315,1348088520
1298,19.8912,43.9315,1348088340
1298,19.8505,43.9316,1348045740
1298,19.8506,43.9316,1347870120
1298,19.8507,43.9316,1347754980
1298,19.8901,43.9322,1347648540
1298,19.8899,43.932,1347632520
1298,19.8901,43.932,1347630420
1298,19.8901,43.9322,1347630180
1298,19.8901,43.9322,1347630060
1298,19.8901,43.932,1347629400
1298,19.8901,43.932,1347628680
1298,19.8898,43.9318,1347622920
1298,19.8902,43.9319,1347544560
1298,19.8898,43.932,1347542100
1298,19.8516,43.9298,1347467160
1298,19.8902,43.9318,1347466560
1298,19.8899,43.9317,1347465960
1298,19.851,43.931,1347417540
1298,19.8506,43.9317,1347235560
1298,19.8508,43.9316,1346976960
1298,19.893,43.933,1346861820
1298,19.8506,43.9315,1346724480
1298,19.8507,43.9317,1346614620
1298,19.8507,43.9316,1346539620
1298,19.8506,43.9316,1346534100
1298,19.8507,43.9316,1346528700
1298,19.875,43.9256,1346452080
1298,19.8915,43.9315,1346428440
1298,19.8506,43.9318,1346375340
1298,19.8506,43.9318,1346297580
1298,19.8506,43.9317,1346293800
1298,19.8507,43.9316,1346189580
1298,19.8507,43.9316,1346039820
1298,19.8508,43.9317,1346012940
1298,19.8507,43.9316,1346011380
1298,20.1241,44.2176,1345961280
1298,19.851,43.931,1345926540
1298,19.8507,43.9315,1345863540
1298,19.8506,43.9318,1345859100
1298,19.8507,43.9316,1345848720
1298,19.8507,43.9316,1345762260
1298,19.8506,43.9316,1345762080
1298,19.8507,43.9316,1345761720
1298,19.8506,43.9318,1345761660
1298,19.8507,43.9316,1345760520
1298,19.8505,43.9317,1345758900
1298,19.8725,43.9309,1345740900
1298,19.8902,43.932,1345632120
1298,19.8898,43.932,1345587780
1298,19.8508,43.9315,1345506480
1298,19.8507,43.9317,1345423020
1298,19.8724,43.9305,1345136340
1298,19.8507,43.9316,1345085280
1298,19.8506,43.9316,1344894240
1298,19.8506,43.9316,1344828000
1298,19.8506,43.9319,1344813600
1298,19.8505,43.9317,1344790860
1298,19.8506,43.9317,1344742620
1298,19.8506,43.9318,1344735600
1298,19.8506,43.9318,1344735540
1298,19.8507,43.9317,1344716280
1298,19.8507,43.9316,1344714900
1298,19.8727,43.9252,1344698100
1298,19.8912,43.9315,1344624600
1298,19.8913,43.9313,1344603240
1298,19.8725,43.9304,1344530700
1298,19.89,43.932,1344384960
1298,19.89,43.9321,1344339840
1298,19.8507,43.9315,1344289800
1298,19.8506,43.9317,1344222840
1298,19.8506,43.9318,1344221460
1298,19.8508,43.9316,1344144180
1298,19.9422,43.9337,1344084420
1298,19.8506,43.9317,1344049440
1298,19.8506,43.9317,1343963340
1298,19.8507,43.9315,1343928480
1298,23.5015,46.8373,1343876580
1298,19.856,43.9265,1343837940
1298,19.8514,43.9283,1343813040
1298,19.8181,41.4444,1343711760
1298,19.8167,41.4421,1343622540
1298,19.8267,41.3908,1343511120
1298,19.818,41.4443,1343451420
1298,19.8167,41.4421,1343451420
1298,19.827,41.4497,1343309460
1298,19.8188,41.4438,1343309220
1298,19.8183,41.4364,1343308320
1298,19.8171,41.4432,1343251920
1298,19.8171,41.4432,1343251860
1298,19.818,41.4442,1343099280
1298,19.8163,41.4375,1343068080
1298,19.8194,41.4438,1343018100
1298,19.8195,41.4437,1343011920
1298,19.8271,41.4476,1343007240
1298,19.8268,41.4502,1342925520
1298,19.8267,41.4502,1342925400
1298,19.8267,41.4502,1342914240
1298,19.8265,41.4507,1342743360
1298,19.8266,41.4506,1342743180
1298,19.8266,41.4506,1342743180
1298,19.8266,41.4506,1342743000
1298,19.8197,41.4445,1342721460
1298,19.8194,41.4438,1342672020
1298,19.8277,41.4487,1342670820
1298,19.8276,41.4487,1342670760
1298,19.8275,41.4496,1342659720
1298,19.8194,41.4437,1342658880
1298,19.8167,41.4422,1342653180
1298,19.8158,41.4371,1342651380
1298,19.8181,41.4438,1342622520
1298,19.818,41.4436,1342622160
1298,19.8185,41.4439,1342567920
1298,19.8204,41.4407,1342496880
1298,19.8197,41.4445,1342401660
1298,19.8507,43.9317,1342283100
1298,19.8506,43.9316,1342282440
1298,19.8505,43.9316,1342198020
1298,19.8506,43.9316,1341879900
1298,19.8505,43.9318,1341538740
1298,20.0522,44.188,1341503820
1298,20.1241,44.2176,1341503760
1298,20.1233,44.2198,1341503700
1298,20.1241,44.2176,1341503640
1298,20.1241,44.2176,1341502860
1298,20.1241,44.2176,1341502740
1298,20.1241,44.2176,1341502560
1298,20.1241,44.2176,1341502440
1298,20.1262,44.217,1341502140
1298,20.1256,44.2164,1341492120
1298,19.9615,44.161,1341488520
1298,19.8506,43.9316,1341458040
1298,19.8506,43.9317,1341452700
1298,19.8898,43.9322,1341451980
1298,19.8507,43.9316,1341451620
1298,19.8902,43.9318,1341419940
1298,19.89,43.9322,1341419820
1298,19.8507,43.9316,1341271860
1298,19.8506,43.9316,1341190560
1298,19.8503,43.9315,1341116940
1298,19.8505,43.9315,1341115320
1298,19.8503,43.9314,1341110220
1298,19.8508,43.9317,1341108540
1298,19.8915,43.9315,1341083760
1298,19.8506,43.9315,1341024960
1298,19.8507,43.9316,1341019560
1298,19.8905,43.9315,1340986260
1298,19.8899,43.9321,1340975520
1298,19.89,43.9321,1340968500
1298,19.8511,43.9314,1340961660
1298,19.8507,43.9316,1340961120
1298,19.8506,43.9315,1340942280
1298,19.8507,43.9315,1340938620
1298,19.89,43.9321,1340881920
1298,19.8507,43.9316,1340856300
1298,19.8507,43.9317,1340840940
1298,19.8507,43.9317,1340761500
1298,19.8902,43.932,1340628480
1298,19.8506,43.9318,1340595600
1298,19.8506,43.9316,1340594280
1298,19.8507,43.9316,1340577660
1298,19.8507,43.9318,1340519220
1298,19.8507,43.9317,1340494620
1298,19.8507,43.9317,1340488020
1298,19.8507,43.9316,1340472720
1298,19.8505,43.9318,1340461260
1298,19.8507,43.9316,1340419020
1298,19.8915,43.9316,1340374440
1298,19.8507,43.932,1340328360
1298,19.8507,43.932,1340328300
1298,19.8725,43.925,1340310420
1298,19.8507,43.9315,1340242140
1298,19.89,43.9322,1340193120
1298,19.8506,43.9319,1340078340
1298,19.8507,43.932,1340010780
1298,19.8507,43.9316,1339952340
1298,19.8507,43.9316,1339950780
1298,19.8507,43.9316,1339905060
1298,19.8751,43.9256,1339893300
1298,19.8507,43.9317,1339875420
1298,19.8899,43.9321,1339761420
1298,19.8898,43.9322,1339761240
1298,19.8898,43.9321,1339758240
1298,19.8898,43.9321,1339758180
1298,19.8903,43.9312,1339723020
1298,19.8902,43.932,1339683660
1298,19.8898,43.9322,1339674960
1298,19.8899,43.9322,1339674900
1298,19.89,43.932,1339674840
1298,19.8932,43.9331,1339625880
1298,19.8507,43.9316,1339557600
1298,19.8507,43.9316,1339540560
1298,19.8507,43.9316,1339472100
1298,19.8505,43.9319,1339471440
1298,19.8507,43.9316,1339462320
1298,19.8899,43.932,1339421100
1298,19.8506,43.9318,1339386420
1298,19.8507,43.9315,1339288800
1298,19.8507,43.9316,1339209060
1298,19.9127,43.9127,1339198080
1298,19.8506,43.9315,1339122540
1298,19.8508,43.9315,1339118520
1298,19.8507,43.9321,1339114500
1298,19.8507,43.9316,1339113420
1298,19.8508,43.9317,1339090980
1298,19.8508,43.9319,1339076760
1298,19.8508,43.9315,1339034340
1298,19.8507,43.9316,1339025640
1298,19.8506,43.9316,1338939420
1298,19.8506,43.9316,1338939360
1298,19.8506,43.9315,1338939120
1298,19.8506,43.9316,1338858120
1298,19.8506,43.9316,1338782640
1298,19.8508,43.9316,1338737460
1298,19.8507,43.9316,1338685200
1298,19.8506,43.9316,1338672360
1298,19.8507,43.9322,1338581580
1298,19.8506,43.9317,1338567120
1298,19.8507,43.9317,1338564060
1298,19.8507,43.932,1338506100
1298,19.8901,43.9317,1338315540
1298,19.8911,43.9313,1338299520
1298,19.8904,43.9317,1338251220
1298,19.8507,43.9315,1338173100
1298,19.8935,43.9318,1338163320
1298,19.8508,43.9319,1338163200
1298,19.851,43.931,1338158280
1298,19.8507,43.9322,1337989860
1298,19.8507,43.9316,1337907000
1298,19.8507,43.9316,1337896320
1298,19.9486,43.9171,1337886420
1298,19.8904,43.9319,1337873700
1298,19.8903,43.9315,1337864940
1298,19.8903,43.9317,1337857320
1298,19.8508,43.9316,1337809560
1298,19.8509,43.934,1337738640
1298,19.8506,43.9316,1337651940
1298,19.8507,43.9315,1337545800
1298,19.8507,43.9316,1337473560
1298,19.8507,43.9317,1337470800
1298,19.8507,43.932,1337457480
1298,19.8507,43.9322,1337451180
1298,19.8507,43.9317,1337447520
1298,19.8915,43.9313,1337432160
1298,19.8913,43.9315,1337432100
1298,19.8915,43.9315,1337432040
1298,19.8914,43.9315,1337431740
1298,19.8507,43.932,1337390880
1298,19.8507,43.9322,1337390280
1298,19.8931,43.9327,1337357280
1298,19.8899,43.9321,1337354100
1298,19.8903,43.9317,1337352780
1298,19.8528,43.9314,1337310840
1298,19.8507,43.9316,1337294520
1298,19.8726,43.9304,1337272740
1298,19.8899,43.9322,1337255340
1298,19.8901,43.932,1337189460
1298,19.8915,43.9315,1337178120
1298,19.8506,43.9328,1337135700
1298,19.8507,43.9316,1337135640
1298,19.8507,43.9316,1337135640
1298,19.8507,43.932,1337135580
1298,19.8902,43.932,1337135040
1298,19.8507,43.9322,1337041140
1298,19.8507,43.9316,1337040960
1298,19.8563,43.9351,1337022300
1298,19.8507,43.9316,1336949640
1298,19.8507,43.9322,1336946100
1298,19.8506,43.9317,1336935600
1298,19.8505,43.9318,1336935480
1298,19.8507,43.9316,1336934460
1298,19.8508,43.9315,1336925520
1298,19.8507,43.9316,1336878180
1298,19.8751,43.9245,1336874520
1298,19.8507,43.9317,1336850640
1298,19.8507,43.9322,1336843560
1298,19.8507,43.9323,1336840620
1298,19.8507,43.9316,1336839240
1298,19.8507,43.9318,1336838940
1298,19.8748,43.926,1336836480
1298,19.8758,43.9255,1336834320
1298,19.8755,43.9253,1336832700
1298,19.8758,43.9259,1336831200
1298,19.8507,43.9316,1336778160
1298,19.8507,43.9318,1336769880
1298,19.8755,43.9253,1336764240
1298,19.8506,43.9315,1336685460
1298,19.89,43.9321,1336645920
1298,19.8507,43.9316,1336616580
1298,19.851,43.9318,1336601940
1298,19.8507,43.9316,1336601640
1298,19.8912,43.9315,1336568220
1298,19.89,43.9321,1336564680
1298,19.89,43.932,1336564620
1298,19.8507,43.9316,1336533240
1298,19.8506,43.9315,1336513980
1298,19.8506,43.9316,1336344600
1298,19.8508,43.9317,1336338720
1298,19.8507,43.9317,1336272300
1298,19.8507,43.9315,1336264200
1298,19.8506,43.9315,1336262580
1298,19.8507,43.9315,1336255560
1298,19.8506,43.9318,1336237800
1298,19.8504,43.9316,1336181100
1298,19.8771,43.9274,1336160580
1298,19.8933,43.9318,1336146780
1298,19.89,43.932,1336132380
1298,19.89,43.9321,1336125840
1298,19.8509,43.9324,1336122900
1298,19.8928,43.9307,1336076340
1298,19.8931,43.9305,1336075740
1298,19.8936,43.9306,1336069680
1298,19.8507,43.9316,1336009560
1298,19.8508,43.9316,1336007940
1298,19.8506,43.9323,1335928800
1298,19.8507,43.9317,1335900480
1298,19.8508,43.9315,1335815820
1298,19.8507,43.9316,1335759660
1298,19.8507,43.9314,1335743640
1298,19.8507,43.9315,1335737700
1298,19.8508,43.9317,1335730800
1298,19.8506,43.9315,1335655740
1298,19.8507,43.9316,1335655380
1298,19.8507,43.9316,1335628140
1298,19.8725,43.9252,1335623040
1298,19.8755,43.9254,1335620280
1298,19.8507,43.9316,1335609840
1298,19.8507,43.9317,1335571800
1298,19.8507,43.9317,1335570000
1298,19.8507,43.9316,1335567000
1298,19.8507,43.9316,1335562020
1298,19.8507,43.9317,1335561720
1298,19.8507,43.9317,1335561660
1298,19.8507,43.9317,1335561540
1298,19.8507,43.9316,1335561360
1298,19.8907,43.932,1335542340
1298,19.8929,43.9307,1335466080
1298,19.8927,43.9277,1335456960
1298,19.8925,43.9279,1335456660
1298,19.8925,43.9279,1335456000
1298,19.8925,43.9278,1335455880
1298,19.8507,43.9317,1335318060
1298,19.8508,43.9316,1335317640
1298,19.8901,43.9316,1335290700
1298,19.8507,43.9315,1335152340
1298,19.8507,43.9316,1335064260
1298,19.8507,43.9316,1335061140
1298,19.8505,43.9315,1335035820
1298,19.8508,43.9316,1335033060
1298,19.8507,43.9316,1335032640
1298,19.8507,43.9319,1335019080
1298,19.8507,43.9321,1334980260
1298,19.851,43.931,1334963820
1298,19.8902,43.932,1334936220
1298,19.89,43.932,1334936100
1298,19.8902,43.932,1334935980
1298,19.8905,43.9315,1334931480
1298,19.89,43.932,1334926920
1298,19.89,43.9318,1334926380
1298,19.8507,43.9316,1334890080
1298,19.8508,43.9317,1334890020
1298,19.8507,43.9318,1334886600
1298,19.8497,43.932,1334886300
1298,19.8507,43.9316,1334871600
1298,19.8508,43.9315,1334803800
1298,19.8898,43.932,1334764080
1298,19.8508,43.9317,1334702220
1298,19.8902,43.9315,1334685780
1298,19.8911,43.9321,1334680080
1298,19.8902,43.9318,1334680020
1298,19.89,43.9322,1334673840
1298,19.89,43.932,1334661900
1298,19.89,43.932,1334661780
1298,19.89,43.932,1334661000
1298,19.8899,43.9321,1334660880
1298,19.8505,43.9326,1334630580
1298,19.8506,43.9315,1334542200
1298,19.8465,43.9305,1334500740
1298,19.8507,43.9316,1334457600
1298,19.8505,43.9315,1334442720
1298,19.8507,43.9317,1334440380
1298,19.8507,43.9317,1334426940
1298,19.8507,43.9317,1334426880
1298,19.8508,43.9317,1334419380
1298,19.8508,43.9317,1334419140
1298,19.8755,43.9253,1334418240
1298,19.8755,43.9253,1334418060
1298,19.8756,43.9253,1334414880
1298,19.8755,43.9253,1334413860
1298,19.8755,43.9253,1334413080
1298,19.8508,43.9316,1334345340
1298,19.8898,43.9322,1334335620
1298,19.8755,43.9253,1334261520
1298,19.8507,43.9317,1334185320
1298,19.8507,43.9317,1334182200
1298,19.89,43.9321,1334151840
1298,19.8911,43.9325,1334072880
1298,19.8507,43.9318,1333989240
1298,19.8213,41.4382,1333863120
1298,19.8183,41.4442,1333856880
1298,19.8204,41.4407,1333856760
1298,19.818,41.4432,1333856760
1298,19.8288,41.402,1333856700
1298,19.8185,41.444,1333856640
1298,19.8175,41.4385,1333856580
1298,19.8185,41.4443,1333855560
1298,19.8166,41.4419,1333748580
1298,19.8898,43.9322,1333747620
1298,19.8898,43.9322,1333747560
1298,19.89,43.932,1333747500
1298,19.89,43.932,1333747500
1298,19.816,41.4376,1333747140
1298,19.8164,41.4378,1333747140
1298,19.8175,41.4388,1333646220
1298,19.8176,41.4388,1333646160
1298,19.818,41.4384,1333646040
1298,19.8898,43.9321,1333549860
1298,19.8899,43.9319,1333548420
1298,19.89,43.932,1333541040
1298,19.8898,43.9322,1333540620
1298,19.8899,43.9321,1333540500
1298,19.89,43.9321,1333540380
1298,19.8898,43.9322,1333540260
1298,19.89,43.9321,1333537500
1298,19.8507,43.9317,1333502640
1298,19.8507,43.9317,1333502640
1298,19.8507,43.9317,1333502100
1298,19.8507,43.9315,1333497420
1298,19.8508,43.9317,1333492920
1298,19.8901,43.9314,1333472100
1298,19.8901,43.9316,1333471980
1298,19.8886,43.933,1333469040
1298,19.89,43.9321,1333464060
1298,19.8507,43.9324,1333337700
1298,19.8507,43.9317,1333337460
1298,19.8507,43.9317,1333331880
1298,19.8507,43.9317,1333331520
1298,19.8507,43.9317,1333320540
1298,19.8507,43.932,1333316100
1298,19.8508,43.932,1333301940
1298,19.8507,43.9319,1333299960
1298,19.8925,43.9278,1333292760
1298,19.8507,43.9316,1333256940
1298,19.8509,43.9314,1333256940
1298,19.8507,43.9324,1333256760
1298,19.8506,43.9316,1333247100
1298,19.8506,43.9316,1333230120
1298,19.8464,43.9294,1333227840
1298,19.8506,43.9324,1333196100
1298,19.8507,43.9317,1333194900
1298,19.8904,43.932,1333129080
1298,19.8906,43.9318,1333125960
1298,19.8936,43.932,1333122360
1298,19.8503,43.9308,1333078080
1298,19.8506,43.9316,1333075980
1298,19.8504,43.9317,1333068060
1298,19.8507,43.9315,1332980640
1298,19.8506,43.9316,1332887760
1298,19.89,43.932,1332875280
1298,19.8506,43.9318,1332716100
1298,19.8505,43.9317,1332565740
1298,19.8505,43.9317,1332565680
1298,19.8505,43.9316,1332563400
1298,19.8505,43.9316,1332551880
1298,19.8912,43.9312,1332511800
1298,19.8514,43.9319,1332494760
1298,19.8505,43.9316,1332459120
1298,19.8724,43.9305,1332435780
1298,19.8505,43.9317,1332369060
1298,19.8505,43.9316,1332366660
1298,19.8506,43.9316,1332366180
1298,19.8897,43.9315,1332344460
1298,19.8508,43.9317,1332299220
1298,19.8507,43.9315,1332296640
1298,19.8507,43.9316,1332289860
1298,19.8509,43.9336,1332287280
1298,19.849,43.9336,1332280260
1298,19.8903,43.9316,1332267240
1298,19.8902,43.9317,1332266880
1298,19.8901,43.9316,1332266700
1298,19.8901,43.9316,1332263220
1298,19.8504,43.9316,1332235140
1298,19.8504,43.9317,1332195300
1298,19.8504,43.9314,1332117180
1298,19.8506,43.9318,1332098520
1298,19.8464,43.9306,1332088620
1298,19.8504,43.9316,1332079020
1298,19.8508,43.9316,1332048600
1298,19.8508,43.9316,1332040080
1298,19.851,43.9315,1332037620
1298,19.8508,43.9319,1332037620
1298,19.8504,43.9313,1332036180
1298,19.851,43.9317,1332032220
1298,19.8507,43.9316,1332024840
1298,19.8505,43.9317,1332017340
1298,19.8504,43.9317,1332002160
1298,19.8504,43.9319,1332000300
1298,19.8504,43.9317,1332000180
1298,19.8504,43.9317,1331995800
1298,19.8504,43.9313,1331991180
1298,19.8504,43.9317,1331953800
1298,19.8508,43.9317,1331942040
1298,19.8507,43.9317,1331941980
1298,19.8507,43.9318,1331941860
1298,19.8505,43.9324,1331941680
1298,19.8504,43.9317,1331940780
1298,19.8504,43.9317,1331865600
1298,19.8504,43.9317,1331857740
1298,19.8504,43.9317,1331857260
1298,19.8503,43.9317,1331851560
1298,19.8866,43.933,1331829540
