1304,21.7587,41.328,1378211700
1304,21.7259,41.3251,1378108440
1304,21.7259,41.3251,1378108080
1304,21.726,41.3265,1378102320
1304,21.7259,41.3251,1378088100
1304,21.7259,41.3251,1378084320
1304,21.7259,41.3251,1378084020
1304,21.7253,41.324,1378015980
1304,21.7602,41.3313,1377999840
1304,21.7259,41.325,1377974760
1304,21.7261,41.3252,1377974220
1304,21.7259,41.3251,1377973380
1304,21.726,41.3252,1377964800
1304,21.7262,41.3267,1377913500
1304,21.726,41.3252,1377900660
1304,21.7259,41.325,1377897540
1304,21.726,41.325,1377897540
1304,21.7259,41.3252,1377886020
1304,21.726,41.3252,1377839220
1304,21.7258,41.3252,1377835320
1304,21.726,41.3252,1377803820
1304,21.7542,41.3475,1377800580
1304,21.7259,41.3252,1377796260
1304,21.7277,41.3245,1377790740
1304,21.7591,41.3279,1377779640
1304,21.726,41.325,1377704580
1304,21.7259,41.3252,1377695880
1304,21.7259,41.3249,1377649320
1304,21.726,41.3251,1377646020
1304,21.7259,41.3252,1377636300
1304,21.7277,41.3245,1377630060
1304,21.726,41.3252,1377563040
1304,21.726,41.3251,1377537600
1304,21.726,41.3252,1377523800
1304,21.7258,41.3252,1377468660
1304,21.7261,41.3264,1377455100
1304,21.726,41.3252,1377453480
1304,21.7259,41.3251,1377434100
1304,21.726,41.3251,1377415980
1304,21.726,41.3252,1377376680
1304,21.7259,41.3251,1377368820
1304,21.726,41.3252,1377359700
1304,21.7259,41.325,1377292200
1304,21.7535,41.3254,1377272400
1304,21.759,41.3281,1377262320
1304,21.7263,41.3267,1377225540
1304,21.726,41.3252,1377221160
1304,21.7258,41.3251,1377218700
1304,21.7259,41.3251,1377209940
1304,21.7258,41.3252,1377206700
1304,21.7219,41.3233,1377188220
1304,21.7262,41.3268,1377157560
1304,21.7262,41.3268,1377123360
1304,21.726,41.3251,1377107460
1304,21.7258,41.3252,1377098160
1304,21.7259,41.3251,1377056040
1304,21.7258,41.3249,1377051060
1304,21.7259,41.3251,1377049440
1304,21.7258,41.325,1377047160
1304,21.7222,41.3247,1377044400
1304,21.7586,41.328,1377002460
1304,21.7261,41.3266,1376966580
1304,21.7253,41.3242,1376962380
1304,21.7258,41.325,1376961720
1304,21.7258,41.3252,1376943600
1304,21.7259,41.3255,1376882400
1304,21.7258,41.3252,1376871180
1304,21.7257,41.3252,1376862720
1304,21.726,41.3267,1376861580
1304,21.726,41.3252,1376855400
1304,21.726,41.3252,1376816520
1304,21.726,41.3267,1376807280
1304,21.7258,41.325,1376780940
1304,21.7259,41.3251,1376780640
1304,21.7258,41.3252,1376777520
1304,21.7259,41.3251,1376751300
1304,21.759,41.3282,1376656680
1304,21.726,41.3251,1376616480
1304,21.7259,41.3251,1376604120
1304,21.726,41.3252,1376571360
1304,21.7259,41.3251,1376506680
1304,21.7259,41.3251,1376450040
1304,21.7259,41.3251,1376439060
1304,21.7258,41.325,1376410440
1304,21.7259,41.3251,1376356920
1304,21.7258,41.3252,1376351280
1304,21.7259,41.3251,1376241420
1304,21.7253,41.3242,1376206500
1304,21.726,41.3262,1376181060
1304,21.7259,41.3252,1376147520
1304,21.7259,41.3251,1376142780
1304,21.7603,41.3312,1376073660
1304,21.7604,41.3312,1376073000
1304,21.726,41.3252,1376072700
1304,21.7259,41.3251,1376035200
1304,21.726,41.3252,1376011080
1304,21.7258,41.3252,1376006400
1304,21.726,41.3251,1375987920
1304,21.726,41.3252,1375987680
1304,21.726,41.3252,1375979280
1304,21.726,41.3252,1375933080
1304,21.7259,41.3251,1375931580
1304,21.7258,41.325,1375924800
1304,21.7258,41.3252,1375923480
1304,21.7258,41.3252,1375909740
1304,21.7555,41.3257,1375896780
1304,21.7259,41.3251,1375846260
1304,21.7259,41.3251,1375843020
1304,21.726,41.3252,1375841820
1304,21.726,41.3252,1375818180
1304,21.726,41.3252,1375813980
1304,21.7259,41.325,1375811640
1304,21.726,41.3251,1375784520
1304,21.7259,41.3266,1375781400
1304,21.7259,41.3251,1375745220
1304,21.726,41.3252,1375740060
1304,21.7259,41.3264,1375725600
1304,21.7259,41.3252,1375717020
1304,21.7259,41.3251,1375664220
1304,21.7259,41.3251,1375654200
1304,21.7259,41.3251,1375599840
1304,21.7259,41.3251,1375568700
1304,21.7259,41.325,1375563180
1304,21.7259,41.3251,1375561440
1304,21.7259,41.3251,1375558860
1304,21.726,41.3252,1375557720
1304,21.7223,41.3255,1375506240
1304,21.7223,41.3255,1375497300
1304,21.7258,41.3252,1375490760
1304,21.7258,41.3252,1375490700
1304,21.7262,41.3258,1375478580
1304,21.726,41.3252,1375478100
1304,21.7259,41.3252,1375418340
1304,21.7258,41.3251,1375409580
1304,21.726,41.325,1375393620
1304,21.7258,41.325,1375391580
1304,21.7259,41.3251,1375331040
1304,21.726,41.3252,1375317180
1304,21.726,41.3252,1375315740
1304,21.7259,41.3252,1375310160
1304,21.7258,41.3252,1375290540
1304,21.7202,41.3235,1375235220
1304,21.726,41.3251,1375213320
1304,21.7258,41.3252,1375207800
1304,21.7259,41.3251,1375206600
1304,21.7258,41.3252,1375148160
1304,21.7259,41.325,1375071420
1304,21.726,41.3252,1375068480
1304,21.7259,41.3251,1375055760
1304,21.7259,41.3251,1375001280
1304,21.7253,41.3242,1375000260
1304,21.7258,41.3256,1374959820
1304,21.726,41.325,1374896040
1304,21.7259,41.3252,1374892800
1304,21.7257,41.3253,1374889620
1304,21.7259,41.3251,1374868680
1304,21.7261,41.3256,1374797400
1304,21.7259,41.3251,1374794220
1304,21.7259,41.3252,1374793500
1304,21.7259,41.3252,1374793080
1304,21.7262,41.3258,1374758700
1304,21.7261,41.3251,1374703080
1304,21.7259,41.3251,1374619140
1304,21.7259,41.3251,1374594960
1304,21.726,41.325,1374510840
1304,21.7259,41.3251,1374471540
1304,21.726,41.325,1374471240
1304,21.7259,41.3251,1374448560
1304,21.7259,41.3251,1374443220
1304,21.7259,41.3251,1374441120
1304,21.7259,41.3251,1374436560
1304,21.726,41.325,1374430680
1304,21.7259,41.325,1374428760
1304,21.7259,41.3251,1374398460
1304,21.7258,41.3268,1374388680
1304,21.7258,41.3273,1374383940
1304,21.726,41.3252,1374365700
1304,21.726,41.3252,1374365040
1304,21.7258,41.3272,1374355680
1304,21.726,41.3251,1374342900
1304,21.7259,41.3251,1374334200
1304,21.7259,41.3251,1374333840
1304,21.7259,41.3251,1374281280
1304,21.7602,41.3313,1374260280
1304,21.7605,41.3313,1374257460
1304,21.7259,41.3251,1374255420
1304,21.7257,41.3253,1374252540
1304,21.726,41.325,1374242580
1304,21.7258,41.325,1374180720
1304,21.7258,41.3272,1374173880
1304,21.7259,41.325,1374172980
1304,21.7259,41.325,1374172920
1304,21.7259,41.3251,1374167040
1304,21.7259,41.3251,1374165120
1304,21.7259,41.3251,1374163320
1304,21.7259,41.3251,1374101280
1304,21.7259,41.3252,1374092100
1304,21.7258,41.3252,1374086460
1304,21.7258,41.325,1374064560
1304,21.7259,41.3251,1374051600
1304,21.7259,41.3251,1374051060
1304,21.726,41.3252,1374006180
1304,21.7585,41.3278,1373995980
1304,21.726,41.3251,1373979360
1304,21.7258,41.3252,1373971500
1304,21.7259,41.3251,1373971320
1304,21.726,41.325,1373953740
1304,21.726,41.3253,1373946540
1304,21.726,41.325,1373903940
1304,21.7259,41.3252,1373866980
1304,21.7259,41.3252,1373866140
1304,21.7261,41.3252,1373857200
1304,21.7258,41.327,1373785440
1304,21.7315,41.3238,1373773380
1304,21.726,41.3252,1373761080
1304,21.745,41.3352,1373648040
1304,21.7186,41.3125,1373622660
1304,21.7263,41.3246,1373556900
1304,21.7259,41.325,1373509440
1304,21.7259,41.3251,1373490840
1304,21.7583,41.328,1373455440
1304,21.7258,41.3252,1373431860
1304,21.7257,41.3253,1373431620
1304,21.7259,41.3251,1373414700
1304,21.7259,41.3251,1373359440
1304,21.7259,41.3251,1373356860
1304,21.7261,41.325,1373338860
1304,21.7259,41.3251,1373331120
1304,21.7259,41.3251,1373329980
1304,21.7258,41.325,1373323980
1304,21.7259,41.3251,1373320620
1304,21.726,41.325,1373231580
1304,21.7258,41.3257,1373183100
1304,21.7258,41.3273,1373177940
1304,21.7267,41.3227,1373141820
1304,21.7258,41.3251,1373136840
1304,21.7259,41.3251,1373135880
1304,21.726,41.325,1373074500
1304,21.7259,41.3251,1373065980
1304,21.7259,41.325,1373054160
1304,21.726,41.3251,1373045760
1304,21.726,41.3251,1373045460
1304,21.7789,41.37,1373013960
1304,21.7399,41.3492,1373011860
1304,21.7385,41.3473,1373007720
1304,21.7399,41.3492,1373007660
1304,21.7399,41.3492,1372999380
1304,21.7399,41.3492,1372996200
1304,21.7315,41.3238,1372993440
1304,21.7259,41.3251,1372982280
1304,21.7259,41.3251,1372977000
1304,21.7261,41.3252,1372974240
1304,21.726,41.325,1372912380
1304,21.7259,41.3251,1372904640
1304,21.7259,41.3251,1372890720
1304,21.7259,41.3251,1372886700
1304,21.7591,41.3282,1372856460
1304,21.7259,41.3251,1372824600
1304,21.7259,41.3252,1372814580
1304,21.7258,41.3252,1372808280
1304,21.7591,41.3281,1372772280
1304,21.759,41.3281,1372771800
1304,21.7589,41.3282,1372768440
1304,21.7259,41.3251,1372729860
1304,21.7258,41.3251,1372721640
1304,21.7591,41.3281,1372682760
1304,21.759,41.3281,1372682640
1304,21.7259,41.3251,1372657680
1304,21.7263,41.326,1372644600
1304,21.726,41.3255,1372638720
1304,21.7258,41.325,1372620720
1304,21.726,41.3251,1372614840
1304,21.7259,41.3251,1372566000
1304,21.7259,41.3251,1372538760
1304,21.7259,41.3251,1372535520
1304,21.7259,41.3251,1372532220
1304,21.7259,41.3252,1372530480
1304,21.7259,41.3252,1372530240
1304,21.726,41.3252,1372527900
1304,21.7259,41.3251,1372497360
1304,21.7264,41.3257,1372467360
1304,21.7259,41.3251,1372396260
1304,21.7259,41.3251,1372361760
1304,21.7259,41.3251,1372308060
1304,21.7258,41.3252,1372296180
1304,21.7258,41.3251,1372293720
1304,21.726,41.3253,1372277940
1304,21.7557,41.3258,1372261200
1304,21.7259,41.3251,1372219260
1304,21.7259,41.3251,1372218120
1304,21.7258,41.325,1372175940
1304,21.726,41.3252,1372152540
1304,21.7259,41.3251,1372119180
1304,21.7258,41.325,1372104900
1304,21.7258,41.3252,1372099440
1304,21.726,41.3252,1372047780
1304,21.7259,41.3251,1372039020
1304,21.7259,41.3251,1372010940
1304,21.7255,41.3324,1372009020
1304,21.7256,41.3253,1371975960
1304,21.7267,41.3268,1371967680
1304,21.7259,41.3252,1371941220
1304,21.7256,41.3252,1371940200
1304,21.7259,41.3251,1371932820
1304,21.726,41.3252,1371932160
1304,21.7258,41.325,1371926460
1304,21.7255,41.3262,1371922020
1304,21.7258,41.3251,1371919680
1304,21.7259,41.3251,1371866040
1304,21.726,41.3252,1371848280
1304,21.7259,41.3251,1371789300
1304,21.7258,41.3252,1371786240
1304,21.726,41.325,1371773580
1304,21.7259,41.3251,1371773460
1304,21.7259,41.3251,1371751800
1304,21.7259,41.3251,1371703740
1304,21.726,41.3251,1371699000
1304,21.7259,41.3252,1371698160
1304,21.7259,41.3251,1371675600
1304,21.7259,41.3251,1371675360
1304,21.7545,41.3257,1371655740
1304,21.7648,41.3255,1371649860
1304,21.7258,41.325,1371601920
1304,21.7259,41.3252,1371594360
1304,21.7259,41.3251,1371572520
1304,21.726,41.3252,1371570000
1304,21.7287,41.3318,1371526080
1304,21.7259,41.3251,1371523020
1304,21.7259,41.3251,1371522660
1304,21.7258,41.3249,1371505920
1304,21.7258,41.3252,1371496860
1304,21.7259,41.3251,1371487140
1304,21.7259,41.3251,1371485280
1304,21.7431,41.3322,1371484020
1304,21.726,41.3252,1371483900
1304,21.726,41.3251,1371427860
1304,21.726,41.3252,1371418200
1304,21.7259,41.3251,1371401640
1304,21.7258,41.3252,1371365760
1304,21.7259,41.3252,1371318120
1304,21.7258,41.3252,1371312780
1304,21.7259,41.325,1371260940
1304,21.7259,41.3251,1371259380
1304,21.7259,41.3251,1371248100
1304,21.7258,41.3252,1371237000
1304,21.7258,41.3252,1371226440
1304,21.7259,41.3251,1371189180
1304,21.7259,41.3251,1371188640
1304,21.7258,41.325,1371180420
1304,21.7258,41.3252,1371178200
1304,21.7259,41.3251,1371177180
1304,21.726,41.3252,1371163500
1304,21.7324,41.3239,1371138540
1304,21.726,41.3252,1371087600
1304,21.7268,41.3273,1371082560
1304,21.716,41.3212,1371082200
1304,21.7259,41.3251,1370998500
1304,21.7259,41.3252,1370985660
1304,21.7258,41.325,1370984340
1304,21.7258,41.325,1370976120
1304,21.7258,41.325,1370879760
1304,21.7259,41.3251,1370728980
1304,21.7599,41.3288,1370697720
1304,21.7262,41.3253,1370681520
1304,21.7223,41.3237,1370666220
1304,21.7259,41.3251,1370653980
1304,21.7259,41.3252,1370636520
1304,21.7258,41.3252,1370605440
1304,21.7585,41.3278,1370601480
1304,21.7259,41.3252,1370593860
1304,21.726,41.325,1370565660
1304,21.7262,41.3258,1370557740
1304,21.7259,41.3251,1370545920
1304,21.7258,41.3252,1370544660
1304,21.7257,41.325,1370538240
1304,21.7258,41.3252,1370455980
1304,21.7555,41.3258,1370360580
1304,21.7259,41.3251,1370314020
1304,21.7259,41.3251,1370312220
1304,21.7259,41.3251,1370309220
1304,21.7258,41.325,1370303160
1304,21.7262,41.3258,1370288700
1304,21.759,41.3281,1370263680
1304,21.726,41.3251,1370216340
1304,21.7258,41.3252,1370211780
1304,21.7322,41.3221,1370198460
1304,21.7258,41.3252,1370142360
1304,21.726,41.3251,1370132100
1304,21.7267,41.3273,1370112360
1304,21.726,41.3252,1370108520
1304,21.7259,41.3251,1370038440
1304,21.7277,41.3218,1370024520
1304,21.7258,41.325,1370021100
1304,21.7258,41.325,1370015640
1304,21.7258,41.325,1369965540
1304,21.7255,41.3262,1369945800
1304,21.7262,41.325,1369927020
1304,21.7258,41.325,1369884600
1304,21.726,41.325,1369858740
1304,21.7258,41.3252,1369793760
1304,21.7258,41.3252,1369773060
1304,21.7259,41.3251,1369705500
1304,21.726,41.325,1369703880
1304,21.7259,41.3252,1369688160
1304,21.7259,41.3251,1369686840
1304,21.7258,41.325,1369624320
1304,21.7265,41.3292,1369615020
1304,21.7259,41.3251,1369608480
1304,21.7257,41.3252,1369548480
1304,21.726,41.3252,1369506420
1304,21.7259,41.3251,1369440000
1304,21.7259,41.3251,1369439280
1304,21.7428,41.332,1369410120
1304,21.7258,41.3252,1369365360
1304,21.7258,41.3252,1369365120
1304,21.7259,41.3252,1369358760
1304,21.7265,41.3292,1369353540
1304,21.7258,41.3252,1369338240
1304,21.7555,41.3257,1369323780
1304,21.759,41.3281,1369312740
1304,21.7258,41.3252,1369255560
1304,21.726,41.325,1369241340
1304,21.726,41.3259,1369234860
1304,21.7259,41.3251,1369066560
1304,21.726,41.3252,1368998580
1304,21.7263,41.3263,1368996120
1304,21.7259,41.3251,1368988860
1304,21.7261,41.3252,1368957720
1304,21.726,41.3252,1368932400
1304,21.7259,41.3251,1368914280
1304,21.726,41.325,1368893940
1304,21.7259,41.3251,1368855060
1304,21.7258,41.3252,1368837060
1304,21.726,41.3253,1368765480
1304,21.7272,41.3277,1368763200
1304,21.7259,41.3252,1368673020
1304,21.7259,41.3252,1368672360
1304,21.726,41.325,1368665700
1304,21.7259,41.3251,1368655980
1304,21.7258,41.3252,1368631200
1304,21.7259,41.3251,1368629640
1304,21.7254,41.3207,1368622440
1304,21.7259,41.3251,1368592080
1304,21.726,41.3255,1368590520
1304,21.7259,41.3251,1368539100
1304,21.7259,41.3251,1368507720
1304,21.7259,41.325,1368505140
1304,21.726,41.325,1368494820
1304,21.7231,41.3178,1368438660
1304,21.7226,41.3254,1368438120
1304,21.7475,41.3475,1368410820
1304,21.7258,41.325,1368402960
1304,21.726,41.3252,1368326340
1304,21.726,41.325,1368298440
1304,21.726,41.325,1368295680
1304,21.7257,41.3251,1368235140
1304,21.7272,41.3277,1368226020
1304,21.7258,41.3252,1368225300
1304,21.7258,41.3253,1368217800
1304,21.7272,41.3277,1368194700
1304,21.726,41.325,1368167340
1304,21.726,41.325,1368115740
1304,21.7269,41.3274,1367988180
1304,21.7259,41.325,1367980020
1304,21.726,41.325,1367971920
1304,21.7259,41.3251,1367960220
1304,21.7259,41.3251,1367956380
1304,21.7259,41.3252,1367900460
1304,21.726,41.3251,1367784480
1304,21.7259,41.3251,1367705280
1304,21.7259,41.3251,1367703900
1304,21.726,41.3251,1367701920
1304,21.726,41.3252,1367636520
1304,21.7258,41.3252,1367636340
1304,21.7557,41.3293,1367594160
1304,21.7258,41.3252,1367545440
1304,21.7259,41.3251,1367538780
1304,21.7269,41.3238,1367477880
1304,21.7266,41.3227,1367476500
1304,21.7266,41.3227,1367475420
1304,21.7265,41.3232,1367472780
1304,21.7259,41.3253,1367470920
1304,21.7258,41.3252,1367427240
1304,21.7258,41.325,1367389320
1304,21.726,41.325,1367376660
1304,21.7272,41.3277,1367373960
1304,21.7258,41.3252,1367344080
1304,21.7258,41.325,1367342580
1304,21.728,41.3281,1367297280
1304,21.7258,41.3252,1367126280
1304,21.726,41.3252,1367114220
1304,21.7257,41.3247,1367102520
1304,21.7259,41.3251,1367028540
1304,21.726,41.3251,1367025480
1304,21.7258,41.3252,1367019900
1304,21.7295,41.3277,1366996920
1304,21.726,41.3253,1366986480
1304,21.7258,41.3251,1366941840
1304,21.7258,41.3251,1366941540
1304,21.7256,41.3254,1366862340
1304,21.7258,41.325,1366862220
1304,21.7585,41.3286,1366814760
1304,21.7587,41.3294,1366811760
1304,21.7294,41.3276,1366772100
1304,21.7259,41.3252,1366770180
1304,21.7259,41.3252,1366769580
1304,21.7259,41.3252,1366752780
1304,21.7269,41.3262,1366749060
1304,21.7259,41.3251,1366746900
1304,21.7276,41.3271,1366736400
1304,21.726,41.3251,1366734000
1304,21.7289,41.3272,1366649220
1304,21.726,41.325,1366595640
1304,21.7283,41.3268,1366584060
1304,21.726,41.3251,1366580700
1304,21.726,41.3252,1366566360
1304,21.7258,41.3252,1366531620
1304,21.7258,41.325,1366512360
1304,21.726,41.325,1366489680
1304,21.7272,41.326,1366409940
1304,21.726,41.3252,1366400580
1304,21.7262,41.3247,1366382160
1304,21.726,41.3251,1366337100
1304,21.726,41.3248,1366317660
1304,21.7283,41.3268,1366257240
1304,21.726,41.3252,1366242840
1304,21.7258,41.3251,1366173240
1304,21.726,41.325,1366155120
1304,21.7265,41.3247,1366142820
1304,21.726,41.3252,1366070220
1304,21.7259,41.3251,1366057980
1304,21.747,41.3472,1366006920
1304,21.7295,41.3277,1366004520
1304,21.726,41.3249,1365978000
1304,21.726,41.3252,1365976800
1304,21.726,41.3252,1365959100
1304,21.726,41.325,1365952980
1304,21.726,41.3252,1365903000
1304,21.7295,41.3277,1365893220
1304,21.726,41.3252,1365854940
1304,21.7259,41.3251,1365812580
1304,21.7258,41.3252,1365791040
1304,21.7259,41.3249,1365731940
1304,21.7262,41.3253,1365720900
1304,21.754,41.3241,1365695160
1304,21.7551,41.3278,1365684120
1304,21.7262,41.3253,1365640980
1304,21.7261,41.325,1365635940
1304,21.7293,41.3275,1365635460
1304,21.7292,41.3275,1365629880
1304,21.726,41.3252,1365617400
1304,21.7569,41.3275,1365604080
1304,21.759,41.3282,1365597600
1304,21.7405,41.34,1365553380
1304,21.7259,41.3251,1365526500
1304,21.726,41.3252,1365515040
1304,21.7258,41.3252,1365457620
1304,21.726,41.325,1365369660
1304,21.7259,41.3251,1365359940
1304,21.726,41.3254,1365332820
1304,21.726,41.3252,1365192540
1304,21.7583,41.3278,1365098460
1304,21.7258,41.3252,1365094620
1304,21.7338,41.333,1365045660
1304,21.7259,41.3251,1365011220
1304,21.747,41.3472,1364976840
1304,21.7299,41.3288,1364949120
1304,21.5305,41.084,1364924520
1304,21.7591,41.3281,1364907420
1304,21.7258,41.3254,1364877360
1304,21.776,41.3267,1364868780
1304,21.726,41.3251,1364865240
1304,21.7762,41.3265,1364828520
1304,21.726,41.3251,1364784300
1304,21.7258,41.3252,1364703840
1304,21.6845,41.3112,1364691780
1304,21.7353,41.335,1364688600
1304,21.728,41.3273,1364675040
1304,21.7282,41.3275,1364674560
1304,21.7302,41.3296,1364633820
1304,21.7259,41.3251,1364600520
1304,21.7303,41.3303,1364599800
1304,21.726,41.3252,1364599260
1304,21.726,41.3252,1364599080
1304,21.7259,41.3251,1364589360
1304,21.7257,41.3252,1364581920
1304,21.7264,41.3256,1364504640
1304,21.7304,41.3306,1364435520
1304,21.726,41.3252,1364433420
1304,21.7258,41.3252,1364405100
1304,21.7273,41.3251,1364357940
1304,21.726,41.3254,1364357280
1304,21.7288,41.3283,1364342040
1304,21.7259,41.325,1364333100
1304,21.726,41.3251,1364324760
1304,21.7273,41.3268,1364258580
1304,21.7585,41.3286,1364211000
1304,21.7592,41.328,1364210760
1304,21.7257,41.3252,1364154120
1304,21.7255,41.3252,1364105040
1304,21.7258,41.3252,1364092680
1304,21.7468,41.3464,1364081760
1304,21.7258,41.3252,1363971720
1304,21.7259,41.3251,1363928100
1304,21.726,41.3252,1363918140
1304,21.726,41.325,1363821840
1304,21.7469,41.3466,1363753140
1304,21.7338,41.333,1363739460
1304,21.7258,41.3252,1363659360
1304,21.5262,41.1152,1363577760
1304,21.726,41.325,1363486140
1304,21.726,41.3251,1363453200
1304,21.7261,41.3252,1363383540
1304,21.7259,41.3251,1363365840
1304,21.7259,41.3251,1363146480
1304,21.726,41.325,1363120260
1304,21.732,41.3279,1362967440
1304,21.7253,41.3323,1362967320
1304,21.726,41.3251,1362954720
1304,21.747,41.3472,1362896580
1304,21.7258,41.3252,1362884040
1304,21.747,41.3472,1362857760
1304,21.7407,41.3406,1362854940
1304,21.726,41.3252,1362844920
1304,21.726,41.3252,1362794640
1304,21.734,41.3335,1362765000
1304,21.7589,41.3287,1362665940
1304,21.7591,41.3285,1362665880
1304,21.7468,41.347,1362624300
1304,21.7438,41.3438,1362582360
1304,21.7473,41.3475,1362528780
1304,21.726,41.3252,1362504540
1304,21.726,41.3253,1362434160
1304,21.7468,41.3468,1362432720
1304,21.745,41.345,1362421260
1304,21.7259,41.3252,1362420780
1304,21.7195,41.3238,1362357900
1304,21.7258,41.3252,1362298740
1304,21.7258,41.3252,1362277140
1304,21.7259,41.3251,1362274260
1304,21.7259,41.3251,1362247860
1304,21.726,41.3248,1362241860
1304,21.7258,41.3252,1362237900
1304,21.7323,41.3308,1362179580
1304,21.726,41.325,1362160680
1304,21.7258,41.3252,1362154140
1304,21.7538,41.3321,1361899080
1304,21.726,41.325,1361897460
1304,21.7258,41.3252,1361745540
1304,21.726,41.325,1361731440
1304,21.7258,41.3251,1361731020
1304,21.734,41.3335,1361674140
1304,21.7258,41.325,1361673960
1304,21.726,41.3252,1361665320
1304,21.7412,41.3409,1361642400
1304,21.726,41.325,1361638500
1304,21.726,41.3252,1361571480
1304,21.726,41.325,1361552880
1304,21.759,41.3284,1361540520
1304,21.726,41.325,1361507520
1304,21.7262,41.3248,1361482620
1304,21.726,41.3252,1361198640
1304,21.7258,41.325,1361165100
1304,21.7259,41.3249,1361149200
1304,21.726,41.3253,1361130840
1304,21.7261,41.3252,1361128680
1304,21.7258,41.3252,1361128320
1304,21.726,41.3252,1361064240
1304,21.7474,41.3474,1361037120
1304,21.7262,41.3253,1360963440
1304,21.7414,41.3413,1360899780
1304,21.7259,41.325,1360868220
1304,21.726,41.3252,1360866720
1304,21.7259,41.3254,1360794420
1304,21.527,41.1095,1360653180
1304,21.5304,41.0842,1360652640
1304,21.5292,41.094,1360455120
1304,21.5305,41.084,1360399860
1304,21.5305,41.0842,1360368120
1304,21.7258,41.3252,1360337340
1304,21.726,41.3252,1360262880
1304,21.7258,41.3252,1360260600
1304,21.7258,41.325,1360198320
1304,21.7258,41.325,1360142640
1304,21.7258,41.325,1360023900
1304,21.7258,41.3252,1359998460
1304,21.7465,41.3466,1359927660
1304,21.726,41.3252,1359853860
1304,21.726,41.325,1359771780
1304,21.7475,41.3477,1359761820
1304,21.7258,41.3252,1359741780
1304,21.726,41.3252,1359649920
1304,21.7258,41.3253,1359573840
1304,21.7259,41.325,1359522120
1304,21.726,41.3251,1359517200
1304,21.726,41.325,1359483780
1304,21.746,41.3461,1359424320
1304,21.7435,41.3435,1359414000
1304,21.726,41.3252,1359413220
1304,21.726,41.3252,1359398580
1304,21.7259,41.3251,1359313740
1304,21.7258,41.3252,1359309360
1304,21.726,41.3252,1359251640
1304,21.726,41.3252,1359235260
1304,21.7257,41.3252,1359212460
1304,21.7257,41.3252,1359212340
1304,21.726,41.325,1359210120
1304,21.726,41.325,1359130860
1304,21.7258,41.3252,1359130680
1304,21.7258,41.3252,1358984280
1304,21.5305,41.084,1358819460
1304,21.5304,41.0853,1358790960
1304,21.5313,41.0872,1358703720
1304,21.726,41.3252,1358687640
1304,21.726,41.325,1358652720
1304,21.7258,41.3249,1358559420
1304,21.7369,41.3367,1358529300
1304,21.7259,41.325,1358521140
1304,21.7259,41.325,1358520480
1304,21.7258,41.3252,1358512860
1304,21.7259,41.3251,1358512740
1304,21.726,41.325,1358429040
1304,21.7258,41.325,1358393160
1304,21.7258,41.3252,1358380380
1304,21.7258,41.3252,1358344980
1304,21.7258,41.325,1358337240
1304,21.7258,41.3248,1358337120
1304,21.726,41.325,1358300220
1304,21.726,41.325,1358172960
1304,21.7475,41.3477,1358161920
1304,21.726,41.325,1358160840
1304,21.726,41.325,1358101380
1304,21.726,41.325,1358096340
1304,21.7258,41.3252,1358035980
1304,21.7262,41.325,1358028180
1304,21.7258,41.3252,1358027340
1304,21.7259,41.3251,1358027100
1304,21.7343,41.3338,1358025300
1304,21.7258,41.3252,1358011920
1304,21.7258,41.3252,1357969440
1304,21.7474,41.3476,1357968900
1304,21.7258,41.3252,1357946760
1304,21.7258,41.3252,1357937820
1304,21.7257,41.325,1357937280
1304,21.7258,41.3252,1357935660
1304,21.7259,41.3251,1357934580
1304,21.7257,41.325,1357862280
1304,21.7258,41.3252,1357849200
1304,21.7259,41.325,1357768680
1304,21.7258,41.325,1357763280
1304,21.7258,41.3251,1357680180
1304,21.74,41.3399,1357640160
1304,21.726,41.325,1357554060
1304,21.7258,41.3252,1357511640
1304,21.7258,41.325,1357497480
1304,21.7258,41.325,1357401720
1304,21.7258,41.325,1357342680
1304,21.7343,41.334,1357333260
1304,21.7261,41.3251,1357271580
1304,21.7258,41.3252,1357265640
1304,21.7258,41.3252,1357203420
1304,21.7258,41.3252,1357177440
1304,21.5305,41.084,1357158960
1304,21.5307,41.084,1357065600
1304,21.5173,41.0735,1357054320
1304,21.5208,41.0725,1357054200
1304,21.5173,41.0735,1357019220
1304,21.5305,41.0842,1357017660
1304,21.7258,41.325,1357000020
1304,21.5306,41.0842,1356999780
1304,21.5208,41.0725,1356988920
1304,21.5305,41.0842,1356985920
1304,21.5305,41.0841,1356979680
1304,21.5306,41.0842,1356949620
1304,21.7475,41.3477,1356949380
1304,21.7258,41.3252,1356922080
1304,21.726,41.3252,1356915060
1304,21.5311,41.0806,1356907920
1304,21.7258,41.3252,1356906780
1304,21.7258,41.3252,1356905760
1304,21.5947,41.3124,1356876660
1304,21.6857,41.3108,1356876180
1304,21.7258,41.325,1356839940
1304,21.7258,41.3252,1356823620
1304,21.726,41.325,1356800460
1304,21.7258,41.3252,1356737580
1304,21.7843,41.3855,1356726180
1304,21.7258,41.3252,1356713460
1304,21.7258,41.3252,1356681360
1304,21.726,41.325,1356620100
1304,21.7474,41.3477,1356539760
1304,21.7478,41.3467,1356539100
1304,21.7259,41.325,1356483600
1304,21.7343,41.334,1356480780
1304,21.7258,41.3252,1356415200
1304,21.7253,41.3323,1356407100
1304,21.7438,41.3438,1356380160
1304,21.726,41.3252,1356339840
1304,21.7258,41.3252,1356334020
1304,21.7258,41.3248,1356330720
1304,21.7258,41.325,1356310200
1304,21.7258,41.325,1356297420
1304,21.7258,41.325,1356225960
1304,21.7258,41.3251,1356060300
1304,21.7258,41.3252,1356042900
1304,21.7264,41.3252,1356030780
1304,21.7458,41.3463,1356023520
1304,21.7328,41.3402,1356019980
1304,21.726,41.3252,1355992260
1304,21.7387,41.3386,1355991660
1304,21.726,41.3252,1355960580
1304,21.7475,41.3477,1355892420
1304,21.7253,41.3327,1355873700
1304,21.7762,41.3266,1355869740
1304,21.7258,41.3252,1355859420
1304,21.726,41.3252,1355795100
1304,21.7258,41.3252,1355790900
1304,21.7459,41.3463,1355784660
1304,21.7258,41.3251,1355771520
1304,21.7259,41.325,1355682900
1304,21.7258,41.3252,1355622180
1304,21.7259,41.3251,1355590440
1304,21.7259,41.3248,1355551440
1304,21.7254,41.3251,1355526180
1304,21.7259,41.3251,1355501100
1304,21.726,41.3252,1355458680
1304,21.7257,41.325,1355429220
1304,21.726,41.3254,1355332560
1304,21.7258,41.3252,1355205060
1304,21.7475,41.3477,1355200920
1304,21.748,41.326,1355185080
1304,21.726,41.3253,1355172240
1304,21.7259,41.3252,1355160360
1304,21.781,41.3945,1355086440
1304,21.7807,41.3945,1355086260
1304,21.7789,41.3958,1355072580
1304,21.7258,41.3252,1355036820
1304,21.7258,41.325,1355034000
1304,21.726,41.3252,1355015880
1304,21.7282,41.3275,1354993020
1304,21.7259,41.3252,1354990620
1304,21.7258,41.325,1354939740
1304,21.7258,41.3252,1354901340
1304,21.726,41.325,1354859940
1304,21.726,41.3252,1354838820
1304,21.7547,41.3237,1354818060
1304,21.7259,41.325,1354768860
1304,21.7258,41.3252,1354735800
1304,21.7644,41.336,1354667340
1304,21.726,41.325,1354666860
1304,21.7258,41.3252,1354654380
1304,21.726,41.3252,1354651980
1304,21.726,41.3252,1354645440
1304,21.7258,41.3252,1354635000
1304,21.7445,41.3453,1354589880
1304,21.726,41.3253,1354573380
1304,21.726,41.3252,1354539660
1304,21.726,41.3252,1354533420
1304,21.726,41.3252,1354524840
1304,21.7258,41.3252,1354504140
1304,21.726,41.3252,1354500780
1304,21.7533,41.3542,1354472220
1304,21.7255,41.3325,1354467000
1304,21.7782,41.379,1354426080
1304,21.7258,41.3252,1354424940
1304,21.7258,41.3252,1354421280
1304,21.726,41.3252,1354411980
1304,21.726,41.3252,1354411560
1304,21.726,41.325,1354405200
1304,21.7259,41.3251,1354401180
1304,21.7258,41.3252,1354320540
1304,21.7268,41.3263,1354314420
1304,21.726,41.3252,1354293720
1304,21.7258,41.3252,1354270020
1304,21.7259,41.3251,1354218600
1304,21.7293,41.3228,1354213620
1304,21.7581,41.3278,1354209360
1304,21.7583,41.3278,1354205100
1304,21.7585,41.328,1354188840
1304,21.7256,41.3251,1354149360
1304,21.726,41.3252,1354136160
1304,21.726,41.3252,1354131180
1304,21.7259,41.3251,1354124700
1304,21.7547,41.3236,1354110420
1304,21.7586,41.3279,1354106760
1304,21.7585,41.3279,1354103640
1304,21.759,41.3288,1354098840
1304,21.7343,41.3437,1354065900
1304,21.7544,41.335,1354031520
1304,21.7592,41.3283,1354018200
1304,21.7592,41.3289,1354017840
1304,21.7585,41.3278,1354013880
1304,21.7258,41.3252,1354012860
1304,21.726,41.3252,1353982620
1304,21.726,41.3252,1353979920
1304,21.726,41.3252,1353962700
1304,21.7595,41.3285,1353926400
1304,21.726,41.3252,1353880440
1304,21.7443,41.3447,1353875400
1304,21.726,41.3253,1353868500
1304,21.726,41.3252,1353865380
1304,21.7258,41.3252,1353810960
1304,21.726,41.325,1353805620
1304,21.7258,41.3248,1353787620
1304,21.726,41.3252,1353786420
1304,21.7258,41.3252,1353785340
1304,21.7588,41.3279,1353673680
1304,21.7327,41.342,1353673620
1304,21.726,41.3252,1353673440
1304,21.7258,41.3248,1352805540
1304,21.7587,41.3279,1352805300
1304,21.7328,41.3402,1352804160
1304,21.7585,41.3278,1352804040
1304,21.7585,41.3274,1352285100
1304,21.7584,41.3277,1352284920
1304,21.7155,41.3287,1351684260
1304,21.7259,41.3251,1351648200
1304,21.726,41.3252,1351607820
1304,21.7583,41.3278,1351593960
1304,21.7584,41.3279,1351591380
1304,21.726,41.3254,1351561200
1304,21.7258,41.3252,1351555020
1304,21.7258,41.3252,1351550100
1304,21.7581,41.3286,1351528440
1304,21.7587,41.3278,1351525860
1304,21.7584,41.3279,1351512600
1304,21.759,41.3281,1351510860
1304,21.7586,41.3279,1351510560
1304,21.7584,41.3279,1351507740
1304,21.726,41.3251,1351473900
1304,21.7577,41.326,1351401660
1304,21.7763,41.3267,1351389840
1304,21.7763,41.3267,1351389660
1304,21.7258,41.3252,1351376040
1304,21.7258,41.3252,1351375740
1304,21.726,41.3253,1351353180
1304,21.7583,41.3278,1351351020
1304,21.7258,41.3252,1351284300
1304,21.726,41.3253,1351280040
1304,21.7259,41.3252,1351273320
1304,21.726,41.3252,1351264620
1304,21.726,41.3252,1351258020
1304,21.726,41.325,1351255800
1304,21.726,41.325,1351220340
1304,21.726,41.3251,1351218420
1304,21.7587,41.328,1351158900
1304,21.726,41.3252,1351110300
1304,21.7258,41.3251,1351097820
1304,21.7586,41.3276,1351082040
1304,21.7594,41.328,1351080540
1304,21.7585,41.3275,1351080480
1304,21.7586,41.328,1351074360
1304,21.7178,41.3257,1351070280
1304,21.7583,41.3278,1351026300
1304,21.7585,41.3278,1350992460
1304,21.7222,41.3248,1350983580
1304,21.726,41.3251,1350958500
1304,21.726,41.3251,1350957660
1304,21.726,41.3252,1350854400
1304,21.7258,41.3252,1350785460
1304,21.726,41.325,1350753060
1304,21.7597,41.3288,1350732420
1304,21.7587,41.328,1350709620
1304,21.7587,41.328,1350706740
1304,21.7587,41.328,1350610680
1304,21.7588,41.328,1350604860
1304,21.7588,41.3283,1350604860
1304,21.7612,41.3328,1350578640
1304,21.7586,41.3279,1350569700
1304,21.7556,41.3396,1350505980
1304,21.7259,41.3251,1350499860
1304,21.7521,41.3268,1350468840
1304,21.726,41.3251,1350444900
1304,21.7585,41.3278,1350399060
1304,21.7265,41.3248,1350359220
1304,21.7612,41.3328,1350302700
1304,21.7259,41.3251,1350297300
1304,21.726,41.3252,1350240720
1304,21.726,41.3252,1350183900
1304,21.7259,41.3251,1350181620
1304,21.726,41.3251,1350142380
1304,21.726,41.325,1350068040
1304,21.7262,41.325,1350002460
1304,21.726,41.3253,1349802060
1304,21.7259,41.325,1349724360
1304,21.759,41.3282,1349709660
1304,21.726,41.3252,1349656140
1304,21.7497,41.2985,1349630340
1304,21.726,41.3253,1349616300
1304,21.7259,41.3251,1349541060
1304,21.759,41.3282,1349437080
1304,21.759,41.3282,1349436900
1304,21.7762,41.3267,1349380200
1304,21.759,41.3282,1349351040
1304,21.7587,41.3278,1349194800
1304,21.7258,41.3252,1348854060
1304,21.7592,41.3281,1348663680
1304,21.726,41.3252,1348623780
1304,21.726,41.3251,1348604040
1304,21.726,41.3252,1348591920
1304,21.7543,41.3349,1347987480
1304,21.7543,41.335,1347986100
1304,21.759,41.3281,1347891780
1304,21.7259,41.325,1347770400
1304,21.7591,41.3282,1347627180
1304,21.7591,41.328,1347627060
1304,21.7591,41.3282,1347536700
1304,21.726,41.3251,1347332220
1304,21.726,41.3251,1347295560
1304,21.726,41.3251,1347276060
1304,21.7255,41.3325,1347209280
1304,21.726,41.3251,1347179700
1304,21.7258,41.3252,1347157260
1304,21.7259,41.3251,1347156300
1304,21.7259,41.3251,1347112080
1304,21.726,41.3252,1346949840
1304,21.737,41.3288,1346925900
1304,21.726,41.3252,1346857440
1304,21.7225,41.3256,1346839980
1304,21.7302,41.3337,1346817960
1304,21.726,41.3252,1346815860
1304,21.726,41.3252,1346815680
1304,21.726,41.3252,1346814660
1304,21.7543,41.3349,1346777880
1304,21.7541,41.3349,1346777700
1304,21.7279,41.3224,1346752620
1304,21.7259,41.3252,1346683020
1304,21.726,41.3252,1346680620
1304,21.726,41.325,1346650680
1304,21.726,41.3251,1346559420
1304,21.748,41.326,1346549160
1304,21.7259,41.3251,1346450820
1304,21.7587,41.3278,1346385120
1304,21.726,41.3253,1346359260
1304,21.7468,41.3305,1346321640
1304,21.7258,41.325,1346278380
1304,21.7259,41.3251,1346257560
1304,21.7587,41.328,1346124120
1304,21.759,41.328,1345735620
1304,21.759,41.3282,1345735440
1304,21.7592,41.328,1345735320
1304,21.759,41.328,1345735260
1304,21.7591,41.3284,1345726440
1304,21.726,41.3252,1345694340
1304,21.7258,41.3252,1345573140
1304,21.748,41.326,1345561800
