1326,35.4427,133.8128,1378377600
1326,35.4322,133.8205,1378349220
1326,35.4345,133.819,1378343160
1326,35.4322,133.8205,1378301940
1326,35.4322,133.8205,1378301760
1326,35.4322,133.8205,1378293840
1326,35.4322,133.8205,1378262220
1326,35.4322,133.8205,1378184220
1326,35.4322,133.8205,1378177800
1326,35.4997,134.233,1378108920
1326,35.4997,134.2332,1378108320
1326,35.4982,134.2307,1378107900
1326,35.498,134.2307,1378107840
1326,35.5522,134.2795,1378094160
1326,35.4995,134.2322,1378035720
1326,35.4995,134.232,1378033740
1326,35.4994,134.2317,1378032240
1326,35.4993,134.2317,1378031760
1326,35.4997,134.2318,1378031640
1326,35.4995,134.2322,1378027800
1326,35.4995,134.2322,1378024260
1326,35.4993,134.232,1378024200
1326,35.4995,134.232,1378024140
1326,35.4322,133.8205,1378005000
1326,35.4322,133.8205,1377931860
1326,35.4322,133.8205,1377919740
1326,35.4322,133.8205,1377865680
1326,35.4322,133.8205,1377832980
1326,35.4322,133.8205,1377830280
1326,35.4405,133.813,1377771180
1326,35.4357,133.8077,1377771120
1326,35.4322,133.8203,1377744780
1326,35.4322,133.8203,1377658440
1326,35.4322,133.8205,1377571500
1326,35.434,133.8245,1377522660
1326,35.4322,133.8205,1377516180
1326,35.417,133.7835,1377485460
1326,35.4322,133.8205,1377399180
1326,35.4322,133.8205,1377320940
1326,35.4322,133.8205,1377312480
1326,35.4318,133.8185,1377271200
1326,35.432,133.8203,1377243360
1326,35.432,133.8203,1377227160
1326,35.432,133.8207,1377181380
1326,35.4322,133.8205,1377140580
1326,35.4305,133.8368,1377081240
1326,35.4322,133.8205,1377061020
1326,35.4322,133.8205,1377057180
1326,35.2218,133.92,1376990040
1326,34.6642,133.9297,1376969280
1326,34.6642,133.9297,1376968440
1326,34.6642,133.9297,1376966640
1326,34.6657,133.9295,1376966220
1326,34.4922,133.9532,1376898780
1326,34.4938,133.953,1376881440
1326,35.4322,133.8205,1376797500
1326,35.4322,133.8205,1376747040
1326,35.4322,133.8205,1376746980
1326,35.4322,133.8205,1376710140
1326,35.4322,133.8205,1376623620
1326,35.4322,133.8205,1376546940
1326,35.4322,133.8205,1376538120
1326,35.432,133.8203,1376484180
1326,35.432,133.8203,1376470680
1326,35.4322,133.8205,1376450400
1326,35.4235,133.8173,1376391540
1326,35.4322,133.8205,1376381880
1326,35.432,133.8203,1376363460
1326,35.43,133.8132,1376303700
1326,35.4322,133.8205,1376191200
1326,35.4322,133.8205,1376102580
1326,35.4322,133.8205,1376020560
1326,35.4323,133.8207,1375968840
1326,35.4402,133.8135,1375958880
1326,35.4402,133.8138,1375956720
1326,35.4322,133.8205,1375936080
1326,35.4322,133.8205,1375932180
1326,35.4322,133.8205,1375850760
1326,35.4322,133.8205,1375846380
1326,35.4322,133.8205,1375768200
1326,35.4322,133.8205,1375757940
1326,35.4318,133.8185,1375712520
1326,35.4315,133.8213,1375703760
1326,35.1622,133.3615,1375661940
1326,35.4322,133.8205,1375594800
1326,35.4322,133.8205,1375583100
1326,35.4322,133.8205,1375504200
1326,35.4322,133.8205,1375496940
1326,35.432,133.8203,1375327260
1326,35.4325,133.8205,1375309560
1326,35.4322,133.8205,1375239900
1326,35.4322,133.8205,1375180560
1326,35.4322,133.8205,1375154640
1326,35.4488,133.8488,1375075680
1326,35.4322,133.8205,1374980160
1326,35.4322,133.8205,1374892260
1326,35.4322,133.8205,1374808140
1326,35.4322,133.8205,1374720900
1326,35.4322,133.8205,1374640200
1326,35.4322,133.8205,1374633900
1326,35.4322,133.8205,1374561120
1326,35.4322,133.8205,1374550260
1326,34.669,133.9098,1374503280
1326,34.596,133.7715,1374503160
1326,34.5963,133.7711,1374503040
1326,34.5967,133.7749,1374502800
1326,34.669,133.9098,1374494940
1326,34.669,133.9098,1374481920
1326,34.669,133.9098,1374481800
1326,35.4322,133.8205,1374373740
1326,35.5078,133.8885,1374315780
1326,35.5078,133.8887,1374314940
1326,35.5075,133.8863,1374313620
1326,35.5075,133.8882,1374313320
1326,35.5075,133.8888,1374312300
1326,35.5078,133.8887,1374311760
1326,35.5078,133.8887,1374311700
1326,35.5078,133.8887,1374307560
1326,35.508,133.882,1374307380
1326,35.4322,133.8205,1374288360
1326,35.4322,133.8205,1374203400
1326,35.4322,133.8205,1374116820
1326,35.4322,133.8205,1374047280
1326,35.4322,133.8205,1374043620
1326,35.4322,133.8205,1374037200
1326,35.4322,133.8205,1374030060
1326,35.4737,133.904,1373968860
1326,35.4737,133.904,1373968740
1326,35.512,134.0545,1373965260
1326,35.5178,133.9563,1373955300
1326,35.4363,133.8165,1373946480
1326,35.4363,133.8165,1373945820
1326,35.4322,133.8205,1373856300
1326,35.4322,133.8205,1373778360
1326,35.4322,133.8205,1373769360
1326,35.4103,133.7602,1373718120
1326,35.4098,133.7598,1373717220
1326,35.4322,133.8205,1373683200
1326,35.4322,133.8205,1373624220
1326,35.4322,133.8205,1373511540
1326,35.4382,133.8122,1373452620
1326,35.4322,133.8205,1373426700
1326,35.4322,133.8205,1373344560
1326,35.4322,133.8205,1373340240
1326,35.5662,134.2748,1373261580
1326,35.5657,134.2753,1373254920
1326,35.498,134.2307,1373205000
1326,35.4975,134.2263,1373198700
1326,35.4352,133.8142,1373198640
1326,35.4322,133.8205,1373165580
1326,35.4322,133.8205,1373086980
1326,35.4322,133.8205,1373078700
1326,35.4322,133.8205,1372993800
1326,35.4322,133.8205,1372905300
1326,35.4322,133.8205,1372863360
1326,35.4322,133.8205,1372837980
1326,35.432,133.8205,1372837800
1326,35.4322,133.8205,1372831740
1326,35.4322,133.8205,1372739160
1326,35.432,133.8205,1372739040
1326,35.4322,133.8205,1372658580
1326,35.4322,133.8205,1372649820
1326,35.4337,133.825,1372592760
1326,35.4337,133.825,1372592520
1326,35.4337,133.825,1372592400
1326,35.4322,133.8205,1372560300
1326,35.4322,133.8205,1372492500
1326,35.4322,133.8205,1372480500
1326,35.4322,133.8205,1372479360
1326,35.4322,133.8205,1372408080
1326,35.4322,133.8205,1372391580
1326,35.4322,133.8205,1372307220
1326,35.4322,133.8205,1372300140
1326,35.4322,133.8205,1372223340
1326,35.4322,133.8205,1372217760
1326,35.4322,133.8205,1372213080
1326,35.4322,133.8205,1372129800
1326,35.4322,133.8205,1372129680
1326,35.363,133.698,1372066800
1326,35.3673,133.6787,1372066620
1326,35.4322,133.8205,1371963120
1326,35.4322,133.8205,1371955680
1326,35.4322,133.8205,1371867840
1326,35.4322,133.8205,1371794880
1326,35.4322,133.8205,1371781200
1326,35.4337,133.825,1371709260
1326,35.4322,133.8205,1371702240
1326,35.4322,133.8205,1371696240
1326,35.4322,133.8205,1371614820
1326,35.4322,133.8205,1371375360
1326,35.4322,133.8205,1371351000
1326,35.4322,133.8205,1371265560
1326,35.4578,133.4273,1371204420
1326,35.4578,133.4273,1371202560
1326,35.4598,133.435,1371200460
1326,35.4322,133.8205,1371183660
1326,35.4322,133.8205,1371176520
1326,35.4322,133.8205,1371090540
1326,35.4322,133.8205,1371004380
1326,35.4357,133.8262,1370996460
1326,35.4325,133.8392,1370944980
1326,35.4322,133.8205,1370935740
1326,35.4322,133.8205,1370917800
1326,35.4322,133.8203,1370834400
1326,35.4345,133.8233,1370772600
1326,35.4322,133.8207,1370768040
1326,35.4322,133.8208,1370767560
1326,35.432,133.8205,1370761800
1326,35.432,133.8207,1370745120
1326,35.432,133.8207,1370745060
1326,35.4322,133.8205,1370744940
1326,35.4322,133.8205,1370668260
1326,35.4322,133.8205,1370659020
1326,35.4322,133.8207,1370601960
1326,35.4322,133.8205,1370573640
1326,35.4322,133.8205,1370497260
1326,35.4322,133.8205,1370487180
1326,35.4322,133.8188,1370444400
1326,35.4322,133.8205,1370400480
1326,35.4322,133.8205,1370338020
1326,35.4322,133.8205,1370337960
1326,35.4322,133.8203,1370337900
1326,35.4322,133.8205,1370331540
1326,35.432,133.8205,1370324280
1326,35.4322,133.8205,1370317500
1326,35.4658,133.8957,1370233320
1326,35.4727,133.8458,1370231040
1326,35.4322,133.8205,1370176980
1326,35.4322,133.8205,1370176860
1326,35.4322,133.8205,1370176740
1326,35.4322,133.8205,1370148420
1326,35.4322,133.8203,1370141280
1326,35.4322,133.8205,1370140740
1326,35.4322,133.8205,1370053560
1326,35.432,133.8207,1369980540
1326,35.4322,133.8205,1369970820
1326,35.4322,133.8205,1369966860
1326,35.4322,133.8205,1369891860
1326,35.4322,133.8205,1369884960
1326,35.4322,133.8205,1369813980
1326,35.4322,133.8205,1369813260
1326,35.4322,133.8205,1369801980
1326,35.4322,133.8205,1369794420
1326,35.4322,133.8205,1369708920
1326,35.4883,133.9338,1369637220
1326,35.467,133.9005,1369636680
1326,35.467,133.9005,1369636680
1326,35.4005,133.957,1369629720
1326,35.432,133.8205,1369552560
1326,35.432,133.8205,1369552380
1326,35.4322,133.8205,1369536420
1326,35.4283,133.8248,1369489560
1326,35.4322,133.8205,1369364160
1326,35.4337,133.825,1369287600
1326,35.432,133.8205,1369276320
1326,35.4322,133.8203,1369221060
1326,35.4322,133.8205,1369198560
1326,35.4322,133.8205,1369189680
1326,35.4338,133.8215,1369131000
1326,35.4322,133.8205,1369103160
1326,35.4942,133.6807,1369040460
1326,35.452,133.8488,1368959520
1326,35.4322,133.8205,1368930120
1326,35.493,133.693,1368877080
1326,35.493,133.693,1368876780
1326,35.4322,133.8205,1368849840
1326,35.4322,133.8205,1368846360
1326,35.4322,133.8205,1368788220
1326,35.4322,133.8205,1368759120
1326,35.4328,133.8257,1368703020
1326,35.0417,137.0465,1368635580
1326,35.014,137.127,1368634860
1326,35.2023,138.6648,1368628620
1326,35.1617,138.7642,1368627600
1326,35.215,138.8868,1368627000
1326,35.4675,139.6197,1368620400
1326,35.463,139.3942,1368605580
1326,35.4627,139.3947,1368605400
1326,35.4337,133.8243,1368502680
1326,35.4288,133.8148,1368502140
1326,35.4322,133.8205,1368443640
1326,35.4401,133.8438,1368415260
1326,35.4322,133.8205,1368348480
1326,35.4362,133.8155,1368326640
1326,35.4322,133.8205,1368239040
1326,35.432,133.8205,1368192660
1326,35.4322,133.8205,1368177360
1326,35.4322,133.8205,1368152580
1326,35.4322,133.8205,1368066300
1326,35.4322,133.8205,1367990640
1326,35.2088,133.7322,1367907540
1326,35.2073,133.7336,1367907360
1326,35.2082,133.733,1367907300
1326,35.1688,133.7302,1367905680
1326,35.1688,133.7302,1367904000
1326,35.2023,133.7308,1367901660
1326,35.2818,133.637,1367897340
1326,35.2818,133.637,1367897160
1326,35.2817,133.637,1367895780
1326,35.3337,133.7542,1367895660
1326,35.4322,133.8205,1367830740
1326,35.4322,133.8204,1367807340
1326,35.4322,133.8205,1367747580
1326,35.4322,133.8205,1367747100
1326,35.4322,133.8205,1367732040
1326,35.4322,133.8205,1367721180
1326,35.4338,133.8257,1367675280
1326,35.4322,133.8205,1367638320
1326,35.4322,133.8203,1367549160
1326,35.4338,133.826,1367498700
1326,35.4322,133.8205,1367475480
1326,35.4322,133.8205,1367462580
1326,35.4322,133.8205,1367378700
1326,35.4488,133.8487,1367298060
1326,35.4463,133.85,1367291700
1326,35.4779,133.8861,1367288520
1326,35.4322,133.8205,1367243400
1326,35.4322,133.8205,1367204220
1326,35.432,133.8205,1367137020
1326,35.4322,133.8205,1367131920
1326,35.4322,133.8205,1367115900
1326,35.014,133.7285,1367052300
1326,34.8287,133.6643,1367051280
1326,34.6975,133.7905,1367050440
1326,34.6792,133.8928,1367048640
1326,34.6688,133.91,1367047080
1326,34.6688,133.91,1367046780
1326,34.6688,133.91,1367046660
1326,34.6688,133.91,1367045940
1326,34.6688,133.91,1367035260
1326,34.6688,133.91,1367035140
1326,34.6688,133.91,1367029680
1326,35.4118,133.891,1366981440
1326,35.4322,133.8205,1366942980
1326,35.4322,133.8205,1366864260
1326,35.4322,133.8205,1366856460
1326,35.4322,133.8205,1366770720
1326,35.4322,133.8205,1366684980
1326,35.4894,134.2287,1366629660
1326,35.4326,133.8241,1366603680
1326,35.4326,133.8241,1366603440
1326,35.4322,133.8205,1366512240
1326,35.4322,133.8203,1366441080
1326,35.4322,133.8203,1366425600
1326,35.4322,133.8203,1366348740
1326,35.4322,133.8205,1366339800
1326,35.4322,133.821,1366306500
1326,35.4323,133.8205,1366306440
1326,35.4322,133.8205,1366251420
1326,35.4322,133.8205,1365928320
1326,35.4322,133.8205,1365836100
1326,35.4322,133.8205,1365829920
1326,35.4322,133.8205,1365820440
1326,35.4322,133.8205,1365740340
1326,35.4322,133.8205,1365732960
1326,35.4322,133.8205,1365648780
1326,35.4322,133.8205,1365563460
1326,35.4322,133.8205,1365477480
1326,35.4322,133.8205,1365477300
1326,35.5123,134.0487,1365417120
1326,35.4007,133.9555,1365402060
1326,35.4005,133.957,1365397080
1326,35.4005,133.957,1365397080
1326,35.4322,133.8205,1365315420
1326,35.4322,133.8205,1365303900
1326,35.4322,133.8205,1365214920
1326,35.4312,133.8248,1365159300
1326,35.4322,133.8205,1365128940
1326,35.4322,133.8205,1365069420
1326,35.4322,133.8205,1365057780
1326,35.4322,133.8205,1365055260
1326,35.4322,133.8205,1365049140
1326,35.4322,133.8205,1365042600
1326,35.4322,133.8205,1364994240
1326,35.4322,133.8205,1364955900
1326,35.4321,133.8213,1364878380
1326,35.4322,133.8205,1364869020
1326,35.4972,134.2288,1364813580
1326,35.4945,134.2263,1364813220
1326,35.4982,134.2303,1364813220
1326,35.432,133.8203,1364709960
1326,35.432,133.8205,1364700120
1326,35.432,133.8205,1364624760
1326,35.432,133.8207,1364610840
1326,35.432,133.8207,1364610240
1326,35.432,133.8205,1364527080
1326,35.4322,133.8205,1364444820
1326,35.4322,133.8205,1364438700
1326,35.432,133.8205,1364374500
1326,35.432,133.8205,1364352300
1326,35.432,133.8205,1364277840
1326,35.432,133.8205,1364264460
1326,35.4363,133.8165,1364185500
1326,35.4363,133.8165,1364185380
1326,35.4322,133.8205,1364104860
1326,35.4322,133.8205,1364091780
1326,35.4317,133.8251,1364033700
1326,35.4322,133.8205,1364005860
1326,35.4122,133.8898,1363955220
1326,35.4322,133.8203,1363919700
1326,35.432,133.8203,1363832340
1326,35.4322,133.8205,1363746120
1326,35.4322,133.8205,1363660080
1326,35.4322,133.8205,1363659960
1326,35.4545,133.8471,1363576920
1326,35.4113,133.8931,1363513560
1326,35.5072,133.924,1363509300
1326,35.4997,134.1793,1363495440
1326,35.4991,134.1842,1363494180
1326,35.4997,134.1828,1363478400
1326,35.5007,134.1809,1363473300
1326,35.4315,133.8248,1363429860
1326,35.4322,133.8205,1363400520
1326,35.4322,133.8205,1363353000
1326,35.4322,133.8205,1363314000
1326,35.4322,133.8205,1363232160
1326,35.4322,133.8205,1363148640
1326,35.4322,133.8205,1363141020
1326,35.4322,133.8205,1363076460
1326,35.4322,133.8205,1363072980
1326,35.4322,133.8205,1363055460
1326,35.4982,134.2307,1362987000
1326,35.4994,134.2322,1362981480
1326,35.4994,134.2322,1362981180
1326,35.4978,134.2306,1362978240
1326,35.4978,134.2306,1362974520
1326,35.499,134.2315,1362973260
1326,35.499,134.2315,1362973140
1326,35.4987,134.2317,1362972360
1326,35.4986,134.2311,1362972300
1326,35.4322,133.8205,1362882000
1326,35.4317,133.8229,1362833400
1326,35.4702,133.9033,1362829680
1326,35.4322,133.8205,1362825120
1326,35.4322,133.8205,1362799380
1326,35.4403,133.8142,1362744420
1326,35.4322,133.8205,1362717360
1326,35.4322,133.8205,1362709440
1326,35.4322,133.8205,1362630360
1326,35.4322,133.8205,1362623760
1326,35.4322,133.8205,1362546180
1326,35.4322,133.8205,1362538800
1326,35.4322,133.8205,1362450000
1326,35.448,133.8512,1362394560
1326,35.4472,133.849,1362384420
1326,35.4321,133.8204,1362317520
1326,35.4317,133.8267,1362309540
1326,35.4322,133.8205,1362289260
1326,35.4322,133.8205,1362280500
1326,35.4322,133.8205,1362207420
1326,35.4322,133.8205,1362190920
1326,35.4322,133.8205,1362105120
1326,35.4322,133.8205,1362017400
1326,35.432,133.8205,1361964960
1326,35.4322,133.8205,1361931600
1326,35.4321,133.8213,1361846280
1326,35.3643,133.76,1361784240
1326,35.3638,133.7599,1361783820
1326,35.4145,133.8103,1361777940
1326,35.3788,133.7772,1361772180
1326,35.3642,133.76,1361770140
1326,35.4322,133.8205,1361682840
1326,35.4322,133.8205,1361671920
1326,35.4322,133.8205,1361621520
1326,35.4322,133.8205,1361591220
1326,35.4322,133.8204,1361538060
1326,35.4323,133.8205,1361531220
1326,35.4322,133.8203,1361527140
1326,35.4322,133.8203,1361514120
1326,35.4322,133.8203,1361501760
1326,35.4322,133.8205,1361414340
1326,35.4322,133.8205,1361329740
1326,35.4338,133.8243,1361290140
1326,35.4322,133.8205,1361268600
1326,35.4322,133.8204,1361265300
1326,35.432,133.8205,1361264580
1326,35.4322,133.8205,1361257020
1326,35.4322,133.8205,1361240880
1326,35.5267,134.1678,1361088900
1326,35.5267,134.1678,1361087400
1326,35.4322,133.8205,1361067300
1326,35.4322,133.8203,1361059500
1326,35.432,133.8205,1361059380
1326,35.4322,133.8205,1361055660
1326,35.432,133.8205,1361055600
1326,35.4322,133.8205,1360984020
1326,35.432,133.8203,1360908180
1326,35.432,133.8207,1360908120
1326,35.4322,133.8203,1360894980
1326,35.4322,133.8203,1360809540
1326,35.432,133.8206,1360766100
1326,35.4322,133.8203,1360762800
1326,35.4322,133.8203,1360722300
1326,35.4465,133.8488,1360668540
1326,35.4363,133.8165,1360641600
1326,35.432,133.8203,1360551420
1326,35.4322,133.8203,1360465800
1326,35.432,133.8203,1360462320
1326,35.432,133.8207,1360413600
1326,35.432,133.8203,1360375800
1326,35.4322,133.8203,1360318740
1326,35.4318,133.8395,1360293240
1326,35.432,133.8203,1360291860
1326,35.4322,133.8203,1360203120
1326,35.4322,133.8203,1360116780
1326,35.4322,133.8203,1360030800
1326,35.446,133.8493,1359954780
1326,35.4322,133.8203,1359857940
1326,35.4322,133.8203,1359789480
1326,35.4322,133.8203,1359771780
1326,35.4322,133.8203,1359701460
1326,35.4322,133.8203,1359700860
1326,35.4322,133.8203,1359691620
1326,35.4322,133.8203,1359685440
1326,35.4322,133.8203,1359646920
1326,35.432,133.8203,1359636540
1326,35.4322,133.8203,1359611340
1326,35.4322,133.8203,1359610920
1326,35.4322,133.8203,1359598500
1326,35.4322,133.8203,1359557520
1326,35.4322,133.8203,1359532200
1326,35.4322,133.8203,1359512100
1326,35.4322,133.8203,1359425760
1326,35.4317,133.823,1359371460
1326,35.4112,133.8932,1359359160
1326,35.4116,133.893,1359358680
1326,35.4113,133.891,1359358080
1326,35.4115,133.893,1359353460
1326,35.4322,133.8163,1359352140
1326,35.4322,133.8163,1359351600
1326,35.4412,133.8132,1359286740
1326,35.432,133.8202,1359262380
1326,35.432,133.8202,1359253080
1326,35.4342,133.8243,1359179940
1326,35.432,133.8202,1359169440
1326,35.432,133.8202,1359089820
1326,35.432,133.8202,1359080220
1326,35.432,133.8202,1359012420
1326,35.432,133.8207,1358993760
1326,35.435,133.8367,1358989500
1326,35.4338,133.8248,1358930880
1326,35.4298,133.8163,1358906760
1326,35.3643,133.7602,1358854200
1326,35.4488,133.8487,1358828160
1326,35.4403,133.8132,1358773380
1326,35.4295,133.8157,1358740140
1326,35.4338,133.8248,1358734500
1326,35.4298,133.8163,1358683320
1326,35.432,133.8213,1358648100
1326,35.4342,133.8243,1358568120
1326,35.4295,133.8157,1358490960
1326,35.4348,133.8152,1358476980
1326,35.4328,133.826,1358402340
1326,35.4338,133.8248,1358402220
1326,35.4363,133.8173,1358388720
1326,35.4348,133.8152,1358302860
1326,35.432,133.8205,1358249220
1326,35.432,133.8207,1358219280
1326,35.4323,133.8205,1358176920
1326,35.4323,133.8206,1358176740
1326,35.4328,133.826,1358175900
1326,35.4342,133.8243,1358129940
1326,35.432,133.8202,1358044500
1326,35.432,133.8202,1357991880
1326,35.4295,133.8157,1357962240
1326,35.4318,133.8388,1357890000
1326,35.4338,133.8247,1357790280
1326,35.4342,133.8242,1357644300
1326,35.432,133.8202,1357643640
1326,35.4328,133.826,1357643580
1326,35.432,133.8207,1357628100
1326,35.432,133.8202,1357610700
1326,35.4298,133.8163,1357551120
1326,35.432,133.8202,1357550760
1326,35.4298,133.8163,1357526820
1326,35.4347,133.8148,1357440600
1326,35.4485,133.8493,1357386120
1326,35.432,133.8208,1357369860
1326,35.432,133.8202,1357292700
1326,35.4233,133.418,1357019100
1326,35.479,133.4673,1357018380
1326,35.432,133.8202,1357012200
1326,35.432,133.8202,1357012140
1326,35.4313,133.8208,1356935580
1326,35.432,133.8205,1356867660
1326,35.432,133.8202,1356867420
1326,35.4403,133.8136,1356867240
1326,35.432,133.8202,1356867120
1326,35.4338,133.8247,1356867000
1326,35.4295,133.8157,1356866880
1326,35.4338,133.8242,1356866760
1326,35.432,133.8202,1356866760
1326,35.4338,133.8247,1356778800
1326,35.4327,133.8262,1356776340
1326,35.4295,133.8157,1356768600
1326,35.4326,133.826,1356765840
1326,35.4338,133.8241,1356750120
1326,35.432,133.8202,1356747060
1326,35.4292,133.8303,1356707340
1326,35.4338,133.8242,1356673680
1326,35.4327,133.8262,1356672420
1326,35.43,133.8162,1356672240
1326,35.4338,133.8247,1356672180
1326,35.432,133.8202,1356661380
1326,35.4327,133.8262,1356606120
1326,35.432,133.8205,1356595620
1326,35.4367,133.8173,1356510720
1326,35.4327,133.826,1356502080
1326,35.4338,133.8242,1356489900
1326,35.4405,133.8137,1356440400
1326,35.4338,133.8247,1356421140
1326,35.43,133.8162,1356418140
1326,35.4338,133.8247,1356401640
1326,35.4295,133.8157,1356362280
1326,35.4295,133.8157,1356330240
1326,35.432,133.8202,1356317160
1326,35.432,133.8202,1356317160
1326,35.4367,133.8173,1356265860
1326,35.43,133.8162,1356248400
1326,35.4317,133.8205,1356111240
1326,35.4322,133.8207,1355993400
1326,35.417,133.7835,1355984220
1326,35.4322,133.8207,1355941380
1326,35.4322,133.8207,1355876220
1326,35.4323,133.8205,1355849040
1326,35.4405,133.8127,1355837520
1326,35.4459,133.3812,1355833800
1326,35.432,133.8202,1355746800
1326,35.4342,133.8242,1355746440
1326,35.4328,133.8258,1355714820
1326,35.4298,133.8163,1355655000
1326,35.4342,133.8242,1355654400
1326,35.437,133.8168,1355651640
1326,35.4315,133.8315,1355624220
1326,35.4292,133.8155,1355406720
1326,35.4323,133.8207,1355397960
1326,35.4325,133.8205,1355397600
1326,35.4325,133.8205,1355397540
1326,35.4342,133.8242,1355299620
1326,35.4322,133.8267,1355218800
1326,35.4292,133.8155,1355211960
1326,35.428,133.8307,1355094900
1326,35.4328,133.833,1355039400
1326,35.4298,133.8159,1355029080
1326,35.4298,133.8159,1355028360
1326,35.4365,133.8173,1354598880
1326,35.432,133.8207,1354598820
1326,35.432,133.8202,1354541820
1326,35.4325,133.8208,1354430340
1326,35.432,133.8202,1354430100
1326,35.4298,133.8163,1354428720
1326,35.432,133.8202,1354427280
1326,35.4318,133.8208,1354425000
1326,35.4323,133.8207,1354418580
1326,35.4298,133.8163,1354355040
1326,35.4293,133.8155,1354341780
1326,35.4293,133.8155,1354329420
1326,35.432,133.8207,1354249740
1326,35.432,133.8203,1354199640
1326,35.432,133.8202,1354184760
1326,35.4472,133.8397,1354172460
1326,35.4168,133.7835,1354089720
1326,35.4308,133.7317,1354084980
1326,35.4322,133.732,1354069920
1326,35.4325,133.8207,1353990780
1326,35.4323,133.8205,1353990720
1326,35.4317,133.8205,1353919200
1326,35.4367,133.8133,1353828660
1326,35.4375,133.814,1353828600
1326,35.4613,133.7757,1353825960
1326,35.432,133.8202,1353823140
1326,35.432,133.8207,1353813960
1326,35.4242,133.796,1353753240
1326,35.4242,133.796,1353747660
1326,35.4242,133.796,1353741060
1326,35.4238,133.7962,1353740520
1326,35.4367,133.8172,1353637500
1326,35.4292,133.8155,1353636120
1326,35.4338,133.8248,1353635280
1326,35.4367,133.8172,1353583740
1326,35.4298,133.816,1353574980
1326,35.4328,133.833,1353501300
1326,35.432,133.8202,1353417720
1326,35.4805,133.8393,1353393120
1326,35.4321,133.8267,1353310140
1326,35.4275,133.7668,1353212460
1326,35.4415,133.7662,1353207900
1326,35.4415,133.766,1353207780
1326,35.4415,133.7658,1353204660
1326,35.4413,133.766,1353203400
1326,35.432,133.8202,1353171600
1326,35.4322,133.8272,1353159960
1326,35.4322,133.8272,1353159780
1326,35.4328,133.833,1353147960
1326,35.4337,133.8245,1353147600
1326,35.4283,133.8277,1353067980
1326,35.4283,133.8277,1353064680
1326,35.4367,133.8172,1353064080
1326,35.432,133.8202,1352888340
1326,35.435,133.8157,1352786760
1326,35.435,133.8157,1352786100
1326,35.4337,133.8245,1352781900
1326,35.4298,133.8163,1352692080
1326,35.435,133.8228,1352632980
1326,35.4317,133.8235,1352607120
1326,35.4316,133.8235,1352606760
1326,35.4315,133.8235,1352605680
1326,35.4317,133.8235,1352605560
1326,35.4317,133.8235,1352605440
1326,35.432,133.824,1352540580
1326,35.4298,133.8163,1352534760
1326,35.4328,133.833,1352457840
1326,35.4298,133.816,1352452380
1326,35.5225,133.9738,1352431380
1326,35.4298,133.8163,1352377980
1326,35.4292,133.8153,1352291280
1326,35.4292,133.732,1352007420
1326,35.4288,133.7318,1352006940
1326,35.4277,133.726,1351999200
1326,35.4293,133.8153,1351941900
1326,35.4293,133.8153,1351941900
1326,35.4355,133.8158,1351941840
1326,35.437,133.817,1351932240
1326,35.412,133.9248,1351926960
1326,35.4005,133.9572,1351923480
1326,35.434,133.3348,1351841160
1326,35.45,133.3312,1351839540
1326,35.491,133.7083,1351826160
1326,35.4677,133.8442,1351670580
1326,35.4677,133.8443,1351669920
1326,35.4283,133.8277,1351508760
1326,35.4283,133.8277,1351508160
1326,35.4283,133.8277,1351502040
1326,35.431,133.8365,1351499940
1326,35.4322,133.8203,1351495380
1326,35.4647,133.8388,1351471740
1326,35.4538,133.8493,1351413120
1326,35.4537,133.8493,1351405080
1326,35.4537,133.8493,1351401240
1326,35.4538,133.8493,1351401180
1326,35.4537,133.8493,1351398120
1326,35.4548,133.849,1351390800
1326,35.4413,133.839,1351238940
1326,35.4727,133.8458,1351226700
1326,35.4322,133.8205,1351143600
1326,35.4283,133.8277,1351072380
1326,35.428,133.8275,1351069140
1326,35.4125,133.8832,1351065060
1326,35.4233,133.8498,1351065000
1326,35.4328,133.8263,1350812160
1326,35.4337,133.8248,1350799560
1326,35.4318,133.8225,1350638700
1326,35.4323,133.826,1350365880
1326,35.4328,133.8263,1350363540
1326,35.4292,133.8058,1350286980
1326,35.4322,133.7315,1350268860
1326,35.4283,133.827,1350207720
1326,35.4292,133.8303,1350129900
1326,35.432,133.8202,1350123240
1326,35.4278,133.844,1350029640
1326,35.4675,133.8442,1350026400
1326,35.4352,133.8145,1349958180
1326,35.432,133.8205,1349935200
1326,35.4322,133.8163,1349930520
1326,35.4322,133.8163,1349929800
1326,35.4322,133.8203,1349928420
1326,35.432,133.8205,1349928120
1326,35.432,133.8205,1349928000
1326,35.432,133.8205,1349927820
1326,35.432,133.8205,1349927760
1326,35.432,133.8205,1349927700
1326,35.432,133.8205,1349927220
1326,35.432,133.8205,1349859420
1326,35.4303,133.8167,1349783040
1326,35.436,133.8162,1349777100
1326,35.5058,133.9397,1349678040
1326,35.4643,134.0594,1349672940
1326,35.4643,134.0594,1349672820
1326,35.389,134.2492,1349664420
1326,35.3888,134.2493,1349657760
1326,35.3885,134.249,1349655360
1326,35.389,134.2492,1349654640
1326,35.3833,134.2462,1349653560
1326,35.5252,134.1143,1349650140
1326,35.4323,133.8205,1349597100
1326,35.4325,133.8262,1349594160
1326,35.4323,133.8205,1349579100
1326,35.4325,133.8205,1349517840
1326,35.4293,133.8155,1349510400
1326,35.4323,133.8205,1349505060
1326,35.4323,133.8205,1349504940
1326,35.4323,133.8207,1349497500
1326,35.4327,133.8205,1349494260
1326,35.4322,133.8205,1349494200
1326,35.4322,133.8207,1349438520
1326,35.4322,133.8207,1349421000
1326,35.432,133.7318,1349331720
1326,35.4325,133.7318,1349331480
1326,35.4302,133.731,1349320020
1326,35.4302,133.731,1349318400
1326,35.4283,133.8277,1349261340
1326,35.4295,133.7318,1349250600
1326,35.4292,133.732,1349250480
1326,35.4292,133.8155,1349171940
1326,35.4323,133.8205,1349143980
1326,35.4325,133.8262,1349093040
1326,35.4305,133.8168,1349079420
1326,35.429,133.815,1349056860
1326,35.4305,133.8168,1348983540
1326,35.4323,133.8205,1348983480
1326,35.4358,133.8158,1348983480
1326,35.4322,133.8207,1348969440
1326,35.4324,133.8199,1348963560
1326,35.4283,133.8277,1348916520
1326,35.4287,133.8275,1348911300
1326,35.432,133.8202,1348884480
1326,34.872,133.6602,1348822920
1326,34.677,133.8777,1348814280
1326,34.6977,133.7565,1348810200
1326,35.2775,133.6218,1348805880
1326,35.3103,133.639,1348800960
1326,35.3103,133.639,1348800660
1326,35.3103,133.639,1348800240
1326,35.4332,133.8252,1348800180
1326,35.4358,133.8158,1348800060
1326,35.4012,133.9607,1348744380
1326,35.5413,134.2385,1348721340
1326,35.543,134.2352,1348720740
1326,35.5448,134.232,1348720620
1326,35.5435,134.2353,1348718640
1326,35.5266,134.1677,1348716300
1326,35.4335,133.8297,1348641420
1326,35.4323,133.8203,1348625220
1326,35.4325,133.8205,1348567080
1326,35.4323,133.8207,1348562400
1326,35.4325,133.8205,1348559940
1326,35.4323,133.8207,1348558560
1326,35.4325,133.8205,1348540620
1326,35.4387,133.812,1348470720
1326,35.433,133.8262,1348458720
1326,35.4327,133.8262,1348454400
1326,35.4335,133.825,1348454400
1326,35.4322,133.8205,1348446000
1326,35.4322,133.8208,1348214940
1326,35.4322,133.8207,1348214880
1326,35.4322,133.8208,1348198440
1326,35.4323,133.8205,1348194180
1326,35.4287,133.8287,1348144140
1326,35.4283,133.8277,1348140060
1326,35.4322,133.8205,1348121340
1326,35.4325,133.8205,1348121280
1326,35.4323,133.8205,1348107720
1326,35.4282,133.8147,1348099200
1326,35.4303,133.8167,1347961080
1326,35.4302,133.8165,1347950880
1326,35.431,133.832,1347873180
1326,35.4313,133.814,1347871020
1326,35.4315,133.8142,1347870960
1326,35.4932,134.2257,1347829560
1326,35.6602,139.6992,1347793560
1326,35.7121,139.7965,1347776700
1326,35.7145,139.789,1347774420
1326,35.7138,139.7888,1347772260
1326,35.7115,139.7882,1347768240
1326,35.7117,139.7882,1347767880
1326,35.6553,139.6947,1347762480
1326,35.479,139.3047,1347691980
1326,35.5265,139.3697,1347686280
1326,35.7428,139.82,1347678480
1326,35.8777,139.8992,1347676800
1326,35.8603,140.0253,1347669420
1326,35.842,140.0435,1347667680
1326,35.6685,140.1005,1347664620
1326,35.6518,140.0654,1347620700
1326,35.6518,140.0729,1347614160
1326,35.6847,139.992,1347610920
1326,35.6823,139.9935,1347610020
1326,35.6818,139.9948,1347598140
1326,35.7073,139.9596,1347596940
1326,35.6593,139.7003,1347589740
1326,35.6634,139.7039,1347585420
1326,35.6634,139.7039,1347584700
1326,35.6634,139.7039,1347584520
1326,35.6622,139.703,1347584220
1326,35.6617,139.7028,1347584100
1326,35.658,139.7025,1347583560
1326,35.7048,139.6857,1347536160
1326,35.705,139.6857,1347535200
1326,35.7063,139.6865,1347534720
1326,35.7217,139.7645,1347530700
1326,35.7217,139.7645,1347530580
1326,35.7217,139.7645,1347525180
1326,35.7235,139.7632,1347521520
1326,35.7234,139.7631,1347521280
1326,35.725,139.7625,1347512280
1326,35.7217,139.7645,1347511080
1326,35.6922,139.6945,1347503280
1326,35.6355,139.7513,1347499620
1326,35.6243,139.7497,1347499080
1326,35.4838,139.6488,1347496980
1326,35.4832,139.6462,1347496920
1326,35.4673,139.6215,1347496200
1326,35.4322,139.3991,1347492840
1326,35.4322,139.3991,1347492780
1326,34.9815,138.2962,1347486720
1326,34.9815,138.2962,1347486420
1326,34.9483,134.802,1347469200
1326,35.4283,133.8277,1347363420
1326,35.4283,133.8277,1347363240
1326,35.4278,133.8277,1347358800
1326,35.4642,133.8418,1347349800
1326,35.4322,133.7317,1347270300
1326,35.4298,133.8153,1347179640
1326,35.4993,134.232,1347164820
1326,35.4998,134.2307,1347163920
1326,35.4993,134.232,1347162660
1326,35.432,133.8207,1347103560
1326,35.432,133.8207,1347103560
1326,35.432,133.8207,1347099240
1326,35.432,133.8207,1347096300
1326,35.5173,134.073,1347071220
1326,35.517,134.0755,1347070740
1326,35.5238,134.0171,1347065580
1326,35.5238,134.0171,1347065340
1326,35.432,133.8207,1347021120
1326,35.432,133.8207,1347004140
1326,35.5212,133.9843,1346994240
1326,35.4302,133.8165,1346928480
1326,35.4332,133.826,1346917380
1326,35.4329,133.8254,1346850240
1326,35.4274,133.827,1346757300
1326,35.4283,133.8277,1346756820
1326,35.4283,133.8277,1346753400
1326,35.4182,133.9055,1346506320
1326,35.4195,133.9052,1346505780
1326,35.4195,133.9052,1346501880
1326,35.4195,133.9052,1346500080
1326,35.4195,133.9052,1346499720
1326,35.4195,133.9052,1346497680
1326,35.4195,133.9052,1346496780
1326,35.4195,133.9052,1346496540
1326,35.4195,133.9052,1346494860
1326,35.4193,133.9052,1346494740
1326,35.4195,133.9052,1346494620
1326,35.418,133.9053,1346482020
1326,35.4195,133.9052,1346476740
1326,35.4175,133.905,1346473560
1326,35.4405,133.8473,1346473380
1326,35.443,133.8492,1346473320
1326,35.4303,133.8167,1346419500
1326,35.434,133.826,1346326440
1326,35.4292,133.8155,1346313360
1326,35.4302,133.816,1346135940
1326,35.4337,133.8253,1346134800
1326,35.435,133.816,1346134800
1326,35.4335,133.825,1346134200
1326,35.4363,133.8165,1346124240
1326,35.4283,133.8277,1346065800
1326,35.4307,133.8298,1346057700
1326,35.432,133.8201,1345984020
1326,35.4318,133.8208,1345978320
1326,35.4338,133.8248,1345973760
1326,35.432,133.8202,1345971900
1326,35.4338,133.8243,1345894200
1326,35.4333,133.8258,1345870560
1326,35.4335,133.8248,1345795380
1326,35.4302,133.8133,1345722060
1326,35.4302,133.8133,1345721820
1326,35.4302,133.8133,1345717380
1326,35.4302,133.8133,1345717140
1326,35.4302,133.8133,1345717080
1326,35.4277,133.7253,1345691580
1326,35.4287,133.8295,1345547460
1326,35.4286,133.8268,1345547340
1326,35.4283,133.8277,1345543140
1326,35.529,133.5648,1345536240
1326,35.5007,133.7213,1345534020
1326,35.4333,133.8257,1345460040
1326,35.4333,133.8257,1345455000
1326,35.4333,133.8257,1345367940
1326,35.432,133.8204,1345283280
1326,35.4283,133.8277,1345204200
1326,35.4283,133.8277,1345201140
1326,35.4487,133.8488,1344751980
1326,35.4322,133.8257,1344672900
1326,35.4317,133.825,1344664500
1326,35.4317,133.825,1344664380
1326,35.4322,133.826,1344663660
1326,35.4318,133.8252,1344647820
1326,35.4318,133.8253,1344647760
1326,35.4322,133.825,1344569760
1326,35.4317,133.825,1344564900
1326,35.4088,133.8,1344481560
1326,35.4088,133.8,1344481500
1326,35.4087,133.8003,1344481440
1326,35.4088,133.8,1344480960
1326,35.421,133.7728,1344425760
1326,35.4303,133.7308,1344425580
1326,35.4303,133.731,1344418320
1326,35.4303,133.7308,1344387480
1326,35.4291,133.8304,1344251880
1326,35.4422,133.8438,1344167220
1326,35.4417,133.844,1344160800
1326,35.4418,133.8442,1344160380
1326,35.4417,133.844,1344159540
1326,35.4423,133.8447,1344158760
1326,35.442,133.8443,1344157920
1326,35.4418,133.8443,1344157920
1326,35.4418,133.8443,1344154260
1326,35.4418,133.8443,1344154020
1326,35.4418,133.8442,1344148320
1326,35.4418,133.8443,1344143760
1326,35.4418,133.8442,1344142920
1326,35.442,133.8443,1344142740
1326,35.4418,133.8443,1344134460
1326,35.442,133.8445,1344134280
1326,35.4418,133.8443,1344130500
1326,35.4285,133.827,1343126640
1326,35.4317,133.8367,1343023680
1326,35.4317,133.8367,1343023620
1326,35.4633,133.8445,1343006340
1326,35.4291,133.8303,1342957260
1326,35.3805,133.7652,1341294000
1326,35.4792,133.8475,1341292800
1326,35.4732,133.8457,1341291360
1326,35.4727,133.8457,1341290940
1326,35.4323,133.8207,1341221580
1326,35.4302,133.7308,1341209880
1326,35.3635,133.7607,1341126300
1326,35.3642,133.7602,1341120780
1326,35.4315,133.8385,1340961720
1326,35.4278,133.8288,1340933460
1326,35.4292,133.8302,1340933400
1326,35.4325,133.7317,1340792220
1326,35.4302,133.7308,1340784900
1326,35.4302,133.7308,1340780460
1326,35.4302,133.7308,1340780460
1326,35.43,133.7312,1340607300
1326,35.4305,133.731,1340521380
1326,35.4302,133.731,1340521020
1326,35.4305,133.731,1340507820
1326,35.4443,133.8445,1340446440
1326,35.4443,133.8445,1340443260
1326,35.4342,133.822,1340430720
1326,35.4347,133.8315,1340275200
1326,35.435,133.8297,1340274960
1326,35.432,133.8108,1340273580
1326,35.4352,133.8282,1340188560
1326,35.4617,133.8417,1340179800
1326,35.4677,133.8437,1340178600
1326,35.416,133.8567,1340174940
1326,35.4496,133.8479,1340104200
1326,35.4317,133.732,1339899960
1326,35.4289,133.83,1339841760
1326,35.4672,133.846,1339739100
1326,35.4305,133.731,1339718340
1326,35.4292,133.8303,1339488780
1326,35.5266,134.1677,1339386120
1326,35.5421,134.2366,1339381080
1326,35.5455,134.2323,1339378980
1326,35.5455,134.2323,1339377960
1326,35.5447,134.2337,1339377780
1326,35.5433,134.236,1339377120
1326,35.4302,133.7283,1339331640
1326,35.4287,133.829,1338796260
1326,35.4215,133.8285,1338628200
1326,35.4287,133.829,1338623940
1326,35.4287,133.829,1338623640
1326,35.3643,133.76,1338541920
1326,35.3643,133.76,1338538380
1326,35.4323,133.8302,1336123500
1326,35.2905,134.2493,1336114980
1326,35.2913,134.2493,1336114920
1326,35.27,134.2302,1336107900
1326,35.27,134.2302,1336107840
1326,35.27,134.2305,1336106340
1326,35.2675,134.2262,1336106100
1326,35.27,134.2303,1336105560
1326,35.433,133.3322,1336046220
1326,35.433,133.3323,1336044480
1326,35.4547,133.8487,1321855500
1326,35.4738,133.8467,1321504080
1326,35.4748,133.8435,1321503240
1326,35.4348,133.7913,1321432620
1326,35.4355,133.791,1321432320
1326,35.4268,133.8058,1321431720
1326,35.427,133.806,1321431240
1326,35.4335,133.8318,1321342860
1326,35.449,133.8493,1321341240
1326,35.477,133.8748,1321249200
1326,35.4725,133.8753,1321248960
1326,35.4724,133.8753,1321247400
