1341,18.2379,65.9324,1377905760
1341,18.1479,65.8385,1377742500
1341,18.148,65.8384,1377742260
1341,18.0985,65.88,1377559620
1341,18.4278,66.0613,1377394140
1341,18.0786,65.7949,1375647180
1341,18.0952,65.8027,1375312080
1341,18.4046,66.106,1375298400
1341,18.1418,65.8316,1375131600
1341,18.1484,65.8361,1374977340
1341,18.0786,65.795,1374803760
1341,18.3658,66.1033,1374712980
1341,18.1473,65.8157,1374607380
1341,18.1425,65.8184,1374597540
1341,18.0984,65.8803,1374527400
1341,25.804,80.3358,1374366300
1341,25.7509,80.2123,1374289920
1341,25.8121,80.35,1374280260
1341,26.0711,80.1409,1374243300
1341,25.7966,80.2054,1374233160
1341,25.752,80.2559,1374183240
1341,25.7493,80.2597,1374165480
1341,25.7153,80.2795,1374097680
1341,25.7157,80.2798,1374095880
1341,25.8419,80.3185,1374080880
1341,18.1419,65.8189,1373396400
1341,18.438,66.0607,1373311860
1341,18.0983,65.88,1373289660
1341,18.3715,66.108,1373243100
1341,18.4654,66.1139,1373230800
1341,18.2781,66.042,1371662940
1341,18.2475,66.0232,1371594420
1341,18.3585,66.1106,1371581100
1341,18.1445,65.8325,1371508620
1341,18.1029,65.7999,1371163320
1341,18.1051,65.7974,1371162960
1341,18.4613,66.081,1371101220
1341,18.0988,65.8907,1371059160
1341,18.1968,66.1505,1370901000
1341,18.0983,65.8798,1370538660
1341,18.209,65.8854,1370484660
1341,18.3859,66.156,1370387340
1341,18.3859,66.156,1370378640
1341,18.1438,65.8089,1370288400
1341,18.1424,65.8183,1370202900
1341,18.4383,66.0604,1370052960
1341,18.4037,66.1084,1369875600
1341,18.1914,65.8728,1369790700
1341,18.0984,65.88,1369715160
1341,18.0984,65.8799,1369663260
1341,18.4132,66.1442,1369597860
1341,18.4684,66.12,1369339860
1341,18.0983,65.88,1369248960
1341,40.7598,73.9792,1369191960
1341,18.0983,65.8802,1369150500
1341,18.3708,66.1082,1368991680
1341,18.3708,66.1082,1368984900
1341,18.3708,66.1082,1368881940
1341,18.0984,65.8799,1368831840
1341,18.0983,65.8801,1368750060
1341,18.2343,66.0581,1368734640
1341,18.3854,66.1171,1368712740
1341,18.2895,66.0457,1368444240
1341,18.4286,66.0638,1368418860
1341,18.4277,66.062,1368404040
1341,18.4278,66.0613,1368400200
1341,18.4278,66.0613,1368395400
1341,18.0984,65.88,1368306180
1341,25.8035,80.3364,1368134580
1341,25.8121,80.35,1368123300
1341,18.4379,66.0044,1368048420
1341,18.451,66.0755,1367877600
1341,18.4512,66.0751,1367864940
1341,40.7454,73.9854,1367731740
1341,40.7472,73.9857,1367729400
1341,40.7448,73.9856,1367727900
1341,40.759,73.977,1367703360
1341,40.7445,73.9856,1367685300
1341,40.7456,73.9957,1367622480
1341,40.7409,73.9898,1367605860
1341,33.9466,118.407,1367529060
1341,34.0442,118.2645,1367506860
1341,34.0441,118.2645,1367499180
1341,34.0472,118.2631,1367454900
1341,34.0445,118.2642,1367415420
1341,34.1014,118.3409,1367380320
1341,34.0447,118.2647,1367370840
1341,34.0465,118.2633,1367330100
1341,34.0446,118.2652,1367284860
1341,34.0467,118.2628,1367256240
1341,33.9439,118.405,1367194680
1341,18.4367,66.0015,1367150040
1341,18.4378,66.0047,1367147040
1341,18.0983,65.88,1366864440
1341,18.4372,66.0576,1366748760
1341,18.0983,65.88,1366678560
1341,18.2341,66.0429,1366653480
1341,18.0984,65.8801,1366600860
1341,18.0929,65.8933,1366498560
1341,18.1393,65.8271,1366420080
1341,18.1012,65.7947,1366406160
1341,18.3042,66.0684,1366285440
1341,18.0795,65.7955,1366065360
1341,18.0989,65.88,1366038660
1341,18.0985,65.8801,1365714780
1341,18.4395,66.0603,1365622800
1341,18.45,66.074,1365614100
1341,18.0973,65.8838,1365542160
1341,18.0984,65.8798,1365470280
1341,18.0984,65.8801,1365438480
1341,18.4677,66.0878,1365370080
1341,18.1879,65.8879,1365026520
1341,18.0984,65.88,1364776740
1341,18.0607,65.8017,1364569740
1341,18.083,65.7993,1364564460
1341,18.0777,66.1908,1364510940
1341,18.0785,65.7948,1364435160
1341,18.0443,66.5712,1364403540
1341,18.0891,65.7947,1364251020
1341,18.0897,65.8965,1362347340
1341,18.0983,65.88,1362159660
1341,28.6997,81.3078,1362106200
1341,18.4348,66.0008,1362065280
1341,28.5397,81.3837,1361828340
1341,18.4395,66.0138,1361746500
1341,28.4309,81.3084,1361714460
1341,18.0857,65.8005,1361571300
1341,18.3585,66.1106,1361300160
1341,18.0857,65.8008,1361237400
1341,18.1425,65.8185,1361153640
1341,18.3933,66.0707,1361048280
1341,18.3915,66.095,1360945380
1341,18.0983,65.8801,1360633200
1341,18.0983,65.88,1360600080
1341,18.0016,66.011,1360525500
1341,17.9775,65.9928,1360520940
1341,18.0984,65.8799,1360146420
1341,18.0984,65.8801,1359993780
1341,18.0984,65.8801,1359917760
1341,18.0984,65.88,1359839580
1341,18.4037,66.1082,1359681300
1341,18.3715,66.0953,1359665640
1341,18.255,66.0282,1359629880
1341,18.0982,65.8795,1359447180
1341,18.4087,66.1058,1359071460
1341,18.3691,66.0773,1358889900
1341,18.1425,65.8185,1358021160
1341,18.4278,66.0605,1357926840
1341,18.174,65.7107,1357265640
1341,18.342,67.1848,1356836880
1341,18.4697,66.1203,1356530220
1341,18.248,66.0235,1356329880
1341,18.2487,66.0222,1356063960
1341,18.4387,66.0678,1355506680
1341,18.2398,66.0405,1355427480
1341,18.439,66.0592,1355321460
1341,18.1913,65.8728,1355251080
1341,18.0984,65.8798,1355116680
1341,18.15,65.8265,1355095020
1341,18.4287,66.0608,1355015400
1341,18.4407,66.0218,1354489920
1341,18.0984,65.88,1354303320
1341,18.0985,65.8801,1354208760
1341,18.3626,66.106,1354125780
1341,18.408,66.0698,1353533700
1341,18.0984,65.8799,1353089280
1341,18.4413,66.0222,1352867520
1341,18.4413,66.023,1352849100
1341,18.4415,66.0219,1352842980
1341,18.2362,66.0373,1352779440
1341,18.4433,66.0229,1352394660
1341,18.0984,65.8799,1352049600
1341,18.0984,65.88,1351575960
1341,18.0984,65.8798,1351478100
1341,18.3958,66.0937,1351277520
1341,18.3667,66.0633,1351163400
1341,18.4408,66.0222,1351119660
1341,18.441,66.0224,1351055040
1341,18.144,65.8082,1350691140
1341,25.7868,80.131,1350607500
1341,25.795,80.2758,1349959020
1341,25.7849,80.2383,1349955960
1341,25.7782,80.1338,1349874540
1341,25.7773,80.1336,1349788500
1341,18.4282,66.0622,1348883220
