1344,53.4081,2.988,1378277700
1344,53.4052,2.9883,1378277580
1344,53.4053,2.9879,1378277400
1344,53.4082,2.9896,1378276560
1344,53.693,2.47,1378241340
1344,53.6942,2.4644,1377970020
1344,53.3819,2.9377,1377592800
1344,53.6497,3.0032,1376858220
1344,53.404,2.6335,1376777700
1344,53.4042,2.9876,1376673660
1344,53.4051,2.9902,1376312760
1344,53.4074,2.9885,1376163840
1344,53.4016,2.9799,1376053380
1344,51.5115,0.133,1375635900
1344,51.4805,0.1419,1375635900
1344,51.5117,0.1338,1375633440
1344,51.5035,0.0612,1375633320
1344,51.5007,0.0822,1375617600
1344,51.4805,0.1419,1375570800
1344,51.5106,0.1342,1375535040
1344,51.5116,0.1385,1375533240
1344,51.5293,0.1342,1375466820
1344,53.3995,2.9725,1375022460
1344,53.3745,2.8661,1374930360
1344,53.4065,2.9858,1374923460
1344,53.4065,2.9862,1374922740
1344,53.4063,2.9862,1374918480
1344,53.4054,2.9863,1374753780
1344,53.4033,2.9786,1374351420
1344,53.4802,2.2455,1374351360
1344,53.5096,2.9402,1374256860
1344,53.4296,2.9925,1374092220
1344,53.7832,1.4524,1373803260
1344,53.7921,1.4662,1373718360
1344,51.1587,2.5829,1373373180
1344,53.4029,2.9811,1373144040
1344,53.4028,2.9817,1373143740
1344,51.1504,2.5832,1372345620
1344,51.1486,2.5895,1372331400
1344,51.1458,2.5789,1372285740
1344,51.1461,2.5909,1372269540
1344,53.5134,2.9449,1372138620
1344,53.5147,2.9487,1371865080
1344,53.5147,2.9488,1371860340
1344,53.4031,2.9869,1371312000
1344,53.4015,2.9791,1370977500
1344,53.5151,2.9498,1370811120
1344,53.3837,2.9385,1370712600
1344,53.401,2.9756,1370556900
1344,53.4011,2.9756,1370554980
1344,53.4028,2.982,1370553540
1344,53.9618,2.7603,1370259480
1344,56.0717,4.7856,1370076780
1344,56.0717,4.7856,1370038980
1344,56.0716,4.7858,1370031660
1344,55.7879,4.0357,1370024460
1344,53.4082,2.9877,1369947480
1344,25.1971,55.2765,1369656360
1344,25.197,55.2743,1369654980
1344,25.1955,55.2793,1369651740
1344,25.1955,55.2793,1369651260
1344,25.197,55.2795,1369649100
1344,25.1327,55.1838,1369638420
1344,25.134,55.185,1369638300
1344,25.0915,55.1454,1369580820
1344,25.0922,55.1457,1369580640
1344,25.2504,55.3579,1369463100
1344,20.4459,57.7049,1369401360
1344,20.0322,57.5453,1369223040
1344,20.3167,57.5107,1369059420
1344,20.5243,57.53,1368975300
1344,20.3263,57.3785,1368895380
1344,20.3258,57.3785,1368895020
1344,20.0345,57.5445,1368634740
1344,20.0325,57.5452,1368634260
1344,20.2962,57.4075,1368465060
1344,20.4518,57.7102,1368369240
1344,20.436,57.726,1368358260
1344,20.2652,57.8115,1368211620
1344,20.2638,57.8045,1368209160
1344,20.2053,57.788,1368204420
1344,57.3244,4.4419,1366210140
1344,57.4538,4.2743,1366186620
1344,53.4974,2.9522,1365572580
1344,53.5148,2.9486,1364754180
1344,53.5067,2.9427,1364728260
1344,53.3804,2.947,1364656620
1344,51.3274,1.351,1364061000
1344,51.318,1.3419,1364053500
1344,51.3266,1.3614,1364053440
1344,51.3336,1.3483,1364044080
1344,51.3266,1.3614,1364044080
1344,51.3277,1.3495,1364042460
1344,51.3963,1.3451,1364042160
1344,51.3277,1.3594,1364042040
1344,53.4019,2.9797,1363434720
1344,53.4028,2.9855,1363362840
1344,53.4027,2.9851,1363357140
1344,53.4087,2.9842,1362045900
1344,53.5148,2.9487,1361627040
1344,53.3993,2.8965,1361397540
1344,53.404,2.9045,1361397420
1344,53.4044,2.9904,1361288460
1344,55.8773,4.2911,1361177880
1344,55.883,4.3105,1360970280
1344,56.1012,4.6395,1360970100
1344,53.4082,2.9877,1360470600
1344,53.4695,2.2222,1359557160
1344,53.5148,2.9487,1358726880
1344,53.4007,2.9737,1358651340
1344,53.5148,2.9488,1358454000
1344,53.4175,2.994,1358250900
1344,53.5063,2.9313,1357723620
1344,51.5117,0.1372,1357688100
1344,59.3378,18.0797,1357687680
1344,59.318,18.0856,1357687560
1344,59.3227,18.0732,1357687380
1344,59.3238,18.0709,1357687260
1344,53.4022,2.9767,1357687140
1344,53.4629,2.2847,1357686960
1344,53.407,2.9821,1357686780
1344,53.5093,2.9432,1357686660
1344,53.5146,2.9485,1357686540
1344,53.51,2.9403,1357686240
1344,53.4017,2.9922,1357686120
1344,53.4017,2.9913,1357686000
1344,53.4025,2.9819,1357685820
1344,53.5147,2.9488,1348701720
1344,53.4003,2.9926,1347915240
1344,53.4015,2.9807,1347915120
1344,53.5147,2.9488,1347915000
1344,53.404,2.9878,1347914760
1344,59.4369,24.7472,1347914460
1344,53.4023,2.9785,1347914220
1344,53.3235,2.4468,1347914040
1344,53.401,2.977,1347913740
1344,53.401,2.977,1347913620
1344,53.401,2.977,1347913440
1344,53.401,2.977,1347913320
1344,53.401,2.977,1347912960
1344,53.401,2.977,1347912840
1344,1.3147,103.8162,1346223900
1344,1.2893,103.8527,1346223600
1344,51.5136,0.2032,1346093520
1344,52.6383,1.7024,1345911000
1344,34.6095,58.38,1345910760
1344,34.6147,58.4032,1345910580
1344,34.6137,58.362,1345910280
1344,34.5888,58.428,1345910160
1344,25.6917,54.4375,1345909860
1344,25.5993,54.5712,1345909620
1344,25.6849,54.4396,1345909500
1344,25.6849,54.4396,1345909320
1344,25.6849,54.4396,1345909140
1344,25.6849,54.4396,1345908960
1344,25.282,57.6351,1345908720
1344,53.0962,2.4367,1345908600
1344,53.1256,2.4552,1345908360
1344,16.4977,68.1321,1345908060
1344,16.5028,68.1311,1345907940
1344,53.2389,2.559,1345907760
1344,13.0532,72.6295,1345907400
1344,13.1639,72.5459,1345907400
1344,53.4048,2.9896,1345825920
1344,14.0863,75.7635,1345825800
1344,14.0871,75.763,1345825620
1344,12.1282,77.037,1345825440
1344,53.4048,2.9899,1345825380
1344,12.1207,77.0295,1345807620
1344,33.4263,70.6338,1345807500
1344,53.4048,2.99,1345807380
1344,45.0094,168.9006,1345807260
1344,43.4649,170.0176,1345807080
1344,43.4421,169.9676,1345806840
1344,43.4475,169.9698,1345802580
1344,43.4475,169.9698,1345802220
1344,42.7687,170.9134,1345802040
1344,53.5148,2.9488,1345791360
1344,17.1759,177.1843,1345791180
1344,10.5772,103.5287,1345791060
1344,17.1759,177.1842,1345790880
1344,37.8691,144.9806,1345790700
1344,31.953,115.8589,1345790580
1344,53.5147,2.9487,1345790400
1344,33.8812,151.1958,1345790280
1344,33.8525,151.2105,1345790160
1344,7.7782,98.3033,1345759500
1344,12.0007,102.2967,1345759200
1344,12.0575,102.2907,1345759020
1344,12.0571,102.2902,1345758720
1344,10.5782,103.3093,1345758300
1344,13.4124,103.8658,1345758120
1344,13.4124,103.8658,1345758000
1344,19.3607,98.4477,1345757820
1344,19.7528,101.9948,1345757700
1344,19.75,101.9927,1345757460
1344,19.8889,102.1325,1345757160
1344,19.3608,98.4453,1345756980
1344,19.3592,98.446,1345756800
1344,9.5168,100.0565,1345756560
1344,7.6907,98.7705,1345756380
1344,7.739,98.772,1345756200
1344,7.9747,98.8121,1345756020
1344,7.9543,98.8097,1345755780
1344,1.2843,103.8608,1345755600
1344,15.0499,73.9838,1345755300
1344,53.5145,2.9457,1344434460
1344,53.4732,2.2573,1341750060
1344,25.2825,57.6365,1338692160
1344,34.6089,58.3782,1337901780
1344,13.52,71.9803,1336966080
1344,13.7387,100.5217,1326972060
1344,7.7416,98.7727,1324631220
1344,53.4018,2.9908,1309458060
1344,53.4018,2.9908,1309458000
1344,53.4018,2.9908,1309457940
1344,53.4018,2.9908,1309457880
1344,53.4018,2.9908,1309457880
