1360,28.0775,82.465,1376258340
1360,28.0546,82.4213,1375577220
1360,28.0376,82.4236,1375567800
1360,28.0376,82.4236,1375567080
1360,28.0776,82.4651,1375485420
1360,28.0777,82.465,1375477800
1360,28.0776,82.4651,1375468500
1360,28.3368,82.555,1375232640
1360,28.3368,82.5549,1375218660
1360,28.3369,82.5549,1375156920
1360,28.3367,82.5549,1375122540
1360,28.3368,82.555,1375069920
1360,28.1723,82.2991,1375046580
1360,28.1723,82.2991,1374979560
1360,28.1724,82.2987,1374969900
1360,28.1723,82.2987,1374967980
1360,28.1724,82.2989,1374948540
1360,28.1722,82.299,1374892200
1360,27.9613,82.3753,1374807360
1360,28.1724,82.299,1374775920
1360,28.2357,82.352,1374764700
1360,28.3367,82.5549,1374460260
1360,28.3172,82.5695,1374289740
1360,28.3367,82.5549,1374288420
1360,28.3368,82.5549,1374184020
1360,28.3368,82.5549,1374182340
1360,28.3368,82.555,1374013980
1360,28.3368,82.5549,1374003060
1360,28.3367,82.5549,1374000960
1360,28.3368,82.555,1373845980
1360,28.3368,82.5549,1373830500
1360,27.7682,82.653,1373671440
1360,27.7682,82.653,1373670780
1360,27.9602,82.4381,1373593980
1360,28.1769,82.5372,1373587860
1360,28.3368,82.5549,1373514540
1360,28.3368,82.5549,1373405220
1360,28.3369,82.5549,1373404920
1360,28.3368,82.5547,1373339700
1360,27.9635,82.7896,1373243400
1360,27.9741,82.8303,1373237820
1360,27.9725,82.8298,1373237460
1360,27.9737,82.83,1373237100
1360,28.3368,82.5548,1373172240
1360,28.3368,82.5549,1373138640
1360,28.3366,82.5548,1373068740
1360,28.3368,82.555,1372992420
1360,28.3369,82.5551,1372979100
1360,28.2189,82.4383,1372702560
1360,28.0103,82.328,1372633500
1360,28.1273,81.9238,1372632000
1360,28.3418,81.5365,1372630740
1360,28.4113,81.4598,1372627800
1360,28.0951,82.4305,1372533180
1360,28.0777,82.4651,1372480680
1360,27.9919,82.3609,1372477680
1360,28.1126,82.4249,1372456920
1360,27.872,82.5055,1372385760
1360,28.042,82.4127,1372360260
1360,27.872,82.5053,1372348200
1360,40.757,73.9898,1372137240
1360,39.4877,76.2435,1372127580
1360,39.7209,75.3316,1372122060
1360,40.7907,73.9458,1372103700
1360,40.7293,73.9919,1372031520
1360,40.7037,73.7607,1371951060
1360,40.6047,74.0254,1371921480
1360,40.1386,74.4411,1371830760
1360,40.7997,73.9567,1371750840
1360,40.7907,73.9426,1371510780
1360,40.7967,73.9519,1371507240
1360,40.5733,73.9803,1371404580
1360,40.8052,73.9659,1371264960
1360,40.7706,73.9598,1371164160
1360,40.7703,73.9601,1371162660
1360,40.7898,73.9545,1371158040
1360,40.7567,73.989,1371097320
1360,40.6815,73.4352,1371074820
1360,40.7593,73.9852,1371015660
1360,40.7987,73.9417,1370992440
1360,40.7985,73.9415,1370974140
1360,40.7636,73.9729,1370823180
1360,40.7714,73.9735,1370821440
1360,40.7629,73.9742,1370818680
1360,40.8,73.954,1370733600
1360,40.8026,73.9627,1370725680
1360,39.1562,76.7446,1370712480
1360,28.0776,82.4651,1370618640
1360,28.0777,82.4597,1370552040
1360,28.1011,82.5033,1370526960
1360,28.0245,82.3953,1370303220
1360,27.9659,82.5213,1370291940
1360,27.9468,82.5259,1370232420
1360,28.0777,82.4651,1369684860
1360,27.7309,82.7398,1369614480
1360,28.3368,82.5549,1368931680
1360,28.1442,82.3544,1368842520
1360,28.0411,82.6283,1368748140
1360,28.219,82.4383,1368281940
1360,28.098,82.5035,1368149520
1360,28.0777,82.4651,1368140520
1360,28.0549,82.43,1368049260
1360,28.0777,82.4651,1366931640
1360,28.0959,82.5016,1366655820
1360,33.7703,84.5515,1366472640
1360,27.837,82.7282,1364581800
1360,28.0777,82.465,1363813260
1360,28.0985,82.503,1360867440
1360,28.4723,81.4681,1359843660
1360,28.4723,81.4681,1359823680
1360,27.94,82.483,1358643660
1360,28.0969,82.5024,1358470320
1360,28.416,81.5812,1356048960
1360,28.0776,82.465,1353371040
1360,28.0773,82.4648,1353288840
1360,28.0775,82.465,1353183180
1360,28.0777,82.465,1352863620
1360,28.2777,81.5976,1352757480
1360,28.4764,81.3725,1352739420
1360,28.4764,81.3724,1352605200
1360,28.0777,82.465,1352416560
1360,28.0777,82.465,1352060040
1360,28.0777,82.465,1352002740
1360,28.0776,82.4651,1350329520
1360,28.4529,80.9375,1350308640
1360,25.0794,77.3406,1350307140
1360,25.0795,77.3406,1350168660
1360,27.982,82.454,1350054240
1360,28.0776,82.465,1350017040
1360,28.2607,82.4807,1349871480
1360,28.0887,82.4587,1349439120
1360,28.2623,82.4815,1349290560
1360,28.3366,82.5549,1349212800
1360,28.2615,82.4803,1349186700
1360,28.3368,82.5548,1349139840
1360,28.3368,82.5549,1349057820
1360,28.0777,82.465,1348961040
1360,28.0192,82.5048,1348951920
1360,28.033,82.4203,1348886760
1360,28.0777,82.4652,1348796820
1360,28.0701,82.46,1348787340
1360,28.226,82.4574,1348686240
1360,28.3368,82.5548,1348617060
1360,28.261,82.4757,1348510200
1360,28.3367,82.5552,1348456920
1360,28.3367,82.555,1348436100
1360,28.3366,82.555,1348432860
1360,28.3367,82.5549,1348360200
1360,28.337,82.5549,1348335720
1360,28.3368,82.5548,1348285200
1360,28.0776,82.465,1348107900
1360,28.0776,82.465,1348101240
1360,28.3369,82.555,1348024740
1360,28.2615,82.4805,1348002240
1360,28.2612,82.4801,1347979500
1360,28.0777,82.4652,1347737940
1360,28.2325,82.4585,1347657300
