1361,33.0739,96.0947,1378165500
1361,33.0742,96.0968,1378150800
1361,33.099,96.1095,1378134120
1361,33.0774,96.8215,1378055100
1361,33.0742,96.0982,1377997260
1361,33.0797,96.8228,1377972180
1361,33.0742,96.0968,1377917340
1361,33.0742,96.0968,1377915960
1361,32.918,96.1262,1377862140
1361,33.0742,96.0968,1377825120
1361,32.9568,96.1083,1377775200
1361,33.0742,96.0968,1377743820
1361,33.098,96.1098,1377690180
1361,33.0742,96.0968,1377659580
1361,33.0742,96.0968,1377653460
1361,33.0742,96.0968,1377568440
1361,33.0742,96.0968,1377480180
1361,32.9867,96.1083,1377471420
1361,32.9297,96.1208,1377435360
1361,32.9038,96.4497,1377312720
1361,32.9,96.466,1377309900
1361,33.0742,96.0968,1377224400
1361,32.9063,96.1307,1377173100
1361,32.921,96.1248,1377139560
1361,33.0742,96.0968,1377054240
1361,32.906,96.1308,1376914740
1361,33.123,96.1237,1376791740
1361,32.8257,96.7155,1376771940
1361,32.8125,96.7303,1376747400
1361,32.8698,96.553,1376657220
1361,33.2404,96.6866,1376525640
1361,33.0487,96.1097,1376443080
1361,33.002,96.1078,1376364720
1361,33.0742,96.0968,1376271660
1361,33.0737,96.0949,1376266680
1361,33.1075,96.1092,1376253660
1361,32.8254,96.7158,1376226060
1361,33.108,96.8052,1376137260
1361,33.0742,96.0968,1376100960
1361,32.9494,96.7381,1376064000
1361,33.098,96.1097,1376008620
1361,33.002,96.1078,1375920540
1361,33.123,96.1235,1375790520
1361,33.0913,96.1097,1375756680
1361,33.1212,96.1199,1375624920
1361,33.0742,96.0968,1375582380
1361,33.0742,96.0968,1375535760
1361,33.1063,96.1157,1375458000
1361,32.9063,96.1307,1375404300
1361,33.0735,96.0948,1375358460
1361,33.0742,96.0968,1375319160
1361,33.1212,96.1268,1375237440
1361,33.0672,96.1102,1375141800
1361,33.1425,96.2402,1375065540
1361,33.1212,96.1268,1375042560
1361,33.122,96.1197,1374975300
1361,33.1343,96.1412,1374973800
1361,33.1578,96.3718,1374961260
1361,32.8254,96.7158,1374946860
1361,32.8254,96.7158,1374938220
1361,32.8254,96.7158,1374887700
1361,32.8254,96.7158,1374880800
1361,32.8254,96.7158,1374876300
1361,32.9093,96.5578,1374844560
1361,33.0742,96.0968,1374586980
1361,33.0737,96.0948,1374463800
1361,33.0742,96.0968,1374411540
1361,28.4055,81.5851,1374343680
1361,33.0742,96.0968,1374295500
1361,33.0939,96.1072,1374251460
1361,33.0742,96.0968,1374200220
1361,32.8352,96.2802,1374192600
1361,33.1042,96.0888,1374013200
1361,33.0742,96.0968,1373833800
1361,33.0742,96.0968,1373805180
1361,33.0742,96.0968,1373768580
1361,33.0742,96.0968,1373765940
1361,32.8243,96.7165,1373746440
1361,28.4183,81.5795,1373684940
1361,32.9563,96.6508,1373671560
1361,28.3585,81.5883,1373566320
1361,30.6769,88.1902,1373477280
1361,33.0742,96.0968,1373428440
1361,33.0742,96.0968,1373404020
1361,33.0742,96.0968,1373343300
1361,33.0753,96.1073,1373321640
1361,33.0845,96.1082,1373301360
1361,31.1695,92.4623,1373224800
1361,30.5018,90.8473,1373224560
1361,30.683,87.9946,1373161140
1361,29.0259,82.1561,1373132700
1361,28.416,81.5812,1373123700
1361,28.419,81.5812,1373077860
1361,28.3556,81.5591,1373060400
1361,28.3566,81.5613,1373055180
1361,28.3556,81.5591,1373037240
1361,28.416,81.5812,1372988820
1361,28.4195,81.5812,1372980900
1361,28.4195,81.5824,1372958100
1361,28.4191,81.5825,1372954080
1361,28.344,81.5752,1372936380
1361,28.419,81.5812,1372911420
1361,28.4172,81.5813,1372901160
1361,28.4168,81.5812,1372898820
1361,28.4193,81.5774,1372894080
1361,28.393,81.5707,1372880700
1361,28.3585,81.5875,1372872060
1361,28.3572,81.5905,1372851600
1361,28.3706,81.552,1372846560
1361,28.3755,81.5494,1372817820
1361,28.3715,81.5494,1372811400
1361,28.3674,81.5483,1372803780
1361,28.3732,81.5517,1372780140
1361,28.3756,81.5494,1372767960
1361,28.3704,81.5221,1372734540
1361,28.3704,81.5221,1372727700
1361,28.4105,81.5719,1372711500
1361,28.3716,81.5152,1372696440
1361,28.416,81.5812,1372682820
1361,28.4055,81.5851,1372651440
1361,28.4105,81.5822,1372641000
1361,28.4069,81.5845,1372639020
1361,28.4055,81.5851,1372638720
1361,28.4152,81.5805,1372636380
1361,28.4105,81.5719,1372632180
1361,28.378,81.6043,1372621860
1361,30.9538,88.5977,1372560720
1361,32.3195,90.952,1372560000
1361,32.4971,92.1586,1372516200
1361,32.501,92.1569,1372514880
1361,32.8005,96.2147,1372498980
1361,33.0953,96.114,1372470480
1361,33.0735,96.0948,1372457940
1361,32.8054,96.7927,1372438620
1361,32.7902,96.7794,1372431060
1361,33.0742,96.0968,1372386120
1361,33.0991,96.1044,1372295880
1361,33.0735,96.0947,1372266360
1361,33.0742,96.0968,1372211700
1361,33.1213,96.1185,1372135620
1361,32.9275,96.7635,1372123500
1361,33.0742,96.0968,1372036800
1361,32.7481,97.0929,1372011540
1361,33.0742,96.0968,1371992400
1361,33.0737,96.0955,1371954180
1361,33.0742,96.0968,1371950460
1361,33.0742,96.0967,1371916680
1361,33.0742,96.0968,1371777960
1361,32.059,97.088,1371748380
1361,33.0417,96.1087,1371695460
1361,32.7515,97.0829,1371681000
1361,32.7515,97.0829,1371618780
1361,32.7481,97.0929,1371602100
1361,33.0742,96.0967,1371528480
1361,33.074,96.0968,1371490320
1361,33.0742,96.0968,1371439140
1361,33.0742,96.0968,1371438180
1361,30.2779,97.7717,1371416580
1361,30.4055,97.8746,1371301020
1361,30.3012,97.7842,1371236580
1361,31.6097,97.1038,1371236460
1361,30.4055,97.8746,1371180660
1361,30.4055,97.8746,1371170460
1361,30.399,97.7247,1371162720
1361,30.3012,97.7842,1371093180
1361,30.2779,97.7717,1371092640
1361,30.399,97.7253,1371089700
1361,31.8033,97.0994,1371050760
1361,33.0742,96.0968,1371003420
1361,33.1396,96.107,1370997120
1361,33.1388,96.1073,1370922840
1361,33.139,96.1072,1370911260
1361,32.8254,96.7158,1370881620
1361,32.8985,96.3015,1370835960
1361,33.002,96.1078,1370818860
1361,32.8436,96.7849,1370788080
1361,33.0742,96.0968,1370749020
1361,33.0766,96.0786,1370717100
1361,33.0766,96.0786,1370647320
1361,33.0755,96.1095,1370603580
1361,32.7566,97.0699,1370569260
1361,32.7515,97.0829,1370518260
1361,32.9592,96.1085,1370487000
1361,32.7515,97.0829,1370432340
1361,32.9695,96.3314,1370399340
1361,32.934,96.1172,1370376900
1361,32.9265,96.4811,1370258700
1361,32.7515,97.0829,1370230680
1361,33.1212,96.1199,1370188680
1361,32.8421,96.7724,1370178360
1361,33.0917,96.11,1370147520
1361,33.0742,96.0968,1370054040
1361,33.098,96.8201,1369999020
1361,32.9575,96.1085,1369890000
1361,33.0742,96.0968,1369873260
1361,32.9567,96.1083,1369827120
1361,33.0737,96.0948,1369680780
1361,33.0742,96.0968,1369624860
1361,33.0742,96.0968,1369623480
1361,32.738,97.1073,1369599420
1361,33.0232,95.8019,1369540500
1361,32.7035,97.058,1369431960
1361,33.0742,96.0968,1369409280
1361,32.9053,96.4507,1369361640
1361,33.0742,96.0968,1369135740
1361,33.0742,96.0968,1369020300
1361,33.0742,96.0967,1369018500
1361,32.9572,96.1083,1368997560
1361,33.0939,96.1072,1368942180
1361,33.1048,96.12,1368893340
1361,33.0737,96.0947,1368887160
1361,33.0939,96.1072,1368754680
1361,32.9018,96.127,1368744060
1361,33.0742,96.0965,1368703920
1361,33.057,96.1098,1368667440
1361,33.0742,96.0968,1368580500
1361,33.0482,96.1095,1368530220
1361,33.0742,96.0968,1368500340
1361,33.0743,96.0953,1368497040
1361,33.0742,96.0968,1368445380
1361,33.0742,96.0968,1368413640
1361,33.0742,96.0968,1368412200
1361,33.1008,96.802,1368381840
1361,33.1715,96.4797,1368362700
1361,33.103,96.1193,1368289680
1361,33.1153,96.109,1368280560
1361,28.4195,81.5812,1368243000
1361,33.0735,96.0997,1368151320
1361,33.0737,96.1002,1368067980
1361,33.0738,96.0988,1368053280
1361,33.0738,96.1003,1367983620
1361,33.0737,96.1,1367902320
1361,33.0738,96.1003,1367840400
1361,33.0738,96.1003,1367807700
1361,33.0058,96.1078,1367494800
1361,33.016,96.1075,1367461800
1361,33.098,96.8201,1367407020
1361,32.9568,96.1083,1367321100
1361,33.1048,96.12,1367287200
1361,33.0047,96.1078,1367281200
1361,33.098,96.8201,1367204220
1361,33.098,96.8201,1367201040
1361,33.1408,96.1082,1367091120
1361,33.068,96.1097,1366939860
1361,33.0742,96.0968,1366860240
1361,33.0742,96.0968,1366764900
1361,32.9572,96.1085,1366716600
1361,28.3572,81.5905,1366675560
1361,33.0742,96.0968,1366591020
1361,33.0742,96.0968,1366548720
1361,32.7677,96.7961,1366499640
1361,33.1048,96.12,1366476180
1361,32.9055,96.1352,1366425960
1361,33.0737,96.0948,1366411860
1361,33.0735,96.0948,1366251780
1361,32.7886,96.8091,1366197600
1361,33.1048,96.12,1366166040
1361,32.7668,96.7956,1365944640
1361,32.7796,96.7596,1365904740
1361,32.7796,96.7617,1365903900
1361,32.7677,96.7961,1365900240
1361,32.7905,96.8104,1365819360
1361,33.0737,96.095,1365811920
1361,33.0737,96.095,1365786240
1361,33.0737,96.095,1365766020
1361,33.1413,96.1062,1365730200
1361,33.4197,95.949,1365679560
1361,33.1212,96.1199,1365650280
1361,32.9568,96.1083,1365594060
1361,33.0737,96.0948,1365559680
1361,33.0022,96.1078,1365506880
1361,33.0742,96.0968,1365477000
1361,33.057,96.1097,1365419880
1361,33.6602,95.5567,1365382320
1361,33.1167,96.0967,1365357120
1361,32.96,96.1087,1365339600
1361,32.774,96.7583,1365303780
1361,33.1167,96.0967,1365290760
1361,32.7737,96.7585,1365278820
1361,32.7769,96.7595,1365278100
1361,33.0742,96.0968,1365212160
1361,33.0742,96.0968,1364950140
1361,33.0742,96.0968,1364869200
1361,32.9182,96.1262,1364815860
1361,33.0737,96.0948,1364772660
1361,33.0742,96.0968,1364747580
1361,33.1142,96.1168,1364734620
1361,33.0738,96.0948,1364695140
1361,33.0742,96.0968,1364688540
1361,32.9207,96.125,1364654460
1361,32.9317,96.1195,1364582340
1361,32.9042,96.1345,1364516460
1361,32.957,96.1083,1364470620
1361,33.0742,96.0968,1364440380
1361,33.0742,96.0968,1364433060
1361,33.6618,95.2675,1364429340
1361,32.9207,96.125,1364346960
1361,32.957,96.1083,1364298060
1361,33.002,96.1078,1364253600
1361,34.1616,94.725,1364212320
1361,33.0737,96.0947,1364171100
1361,33.6611,95.5563,1364155440
1361,34.1354,94.701,1364148780
1361,32.8254,96.7158,1364091060
1361,32.7804,96.7659,1364079180
1361,32.38,96.6505,1364009400
1361,33.0742,96.0968,1363916160
1361,33.0742,96.0968,1363826760
1361,33.0738,96.0947,1363817940
1361,32.8248,96.7162,1363746540
1361,32.8223,96.7187,1363654320
1361,33.0742,96.0968,1363568100
1361,33.0742,96.0968,1363525320
1361,33.0742,96.0968,1363481580
1361,32.7845,96.7908,1363469400
1361,32.7855,96.7915,1363463820
1361,32.7906,96.8104,1363391760
1361,32.8254,96.7158,1363381140
1361,32.38,96.6505,1363360560
1361,32.3797,96.6504,1363308600
1361,33.063,96.0822,1363292160
1361,32.8254,96.7158,1363284360
1361,32.8254,96.7158,1363270860
1361,33.0742,96.0968,1363222800
1361,32.8254,96.7158,1363217640
1361,32.8254,96.7158,1363209180
1361,32.7881,96.7811,1363207860
1361,32.8254,96.7158,1363205400
1361,33.8765,95.031,1363174680
1361,33.0742,96.0968,1363145400
1361,33.0742,96.0968,1363135620
1361,32.7405,96.8156,1363125240
1361,32.7405,96.8156,1363124640
1361,33.0742,96.0968,1363097340
1361,32.7745,96.7873,1363039560
1361,32.7405,96.8156,1363028820
1361,34.1354,94.701,1363004580
1361,34.1354,94.701,1362967380
1361,34.1327,94.6805,1362965940
1361,33.661,95.5553,1362958620
1361,33.5305,95.9283,1362948360
1361,33.6613,95.5558,1362851340
1361,32.8999,96.7676,1362788640
1361,33.0573,96.1097,1362745140
1361,32.9222,96.1242,1362659460
1361,33.0737,96.095,1362622260
1361,32.9057,96.1352,1362618000
1361,33.0043,96.1078,1362537720
1361,33.095,96.1098,1362451500
1361,33.0735,96.0948,1362362400
1361,33.0742,96.0968,1362345720
1361,33.0742,96.0968,1362315480
1361,29.4257,98.4862,1362276900
1361,32.9152,96.1333,1362271680
1361,33.099,96.8115,1362266760
1361,32.9082,96.4472,1362197640
1361,33.1395,96.1063,1362104520
1361,33.1395,96.1063,1362101880
1361,32.9577,96.1085,1362054600
1361,33.0735,96.0947,1362026760
1361,33.0742,96.0968,1361935860
1361,33.0742,96.0968,1361849340
1361,33.0742,96.0968,1361837820
1361,33.1212,96.1272,1361754180
1361,33.0737,96.095,1361719080
1361,32.9064,96.1308,1361660040
1361,32.9745,96.3323,1361591340
1361,32.974,96.3322,1361580540
1361,32.9055,96.1353,1361577960
1361,33.057,96.1097,1361536140
1361,33.1224,96.124,1361493000
1361,33.1215,96.1089,1361419800
1361,33.0023,96.1078,1361364060
1361,33.0742,96.0968,1361324640
1361,33.079,96.0773,1361316540
1361,32.9182,96.1262,1361279520
1361,33.1399,96.1079,1361243580
1361,32.9618,96.1087,1361235060
1361,33.1171,96.1026,1361156940
1361,33.1212,96.1199,1361145720
1361,32.9178,96.1263,1361109600
1361,33.0758,96.1095,1361065140
1361,32.9064,96.1308,1360981680
1361,32.9565,96.1083,1360931040
1361,33.1212,96.1199,1360803000
1361,33.0022,96.1078,1360672140
1361,33.0742,96.0968,1360628400
1361,33.0742,96.0968,1360553640
1361,33.0742,96.0968,1360540860
1361,32.792,96.809,1360528380
1361,32.7668,96.7956,1360509120
1361,32.7905,96.8104,1360455540
1361,32.7589,96.7826,1360451280
1361,33.1247,96.1006,1360426740
1361,33.1224,96.124,1360295580
1361,33.1224,96.124,1360284600
1361,33.1191,96.095,1360194720
1361,32.915,96.1333,1360153440
1361,32.9305,96.1205,1360123140
1361,32.8984,96.4684,1360022640
1361,32.919,96.1257,1359980040
1361,33.0948,96.11,1359950880
1361,33.1397,96.1057,1359927960
1361,33.1397,96.1058,1359917160
1361,33.14,96.1082,1359860700
1361,33.1246,96.1001,1359826680
1361,33.0022,96.1078,1359811980
1361,33.1398,96.1063,1359722040
1361,33.0742,96.0968,1359691740
1361,33.0742,96.0968,1359679140
1361,33.002,96.1078,1359637320
1361,32.968,96.1088,1359601740
1361,33.0643,96.1102,1359548400
1361,33.0688,96.11,1359503280
1361,33.0573,96.1097,1359462000
1361,32.9058,96.1357,1359427440
1361,33.1399,96.1084,1359419340
1361,33.1362,96.1227,1359347160
1361,33.134,96.1227,1359328560
1361,33.074,96.099,1359318120
1361,33.0747,96.1032,1359258780
1361,30.2681,97.7422,1359225660
1361,29.4252,98.4996,1359212760
1361,29.4249,98.4999,1359140220
1361,30.2719,97.7545,1359117840
1361,29.4264,98.4894,1359087480
1361,30.2682,97.7425,1359084600
1361,29.4257,98.4862,1359080700
1361,30.2663,97.7435,1359004560
1361,33.0018,96.1078,1358857200
1361,33.0742,96.1,1358822760
1361,33.057,96.1097,1358771040
1361,33.0737,96.0948,1358735820
1361,33.0433,96.2037,1358720940
1361,33.0737,96.0948,1358706060
1361,33.1212,96.1199,1358691300
1361,33.0572,96.1097,1358642880
1361,33.1193,96.1087,1358633160
1361,32.891,96.1355,1358617620
1361,33.0027,96.1078,1358607000
1361,33.0515,96.2432,1358565720
1361,33.0187,96.1073,1358546040
1361,33.0688,96.0942,1358511900
1361,32.9508,96.1077,1358479080
1361,33.0738,96.0948,1358303100
1361,33.0742,96.0968,1358209620
1361,33.0963,96.1098,1358129760
1361,32.7817,96.8035,1358110260
1361,33.0745,96.1027,1358090280
1361,32.7909,96.8073,1358056380
1361,33.0743,96.1013,1358027940
1361,33.0737,96.095,1358011740
1361,32.9187,96.126,1357998780
1361,33.1402,96.1082,1357961340
1361,33.1389,96.1089,1357907040
1361,33.1246,96.1006,1357867560
1361,33.1042,96.0888,1357861380
1361,32.915,96.1333,1357783800
1361,33.0915,96.1098,1357776360
1361,33.0737,96.0949,1357690860
1361,33.0737,96.0948,1357616520
1361,33.0737,96.0948,1357611540
1361,33.0733,96.0895,1357528980
1361,33.0739,96.0948,1357515600
1361,33.0737,96.0948,1357495500
1361,33.0738,96.0948,1357456620
1361,33.0737,96.0948,1357424640
1361,33.1867,96.6385,1357243680
1361,33.0742,96.0968,1357234440
1361,33.0907,96.111,1357180020
1361,33.1036,96.1096,1357146180
1361,33.1877,96.6388,1357085760
1361,33.0737,96.0948,1356997260
1361,32.9536,97.0639,1356985140
1361,33.0967,96.084,1356881400
1361,33.1868,96.6388,1356835440
1361,33.0675,96.0985,1356797700
1361,32.7917,96.8093,1356754920
1361,32.7905,96.8104,1356740700
1361,32.8056,96.7963,1356740400
1361,33.0742,96.0968,1356724380
1361,33.0735,96.0948,1356713280
1361,33.0737,96.0947,1356708480
1361,33.0742,96.0968,1356655560
1361,33.0742,96.0968,1356647100
1361,33.0742,96.0968,1356623100
1361,33.0742,96.0968,1356586620
1361,33.0735,96.0948,1356584340
1361,33.0737,96.0947,1356552780
1361,33.0742,96.0968,1356541200
1361,33.0737,96.0948,1356539700
1361,33.0658,96.0952,1356491340
1361,33.0737,96.0948,1356468900
1361,33.0737,96.095,1356439140
1361,33.1008,96.1088,1356411720
1361,33.0738,96.0948,1356403020
1361,33.0738,96.0948,1356382980
1361,33.0055,96.1078,1356361140
1361,32.957,96.1082,1356321600
1361,33.097,96.084,1356298860
1361,33.0962,96.11,1356298200
1361,33.0962,96.11,1356283080
1361,33.093,96.0845,1356267780
1361,33.0738,96.0949,1356224100
1361,32.9677,96.1088,1356181740
1361,33.1,96.087,1356152520
1361,32.9573,96.1082,1356119820
1361,32.9213,96.1247,1356092880
1361,32.915,96.1333,1356062340
1361,32.9178,96.1313,1356060660
1361,32.9178,96.1263,1356007500
1361,32.9702,96.1088,1355967360
1361,33.0023,96.1078,1355918520
1361,33.0027,96.1078,1355833860
1361,33.0737,96.0948,1355793900
1361,33.0737,96.0948,1355714340
1361,33.0738,96.095,1355709120
1361,33.1302,96.1191,1355690760
1361,33.0752,96.1068,1355630400
1361,33.0737,96.0948,1355620440
1361,33.1302,96.1191,1355613240
1361,33.0844,96.1083,1355596020
1361,32.9213,96.1248,1355592900
1361,32.89,96.4812,1355530260
1361,32.9687,96.1087,1355456760
1361,32.995,96.2457,1355445660
1361,32.957,96.1083,1355402220
1361,32.9712,96.1087,1355370900
1361,33.0692,96.11,1355364600
1361,32.9037,96.127,1355292480
1361,32.9447,96.1075,1355251080
1361,33.0737,96.095,1355198640
1361,33.0673,96.11,1355182800
1361,33.1302,96.1191,1355116020
1361,32.7816,96.7964,1355112300
1361,32.9882,96.1083,1355106180
1361,33.0737,96.0948,1355091300
1361,33.2053,96.1015,1355087580
1361,33.1208,96.1207,1355067480
1361,33.1511,96.8346,1355060220
1361,33.1511,96.8346,1355021760
1361,33.1511,96.8346,1355011140
1361,33.1045,96.7972,1355005560
1361,33.1302,96.1191,1354974660
1361,33.0675,96.11,1354938780
1361,32.9702,96.1088,1354851720
1361,32.9753,96.1087,1354841820
1361,33.0735,96.095,1354837680
1361,32.9573,96.1083,1354765260
1361,32.9055,96.135,1354580520
1361,33.0807,96.1087,1354575540
1361,33.0025,96.1078,1354515480
1361,33.1212,96.1199,1354485660
1361,32.9213,96.1247,1354462020
1361,32.7915,96.8095,1354410540
1361,32.9058,96.4515,1354400700
1361,32.9063,96.1308,1354372680
1361,33.0572,96.1097,1354316520
1361,32.9038,96.1267,1354277340
1361,33.052,96.1097,1354244220
1361,33.057,96.1097,1354238400
1361,32.7823,96.7947,1354161240
1361,33.0993,96.1038,1354076700
1361,33.0738,96.0948,1354063860
1361,33.0738,96.0947,1353994380
1361,33.0737,96.0947,1353980400
1361,33.0735,96.095,1353972480
1361,32.7825,96.7953,1353932700
1361,33.0738,96.0947,1353904500
1361,33.0737,96.0947,1353892380
1361,32.7823,96.7953,1353876960
1361,32.7812,96.8012,1353862800
1361,32.8736,96.5218,1353823260
1361,33.0887,96.8065,1353822180
1361,33.0922,96.8215,1353805080
1361,32.7915,96.8097,1353801780
1361,32.7797,96.803,1353768600
1361,33.051,96.6091,1353736320
1361,33.051,96.6091,1353735900
1361,33.051,96.6094,1353735420
1361,33.1511,96.8346,1353725460
1361,33.0891,96.8056,1353690900
1361,33.0994,96.8112,1353689100
1361,32.9923,96.2515,1353668520
1361,32.7762,96.797,1353627120
1361,33.0742,96.0968,1353550500
1361,33.0742,96.0968,1353538860
1361,33.0735,96.0948,1353536040
1361,33.1132,96.0966,1353460200
1361,32.8254,96.7158,1353430800
1361,33.0742,96.1002,1353369240
1361,33.0755,96.11,1353363780
1361,33.074,96.095,1353363060
1361,32.9567,96.1083,1353337620
1361,33.0745,96.103,1353294300
1361,33.1102,96.116,1353289020
1361,33.103,96.1093,1353288720
1361,33.1042,96.0888,1353265800
1361,32.958,96.1085,1353250620
1361,33.0745,96.1028,1353206880
1361,33.0737,96.0947,1353180480
1361,33.074,96.0955,1353163620
1361,33.0025,96.1078,1353121200
1361,33.0991,96.1044,1353114960
1361,33.0572,96.1098,1353068880
1361,33.0742,96.0968,1353039540
1361,33.0737,96.0948,1353029880
1361,33.0735,96.095,1353027900
1361,33.0742,96.0968,1353026220
1361,32.957,96.1083,1353019620
1361,32.9632,96.109,1352985480
1361,33.0022,96.1078,1352950680
1361,33.074,96.1003,1352937240
1361,33.074,96.1,1352895480
1361,33.0737,96.0947,1352863980
1361,33.066,96.2285,1352863260
1361,33.0027,96.1078,1352848140
1361,33.0755,96.221,1352809380
1361,33.1246,96.1001,1352778300
1361,33.0573,96.1097,1352772180
1361,32.958,96.1083,1352760960
1361,33.074,96.1,1352688960
1361,33.1212,96.1199,1352681280
1361,33.0802,96.2252,1352672760
1361,32.9213,96.1247,1352659740
1361,33.1212,96.1199,1352644380
1361,32.8938,96.4682,1352610240
1361,32.9063,96.4512,1352603580
1361,33.0028,96.1078,1352567040
1361,33.0573,96.1097,1352560560
1361,32.8962,96.1292,1352465760
1361,32.9038,96.1269,1352428620
1361,33.0658,96.2288,1352402580
1361,33.0027,96.1078,1352376840
1361,32.2825,95.3048,1352291940
1361,32.2953,95.3003,1352267280
1361,28.4195,81.5824,1352204940
1361,33.1048,96.12,1352172360
1361,32.3462,95.3008,1352168820
1361,33.1245,96.1007,1352161920
1361,33.1048,96.12,1352086320
1361,33.066,96.2277,1352085720
1361,32.329,95.2389,1352061420
1361,32.329,95.2389,1352047200
1361,32.329,95.2389,1351983540
1361,32.3462,95.3008,1351983180
1361,32.2828,95.3048,1351978080
1361,33.066,96.2288,1351958400
1361,32.9052,96.1343,1351856760
1361,33.1048,96.12,1351818240
1361,33.1027,96.119,1351807740
1361,32.905,96.1343,1351768800
1361,33.1008,96.1088,1351732920
1361,33.0677,96.0985,1351732380
1361,33.1048,96.12,1351646220
1361,33.1048,96.12,1351641540
1361,33.1405,96.1068,1351630200
1361,32.9055,96.1349,1351628520
1361,33.075,96.0902,1351564260
1361,33.075,96.0902,1351558860
1361,33.0735,96.0897,1351557540
1361,33.0737,96.0948,1351547460
1361,33.0742,96.0968,1351475580
1361,33.0742,96.0968,1351469580
1361,33.0737,96.0948,1351449420
1361,33.0742,96.0968,1351392660
1361,33.0742,96.0968,1351380780
1361,33.1388,96.1043,1351351740
1361,32.7905,96.8104,1351307820
1361,32.7805,96.7758,1351296000
1361,32.9055,96.1348,1351274160
1361,33.0991,96.1044,1351251000
1361,33.074,96.1005,1351217760
1361,33.0742,96.0968,1351212480
1361,33.1518,96.1192,1351202220
1361,32.9055,96.135,1351163640
1361,33.1048,96.12,1351128420
1361,33.1048,96.12,1351045380
1361,33.0618,96.1097,1351041540
1361,32.905,96.1343,1351015080
1361,33.0742,96.0965,1350953040
1361,32.957,96.1083,1350943800
1361,32.905,96.1343,1350926340
1361,33.074,96.0997,1350872340
1361,33.0738,96.0995,1350868080
1361,33.0742,96.0968,1350867180
1361,33.0742,96.0968,1350866760
1361,33.0742,96.0968,1350865680
1361,33.051,96.6091,1350850440
1361,33.0022,96.1078,1350843600
1361,33.1212,96.1199,1350840360
1361,32.8918,96.1357,1350825480
1361,32.892,96.1354,1350782520
1361,32.9052,96.1333,1350761220
1361,33.0907,96.0838,1350753300
1361,32.9055,96.135,1350703200
1361,32.9161,96.1295,1350699060
1361,33.0735,96.0947,1350645480
1361,32.9161,96.1295,1350609900
1361,33.096,96.1102,1350532200
1361,33.095,96.1145,1350442140
1361,33.1035,96.1192,1350436380
1361,32.9055,96.1348,1350357300
1361,33.141,96.1022,1350234000
1361,33.1398,96.1083,1350233460
1361,33.1212,96.1199,1350220260
1361,33.1399,96.108,1350184320
1361,33.1399,96.108,1350181080
1361,33.1398,96.1083,1350179940
1361,33.1398,96.1049,1350178320
1361,33.1048,96.12,1350166140
1361,32.8254,96.7158,1350140100
1361,32.8254,96.7158,1350139800
1361,32.8642,96.6697,1350101880
1361,33.0922,96.1095,1350078720
1361,33.0963,96.1165,1350015300
1361,33.0987,96.1108,1350002100
1361,33.096,96.1148,1349998800
1361,32.8254,96.7158,1349955060
1361,33.0991,96.1044,1349915520
1361,33.0967,96.1098,1349746200
1361,32.8254,96.7158,1349735520
1361,33.0735,96.0948,1349697960
1361,32.8254,96.7158,1349662800
1361,33.0738,96.095,1349659320
1361,32.8254,96.7158,1349649780
1361,32.8254,96.7158,1349640120
1361,33.106,96.11,1349630400
1361,32.8254,96.7158,1349613780
1361,32.8254,96.7158,1349572380
1361,32.8254,96.7158,1349568720
1361,30.3344,87.1412,1349527920
1361,32.9572,96.1083,1349487240
1361,33.0678,96.11,1349478240
1361,33.0742,96.0965,1349437140
1361,33.1398,96.1083,1349318520
1361,33.1398,96.1083,1349316660
1361,32.9055,96.1349,1349262960
1361,33.1048,96.12,1349223600
1361,33.0737,96.0948,1349219280
1361,33.0742,96.0968,1349137200
1361,28.3756,81.5494,1349114400
1361,33.0742,96.0968,1349059140
1361,33.0742,96.0968,1349054220
1361,33.0742,96.0968,1349051520
1361,33.0742,96.0968,1349050440
1361,33.074,96.095,1349046300
1361,32.9048,96.1342,1348937880
1361,33.0963,96.1098,1348887000
1361,33.0495,96.1097,1348870260
1361,32.9048,96.1342,1348834560
1361,33.0481,96.2367,1348829940
1361,32.9161,96.1295,1348794660
1361,32.9161,96.1295,1348792380
1361,32.904,96.1268,1348781400
1361,33.0742,96.0968,1348708920
1361,33.0742,96.0968,1348706220
1361,33.1048,96.12,1348620540
1361,33.1048,96.12,1348619160
1361,33.0742,96.0968,1348543320
1361,33.051,96.6091,1348538160
1361,33.051,96.6091,1348442340
1361,33.0504,96.6727,1348434120
1361,33.0504,96.6727,1348433460
1361,33.0504,96.6727,1348433220
1361,33.0504,96.6727,1348415880
1361,33.0504,96.6727,1348402080
1361,33.0742,96.0968,1348361580
1361,32.9062,96.1347,1348225560
1361,32.9057,96.1348,1348194600
1361,32.9161,96.1295,1348189740
1361,33.1048,96.12,1348107540
1361,33.0415,96.1087,1348055940
1361,33.1048,96.12,1348018620
1361,33.1048,96.12,1348014600
1361,33.0735,96.0947,1347969600
1361,33.0742,96.0968,1347929400
1361,32.9682,96.1087,1347927900
1361,33.0742,96.0968,1347843540
1361,33.0742,96.0968,1347835260
1361,33.0742,96.0968,1347815100
1361,28.4179,81.5843,1347740280
1361,28.4205,81.582,1347675780
1361,33.0742,96.0968,1347672600
1361,32.9572,96.1083,1347621240
1361,33.0738,96.095,1347592800
1361,33.0742,96.0984,1347585180
1361,33.0742,96.0968,1347582840
1361,33.1398,96.1083,1347577080
1361,33.0742,96.0968,1347498540
1361,28.417,81.5812,1347477300
1361,33.0018,96.1078,1347448500
1361,33.1224,96.124,1347322140
1361,33.0742,96.0968,1347240240
1361,33.0735,96.0948,1347219300
1361,33.0737,96.0948,1347218880
1361,28.4185,81.5833,1347216120
1361,33.076,96.0947,1347159120
1361,33.0762,96.0945,1347157200
1361,28.4185,81.5833,1347131880
1361,33.0742,96.0968,1347073740
1361,33.0742,96.0968,1347065640
1361,28.4195,81.5812,1347063000
1361,33.0022,96.1078,1347016860
1361,33.0742,96.0968,1346983560
1361,33.1224,96.124,1346981880
1361,32.9178,96.1263,1346932800
1361,33.1224,96.124,1346893740
1361,33.1171,96.1026,1346805240
1361,33.0987,96.1107,1346735580
1361,33.0742,96.0968,1346643540
1361,33.0742,96.0968,1346633760
1361,32.5792,95.8548,1346589120
1361,32.5623,95.8607,1346521860
1361,33.0017,95.9422,1346521320
1361,33.0658,96.2278,1346465820
1361,33.1075,96.1091,1346375940
1361,33.1212,96.1243,1346287080
1361,33.0742,96.0968,1346029380
1361,33.0755,96.1097,1346003160
1361,33.0862,96.1087,1345985160
1361,33.002,96.1078,1345932960
1361,32.9063,96.133,1345904280
1361,32.957,96.1083,1345774020
1361,28.4173,81.5813,1345548360
1361,33.0742,96.0968,1345514160
1361,28.4173,81.5813,1345430100
1361,28.4195,81.5812,1345322940
1361,28.4195,81.5812,1345301580
1361,32.9722,96.1087,1345256940
1361,28.4195,81.5812,1345205880
1361,28.4187,81.5812,1345172460
1361,28.4185,81.5833,1345003440
1361,28.4206,81.5831,1344913800
1361,33.0742,96.0968,1344822120
1361,28.416,81.5812,1344794820
1361,33.0742,96.0968,1344740040
1361,33.0742,96.0968,1344734940
1361,28.3432,81.5761,1344562020
1361,33.0742,96.0968,1344477840
1361,33.0742,96.0968,1344475380
1361,33.0742,96.0968,1344474720
1361,33.0742,96.0968,1344473520
1361,33.0742,96.0968,1344306900
1361,33.0742,96.0968,1344254640
1361,33.0742,96.0968,1344222360
1361,33.0742,96.0968,1344216780
1361,28.4193,81.5774,1344106860
1361,28.4193,81.5774,1344079200
1361,28.3568,81.5604,1344044100
1361,33.0742,96.0968,1343948040
1361,33.0953,96.114,1343860200
1361,33.0742,96.0968,1343787720
1361,33.0742,96.0968,1343786580
1361,33.0742,96.0968,1343786460
1361,29.9575,90.0619,1343688840
1361,29.9575,90.0619,1343688420
1361,29.9585,90.0654,1343669460
1361,29.9585,90.0654,1343626980
1361,28.4183,81.5794,1343596740
1361,28.4183,81.5794,1343582220
1361,32.8683,96.7736,1343510820
1361,28.4197,81.5807,1343419920
1361,32.8999,96.7676,1343364720
1361,32.7566,97.0699,1342992420
1361,32.7565,97.0728,1342937580
1361,32.7566,97.0699,1342934940
1361,32.7585,97.0727,1342934580
1361,32.7585,97.0727,1342934100
1361,32.7585,97.0727,1342924200
1361,32.7585,97.0727,1342921920
1361,32.7585,97.0727,1342918800
1361,32.7585,97.0727,1342912140
1361,32.7585,97.0727,1342910820
1361,30.3319,87.1395,1342737840
1361,33.6471,96.5965,1342702620
1361,30.3344,87.1412,1342568400
1361,30.3836,87.181,1342547220
1361,28.3575,81.5575,1342269000
1361,33.6469,96.596,1342025940
1361,33.6471,96.5965,1341983640
1361,33.6471,96.5965,1341954420
1361,33.6469,96.596,1341954120
1361,30.3344,87.1412,1341625440
1361,30.3344,87.1412,1341625080
1361,30.3344,87.1412,1341624240
1361,30.3344,87.1412,1341623880
1361,30.3344,87.1412,1341623460
1361,30.331,87.1404,1341622080
1361,28.3611,81.5587,1341577320
1361,28.3581,81.5592,1341491460
1361,28.3715,81.5475,1341384420
1361,28.3756,81.5494,1341383040
1361,28.3715,81.5475,1341382740
1361,28.416,81.5812,1341382560
1361,28.3715,81.5495,1341382440
1361,28.3756,81.5494,1341382320
1361,28.416,81.5812,1341382080
1361,28.3755,81.5494,1341317880
1361,28.417,81.5811,1341287580
1361,28.4183,81.5794,1341287460
1361,28.3585,81.5875,1341287400
1361,28.4195,81.5793,1341287220
1361,28.4199,81.5825,1341287160
1361,28.416,81.5812,1341287040
1361,28.42,81.5846,1341286860
1361,28.416,81.5812,1341286800
1361,28.3572,81.5905,1341241080
1361,28.3432,81.5761,1341226320
1361,28.4731,81.4726,1341193260
1361,28.4722,81.4738,1341177240
1361,28.4722,81.4738,1341151500
1361,28.472,81.4735,1341151380
1361,28.472,81.4735,1341143160
1361,33.0771,96.8216,1337440200
1361,32.9064,96.4515,1337380020
1361,33.0737,96.0948,1336943400
