1366,40.4325,86.9212,1378499100
1366,40.4325,86.9212,1378324920
1366,40.4305,86.9161,1378321860
1366,40.4324,86.9212,1378171980
1366,40.4325,86.9211,1377387300
1366,40.4262,86.9138,1377345600
1366,40.4313,86.9184,1377214440
1366,40.4297,86.9217,1377049680
1366,40.4326,86.9211,1376961540
1366,40.4325,86.9212,1376717340
1366,40.4255,86.9145,1376689080
1366,40.4278,86.9151,1376525700
1366,40.4314,86.9187,1376407380
1366,40.4345,86.9185,1376318880
1366,40.4255,86.9287,1376261280
1366,40.4184,86.818,1376229360
1366,42.2195,88.3612,1376129640
1366,42.1959,88.3648,1375940400
1366,42.196,88.3647,1375908180
1366,42.2261,88.3151,1375803600
1366,42.1961,88.3647,1375742520
1366,41.876,87.6205,1375671660
1366,42.1939,88.3459,1375594800
1366,41.8915,87.6459,1375501320
1366,42.202,88.3522,1375330560
1366,42.196,88.3645,1375311060
1366,42.2138,88.3595,1375029420
1366,42.1951,88.3649,1374972900
1366,42.1959,88.3648,1374770100
1366,43.0398,87.9392,1374695820
1366,41.8847,87.6275,1374635520
1366,41.8915,87.6075,1374432060
1366,41.978,88.2065,1374346380
1366,42.1967,88.3652,1374242100
1366,42.196,88.3648,1374090840
1366,42.196,88.3647,1374030120
1366,42.196,88.3647,1373942880
1366,42.1958,88.3645,1373912160
1366,42.1935,88.3583,1373735520
1366,42.196,88.3647,1373590800
1366,45.8472,84.6182,1373156460
1366,45.8518,84.6048,1373049840
1366,45.7722,84.7228,1372958580
1366,41.417,87.3749,1372894380
1366,40.4247,86.9102,1372879680
1366,42.1959,88.3646,1372787460
1366,42.196,88.3647,1372625760
1366,41.8351,87.8406,1372539000
1366,42.1969,88.3638,1372296540
1366,42.1959,88.3648,1372097220
1366,42.1063,87.9795,1372088640
1366,41.5867,87.4407,1371862560
1366,42.1958,88.3655,1371823380
1366,42.196,88.3648,1371759420
1366,42.1947,88.3682,1371608820
1366,42.2424,88.3185,1371493740
1366,42.196,88.3648,1371405780
1366,42.1961,88.3647,1371400980
1366,42.2258,88.3575,1371346140
1366,42.196,88.3648,1371265560
1366,42.1615,88.4378,1371167280
1366,42.1947,88.365,1370835960
1366,42.0986,88.1477,1370734980
1366,42.2097,88.286,1370653800
1366,42.196,88.3646,1370476980
1366,42.1959,88.3647,1370459760
1366,42.1535,88.3393,1370203020
1366,42.191,88.3552,1370029200
1366,42.196,88.3647,1369877460
1366,42.1961,88.3647,1369786140
1366,42.196,88.3649,1369705800
1366,42.196,88.3649,1369703220
1366,42.1959,88.3648,1369673820
1366,42.5497,88.5727,1369623000
1366,42.196,88.3645,1369504800
1366,42.26,88.3672,1369149600
1366,42.1959,88.3648,1369102800
1366,42.1965,88.3545,1368925260
1366,42.1967,88.3542,1368830460
1366,42.196,88.3647,1368816840
1366,42.1959,88.3648,1368750060
1366,42.196,88.3648,1368730500
1366,42.196,88.3647,1368729900
1366,42.198,88.3657,1368669780
1366,42.1961,88.3644,1368645360
1366,42.196,88.3647,1368550800
1366,42.1961,88.3646,1368488400
1366,42.196,88.3647,1368400560
1366,42.196,88.3648,1368370080
1366,42.1962,88.3647,1368207120
1366,42.1958,88.3655,1368203040
1366,42.196,88.3648,1367977320
1366,42.1965,88.3543,1367803800
1366,42.196,88.3648,1367547660
1366,42.196,88.3648,1367545980
1366,41.8783,87.6225,1367433660
1366,42.1946,88.3889,1367377260
1366,42.1961,88.3646,1367181000
1366,42.1959,88.3649,1367079120
1366,42.1947,88.363,1367020980
1366,42.196,88.3647,1366826640
1366,42.1946,88.362,1366732440
1366,42.1948,88.3642,1366672620
1366,42.1881,88.4014,1366644000
1366,40.4262,86.9202,1366575060
1366,40.422,86.9306,1366573260
1366,40.4245,86.9073,1366507080
1366,40.4267,86.9053,1366483680
1366,40.4247,86.9152,1366345860
1366,42.1878,88.4042,1366240740
1366,42.1953,88.3636,1366236540
1366,42.1961,88.3647,1366049460
1366,42.196,88.3648,1365979620
1366,42.1955,88.3638,1365876360
1366,42.2597,88.3696,1365779940
1366,42.196,88.3648,1365730080
1366,42.1958,88.365,1365649680
1366,42.196,88.3647,1365536640
1366,42.196,88.3647,1365446280
1366,42.196,88.3648,1365302520
1366,42.1959,88.3648,1365006600
1366,42.2597,88.3695,1364926500
1366,42.1901,88.3651,1364858460
1366,42.196,88.3647,1364677080
1366,42.196,88.3647,1364660460
1366,42.1958,88.3648,1364599560
1366,42.1961,88.3647,1364342400
1366,42.196,88.3646,1364318280
1366,42.1959,88.3649,1364049960
1366,42.2116,88.3153,1363981920
1366,42.196,88.3648,1363912560
1366,42.196,88.3647,1363807560
1366,42.196,88.3647,1363562220
1366,42.196,88.3648,1363547160
1366,42.1964,88.3539,1363380780
1366,42.2597,88.3696,1363188300
1366,42.196,88.3648,1363102500
1366,42.196,88.3648,1363027680
1366,42.1942,88.3636,1362772380
1366,42.196,88.3647,1362762180
1366,42.1941,88.3635,1362606060
1366,42.1943,88.3636,1362539640
1366,42.1943,88.3697,1362516360
1366,41.6373,87.7373,1362354780
1366,42.1946,88.3629,1362347160
1366,42.1642,88.4328,1362246300
1366,42.1735,88.3337,1362105960
1366,42.1956,88.3665,1362013080
1366,42.1962,88.3647,1361910420
1366,42.196,88.3646,1361577660
1366,42.2266,88.3406,1361555100
1366,42.196,88.3647,1361411940
1366,42.196,88.3647,1361380620
1366,42.1961,88.3647,1361234220
1366,40.4278,86.9247,1361063220
1366,40.4243,86.9071,1361060580
1366,42.196,88.3648,1360896120
1366,42.196,88.3647,1360803540
1366,42.1959,88.3647,1360720680
1366,42.196,88.3647,1360375380
1366,42.1763,88.335,1360344900
1366,42.1751,88.3826,1359854460
1366,42.1752,88.3825,1359852780
1366,42.196,88.3648,1359157440
1366,42.1961,88.3646,1358986020
1366,42.1961,88.3647,1358625120
1366,42.1287,88.3742,1358206620
1366,42.196,88.3647,1358191680
1366,41.872,87.626,1358092860
1366,42.1959,88.3648,1357953000
1366,42.196,88.3647,1357780020
1366,42.196,88.3646,1357610640
1366,42.1959,88.3647,1357501740
1366,42.152,88.3317,1357270560
1366,42.1899,88.4087,1356905340
1366,42.1959,88.3648,1356838260
1366,41.8001,88.2735,1356742140
1366,42.196,88.3647,1356635640
1366,42.1947,88.3638,1356628440
1366,42.1959,88.3649,1356382560
1366,42.196,88.3649,1356216720
1366,42.196,88.3648,1356202140
1366,42.196,88.3649,1356109380
1366,42.1627,88.3387,1355888640
1366,42.1967,88.3543,1355713800
1366,42.2025,88.3968,1355530020
1366,42.1962,88.3646,1355449020
1366,42.2104,88.341,1355412540
1366,42.1961,88.3647,1355082540
1366,42.0053,87.8873,1355010060
1366,42.196,88.3648,1354988940
1366,42.2104,88.3407,1354808880
1366,42.2103,88.3407,1354739580
1366,42.196,88.3646,1354590120
1366,42.134,88.4138,1354395960
1366,42.1958,88.365,1354391940
1366,42.196,88.3647,1353980400
1366,42.1965,88.354,1353815340
1366,41.8926,87.6249,1353769140
1366,41.8921,87.6276,1353731340
1366,41.8833,87.629,1353718140
1366,41.7113,88.1924,1353615900
1366,42.1959,88.3647,1353611160
1366,42.1959,88.3647,1353556140
1366,42.196,88.3647,1353276240
1366,42.196,88.3648,1353263880
1366,42.1575,88.013,1353200580
1366,42.2102,88.3407,1352839200
1366,41.8825,87.6232,1352594880
1366,42.1765,88.3354,1352568000
1366,42.2103,88.3409,1352388120
1366,42.2104,88.3409,1352132100
1366,42.1747,88.3377,1352069460
1366,42.1959,88.3649,1351964820
1366,42.55,88.5725,1351797840
1366,42.196,88.3648,1351724760
1366,42.196,88.3647,1351699020
1366,42.1959,88.3646,1351552320
1366,42.0018,87.8859,1351445940
1366,40.427,86.9258,1351358880
1366,40.4244,86.9069,1351290600
1366,42.196,88.3648,1351181940
1366,42.2102,88.3408,1351020780
1366,42.2302,88.3692,1350757560
1366,42.1959,88.3647,1350436440
1366,42.196,88.3648,1350357000
1366,42.196,88.3646,1350260460
1366,42.1961,88.365,1350249600
1366,42.1959,88.3646,1350158040
1366,42.1676,88.3437,1350090780
1366,42.1959,88.3646,1349972520
1366,43.0307,87.8982,1349795520
1366,42.1289,88.4327,1349726640
1366,42.1508,88.3374,1349713920
1366,42.1965,88.3542,1349660280
1366,42.196,88.3647,1349536800
1366,42.2099,88.3403,1349464560
1366,42.2116,88.3434,1349195520
1366,42.196,88.3646,1348761900
1366,42.1959,88.3648,1348620840
1366,42.1971,88.3641,1348350840
1366,42.2097,88.3435,1348277880
1366,42.196,88.3648,1347970020
1366,42.196,88.3646,1347886080
1366,41.417,87.3748,1347740400
1366,42.1953,88.3647,1347234240
1366,42.1959,88.3646,1347137160
1366,42.2102,88.3407,1346959980
1366,42.196,88.365,1346897940
1366,42.1586,88.0133,1346634120
1366,42.196,88.3649,1346511060
1366,42.196,88.3647,1346382900
1366,41.8758,87.6183,1345832400
1366,42.1961,88.3648,1345779960
1366,42.196,88.3648,1345576920
1366,42.1965,88.3542,1345252800
1366,42.2015,88.3577,1345076340
1366,41.7115,88.1921,1344733860
1366,42.1965,88.3542,1344653880
1366,42.1495,88.3377,1344473760
1366,42.0591,87.9272,1344098880
1366,41.853,88.1552,1344031620
1366,42.1965,88.3544,1343249940
1366,43.0302,87.8982,1342825920
1366,42.2601,88.1362,1342046760
1366,42.2265,88.3092,1341968340
1366,42.0952,88.335,1341721320
1366,41.862,87.6168,1341709920
1366,41.8925,87.627,1341442260
1366,42.1967,88.3545,1341284880
1366,42.2311,88.3443,1341198120
1366,42.1965,88.3543,1341091440
1366,42.1966,88.3543,1341017340
1366,41.7113,88.1925,1340496060
1366,41.5865,87.441,1340413620
1366,42.177,88.3363,1340298060
1366,42.5482,88.571,1340225280
1366,42.1966,88.3544,1339814880
1366,42.1965,88.3544,1339704720
1366,42.5499,88.5725,1339366380
1366,42.0565,88.0469,1339024920
1366,42.1919,88.3626,1338693780
1366,42.1965,88.3543,1338492780
1366,42.1966,88.3544,1338421380
1366,41.8876,87.6415,1338154440
1366,42.2102,88.3396,1337879460
1366,42.2103,88.3407,1337695140
1366,42.0924,88.3364,1337470500
1366,42.3693,87.9352,1337380020
1366,42.2098,88.3403,1337349120
1366,42.134,87.902,1336861740
1366,42.2126,88.2849,1336835880
1366,42.2266,88.2949,1336780140
1366,42.1496,88.3376,1336603020
1366,42.1966,88.3544,1336443180
1366,42.1802,88.336,1336326060
1366,42.1965,88.3544,1336275780
1366,42.196,88.362,1336265220
1366,41.8676,87.614,1336238280
1366,42.2045,88.3363,1336169340
1366,42.1719,88.3357,1336067760
