1382,50.8779,4.3815,1375301880
1382,37.0369,27.4335,1373811240
1382,37.0211,27.3538,1373804880
1382,37.0369,27.4335,1373803980
1382,37.1934,27.556,1373801400
1382,37.0369,27.4335,1373629680
1382,37.033,27.435,1373623440
1382,37.1934,27.5566,1373378760
1382,37.244,27.6737,1373314380
1382,40.1146,32.9914,1373295780
1382,40.6918,39.6607,1373283360
1382,41.003,39.7249,1373222220
1382,41.0004,39.7247,1373219340
1382,40.9979,39.7297,1373218440
1382,41.0794,39.38,1373205360
1382,41.0065,28.9776,1372972020
1382,50.879,7.1217,1372955760
1382,50.8334,4.3575,1372784040
1382,50.8779,4.3815,1372363440
1382,50.8162,4.4069,1372316100
1382,50.8779,4.3815,1372122360
1382,50.8779,4.3815,1371924720
1382,50.809,4.3844,1371223200
1382,50.809,4.3844,1371203280
1382,50.809,4.3844,1371202800
1382,50.809,4.3844,1371058980
1382,50.809,4.3844,1370607420
1382,50.9215,4.0085,1370545680
1382,50.809,4.3844,1370452860
1382,50.8091,4.3844,1370436720
1382,50.8779,4.3815,1370383680
1382,50.8392,4.3786,1370370960
1382,50.8392,4.3727,1370368620
1382,50.809,4.3844,1370363340
1382,50.8779,4.3815,1370300820
1382,50.8091,4.3844,1370023800
1382,50.809,4.3844,1369931460
1382,50.816,4.3903,1369911720
1382,50.809,4.3844,1369755900
1382,50.809,4.3844,1369742160
1382,50.8091,4.3844,1368546120
1382,50.8455,4.3475,1366908780
1382,50.827,4.3723,1366219020
1382,50.8495,4.3712,1365813480
1382,50.8494,4.371,1365810780
1382,50.8473,4.3486,1365801960
1382,50.8206,4.3543,1365337860
1382,50.809,4.3844,1365183180
1382,50.8091,4.3844,1364462340
1382,50.8162,4.4069,1364395560
1382,50.8416,4.3482,1363996860
1382,50.8416,4.3482,1363993020
1382,50.8415,4.3479,1363990200
1382,50.8416,4.3482,1363989120
1382,50.8416,4.3482,1363986660
1382,50.809,4.3844,1363972440
1382,50.809,4.3844,1363965000
1382,50.8091,4.3844,1363888620
1382,50.809,4.3844,1363700940
1382,50.8161,4.3828,1363697880
1382,50.8091,4.3844,1363681980
1382,50.809,4.3844,1363624740
1382,50.8162,4.4069,1363350720
1382,50.8416,4.3581,1363285320
1382,50.8416,4.3581,1363282680
1382,50.809,4.3845,1363264980
1382,50.8165,4.3714,1363258980
1382,50.8086,4.3843,1363197000
1382,50.8091,4.3845,1363098900
1382,50.8091,4.3845,1363081140
1382,51.0359,3.7107,1362901260
1382,51.0672,3.7395,1362900120
1382,51.0672,3.7395,1362899700
1382,51.0672,3.7395,1362899460
1382,51.0672,3.7395,1362899220
1382,51.0672,3.7395,1362873180
1382,51.0359,3.7107,1362859620
1382,50.8528,4.345,1362845040
1382,50.8403,4.3561,1362843720
1382,50.8528,4.345,1362786540
1382,50.8528,4.345,1362772500
1382,50.8526,4.3451,1362768660
1382,50.8528,4.345,1362768420
1382,50.8165,4.3721,1362507900
1382,50.809,4.3845,1362490320
1382,50.8086,4.3843,1362489600
1382,50.8084,4.3842,1362410100
1382,50.809,4.3845,1362409620
1382,50.809,4.3846,1362164280
1382,50.8161,4.3828,1362140340
1382,50.8086,4.3843,1362049800
1382,50.8086,4.3843,1362049320
1382,50.8169,4.3534,1361879640
1382,50.8169,4.3534,1361878860
1382,50.809,4.3845,1361800680
1382,50.8086,4.3843,1361787600
1382,50.8382,4.3974,1361713560
1382,50.8086,4.3843,1361633640
1382,49.6922,3.6232,1361467800
1382,49.6922,3.6232,1361467320
1382,49.5825,3.6446,1361464260
1382,49.6904,3.4629,1361459880
1382,49.2431,4.0513,1361402100
1382,49.4651,3.7554,1361393220
1382,49.4651,3.7553,1361391840
1382,49.2431,4.0513,1361385300
1382,48.8561,2.3518,1361215260
1382,48.7621,2.3536,1361161320
1382,48.7621,2.3536,1361160300
1382,48.7621,2.3536,1361159340
1382,48.7621,2.3536,1361157180
1382,49.5095,3.6254,1361133660
1382,49.5095,3.6254,1361126580
1382,49.6076,3.6656,1361114640
1382,49.2522,4.0217,1361071800
1382,50.6398,3.074,1361022660
1382,50.6363,3.0709,1361012460
1382,51.0358,3.7107,1361005860
1382,50.8086,4.3843,1360767600
1382,50.8331,4.3449,1360367760
1382,50.8324,4.3442,1360366740
1382,50.8086,4.3843,1360346400
1382,50.8086,4.3843,1360313580
1382,50.809,4.3845,1360227060
1382,50.8086,4.3843,1360175760
1382,50.8335,4.3577,1359823560
1382,50.7852,4.384,1358930760
1382,50.8143,4.3905,1358855460
1382,50.809,4.3845,1356361800
1382,50.8091,4.3845,1356355800
1382,50.8086,4.3843,1354869120
1382,50.9758,5.2398,1350679440
1382,50.8705,4.4393,1349558220
1382,50.809,4.3844,1349453640
1382,50.8356,4.3797,1349383080
1382,50.8664,4.3753,1348766040
1382,50.8498,4.3554,1348764900
1382,50.8507,4.3531,1348764780
1382,50.8507,4.3531,1348764240
1382,50.8982,4.4832,1348744920
1382,40.9853,29.0205,1348694580
1382,41.026,28.5461,1348404300
1382,41.0332,28.9766,1348340640
1382,41.0111,28.9833,1348337160
1382,41.0079,28.9787,1348312740
1382,41.0454,29.0344,1348312560
1382,41.0079,28.9787,1348241100
1382,40.9851,29.0208,1348140300
1382,50.8695,4.4374,1347730440
1382,50.809,4.3845,1347034140
1382,50.809,4.3845,1346427600
1382,50.809,4.3845,1346426760
1382,50.8161,4.3828,1346411820
1382,50.8086,4.3843,1344951360
