1428,44.9609,93.2932,1377402660
1428,44.9796,93.1695,1377291960
1428,44.9805,93.173,1377268200
1428,44.9274,93.3656,1377211380
1428,44.9261,93.4084,1377144900
1428,44.9778,93.2735,1377011220
1428,44.9746,93.2716,1376979180
1428,44.9263,93.4086,1376854680
1428,44.9262,93.4085,1376788380
1428,44.9262,93.4085,1376760420
1428,44.9262,93.4088,1376755020
1428,44.9262,93.4085,1376615520
1428,44.9778,93.2736,1376580120
1428,44.9779,93.2737,1376541060
1428,44.8591,93.6619,1376414280
1428,44.9261,93.4087,1376273520
1428,44.9277,93.3095,1376183280
1428,44.926,93.4084,1375498380
1428,44.9263,93.4084,1375414440
1428,44.9261,93.4081,1375322040
1428,44.926,93.4081,1375313820
1428,44.9779,93.2737,1375133340
1428,44.9261,93.4089,1375052880
1428,44.9309,93.346,1374991680
1428,44.9261,93.4086,1374938340
1428,44.9778,93.2735,1374781920
1428,44.9263,93.4079,1374536820
1428,44.8982,93.5683,1374464700
1428,44.9505,92.8766,1374370740
1428,44.9505,92.8766,1374363840
1428,44.9778,93.2734,1373381040
1428,44.9778,93.2735,1373309940
1428,44.935,93.659,1373118660
1428,44.9263,93.4085,1373050380
1428,44.9269,93.4075,1373034300
1428,44.9261,93.4082,1372952940
1428,44.9264,93.4082,1372888920
1428,44.926,93.4079,1372600020
1428,44.9499,93.3824,1372030860
1428,44.9779,93.2737,1370961480
1428,44.9253,93.4119,1370809320
1428,44.9688,93.2889,1370749500
1428,44.9688,93.2889,1370747160
1428,44.9261,93.4086,1368800880
1428,44.9777,93.2735,1368739500
1428,44.9262,93.4087,1367206140
1428,44.9287,93.4058,1367096100
1428,44.9279,93.4051,1366866660
1428,44.9301,93.4041,1366689000
1428,44.9783,93.2759,1366328820
1428,44.9778,93.2735,1366325700
1428,44.9296,93.4054,1366246860
1428,44.9261,93.4085,1365900660
1428,44.9871,93.2027,1365874260
1428,44.9263,93.4084,1364269740
1428,44.9263,93.4084,1364176140
1428,44.9492,93.0973,1364090520
1428,44.9263,93.4084,1362896760
1428,44.9287,93.4053,1362703200
1428,44.9262,93.4084,1362623640
1428,44.9649,93.2495,1361814600
1428,44.9275,93.405,1361771100
1428,44.9277,93.4047,1361630940
1428,44.9819,93.2774,1361485080
1428,47.6477,90.7088,1361134980
1428,47.6144,90.756,1361053260
1428,46.5679,92.6047,1360963260
1428,44.9649,93.2495,1360784700
1428,44.8892,93.42,1360637040
1428,44.9222,93.412,1360520640
1428,44.972,93.2733,1360365540
1428,44.9359,93.3478,1360280400
1428,44.9262,93.4083,1359951900
1428,44.9778,93.2739,1359657060
1428,44.9262,93.4084,1359322080
1428,45.3556,92.6408,1359237840
1428,46.779,92.0929,1358556300
1428,44.9262,93.4083,1357269660
1428,44.9261,93.4086,1357015680
1428,44.9175,93.6571,1356854940
1428,44.9585,93.2738,1356726780
1428,44.9585,93.2738,1356725640
1428,44.9494,93.3604,1356569580
1428,44.9261,93.408,1356452280
1428,44.9223,93.4063,1356047640
1428,44.9336,93.4253,1355964720
1428,44.9258,93.4073,1355788680
1428,44.9263,93.4082,1355721000
1428,44.9759,93.2666,1355155920
1428,44.9258,93.4087,1355072280
1428,44.926,93.4081,1355005860
1428,44.9267,93.409,1354982820
1428,44.9761,93.2722,1354545780
1428,45.3512,92.6178,1354380900
1428,44.9789,93.275,1353906840
1428,44.926,93.4085,1353890160
1428,44.926,93.4085,1353877200
1428,45.4884,92.7054,1353789240
1428,44.9262,93.4085,1352873820
1428,44.9749,93.2706,1352496000
1428,44.9749,93.2706,1352486880
1428,44.8805,93.3089,1352426340
1428,44.8844,93.2118,1349109360
1428,34.0084,118.4986,1347691620
1428,33.9439,118.405,1347573540
1428,33.9896,118.476,1347222720
1428,33.9868,118.4736,1347219780
1428,34.0155,118.499,1347147780
1428,34.0231,118.5051,1347051480
1428,33.9885,118.4389,1346993100
1428,44.981,93.1691,1346631000
1428,44.9792,93.1699,1346602380
1428,44.9805,93.173,1346597160
1428,44.9805,93.173,1346596680
1428,44.9287,93.4038,1346536080
1428,34.0477,118.3386,1346220420
1428,34.0187,118.5011,1346207340
1428,33.9885,118.4708,1346128740
1428,44.9446,93.3887,1346011440
1428,34.0187,118.5011,1345826520
1428,34.0223,118.3896,1345674840
1428,33.9965,118.4776,1345587420
1428,34.0182,118.4897,1345413600
1428,34.0034,118.4852,1345176000
1428,44.9509,93.2981,1344102300
1428,44.9731,93.276,1342557420
1428,33.9467,118.4049,1340325360
1428,34.0019,118.8067,1340315340
1428,33.9199,116.7729,1340222640
1428,33.7903,116.5469,1340160900
1428,33.8372,116.6141,1340142240
1428,33.832,116.5468,1340132700
1428,33.7902,116.5471,1340080920
1428,33.8668,116.5461,1340066160
1428,34.0443,118.7544,1339984920
1428,34.0443,118.7544,1339984740
1428,34.039,118.875,1339794480
1428,34.0607,118.7407,1339776660
1428,34.1183,118.3003,1339721640
1428,34.1636,118.4131,1339705260
1428,34.0607,118.7403,1339692660
1428,34.0607,118.7405,1339632360
1428,34.0606,118.7405,1339548540
1428,34.0606,118.7407,1339548300
1428,34.0607,118.7407,1339388340
1428,34.0605,118.7406,1339387380
1428,44.975,93.2741,1337678460
1428,44.9259,93.4047,1336843380
1428,34.0148,118.4933,1336441740
1428,44.9496,93.2879,1336263360
1428,44.9496,93.2879,1336259700
1428,33.9408,118.4056,1335739200
1428,33.9921,118.444,1335675240
1428,34.0074,118.4901,1335579180
1428,33.9887,118.4388,1335564720
1428,34.0182,118.4897,1335459720
1428,33.9887,118.4388,1335389520
1428,44.9498,93.3827,1335310920
1428,44.973,93.3631,1334419980
1428,44.9779,93.2737,1334351520
1428,44.9779,93.2737,1334348220
1428,44.9216,93.3816,1333672260
1428,44.9214,93.3812,1333668540
1428,44.9213,93.3812,1333668300
1428,44.9213,93.3811,1333668180
1428,44.9779,93.2737,1333629720
1428,44.938,93.3507,1332620880
1428,34.029,118.3734,1332458940
1428,34.029,118.3734,1332458820
1428,44.9416,93.444,1332101760
1428,44.9509,93.0989,1331499840
1428,44.9495,93.1054,1331497860
1428,44.9495,93.1054,1331494980
1428,44.9495,93.1054,1331494800
1428,34.0926,118.3772,1331216040
1428,34.297,118.414,1330982700
1428,33.9892,118.4397,1330732980
1428,33.9886,118.4388,1330732800
1428,34.0926,118.3772,1330664640
1428,33.9407,118.4033,1330649580
1428,44.8791,93.2067,1330191420
1428,34.0104,118.4934,1330056300
1428,47.6127,90.7589,1329658920
1428,47.6624,90.7138,1329604140
1428,47.6624,90.7138,1329589920
1428,47.6127,90.7589,1329576240
1428,47.612,90.7597,1329537600
1428,47.3494,91.1844,1329519960
1428,47.2716,91.2789,1329519660
1428,47.1301,91.4868,1329518520
1428,47.1263,91.4905,1329518340
1428,47.0844,91.5813,1329518220
1428,47.0483,91.6317,1329516900
1428,44.9765,93.2724,1329160440
1428,44.9424,93.0985,1329076920
1428,44.9424,93.0985,1329076620
1428,44.9764,93.3974,1328369460
1428,44.9981,93.4035,1327868100
1428,44.9723,93.2749,1327780440
1428,44.9779,93.2737,1327705080
1428,44.9499,93.3824,1326576900
1428,44.9499,93.3824,1326575040
1428,44.9815,93.2629,1326498660
1428,45.0465,93.2247,1326491460
1428,45.0467,93.223,1326479160
1428,44.7381,93.2849,1326048060
1428,44.7146,93.2904,1326042420
1428,44.9474,93.2984,1325994720
1428,34.0185,118.5021,1325633880
1428,44.9295,93.3515,1323819900
1428,44.9776,93.2734,1323803400
1428,44.972,93.2743,1323731880
1428,39.7642,86.1598,1323410040
1428,39.8355,86.2886,1323204300
