1450,60.4208,5.4698,1378389780
1450,60.4176,5.4722,1378349160
1450,37.9311,0.7358,1378336620
1450,60.4208,5.4698,1378336140
1450,60.4208,5.4698,1378334700
1450,60.3935,5.3249,1378334040
1450,60.4158,5.4725,1378328460
1450,60.4657,5.323,1378327620
1450,60.4175,5.4727,1376978520
1450,60.3975,5.3227,1376977980
1450,60.4208,5.4698,1376034300
1450,60.4175,5.4723,1375284060
1450,60.4208,5.4698,1375283340
1450,60.4175,5.4725,1375224180
1450,60.4647,5.4822,1374954780
1450,60.4175,5.4723,1374593640
1450,60.4647,5.4822,1374587040
1450,60.4765,5.7068,1374575220
1450,37.9457,0.7247,1374261780
1450,37.9461,0.7258,1374260700
1450,37.9461,0.7258,1374252180
1450,37.9461,0.7258,1374251940
1450,37.9461,0.7258,1373667900
1450,60.4175,5.4723,1370870760
1450,60.4175,5.4723,1370500320
1450,60.4202,5.466,1370500140
1450,60.731,6.499,1369548600
1450,60.4168,5.4716,1369547760
1450,60.4296,5.4642,1369546980
1450,60.4256,5.4715,1369545720
1450,60.731,6.499,1368906720
1450,60.731,6.499,1368901560
1450,60.731,6.499,1368895680
1450,60.4287,5.4683,1367964600
1450,60.4162,5.4722,1367963940
1450,60.4287,5.4682,1367963580
1450,60.4287,5.4682,1367963220
1450,58.2507,8.3765,1364838420
1450,58.3078,8.1913,1364663220
1450,58.3078,8.1913,1364564400
1450,60.4436,5.4618,1363526640
1450,60.4222,5.4665,1363289400
1450,60.4285,5.4682,1363287840
1450,60.4287,5.4678,1363286940
1450,60.4177,5.4723,1362948900
1450,60.4175,5.4725,1362945780
1450,60.4248,5.4711,1360533420
1450,60.4177,5.4723,1360195920
1450,60.4175,5.4725,1360167900
1450,60.4173,5.4727,1360060500
1450,60.4256,5.4702,1360047300
1450,60.421,5.4712,1360034580
1450,60.4175,5.4723,1359832740
1450,60.4296,5.4642,1359771720
1450,60.4296,5.4642,1359770700
1450,60.4175,5.4722,1359662220
1450,60.4251,5.4699,1358439540
1450,60.4175,5.4723,1358115660
1450,60.5461,5.2855,1358113920
1450,60.4176,5.4727,1357811520
1450,60.4573,5.3077,1357809000
1450,60.4177,5.4723,1357412580
1450,60.4249,5.4708,1357407480
1450,60.4175,5.4722,1357391520
1450,58.3302,8.2264,1357389300
1450,60.6392,6.182,1356399180
1450,58.2793,8.1792,1356387660
1450,58.3302,8.2264,1356294600
1450,60.3912,5.3255,1355970720
1450,60.4175,5.4722,1355953020
1450,60.4173,5.4723,1355950260
1450,60.4173,5.4723,1355948520
1450,60.4182,5.4717,1354811520
1450,60.4175,5.4722,1354443840
1450,60.4175,5.4725,1354358820
1450,60.3901,5.3334,1354320720
