1457,10.0581,69.2816,1378096260
1457,10.0581,69.2817,1377565980
1457,10.0581,69.2817,1377555960
1457,10.0581,69.2817,1375065420
1457,10.0766,69.3057,1374947520
1457,10.0582,69.2817,1374804300
1457,10.0263,69.456,1374730260
1457,10.0581,69.2817,1372820520
1457,10.0703,69.2928,1372642920
1457,10.0581,69.2817,1372612620
1457,7.7288,72.2055,1372092780
1457,7.7634,72.2298,1371939480
1457,10.0773,69.296,1371748860
1457,9.9317,67.3485,1371367200
1457,9.9317,67.3483,1371364140
1457,9.9215,67.3539,1371275640
1457,10.0582,69.2817,1370711100
1457,10.0583,69.2817,1370567340
1457,10.0582,69.2817,1370391360
1457,10.077,69.2967,1370188860
1457,10.0583,69.2817,1370112720
1457,10.0582,69.2817,1370109480
1457,10.0582,69.2817,1369885860
1457,10.0583,69.2817,1369859100
1457,10.0584,69.2817,1369790940
1457,10.0582,69.2817,1369620780
1457,10.0809,69.2861,1369535580
1457,10.0522,69.2762,1369521960
1457,10.0582,69.2817,1369349940
1457,10.0583,69.2817,1369347720
1457,10.058,69.2817,1368978060
1457,10.0636,69.288,1368393780
1457,10.0637,69.2882,1368393480
1457,10.0636,69.288,1368393480
1457,10.0633,69.286,1368381120
1457,10.0848,69.2773,1368160740
1457,10.0847,69.2773,1368160620
1457,10.9887,63.8182,1367756880
1457,10.9804,63.82,1367506260
1457,10.064,69.2843,1367427180
1457,10.0545,69.2783,1367392440
1457,10.0545,69.2783,1367391960
1457,10.064,69.2843,1367391540
1457,10.0581,69.2817,1367391180
1457,10.0581,69.2817,1367391120
1457,10.0581,69.2817,1367281620
1457,10.0675,69.2887,1366773240
1457,10.0581,69.2817,1366515840
1457,10.0583,69.2817,1366177200
1457,10.0581,69.2817,1366138380
1457,10.0583,69.2817,1365902520
1457,10.0581,69.2817,1365362880
1457,8.58,67.0013,1364701740
1457,9.9229,67.352,1364701020
1457,8.5763,67.0023,1364700960
1457,9.923,67.3519,1364411880
1457,7.7636,72.2298,1364266140
1457,7.7636,72.2298,1364260020
1457,7.7584,72.2089,1364139660
1457,7.7584,72.2089,1364137260
1457,7.7584,72.2089,1364137200
1457,10.072,69.2937,1364009340
1457,10.019,69.3001,1360689960
1457,10.0908,69.2098,1360393380
1457,10.0923,69.2095,1360392540
1457,10.0768,69.3002,1360271580
1457,10.0582,69.2817,1359866820
1457,10.0758,69.2968,1359605220
1457,10.1031,69.1724,1358696460
1457,10.0827,69.2972,1358611980
1457,10.0585,69.2819,1358611500
1457,10.0583,69.2817,1358302620
1457,10.065,69.2938,1358205540
1457,10.0583,69.2817,1358051460
1457,10.0583,69.2817,1358030040
1457,10.0583,69.2817,1358027940
1457,10.0817,69.2728,1358024580
1457,10.0583,69.2817,1358024520
1457,10.0583,69.2817,1358024280
1457,10.0583,69.2817,1358024220
1457,10.0583,69.2817,1358024160
1457,10.0595,69.2823,1357786200
1457,10.0585,69.2817,1357710420
1457,8.5173,66.999,1357534980
1457,9.923,67.3519,1357518000
1457,9.9228,67.3522,1357416660
1457,9.923,67.3519,1357013760
1457,7.7824,72.2218,1356763140
1457,7.7636,72.2298,1356720840
1457,7.7636,72.2298,1356500460
1457,10.0727,69.2985,1356150480
1457,10.0559,69.2801,1355893920
1457,10.059,69.287,1355891340
1457,10.0582,69.2817,1355729040
1457,10.0688,69.2902,1355720820
1457,10.0583,69.2817,1355525340
1457,10.0673,69.2887,1355460180
1457,10.059,69.2841,1355101920
1457,10.075,69.2989,1354764180
1457,10.0767,69.3,1354213200
1457,10.0584,69.2817,1337196900
