1460,23.5896,46.6401,1378154640
1460,23.5905,46.6398,1376506020
1460,23.4633,46.8814,1375211520
1460,18.6724,68.4148,1374252540
1460,18.6724,68.4148,1374119460
1460,23.4854,46.8562,1373419860
1460,23.4631,46.8817,1372460460
1460,23.4923,46.8424,1371572880
1460,23.4854,46.8562,1371338280
1460,23.4854,46.8562,1369530360
1460,23.5622,46.666,1367715540
1460,23.5622,46.666,1367708280
1460,23.5676,46.6639,1364698800
1460,23.4664,46.8649,1361552880
1460,23.4964,46.8497,1360940760
1460,24.0084,46.324,1360614780
1460,24.0084,46.324,1360584300
1460,23.9326,46.3303,1357849920
1460,23.4854,46.8562,1357693140
1460,23.4928,46.8426,1356115080
1460,23.4632,46.8818,1355874600
1460,23.5595,46.659,1355849040
1460,23.4635,46.8735,1355782860
1460,23.5045,46.8485,1355248620
1460,23.4629,46.8817,1355231700
1460,23.5596,46.6557,1355082420
1460,23.4946,46.8439,1349635200
1460,23.5857,46.6888,1349572560
1460,23.4923,46.8425,1349547360
1460,23.4535,46.8803,1349481540
1460,48.8587,2.2937,1349279100
1460,23.4629,46.8816,1349135940
1460,23.4748,46.6293,1349005860
1460,48.8706,2.3052,1348865760
1460,48.8041,2.1224,1348848180
1460,48.7949,2.1324,1348848120
1460,48.8775,2.3029,1348818000
1460,48.8582,2.2946,1348781040
1460,48.8623,2.2888,1348775760
1460,48.8582,2.2946,1348775640
1460,48.8614,2.335,1348692960
1460,48.8534,2.3485,1348692120
1460,45.733,4.8228,1348487400
1460,45.7329,4.8225,1348473480
1460,45.7624,4.8225,1348425120
1460,45.7331,4.8228,1348416900
1460,41.007,28.9793,1348335120
1460,41.0085,28.98,1348309560
1460,41.0127,28.9773,1348259520
1460,41.0052,28.9772,1348239840
1460,41.0052,28.9772,1348239000
1460,41.8802,12.4728,1348143180
1460,41.8851,12.476,1348090800
1460,41.8993,12.4792,1348088580
1460,41.8902,12.4918,1348070760
1460,41.9008,12.4832,1347986520
1460,43.7776,11.25,1347822480
1460,23.4628,46.8818,1347120600
1460,23.463,46.8818,1347076500
1460,23.496,46.8422,1347070260
1460,23.4629,46.8816,1347055500
1460,23.4631,46.8819,1347034860
1460,23.4854,46.8562,1346982900
1460,23.4854,46.8562,1346982360
1460,23.4629,46.8817,1343949000
1460,23.4629,46.8817,1342024800
1460,23.4922,46.8426,1341923940
1460,23.4761,46.8732,1341772080
1460,23.4629,46.8817,1341006540
1460,23.4629,46.8816,1340835720
1460,23.4629,46.8816,1340835600
1460,23.4629,46.8816,1340835420
1460,23.4631,46.8816,1328971920
1460,23.5065,46.8343,1326834300
1460,23.4631,46.8816,1318255020
1460,23.4631,46.8817,1311182700
1460,23.4631,46.8817,1311182460
1460,23.4633,46.8816,1310918700
