1471,23.6748,46.5364,1375498800
1471,23.5987,46.5383,1374801360
1471,23.6644,46.5398,1374352500
1471,23.5425,46.6576,1373895900
1471,23.5579,46.6661,1373774760
1471,23.6536,46.5357,1371876000
1471,23.6238,46.5654,1370886780
1471,23.5899,46.5501,1370727480
1471,23.6457,46.5416,1369893900
1471,23.6457,46.5416,1369888140
1471,23.5987,46.5383,1368822420
1471,23.5987,46.5383,1368822300
1471,23.5969,46.5384,1366855380
1471,23.5969,46.5384,1366854540
1471,23.5987,46.5383,1364514360
1471,23.5988,46.5388,1362287880
1471,23.8065,46.0594,1360657980
1471,23.5988,46.5392,1360295460
1471,23.5988,46.5388,1360286100
1471,23.5821,46.5624,1360121160
1471,23.5502,46.5654,1359168840
1471,23.5502,46.5654,1359164640
1471,23.5502,46.5654,1359163920
1471,23.5499,46.565,1359163800
1471,23.5988,46.5388,1358985900
1471,23.6016,46.5314,1358132460
1471,23.5988,46.5388,1357878060
1471,23.5988,46.5388,1357343400
1471,23.5988,46.5388,1357176240
1471,23.5704,46.5903,1357046580
1471,23.5938,46.5855,1356322620
1471,23.5938,46.5855,1356312660
1471,23.5987,46.5383,1355570100
1471,23.5998,46.5379,1354977600
1471,23.5998,46.5379,1354977420
1471,23.5987,46.5383,1353602100
1471,23.9847,46.2027,1353079680
1471,23.5898,46.5501,1352563440
1471,23.5898,46.5501,1352563260
1471,23.5898,46.5501,1350834120
1471,21.3724,47.708,1343179140
