1480,21.0162,89.6317,1377975840
1480,19.4191,99.1733,1377839460
1480,19.4289,99.1736,1377536280
1480,19.4196,99.1754,1377526500
1480,19.3368,99.2038,1377487140
1480,19.4223,99.2032,1377465960
1480,19.4187,99.1734,1377446640
1480,19.4289,99.1763,1377287100
1480,19.4191,99.1731,1377058080
1480,19.4302,99.1799,1376686740
1480,19.4191,99.1733,1376576760
1480,19.4194,99.1731,1376574540
1480,19.4294,99.1784,1376506020
1480,19.4114,99.1713,1376437260
1480,19.4193,99.1733,1376354700
1480,48.8606,2.3524,1375991040
1480,48.864,2.3309,1375897200
1480,48.8654,2.3214,1375815600
1480,48.8673,2.3256,1375803060
1480,52.5273,13.4157,1375649640
1480,52.5071,13.3844,1375647540
1480,52.5138,13.3793,1375463880
1480,52.5163,13.3777,1375460220
1480,52.5186,13.3998,1375379700
1480,52.5286,13.4026,1375321740
1480,52.5284,13.4027,1375303140
1480,52.5286,13.4026,1375298460
1480,52.5252,13.4057,1375297680
1480,52.5215,13.3958,1375283760
1480,52.5282,13.4023,1375223940
1480,52.5215,13.3958,1375202160
1480,52.5287,13.4023,1375202100
1480,48.8583,2.2945,1375055580
1480,48.8589,2.354,1374934860
1480,48.87,2.3664,1374794160
1480,19.4301,99.1801,1374616440
1480,19.4194,99.1733,1374358920
1480,19.4194,99.1732,1374358800
1480,19.4188,99.1724,1373984880
1480,19.4295,99.1784,1373921160
1480,19.424,99.1745,1373378400
1480,19.4203,99.1732,1373332020
1480,19.426,99.1866,1373291340
1480,19.4194,99.1732,1373290800
1480,19.4153,99.1565,1373189340
1480,19.4207,99.1634,1373180880
1480,19.4294,99.1782,1373144220
1480,19.4153,99.1565,1373096280
1480,19.4186,99.1578,1373088420
1480,19.42,99.1605,1373082360
1480,19.4153,99.1565,1372952160
1480,19.4185,99.1733,1372611900
1480,19.4294,99.1784,1372280520
1480,19.4303,99.1777,1371751920
1480,19.4192,99.1732,1371431520
1480,19.4186,99.1578,1371221460
1480,19.4292,99.1785,1371164760
1480,19.4292,99.1785,1371164760
1480,19.4194,99.1733,1370956140
1480,19.4194,99.1733,1370615160
1480,19.4196,99.1733,1370583480
1480,19.4301,99.1777,1370290500
1480,19.4244,99.1734,1370147040
1480,19.4197,99.1734,1370144100
1480,19.4188,99.1729,1369961340
1480,19.4294,99.183,1369842360
1480,19.4293,99.1782,1369767120
1480,19.4194,99.1732,1369660200
1480,19.4187,99.1754,1369587000
1480,19.4205,99.1728,1369404060
1480,19.4195,99.1733,1369350420
1480,19.4118,99.1738,1369343700
1480,19.4193,99.1733,1369227600
1480,19.4293,99.1782,1369173240
1480,19.4195,99.1733,1369144980
1480,19.4235,99.1734,1369052400
1480,19.4194,99.1732,1369050540
1480,19.4302,99.1808,1368641100
1480,19.4193,99.1732,1368397500
1480,21.0161,89.6316,1368328620
1480,19.4293,99.1784,1368235500
1480,19.4299,99.18,1368138960
1480,19.4306,99.1791,1368044400
1480,19.4369,99.0768,1367008200
1480,20.8531,86.9,1366992840
1480,20.2152,87.4507,1366927920
1480,20.6313,87.065,1366763760
1480,20.628,87.076,1366763400
1480,19.4186,99.1578,1366563300
1480,19.432,99.168,1366485180
1480,19.432,99.168,1366436100
1480,19.4436,99.2001,1366391700
1480,19.4438,99.2003,1366350960
1480,19.4194,99.1733,1366301520
1480,19.4208,99.1737,1366119360
1480,19.4193,99.1733,1366069920
1480,19.4193,99.1733,1366069860
1480,19.4497,99.1597,1365971820
1480,19.4115,99.1879,1365818700
1480,19.4186,99.1578,1365795840
1480,19.4192,99.1732,1365727200
1480,19.439,99.225,1365647400
1480,19.435,99.1784,1365541740
1480,19.425,99.1764,1365519120
1480,19.4194,99.1735,1365273480
1480,19.4308,99.1791,1365179880
1480,19.4193,99.1733,1365090060
1480,19.4196,99.1738,1365047160
1480,19.424,99.1734,1365046800
1480,19.4301,99.1798,1365022500
1480,19.4192,99.1733,1364913900
1480,19.4194,99.1732,1364869380
1480,18.8283,99.2003,1364686380
1480,18.8282,99.2003,1364664240
1480,19.4248,99.1748,1364330280
1480,21.0195,89.606,1364082840
1480,19.43,99.1799,1360965960
1480,19.4314,99.1816,1360954440
1480,19.4302,99.1798,1360872540
1480,19.4306,99.1789,1360868880
1480,19.4201,99.1735,1358912460
1480,19.428,99.1743,1358805660
1480,19.4238,99.1761,1358437680
1480,19.4288,99.1761,1358382000
1480,19.4288,99.1764,1358380320
1480,19.4289,99.1763,1358366520
1480,19.4194,99.1731,1358344800
1480,19.4286,99.174,1358286240
1480,19.4289,99.1764,1358183700
1480,19.4193,99.1733,1357952160
1480,19.4252,99.1723,1357936740
1480,19.4194,99.1732,1357914000
1480,19.4242,99.1762,1357863780
1480,19.4287,99.1743,1357664520
1480,19.4193,99.1732,1357416960
1480,19.4194,99.1732,1357405560
1480,19.4272,99.173,1357344960
1480,19.4298,99.1745,1357344900
1480,19.4199,99.1734,1357082700
1480,19.4233,99.1741,1357082160
1480,20.9717,89.6213,1356894360
1480,21.0161,89.6316,1356716760
1480,21.0172,89.6269,1356548220
1480,21.0161,89.6315,1356492480
1480,21.0161,89.6316,1356468600
1480,21.0161,89.6316,1356468240
1480,21.016,89.6316,1356464400
1480,21.0162,89.6315,1356457920
1480,20.9604,89.6164,1356203160
1480,19.4315,99.1813,1355858760
1480,19.42,99.1736,1355792760
1480,19.4194,99.1733,1355792760
1480,19.4257,99.1645,1355777700
1480,19.4195,99.1734,1355761320
1480,19.4195,99.1731,1355688360
1480,19.4195,99.1732,1355618040
1480,19.4288,99.1761,1355437560
1480,19.4287,99.1761,1355427360
1480,19.4288,99.1763,1355425560
1480,19.4193,99.1733,1355318700
1480,19.4194,99.1733,1355199720
1480,19.4297,99.1781,1355172000
1480,19.4107,99.1607,1355108460
1480,19.4218,99.1743,1355087580
1480,19.4195,99.1732,1355080680
1480,19.4195,99.1734,1355027100
1480,19.4194,99.1733,1354888980
1480,19.3448,99.1913,1354741140
1480,19.4294,99.1784,1354740900
1480,19.4294,99.1784,1354740780
1480,19.416,99.1697,1354572120
1480,19.4293,99.1784,1354572060
1480,19.4289,99.1765,1354218180
1480,19.4288,99.1765,1354218120
1480,19.4293,99.1783,1353959700
1480,19.4294,99.1784,1353958800
1480,19.4195,99.1732,1353885420
1480,19.4284,99.1689,1353885240
1480,19.4308,99.179,1353447900
1480,19.4294,99.1783,1353421860
1480,19.4198,99.174,1353207660
1480,19.4192,99.1733,1353202200
1480,19.4168,99.1685,1353138000
1480,19.4287,99.1782,1353103980
1480,19.4288,99.1763,1353025140
1480,19.4285,99.1763,1352998500
1480,19.4294,99.1784,1352752740
1480,19.4293,99.1784,1352752680
1480,19.4189,99.1569,1352671680
1480,19.4382,99.2232,1352623380
1480,19.4382,99.223,1352617560
1480,19.4112,99.1728,1352584800
1480,19.4193,99.1731,1352578380
1480,19.4294,99.1783,1352492100
1480,19.4293,99.1782,1352492040
1480,19.4195,99.1732,1352444280
1480,19.4289,99.1763,1352235360
1480,19.4294,99.179,1352234760
1480,20.6732,103.3652,1352097240
1480,20.6731,103.3651,1352095260
1480,20.679,103.3916,1352054760
1480,20.6574,103.4229,1351994880
1480,20.6576,103.423,1351994160
1480,20.6574,103.423,1351993980
1480,20.618,103.2249,1351890840
1480,19.4194,99.1731,1351825200
1480,19.4186,99.1578,1351656840
1480,19.423,99.1605,1351412700
1480,19.4232,99.1603,1351412460
1480,19.4227,99.1605,1351410360
1480,19.4237,99.159,1351323300
1480,19.4238,99.1589,1351322640
1480,19.4195,99.1733,1351197360
1480,19.4293,99.1782,1351197180
1480,19.4194,99.1732,1351090020
1480,19.4344,99.1406,1350867480
1480,19.4195,99.1732,1350839280
1480,19.4195,99.1734,1350749220
1480,19.4294,99.1782,1350597540
1480,19.4306,99.1791,1350421260
1480,19.4192,99.1731,1350357240
1480,19.4288,99.1763,1350355920
1480,19.4207,99.1738,1350312360
1480,19.4187,99.1722,1350312300
1480,19.4195,99.1737,1350231720
1480,19.3973,99.0867,1350231420
1480,19.413,99.1721,1350132420
1480,19.4174,99.1731,1349564640
1480,19.4186,99.1731,1349560740
1480,19.4289,99.1764,1349473740
1480,19.4289,99.1763,1349458260
1480,19.4194,99.1731,1349411460
1480,19.4288,99.1763,1349392800
1480,19.4195,99.173,1349263980
1480,19.4194,99.1732,1349263620
1480,19.4191,99.1731,1349237100
1480,19.4294,99.1781,1349216940
1480,19.4191,99.1556,1348957380
1480,19.4195,99.1732,1348953180
1480,19.42,99.1732,1348946760
1480,19.4067,99.1691,1348890840
1480,19.4186,99.1577,1348813920
1480,19.4186,99.1577,1348813740
1480,19.418,99.1603,1348788060
1480,19.434,99.1405,1348553700
1480,19.4188,99.1567,1348195860
1480,19.4308,99.1792,1348087860
1480,19.4197,99.1425,1347921840
1480,18.9428,99.2097,1347831180
1480,18.8301,99.2052,1347772740
1480,18.9277,99.2251,1347753180
1480,19.4194,99.1732,1347632400
1480,19.4197,99.1733,1347597420
1480,40.7614,73.977,1347432000
1480,19.4193,99.1732,1347370500
1480,19.4285,99.1761,1347310740
1480,40.7614,73.977,1347214260
1480,19.411,99.1727,1347168180
1480,19.4191,99.1556,1347149460
1480,19.4185,99.1745,1347095760
1480,40.7498,74.0034,1346934540
1480,40.7635,73.9898,1346732820
1480,40.7614,73.977,1346700060
1480,40.7422,74.0055,1346688000
1480,40.7565,73.9863,1346611680
1480,40.7639,73.9733,1346611500
1480,40.7635,73.973,1346557380
1480,40.7471,74.0052,1346533980
1480,40.7327,74.0002,1346533920
1480,40.7452,74.0083,1346452020
1480,40.7565,73.9863,1346401920
1480,19.4192,99.1732,1346250000
1480,19.4318,99.1864,1346203320
1480,19.4288,99.1763,1346107920
1480,19.4288,99.1762,1346107800
1480,19.4288,99.1763,1346083800
1480,19.4183,99.1595,1346025300
1480,19.4183,99.1595,1346023380
1480,19.4193,99.1734,1346005680
1480,19.4192,99.1731,1346004840
1480,19.4197,99.1732,1346004780
1480,19.4158,99.1728,1346002500
1480,19.4114,99.1755,1345941900
1480,19.4181,99.1597,1345915380
1480,19.4181,99.1597,1345915080
1480,19.4181,99.1597,1345912020
1480,19.4288,99.1763,1345848000
1480,19.4294,99.1782,1345847880
1480,19.4243,99.1718,1345824660
1480,19.4307,99.179,1345748160
1480,19.4286,99.1745,1345746480
1480,19.422,99.1748,1345670700
1480,19.4283,99.1763,1345667400
1480,19.4288,99.1763,1345568820
1480,19.4115,99.1757,1345425300
1480,19.4197,99.1731,1345400640
1480,19.4108,99.1737,1345337820
1480,19.4195,99.1733,1345327260
1480,19.4117,99.1724,1345324920
1480,19.4125,99.1715,1345324860
1480,19.4255,99.1743,1345117680
1480,19.4323,99.1978,1344997440
1480,19.4284,99.1771,1344971940
1480,19.4213,99.1793,1344891780
1480,19.4289,99.1763,1344630240
1480,19.4288,99.1763,1344627600
1480,19.4285,99.1757,1344551460
1480,19.4288,99.1763,1344534540
1480,19.4314,99.1878,1344450840
1480,19.4196,99.1732,1344399960
1480,19.4195,99.1733,1344343560
1480,19.4192,99.173,1344317880
1480,19.4287,99.1763,1343865300
1480,19.4288,99.1763,1343697300
1480,19.4287,99.1762,1343681220
1480,19.4365,99.1303,1343596320
1480,19.4307,99.1784,1343425560
1480,19.4292,99.1627,1343422620
1480,19.3448,99.193,1343150340
1480,19.4288,99.1764,1343062260
1480,19.3464,99.1908,1343013060
1480,19.3464,99.1908,1342996920
