1483,47.0275,122.8849,1376096880
1483,47.0454,122.8991,1376016600
1483,47.0469,122.8512,1372627440
1483,40.008,105.2766,1369360380
1483,40.1855,105.0982,1357073880
1483,39.7429,104.9951,1357007760
1483,45.5558,122.6576,1352687340
1483,46.9649,122.9461,1352499060
1483,46.9649,122.9461,1352496840
1483,47.0234,122.904,1352242020
1483,47.0309,122.9008,1352241540
1483,47.6205,122.3492,1352152860
1483,47.6089,122.3411,1352107320
1483,47.6207,122.3493,1352101320
1483,47.6205,122.3494,1352100360
1483,47.6089,122.3411,1352087940
1483,47.6089,122.3411,1352087640
1483,47.6089,122.3411,1352085840
1483,47.6089,122.3411,1352085720
1483,47.6032,122.3407,1352082480
1483,47.5738,122.1685,1352069940
1483,39.8485,104.6749,1351901400
1483,39.849,104.6747,1351901340
1483,39.9049,105.0857,1351740900
1483,40.5467,105.0776,1351376100
1483,40.576,105.1328,1351290000
1483,40.0413,105.0467,1350870780
1483,40.3957,104.7545,1350779400
1483,39.5686,107.5172,1350346200
1483,39.0778,108.5317,1350295620
1483,39.7537,104.9955,1348950600
1483,39.7791,104.9711,1348529220
1483,40.0833,104.9462,1347222300
1483,40.0192,105.2651,1347081420
1483,39.7561,104.9942,1346619420
1483,40.0187,105.2762,1345945620
1483,33.3852,111.9181,1345410540
1483,33.3851,111.9181,1345410180
1483,33.3851,111.9182,1345395660
1483,33.4349,111.9254,1345340400
1483,33.4349,111.9254,1345339440
1483,39.8877,105.0762,1344015480
1483,40.018,105.2806,1343438400
1483,39.0802,108.5469,1340245860
1483,39.0778,108.5317,1339806720
1483,40.0363,105.0516,1339533540
1483,39.7522,105.0138,1338499080
1483,40.098,104.9324,1338052620
1483,40.1699,105.1027,1337995020
1483,40.1427,105.1313,1337734860
1483,39.9623,104.9943,1337726520
1483,39.9049,105.0857,1337444760
1483,39.9049,105.0857,1337439900
1483,39.8238,104.9611,1337360040
1483,40.0829,104.9458,1337355180
1483,40.083,104.9459,1337350620
1483,40.1464,105.1211,1337195820
1483,40.098,104.9324,1337180460
1483,39.8569,104.6738,1337031540
1483,40.1596,104.9384,1336960980
1483,39.8904,105.0662,1336941960
1483,40.1675,105.12,1336251300
