1486,0.2205,78.5034,1359257220
1486,1.2404,78.6358,1358653260
1486,1.24,78.6272,1357328820
1486,1.2432,78.6251,1357327740
1486,1.2398,78.6388,1353812640
1486,1.2345,78.6187,1353618660
1486,1.2399,78.6348,1353458220
1486,1.2645,78.6289,1348434720
1486,1.2404,78.6267,1348013280
1486,1.2496,78.6244,1346205420
1486,1.2512,78.6448,1345269600
1486,1.2495,78.6243,1344634860
1486,1.2408,78.6308,1344628080
1486,1.2497,78.6242,1341441540
1486,1.2497,78.6242,1340383860
1486,1.2433,78.6252,1339536300
1486,1.2451,78.6305,1337551140
1486,1.2434,78.6256,1336410120
1486,1.242,78.6291,1335891660
1486,1.2494,78.6243,1335859080
1486,0.1764,78.4804,1335647880
1486,1.2436,78.6258,1335299880
1486,1.2662,78.6274,1334422500
1486,1.3978,78.4222,1330965420
1486,1.2344,78.61,1328285640
1486,1.2494,78.6242,1327704120
1486,1.2345,78.6152,1326913980
1486,1.236,78.612,1325192220
1486,1.2411,78.6073,1325186880
1486,1.2343,78.6127,1324483380
1486,1.2352,78.6126,1324055520
1486,1.2345,78.6152,1323885660
1486,1.2345,78.6152,1323363900
1486,1.2429,78.6284,1322870760
1486,1.2429,78.6284,1322870640
1486,1.2406,78.607,1321634100
1486,1.2343,78.6127,1320960900
1486,1.2495,78.6245,1320532380
1486,1.2381,78.6288,1320381960
1486,1.2495,78.6243,1320345600
1486,1.2496,78.6244,1319874240
1486,1.2499,78.6253,1319433840
1486,0.0315,78.4505,1319314080
1486,0.0315,78.4505,1319164500
1486,1.234,78.6124,1319040120
1486,1.2346,78.614,1319039940
1486,1.2504,78.6347,1318729560
1486,1.2501,78.6352,1318720500
1486,1.2579,78.6313,1318719960
1486,1.2412,78.6294,1318652460
1486,1.2494,78.6242,1317022260
1486,1.2494,78.6242,1317022140
1486,1.2494,78.6242,1317022080
1486,1.2491,78.624,1315672380
1486,1.2496,78.624,1314945360
1486,1.2393,78.6292,1314143760
1486,1.2494,78.6243,1312681200
1486,0.3905,78.5387,1312301400
1486,1.2494,78.6242,1312260660
1486,1.2393,78.6066,1311894120
1486,1.2446,78.6322,1311481200
1486,1.2495,78.6243,1311479220
1486,1.2527,78.6248,1311193800
1486,1.2347,78.6126,1311191340
1486,0.2199,78.5126,1310650620
1486,0.7826,78.6108,1310643420
1486,1.2388,78.6256,1310438220
1486,1.2494,78.6242,1310333640
1486,1.25,78.6265,1310332980
1486,1.25,78.6265,1310332800
1486,1.25,78.6265,1310332620
1486,1.25,78.6265,1310332380
1486,1.2412,78.6294,1310271540
1486,1.2568,78.6407,1310263320
1486,1.2568,78.6407,1310263020
1486,1.2495,78.6243,1310011200
1486,1.253,78.6373,1309991160
1486,1.2464,78.6578,1309580160
1486,1.2495,78.6243,1309249080
1486,1.2495,78.6243,1309127700
1486,1.2495,78.6243,1309127100
1486,1.2649,78.6282,1308429420
1486,1.2495,78.6243,1308417600
1486,1.2186,78.5781,1308272340
1486,1.2491,78.6233,1308232020
1486,1.2412,78.6294,1307785620
1486,1.2496,78.624,1307593200
1486,1.2499,78.6328,1307484720
1486,1.229,78.6014,1306454580
1486,1.229,78.6014,1305924360
1486,1.229,78.6014,1305751620
1486,1.229,78.6014,1305647340
1486,1.2427,78.6291,1305391260
1486,1.2427,78.6291,1305391080
1486,1.2421,78.6296,1305391020
1486,1.2427,78.6291,1305390840
1486,1.2427,78.6291,1305390660
1486,1.2427,78.6291,1305390480
1486,1.242,78.6291,1305390180
1486,1.235,78.6126,1305147720
1486,1.229,78.6014,1304956200
1486,1.229,78.6014,1304950380
1486,1.2651,78.6279,1297460340
