1524,7.9385,112.6419,1377422280
1524,7.9382,112.6418,1377180600
1524,7.9618,112.6238,1376222400
1524,7.9382,112.6418,1375801980
1524,7.9726,112.6364,1364036580
1524,8.0607,112.6603,1360150440
1524,7.9383,112.6417,1359135000
1524,7.9383,112.6417,1359134100
1524,7.9383,112.6417,1358690640
1524,7.9774,112.6336,1353411900
1524,7.942,112.6221,1353162060
1524,8.7232,115.1695,1352110800
1524,8.1433,114.4003,1351826460
1524,8.05,112.6826,1350970200
1524,7.9418,112.6422,1350828720
1524,7.9799,112.6265,1347256860
1524,7.9725,112.641,1338725580
