1543,40.7637,73.9585,1378227120
1543,40.7637,73.9585,1378174920
1543,40.7412,73.9881,1378157640
1543,19.9481,43.9456,1377442140
1543,19.9498,43.9484,1377271980
1543,19.9528,43.9389,1376846940
1543,20.0062,43.8578,1376815200
1543,20.0061,43.8578,1376814600
1543,19.9528,43.9389,1376240340
1543,19.9467,43.9518,1375502340
1543,19.7874,43.9413,1375363680
1543,19.9481,43.9456,1375248660
1543,19.7629,43.853,1375037160
1543,20.0626,43.9831,1374109800
1543,19.9481,43.9456,1373336880
1543,19.9481,43.9456,1372818780
1543,19.9639,43.9406,1372809840
1543,21.2211,43.749,1372539840
1543,19.9538,43.9306,1372345440
1543,19.7743,43.8688,1371944040
1543,19.9191,43.9386,1371925560
1543,19.9481,43.9456,1371871440
1543,19.9481,43.9456,1371866400
1543,19.9552,43.9455,1371575400
1543,19.9582,43.9456,1371528660
1543,19.7625,43.8498,1371440820
1543,19.9498,43.9484,1371340080
1543,19.9538,43.9306,1371146640
1543,19.9482,43.9457,1371128280
1543,19.9415,43.9303,1370623380
1543,19.9498,43.9484,1370200860
1543,19.8575,43.9602,1370135880
1543,19.9481,43.9456,1370105460
1543,19.7629,43.853,1369968960
1543,19.9159,43.9768,1369790700
1543,19.9482,43.9455,1369719420
1543,19.923,43.9419,1369514820
1543,19.9481,43.9456,1369109340
1543,19.9481,43.9456,1368809100
1543,19.9481,43.9456,1368708600
1543,19.9539,43.9306,1368133140
1543,19.8695,43.9283,1367790540
1543,19.9482,43.9456,1367502480
1543,19.9498,43.9484,1366590780
1543,19.9539,43.9306,1365696780
1543,19.9398,43.9402,1365405900
1543,19.9482,43.9455,1364784480
1543,19.9482,43.9455,1362545160
1543,19.9481,43.9456,1362447180
1543,19.9528,43.9389,1362335100
1543,19.9481,43.9456,1361499060
1543,19.9481,43.9456,1361104080
1543,19.8597,43.979,1360844760
1543,19.9639,43.9405,1360115580
1543,19.9481,43.9455,1359827760
1543,19.9537,43.9304,1359742800
1543,19.9481,43.9454,1359174720
1543,19.9498,43.9484,1358616900
1543,19.948,43.9455,1358364960
1543,19.9149,43.9589,1358303160
1543,23.5537,46.6817,1357161480
1543,23.5587,46.6741,1357010520
1543,23.5619,46.6637,1356826560
1543,19.9537,43.9306,1356086760
1543,19.9482,43.9457,1354891080
1543,19.9481,43.9457,1354887480
1543,19.9498,43.9484,1354757760
1543,23.5543,46.672,1354677540
1543,19.9498,43.9484,1354234860
1543,19.9295,43.9478,1354114620
1543,19.7703,43.8506,1353976260
1543,19.9482,43.9453,1353684240
1543,19.9145,43.9359,1352997960
1543,19.9538,43.9306,1352905680
1543,19.9538,43.9306,1352836560
1543,18.9128,48.2818,1352571720
1543,18.9133,48.2817,1352567760
1543,19.8712,43.9195,1352063100
1543,19.9481,43.9458,1351956660
1543,19.9383,43.9492,1351570200
1543,19.9308,43.9394,1351034280
1543,19.9481,43.9456,1350873180
1543,19.915,43.9591,1350701940
1543,19.915,43.9591,1350697140
1543,19.9537,43.9306,1350592740
1543,22.8696,42.0084,1350295440
1543,22.8674,41.9822,1350228960
1543,19.8613,43.9962,1349920860
1543,19.9481,43.9456,1349553420
1543,19.9665,43.8052,1349548140
1543,19.948,43.9454,1349231700
1543,23.5716,46.6449,1349104620
1543,23.5398,46.6768,1349089380
1543,19.9557,43.9294,1348810440
1543,19.7629,43.853,1348716300
1543,20.0599,43.9748,1348543440
1543,19.8955,43.9271,1347767340
1543,19.8607,43.9965,1347295800
1543,19.9498,43.9484,1347295620
1543,19.9413,43.9331,1347295140
1543,19.9538,43.9306,1346440140
1543,19.9539,43.9305,1346359680
1543,19.9498,43.9484,1346217480
1543,19.9539,43.9306,1345836480
1543,19.9481,43.9456,1345520280
1543,20.1074,43.9741,1345367100
1543,20.1074,43.9741,1345366740
1543,20.1074,43.9741,1345343340
1543,20.1074,43.9741,1345342260
1543,19.9481,43.9456,1344656880
1543,19.9481,43.9454,1343961900
1543,19.9481,43.9454,1343961360
1543,34.5855,58.4256,1343544240
1543,34.5904,58.4288,1343421180
1543,34.5978,58.3855,1343332680
1543,34.6115,58.3635,1343162820
1543,34.5872,58.4205,1343099280
1543,34.5891,58.4332,1343010840
1543,33.4396,70.645,1342873560
1543,34.5872,58.4205,1342873140
1543,33.4366,70.6444,1342737840
1543,33.4394,70.6399,1342663500
1543,33.4377,70.6465,1342661640
1543,33.4337,70.651,1342572480
1543,33.4377,70.6465,1342551840
1543,33.4375,70.6429,1342539000
1543,19.9513,43.9303,1342281000
1543,19.9538,43.9306,1342280760
1543,19.9538,43.9306,1342278900
1543,19.9498,43.9484,1342241340
1543,19.9481,43.9456,1342094700
1543,19.9481,43.9457,1341926700
1543,19.9498,43.9484,1341645480
1543,19.9063,43.968,1341632400
1543,19.9539,43.9305,1341601980
1543,19.8763,43.8986,1341392940
1543,19.9498,43.9484,1341286560
1543,19.944,43.9206,1340712840
1543,19.9498,43.9484,1340280600
1543,19.9383,43.9348,1339975380
1543,19.9478,43.9456,1339918860
1543,19.9478,43.9456,1339898040
1543,19.9478,43.9456,1339897620
1543,19.946,43.9262,1339800060
1543,19.9527,43.9375,1339643400
1543,19.9498,43.9484,1339566780
1543,19.9481,43.9456,1339548660
1543,19.9576,43.9147,1339281840
1543,19.9482,43.9455,1338861960
1543,19.9527,43.9374,1338750600
1543,19.9395,43.9387,1338654540
1543,19.9395,43.9387,1338611220
1543,19.9395,43.9387,1338609600
1543,19.9538,43.9306,1338578400
1543,19.9498,43.9484,1338437820
1543,19.9498,43.9484,1338352680
1543,19.9538,43.9306,1337973840
1543,19.9283,43.9493,1337473500
1543,19.9482,43.9455,1337313060
1543,19.9483,43.9455,1336709520
1543,20.1073,43.9741,1336073400
1543,19.9479,43.9454,1335497640
1543,19.9482,43.9455,1335497460
1543,19.9482,43.9455,1335496920
1543,19.9482,43.9456,1335496680
1543,19.9482,43.9456,1335496560
1543,19.9054,43.9243,1335416820
1543,19.9498,43.9484,1335230940
1543,19.9498,43.9484,1335146460
1543,19.9498,43.9484,1335070380
1543,19.9498,43.9484,1334806260
1543,19.9482,43.9457,1334723580
1543,19.9482,43.9455,1334460360
1543,19.9482,43.9456,1334460120
1543,20.1888,43.9087,1334450820
1543,19.9539,43.9305,1334154960
1543,19.9262,43.9355,1334108820
1543,23.5809,46.6975,1333834920
1543,23.5894,46.6596,1333744680
1543,23.5894,46.6596,1333738260
1543,23.5894,46.6596,1333732080
1543,23.5569,46.6801,1333683000
1543,19.9304,43.9808,1333634460
1543,19.9513,43.93,1333567980
1543,19.9259,43.9457,1333512780
1543,19.9528,43.9389,1333307040
1543,19.9313,43.9502,1333285320
1543,20.0424,43.951,1333249860
1543,19.9498,43.9484,1333167000
1543,19.9513,43.93,1333135740
1543,19.9498,43.9484,1333070340
1543,19.9528,43.9389,1332729180
1543,19.9501,43.9331,1332451560
1543,19.9498,43.9484,1332208740
1543,19.9498,43.9484,1332183240
1543,19.9498,43.9484,1331872860
1543,19.9455,43.9439,1331845260
1543,19.9498,43.9484,1331696520
1543,19.9501,43.9331,1331495160
1543,19.9483,43.946,1331482200
1543,19.7629,43.853,1331441160
1543,19.9477,43.9457,1331429100
1543,19.946,43.9262,1331250180
1543,19.9538,43.9306,1331082600
1543,19.9498,43.9484,1331008740
1543,19.9559,43.909,1330903740
1543,19.9472,43.9447,1330878120
1543,19.9482,43.9455,1330729260
1543,19.9498,43.9484,1330657440
1543,19.9498,43.9484,1330653960
1543,19.9398,43.9322,1330632720
1543,19.9483,43.9456,1330577880
1543,19.9481,43.9456,1330438440
1543,19.9498,43.9484,1330399260
1543,19.9498,43.9484,1330301820
1543,19.9482,43.9453,1330301400
1543,19.9484,43.9454,1330234620
1543,19.9439,43.9205,1330190760
1543,19.9437,43.9203,1330189620
1543,19.946,43.9493,1330179780
1543,19.948,43.9455,1330148820
1543,19.9498,43.9484,1330057140
1543,19.9482,43.9457,1329931800
1543,20.1328,44.2177,1329834060
1543,20.1267,44.221,1329773580
1543,20.1222,44.22,1329758400
1543,20.1241,44.2176,1329756240
1543,19.9445,43.9473,1329756000
1543,19.9241,43.938,1329534480
1543,19.9244,43.9385,1329534060
1543,19.9513,43.93,1329502200
1543,19.9513,43.93,1329501480
1543,19.9498,43.9484,1329425880
1543,19.948,43.9454,1329275820
1543,19.9498,43.9484,1329185040
1543,19.9482,43.9454,1329012720
1543,19.9248,43.9379,1329006720
1543,19.9481,43.9455,1328978880
1543,19.9365,43.9391,1328925240
1543,19.9513,43.93,1328804340
1543,19.9498,43.9484,1328753700
1543,19.9321,43.938,1328647500
1543,19.948,43.9453,1328496420
1543,19.9482,43.9455,1328496300
1543,19.9498,43.9484,1328484360
1543,19.9498,43.9484,1328416440
1543,19.9302,43.9881,1328383740
1543,19.9302,43.9881,1328373960
1543,19.9482,43.9456,1328283360
1543,19.9501,43.9331,1328228760
1543,19.9498,43.9484,1328060100
1543,22.9835,43.2008,1327859520
1543,22.948,43.1632,1327850040
1543,22.9136,43.2151,1327768020
1543,22.9136,43.2152,1327767720
1543,22.9563,43.1861,1327717200
1543,22.9837,43.2215,1327702920
1543,22.9551,43.1875,1327530000
1543,19.9498,43.9484,1327387200
1543,19.9498,43.9484,1326858300
