1553,39.2242,106.8626,1378058280
1553,39.4016,107.2116,1377187320
1553,39.1909,106.8216,1376945220
1553,39.1904,106.8181,1376793900
1553,39.3858,107.0823,1373510820
1553,39.4015,107.2116,1372363440
1553,39.1841,106.7861,1371937200
1553,39.2239,106.8383,1371494100
1553,39.2242,106.8625,1371405120
1553,39.1904,106.8181,1369710600
1553,39.5049,107.3023,1369021320
1553,39.4057,107.2187,1363735200
1553,46.456,11.872,1362668940
1553,48.3545,11.7903,1362570000
1553,39.1893,106.8208,1359283440
1553,39.1817,106.8563,1358540820
1553,36.3728,75.8245,1356982440
1553,38.4724,77.9962,1356903360
1553,38.5766,109.5543,1351534200
1553,40.7483,74.0088,1350173340
1553,36.3728,75.8245,1348280760
1553,36.3732,75.8323,1348280220
1553,39.3997,107.2135,1343540100
1553,39.1547,106.814,1331342220
1553,43.5867,110.8289,1330547460
