1560,41.0213,29.0895,1378061280
1560,41.0361,28.9848,1377978240
1560,41.0348,28.9822,1377915540
1560,41.0348,28.9822,1377901440
1560,41.0213,29.0895,1377558600
1560,40.9898,29.0285,1377444660
1560,40.9898,29.0285,1377375120
1560,40.9897,29.0227,1377294120
1560,40.9788,27.8689,1376778120
1560,41.0698,29.0958,1376683380
1560,40.9762,27.8647,1376400000
1560,40.97,29.0387,1376334900
1560,40.97,29.0387,1376334540
1560,40.9762,27.8647,1376220960
1560,40.9788,27.8689,1376091300
1560,41.0553,28.4411,1374865500
1560,40.9605,29.0748,1373994180
1560,40.9762,27.8647,1373898480
1560,40.9762,27.8647,1373730540
1560,40.976,27.8646,1373729880
1560,40.976,27.8647,1373726940
1560,40.9762,27.8648,1373711460
1560,40.9762,27.8647,1373698080
1560,40.9788,27.8689,1373665800
1560,40.961,29.0749,1373217960
1560,40.9589,29.1016,1372962600
1560,40.961,29.0749,1372764660
1560,40.961,29.0749,1372753980
1560,40.9632,29.0953,1372752060
1560,40.961,29.0749,1372190760
1560,40.961,29.0749,1372186680
1560,40.961,29.075,1372069860
1560,41.0053,29.1919,1372059720
1560,41.0053,29.1919,1371994200
1560,40.961,29.0749,1371931620
1560,40.961,29.0749,1371924420
1560,40.961,29.0749,1371889980
1560,40.9852,29.0285,1371162240
1560,40.9615,29.0757,1371135300
1560,41.148,29.0466,1371121320
1560,41.148,29.0466,1371114120
1560,41.148,29.0466,1371113340
1560,40.961,29.0749,1369655820
1560,41.0213,29.0896,1369473180
1560,41.0212,29.0891,1369472700
1560,37.1777,40.9489,1369159680
1560,37.325,40.758,1369145160
1560,37.325,40.758,1369071420
1560,37.325,40.758,1369069200
1560,37.7146,41.4127,1369057980
1560,37.3345,40.779,1369046160
1560,37.3286,40.7166,1368896760
1560,40.9075,29.3158,1368868020
1560,40.9644,29.0732,1367783400
1560,41.0517,29.0777,1367750520
1560,41.054,29.0786,1367749800
1560,40.8918,29.1793,1367246700
1560,41.0214,29.0896,1367185920
1560,40.9626,29.0763,1367144700
1560,41.0326,28.9467,1366962960
1560,40.9674,29.0634,1366716000
1560,40.9589,29.1016,1366477140
1560,40.9589,29.1016,1366474920
1560,40.9044,29.1623,1366392600
1560,40.9641,29.0652,1365889560
1560,40.9641,29.0652,1365883200
1560,41.038,28.9447,1365431760
1560,41.0405,28.9482,1365422040
1560,41.0379,28.944,1365416160
1560,41.0379,28.9448,1365411300
1560,41.0213,29.0895,1365359640
1560,41.0481,29.0251,1365357900
1560,41.0215,29.0893,1365355380
1560,41.0317,28.9745,1365083340
1560,41.0215,29.0892,1364724720
1560,41.178,29.095,1364674920
1560,41.178,29.0948,1364674560
1560,41.0212,29.0895,1364658120
1560,41.0213,29.0896,1364658000
1560,40.9903,29.0417,1364033400
1560,40.9905,29.0415,1364033220
1560,40.9063,29.1602,1363350360
1560,40.9797,29.1266,1363190520
1560,41.0378,28.9449,1363166580
1560,41.038,28.9447,1362573600
1560,41.038,28.9447,1362573420
1560,41.0213,29.0895,1362318840
1560,40.9075,29.3158,1362235320
1560,40.9644,29.0732,1362233460
1560,40.9669,29.068,1362085800
1560,41.0377,28.9437,1362065700
1560,41.0318,28.97,1361824920
1560,41.0379,28.944,1361788740
1560,41.0314,28.9765,1361650500
1560,40.9873,29.0269,1361313060
1560,40.984,29.0243,1361307000
1560,40.9873,29.0269,1361306220
1560,40.9808,29.0781,1360992960
1560,40.9688,29.0639,1360959900
1560,40.9873,29.0269,1360677120
1560,40.9873,29.0269,1360626840
1560,41.0213,29.0895,1360431060
1560,41.0213,29.0895,1360271340
1560,41.0213,29.0895,1360270980
1560,41.0213,29.0895,1360174920
1560,41.0213,29.0895,1360076280
1560,40.9674,29.0634,1359825300
1560,41.0016,29.1456,1359655860
1560,41.0213,29.0897,1359572760
1560,41.0213,29.0895,1359548100
1560,41.0221,29.0904,1359063540
1560,41.0782,28.9936,1358979900
1560,41.0379,28.944,1358862540
1560,41.0379,28.944,1358862300
1560,41.0379,28.9448,1358857200
1560,40.8962,29.3275,1358598780
1560,40.8922,29.18,1358447460
1560,40.8912,29.1785,1358376060
1560,40.8912,29.1785,1358373600
1560,40.9905,29.0291,1358166660
1560,41.038,28.9447,1358166420
1560,41.0213,29.0895,1358089860
1560,41.0213,29.0894,1358085840
1560,41.0216,29.0878,1358085300
1560,41.0277,29.0689,1358084340
1560,41.0312,29.0634,1357685220
1560,41.0281,29.0688,1357672200
1560,41.0277,29.0689,1357671960
1560,41.0277,29.0689,1357668720
1560,40.9049,29.162,1357492560
1560,40.9047,29.1618,1357479720
1560,40.9873,29.0269,1357329660
1560,40.9873,29.0269,1357327320
1560,52.3561,4.8927,1357155360
1560,52.358,4.8676,1357114500
1560,52.3336,4.8886,1357086060
1560,52.3709,4.9001,1357081380
1560,52.3661,4.8965,1357042200
1560,52.3709,4.9001,1356972360
1560,52.3721,4.8953,1356964560
1560,52.3731,4.894,1356962880
1560,52.3721,4.8953,1356962700
1560,52.3338,4.8885,1356954240
1560,50.9398,6.9572,1356883680
1560,50.94,6.957,1356883260
1560,50.94,6.957,1356883020
1560,50.9402,6.9572,1356882780
1560,51.2262,6.7735,1356814680
1560,40.9765,28.8162,1356770460
1560,41.0213,29.0893,1356696780
1560,41.085,29.0038,1356300900
1560,41.0213,29.0893,1356121860
1560,40.9035,29.1608,1355954700
1560,40.9632,29.0955,1355924700
1560,41.0213,29.0897,1355768280
1560,41.0217,29.089,1355765220
1560,41.0213,29.0895,1355764980
1560,41.0213,29.0897,1355590140
1560,40.967,29.0675,1355349120
1560,40.9668,29.068,1355340720
1560,40.9898,29.0285,1355276340
1560,40.9898,29.0285,1355274600
1560,41.038,28.9442,1355209380
1560,41.0212,29.0892,1355078940
1560,40.905,29.162,1354911780
1560,40.9546,29.1014,1354067940
1560,40.956,29.1015,1353893160
1560,41.0307,28.9727,1352587200
1560,41.0442,29.0075,1352582100
1560,41.0212,29.0896,1352504880
1560,40.99,29.023,1352402340
1560,40.99,29.023,1352402160
1560,40.99,29.0229,1352402040
1560,40.9665,29.0675,1351607220
1560,40.9623,29.063,1351544220
1560,40.9623,29.063,1351543800
1560,40.9648,29.0727,1351534020
1560,40.984,29.0218,1351434480
1560,50.8265,0.1661,1351074960
1560,40.8717,29.2345,1349553540
1560,40.9791,29.0235,1347045480
1560,40.9791,29.0235,1347045360
1560,40.9791,29.0235,1347043740
1560,41.0463,28.9902,1346189640
1560,41.0463,28.9902,1346180040
1560,41.0463,28.9902,1346179980
1560,41.0463,28.9902,1346179980
1560,41.0463,28.9902,1346176620
1560,40.9897,29.0283,1346098920
1560,41.0439,29.0047,1346003280
1560,40.9763,27.8632,1344802980
1560,40.976,27.8647,1344198780
1560,40.9832,28.8675,1343683140
1560,40.9758,27.8648,1343597400
1560,40.9762,27.8647,1343420220
1560,40.9952,27.836,1342997640
1560,40.9788,27.869,1342989540
1560,40.9788,27.8688,1342989480
1560,40.9762,27.8647,1341946920
1560,40.976,27.8647,1341935400
1560,41.0387,29.0103,1341700200
1560,41.0674,28.9457,1341683280
1560,50.8225,0.1434,1340834460
1560,50.8223,0.1435,1340834280
1560,50.8205,0.145,1340557260
1560,50.8203,0.145,1340502540
1560,50.8252,0.1658,1340493240
1560,50.8201,0.1446,1340204640
1560,40.9762,27.8647,1339942080
1560,50.8238,0.1598,1339165980
1560,50.8251,0.166,1338976260
1560,50.8215,0.1427,1338844500
1560,50.8221,0.1561,1338843240
1560,50.8221,0.1561,1338843180
1560,50.8223,0.158,1338843060
1560,50.823,0.1645,1338842580
1560,50.8251,0.166,1338293220
1560,50.825,0.166,1337867520
1560,51.4036,0.5133,1337082960
1560,51.4048,0.5154,1337081580
1560,50.8251,0.1659,1336941900
1560,50.8306,0.1335,1336855620
1560,50.8203,0.1446,1336757940
1560,50.8188,0.1385,1336410540
1560,51.4909,0.2246,1336235160
1560,50.8252,0.166,1336079640
1560,50.8251,0.166,1336075620
1560,50.8203,0.134,1336073940
1560,51.5042,0.1305,1335478440
1560,50.8267,0.1656,1335374940
1560,50.8257,0.1407,1335369960
1560,51.504,0.1305,1335028440
1560,51.5024,0.1353,1335016200
1560,51.5029,0.1299,1335015300
1560,51.5006,0.1246,1335010320
1560,50.8251,0.1661,1334868000
1560,50.825,0.1662,1334653560
1560,50.825,0.1662,1334590380
1560,50.8251,0.166,1334531340
1560,55.9561,3.1905,1334437260
1560,55.9523,3.192,1334427720
1560,56.0233,3.3167,1334421660
1560,56.0173,3.3432,1334418660
1560,55.9552,3.1905,1334405760
