1581,41.0173,28.6462,1378405560
1581,41.0127,28.6556,1378397760
1581,41.0383,28.9869,1378386000
1581,38.2964,27.1488,1378282200
1581,38.399,27.1613,1378249080
1581,37.8085,27.2804,1378122360
1581,37.8074,27.2802,1378050300
1581,38.3325,26.7682,1377865320
1581,38.3948,27.0533,1377720420
1581,38.3979,27.0839,1377614400
1581,38.4378,27.143,1377552600
1581,38.399,27.1613,1377524100
1581,38.399,27.1615,1377512700
1581,38.3989,27.1615,1377511020
1581,38.3989,27.1614,1377333960
1581,38.3892,27.0442,1377254520
1581,38.399,27.1613,1377136380
1581,38.4501,27.209,1377112740
1581,38.3892,27.0442,1376991960
1581,38.3989,27.1615,1376953980
1581,38.399,27.1613,1376905800
1581,38.3869,26.9932,1376818800
1581,38.4378,27.143,1376382180
1581,38.3991,27.1613,1376206740
1581,37.8253,27.2704,1375807140
1581,38.4,27.0662,1375435680
1581,38.3951,27.054,1375293900
1581,38.4342,27.1415,1375158720
1581,38.3989,27.1613,1375135140
1581,38.3916,27.0,1374940500
1581,38.3988,27.1614,1374818340
1581,38.3911,27.1345,1374482400
1581,38.3894,27.1346,1374481980
1581,38.3222,26.3056,1374351300
1581,38.3209,26.3033,1374335340
1581,38.387,27.1349,1374226980
1581,38.3896,27.1346,1374148680
1581,38.3896,27.1346,1374043740
1581,38.39,27.1349,1373876880
1581,38.3916,26.9999,1373794800
1581,38.3989,27.161,1373658720
1581,38.399,27.1611,1373623800
1581,38.3991,27.1612,1373473200
1581,38.4378,27.143,1373359860
1581,38.3896,27.1346,1372841340
1581,38.3896,27.1344,1372753320
1581,38.3837,27.0382,1372678620
1581,38.4288,27.1662,1372590480
1581,38.3989,27.1613,1372555560
1581,38.4003,27.1135,1372256760
1581,38.4342,27.1417,1372078020
1581,38.3325,26.7682,1372002660
1581,38.395,27.0426,1371999840
1581,38.399,27.1611,1371974940
1581,38.4342,27.1415,1371849420
1581,38.3581,26.8873,1371757320
1581,38.3989,27.1613,1371737880
1581,38.399,27.1612,1371632580
1581,38.3892,27.0442,1371544200
1581,38.3991,27.1611,1371538920
1581,38.3889,27.0448,1371479340
1581,38.3892,27.0419,1371116340
1581,38.3989,27.1614,1370854140
1581,41.0117,28.6604,1370002500
1581,38.3989,27.1613,1369844700
1581,38.3991,27.161,1369770900
1581,38.3884,27.0447,1369719720
1581,38.3362,27.1267,1369651800
1581,38.395,27.054,1369558320
1581,38.3952,27.0413,1369413720
1581,38.3956,27.0419,1369336200
1581,38.3953,27.0419,1369335600
1581,38.4214,27.1331,1369296240
1581,38.4218,27.1333,1369131420
1581,38.3987,27.1613,1369113660
1581,38.4008,27.1492,1369067280
1581,38.4105,27.1218,1369044000
1581,38.399,27.1614,1368996000
1581,38.3991,27.1607,1368884400
1581,38.4178,27.1281,1368770280
1581,38.3955,27.0419,1368715260
1581,38.3952,27.0419,1368714840
1581,38.3884,27.0447,1368658200
1581,38.3952,27.0419,1368650460
1581,38.399,27.1612,1368265680
1581,38.4342,27.1417,1368194580
1581,38.3891,27.0441,1368107280
1581,38.3953,27.0543,1367902380
1581,36.789,28.129,1367902200
1581,38.3882,27.0436,1367841960
1581,38.3991,27.161,1367427420
1581,38.3989,27.1613,1367296260
1581,38.4123,27.1112,1367260140
1581,38.3881,27.0437,1367235720
1581,38.399,27.1604,1367174280
1581,38.399,27.1612,1367102940
1581,38.3931,27.0394,1366057980
1581,38.3995,27.16,1365577260
1581,38.3984,27.1617,1365576900
1581,38.3871,27.0408,1365487980
1581,38.4152,27.1281,1365434760
1581,38.3996,27.1607,1365331920
1581,38.3994,27.161,1364393460
1581,38.3877,27.0406,1364285640
1581,38.3993,27.1618,1363844340
1581,38.3893,27.042,1363337100
1581,38.3886,27.0437,1363178400
1581,38.4487,27.2083,1363026240
1581,38.3882,27.0437,1363013280
1581,38.3883,27.0437,1363012680
1581,38.399,27.1615,1362924300
1581,38.399,27.1615,1362924180
1581,38.399,27.1615,1362924060
1581,38.3992,27.161,1362630180
1581,38.3953,27.0422,1362592920
1581,38.3988,27.0842,1362186420
1581,38.4074,27.1039,1362050340
1581,38.3949,27.0417,1361975340
1581,38.3382,27.1343,1361951760
1581,38.399,27.1612,1361951580
1581,38.3958,27.0492,1361830080
1581,38.3989,27.161,1361814660
1581,38.3994,27.1613,1361812500
1581,38.399,27.1612,1361267580
1581,38.4348,27.1418,1360946220
1581,38.4348,27.1417,1360945860
1581,38.3987,27.1615,1360887060
1581,38.4366,27.1431,1360671240
1581,38.399,27.1613,1359983940
1581,38.3991,27.1607,1359667080
1581,38.399,27.1612,1359456180
1581,38.4513,27.2132,1359405420
1581,38.399,27.1611,1359285480
1581,38.3993,27.1611,1359161340
1581,38.3911,27.0533,1358976480
1581,38.399,27.1612,1358858400
1581,38.399,27.1612,1358857980
1581,38.4842,27.2144,1358793660
1581,38.3991,27.1607,1358722200
1581,38.4356,27.1381,1358447160
1581,38.399,27.1612,1357809660
1581,38.3992,27.1613,1357740900
1581,38.399,27.1612,1356989820
1581,38.3991,27.1609,1356981780
1581,38.3989,27.1612,1356277680
1581,38.399,27.1611,1356276480
1581,38.3921,27.0439,1355910540
1581,38.3921,27.0439,1355909760
1581,38.3917,27.0446,1355908800
1581,38.3918,27.0443,1355831400
1581,38.3872,27.0483,1355416980
1581,38.3747,27.1512,1355416260
1581,38.4503,27.2095,1355410140
1581,38.388,27.0443,1355409960
1581,38.388,27.0443,1355409840
1581,38.3894,27.0442,1355330100
1581,38.3893,27.0443,1355329320
1581,38.3663,27.1985,1355300160
1581,38.3892,27.0447,1355298720
1581,38.3893,27.0443,1355058000
1581,38.3893,27.0443,1355057940
1581,38.3931,27.0532,1354888440
1581,38.3931,27.0532,1354888320
1581,38.3882,27.0418,1354626240
1581,38.4128,27.1211,1354380720
1581,38.3887,27.0437,1354015440
1581,38.3917,27.1521,1353864960
1581,38.3991,27.1613,1353758340
1581,41.1103,29.0328,1353260160
1581,38.399,27.1612,1353259920
1581,41.0418,28.9838,1353259620
1581,41.037,28.986,1353259260
1581,38.3893,27.0442,1352198040
1581,38.399,27.1613,1352024280
1581,38.3602,26.8318,1351897560
1581,38.389,27.0432,1351866720
1581,38.3602,26.828,1351543920
1581,38.3892,27.0443,1351174380
1581,38.3989,27.1612,1351171320
1581,38.399,27.1611,1351095420
1581,38.3391,27.1345,1351030380
1581,38.399,27.1613,1350966420
1581,38.399,27.1613,1350741660
1581,38.3866,27.054,1350632640
1581,38.3865,27.0544,1350631200
1581,38.3989,27.1613,1349756040
1581,38.399,27.1613,1348356780
1581,38.399,27.1612,1348356300
1581,38.4227,27.1292,1348239240
1581,38.399,27.1613,1347716040
1581,38.399,27.1612,1347709140
1581,38.3989,27.1613,1347569400
1581,38.3994,27.1614,1347455700
1581,36.8452,28.2577,1346748180
1581,38.4012,27.1304,1346703120
1581,38.4107,27.129,1346702940
1581,36.789,28.129,1346263980
1581,36.7888,28.129,1346160540
1581,40.9972,28.839,1346140680
1581,36.7712,28.251,1346097660
1581,36.8532,28.2666,1346093160
1581,36.7725,28.2485,1346088240
1581,36.8425,28.2513,1346088060
1581,36.7715,28.2507,1346066880
1581,37.025,28.348,1346053380
1581,36.8033,28.2294,1346002500
1581,36.8103,28.2382,1345990920
1581,36.81,28.2378,1345990680
1581,36.8103,28.2382,1345990380
1581,36.8104,28.2381,1345985160
1581,41.1033,28.9911,1345910040
1581,38.399,27.1612,1345904160
1581,38.3913,27.1573,1345901460
1581,38.3913,27.1575,1345893720
1581,38.4588,27.2133,1345548780
1581,38.4907,27.213,1345548540
1581,38.436,27.1428,1345548420
1581,38.4128,27.1212,1345548300
1581,38.4907,27.2128,1345548240
1581,38.399,27.1612,1345544640
1581,38.3991,27.1614,1345492500
1581,38.3993,27.1612,1345488300
1581,38.4907,27.2128,1345475880
1581,38.4142,27.0257,1345475820
1581,38.399,27.1612,1345291620
1581,38.399,27.1608,1345148760
1581,38.4105,27.1196,1345146120
1581,38.3915,27.0,1344906480
1581,38.399,27.1613,1344903120
1581,38.399,27.1612,1344783660
1581,38.3989,27.1614,1344694560
1581,38.3875,27.0545,1344585000
1581,38.399,27.1613,1344584760
1581,38.399,27.1612,1344584580
1581,38.4131,27.1215,1344524040
1581,38.3928,27.0538,1344368820
1581,38.3917,26.9998,1344289560
1581,38.3918,27.0002,1344289320
1581,38.399,27.1612,1344154980
1581,38.399,27.1612,1344154800
1581,38.3988,27.1615,1344086040
1581,38.3991,27.1613,1344071520
1581,38.3991,27.1614,1343955120
1581,38.399,27.1612,1343777400
1581,38.399,27.1612,1343775960
1581,38.4127,27.1213,1343774100
1581,38.4548,27.1678,1343773980
1581,38.3991,27.1614,1343773680
1581,38.6712,26.7702,1343573880
1581,38.6771,26.7482,1343565240
1581,38.6775,26.7485,1343563440
1581,38.3993,27.1612,1343478300
1581,38.4293,27.1594,1343130240
1581,38.4217,27.1288,1343093640
1581,38.399,27.1613,1343093580
1581,38.4223,27.1288,1342787400
1581,38.4407,27.1458,1342437240
1581,38.399,27.1612,1342163760
1581,38.3988,27.1612,1342051800
1581,37.861,27.2528,1342051800
1581,38.4323,27.1368,1342051800
1581,38.429,27.1337,1342051800
1581,38.3989,27.1614,1342051800
1581,38.419,27.1283,1342047240
1581,41.0465,28.8977,1341781380
1581,41.0345,28.9797,1341781320
1581,38.295,27.2992,1341781140
1581,38.399,27.1612,1341779940
1581,38.3212,26.3045,1341653700
1581,38.3987,27.1612,1341352680
1581,38.4332,27.1382,1341335040
1581,38.399,27.1612,1341313680
1581,38.3992,27.1612,1341238560
1581,41.0128,28.9797,1341091680
1581,41.0602,29.0452,1341079860
1581,41.0498,29.0332,1341079380
1581,41.0465,28.8978,1341016680
1581,41.0224,28.9613,1340918460
