1622,22.2884,42.5011,1378050960
1622,22.2901,42.5062,1377457440
1622,22.2879,42.5039,1376305980
1622,22.242,42.541,1375573020
1622,22.2417,42.5443,1375106940
1622,22.2879,42.5038,1374334980
1622,22.2888,42.5031,1371334200
1622,22.2885,42.503,1370745900
1622,22.2417,42.5438,1369656840
1622,22.2897,42.506,1368807360
1622,22.2897,42.506,1368735540
1622,22.2417,42.5438,1368444360
1622,22.2416,42.5441,1367840280
1622,22.2417,42.5438,1367712480
1622,22.2884,42.5031,1366752780
1622,22.2417,42.5443,1366386300
1622,22.2417,42.5438,1365949620
1622,22.2416,42.5441,1365684120
1622,22.283,42.5318,1365633420
1622,22.262,42.5324,1364400180
1622,22.2417,42.5438,1364062380
1622,22.2884,42.5011,1363536660
1622,22.2417,42.5438,1363275600
1622,22.2885,42.5031,1363128540
1622,22.2884,42.5011,1362795780
1622,22.283,42.5318,1362046020
1622,22.2887,42.5031,1361981340
1622,22.2884,42.5011,1361712000
1622,22.2884,42.5011,1361485020
1622,22.2422,42.5412,1361268900
1622,22.2884,42.5011,1361113440
1622,22.2888,42.5031,1361035980
1622,22.2757,42.5338,1360984380
1622,22.2757,42.5338,1360964160
1622,22.2884,42.5011,1360854120
1622,22.2884,42.5011,1360800360
1622,22.2882,42.5021,1360492620
1622,22.2884,42.5011,1360274400
1622,22.2882,42.5021,1359835980
1622,22.2887,42.503,1359820860
1622,22.2884,42.5011,1359645000
1622,22.5549,41.9815,1359637800
1622,22.5228,41.9849,1359463380
1622,22.2884,42.5011,1359329700
1622,22.2894,42.5059,1359214140
1622,22.2894,42.5059,1359205380
1622,22.5228,41.9849,1359046740
1622,22.5228,41.9849,1358964600
1622,22.5282,41.9464,1358887980
1622,22.5549,41.9815,1358858280
1622,22.5332,41.9601,1358766180
1622,22.525,41.9633,1358685360
1622,22.5083,41.9864,1358634540
1622,22.5332,41.9601,1358468460
1622,22.2894,42.5059,1358372820
1622,22.2887,42.5029,1357994640
1622,22.2894,42.5059,1356988320
1622,22.2885,42.5029,1356899160
1622,22.317,42.5184,1356863100
1622,22.2884,42.5011,1356733620
1622,22.2884,42.5011,1356622140
1622,22.2891,42.5049,1356459240
1622,22.2884,42.5011,1356353880
1622,22.8803,43.0789,1355159520
1622,22.4702,42.6575,1355137140
1622,22.2411,42.5432,1354541820
1622,22.2812,42.5353,1353944280
1622,22.3209,42.5499,1353853140
1622,22.2884,42.5011,1353792120
1622,22.2891,42.506,1353354060
1622,22.2757,42.5338,1352937720
1622,22.2884,42.5011,1352420100
1622,22.2808,42.5331,1352151660
1622,22.5549,41.9815,1352125740
1622,22.5549,41.9815,1351976400
1622,22.5076,41.987,1351958580
1622,22.5076,41.987,1351958220
1622,22.5215,41.9869,1351956960
1622,22.3083,42.5224,1351876080
1622,22.2836,42.5321,1350071460
1622,22.277,42.5341,1350053880
1622,22.2786,42.5338,1350053520
1622,22.2786,42.5338,1350053340
1622,22.2797,42.5303,1349737560
1622,22.2882,42.5026,1349474880
1622,22.277,42.5341,1348881000
1622,22.2909,42.531,1348191660
1622,22.2427,42.5405,1348183260
1622,22.2422,42.5412,1347984060
1622,22.882,43.0955,1347639300
1622,22.2754,42.5337,1347574740
1622,22.2884,42.5011,1347038520
1622,22.2884,42.5011,1346241900
1622,22.2812,42.5353,1345286940
1622,22.2884,42.5011,1344783300
1622,22.2884,42.5011,1344389040
1622,22.3209,42.5499,1344188340
1622,22.2884,42.5011,1344091920
1622,22.4702,42.6575,1343998200
1622,22.2422,42.5412,1343921700
1622,22.2427,42.5405,1343871420
1622,22.2422,42.5412,1343755620
1622,22.2884,42.5011,1343585640
1622,22.2884,42.5011,1343427720
1622,22.2884,42.5011,1342918740
1622,22.2884,42.5011,1342907940
1622,22.2884,42.5011,1342884660
1622,22.4702,42.6575,1342785660
1622,22.2424,42.5418,1342606920
1622,22.2424,42.5418,1342211040
1622,22.2424,42.5418,1342206720
1622,22.2884,42.5011,1342142520
1622,22.2884,42.5011,1342139040
1622,22.2812,42.5319,1342129800
1622,22.2753,42.5338,1341920280
1622,22.2884,42.5011,1341773160
1622,22.242,42.541,1341414660
1622,22.242,42.541,1340645580
1622,22.2884,42.5011,1340564220
1622,22.2812,42.5353,1340409120
1622,22.2812,42.5353,1340406960
1622,22.2785,42.5337,1339599540
1622,22.2785,42.5337,1339598640
1622,22.2884,42.5011,1339347840
1622,22.2812,42.5318,1339271520
1622,22.2755,42.5339,1338848520
1622,22.2884,42.5011,1338661560
1622,22.2884,42.5011,1338647040
1622,22.2427,42.5405,1338567600
1622,22.2755,42.5339,1338337860
1622,22.2424,42.5418,1338210900
1622,22.2884,42.5011,1338041100
1622,22.2884,42.5011,1337865180
1622,22.2884,42.5011,1337775540
1622,22.2886,42.5009,1337551620
1622,22.0509,42.6754,1335041940
