1629,10.4272,64.2103,1355021400
1629,25.7977,80.2842,1354978620
1629,25.7663,80.1955,1354890600
1629,25.8133,80.191,1354889460
1629,25.8133,80.191,1354889340
1629,25.8133,80.191,1354888440
1629,25.8133,80.191,1354888260
1629,25.8133,80.191,1354867440
1629,25.8133,80.191,1354867020
1629,25.8133,80.191,1354866180
1629,25.8133,80.191,1354866000
1629,25.8133,80.191,1354863960
1629,25.8133,80.191,1354863780
1629,25.9134,80.3316,1354863240
1629,25.9573,80.1437,1354844580
1629,25.9441,80.122,1354603680
1629,25.7817,80.1324,1354541220
1629,10.4958,66.8738,1344867900
1629,10.4967,66.8755,1344821940
1629,10.4985,66.8993,1343941860
1629,10.4015,66.121,1342992420
1629,10.4964,66.8756,1342463340
1629,10.5,66.899,1342442580
1629,10.4953,66.8752,1342187700
1629,10.4629,66.8698,1341634920
1629,40.7578,73.9847,1341539880
1629,10.4603,66.866,1341360720
1629,10.4958,66.8751,1341358800
1629,10.4962,66.8788,1341195660
1629,10.4632,66.8217,1341184980
1629,40.7238,74.0003,1341004080
1629,10.4963,66.8756,1340625060
1629,10.4953,66.8743,1340381340
1629,10.4965,66.8752,1340038860
1629,10.3717,66.1355,1339902540
1629,10.4395,66.106,1339892820
1629,10.4968,66.8517,1339779660
1629,10.496,66.8753,1339529580
1629,10.497,66.8748,1339460760
1629,10.4962,66.8752,1339454040
1629,10.54,66.0935,1339257480
1629,10.4958,66.8757,1339088880
1629,10.4966,66.8754,1339032120
1629,10.5006,66.8766,1339001340
1629,10.4962,66.8495,1338833400
1629,10.3345,66.2714,1338746220
1629,10.4019,66.121,1338737280
1629,10.4772,66.0992,1338674700
1629,10.4953,66.8765,1338579300
1629,40.7585,73.9867,1338080520
1629,40.7587,73.9858,1338080280
1629,40.7443,74.007,1338079980
1629,40.7557,73.9853,1338079620
1629,40.7358,74.0052,1337971140
1629,40.736,74.0052,1337970840
1629,10.4957,66.8759,1337785680
1629,40.7412,74.0078,1337784000
1629,40.7333,74.0123,1337714460
1629,40.739,73.9975,1337664480
1629,40.7394,73.9978,1337613900
1629,40.7589,73.9851,1337531580
1629,40.7588,73.9855,1337531580
1629,40.7615,73.9901,1337470980
