166,35.1265,120.6078,1378165560
166,35.1263,120.6079,1378138740
166,35.279,120.6633,1378093140
166,35.2791,120.6634,1378090440
166,35.1263,120.6077,1377881400
166,35.1263,120.6078,1377793320
166,35.1262,120.6076,1377750000
166,35.1263,120.6077,1377706260
166,35.1262,120.6079,1377655140
166,35.1263,120.6077,1377616440
166,35.1264,120.6079,1377569220
166,35.4495,120.9065,1377555720
166,35.1266,120.6079,1377486540
166,35.1264,120.6078,1377448860
166,35.1827,120.7062,1377384000
166,35.1264,120.6078,1377361680
166,35.1261,120.6078,1377234060
166,35.1264,120.6079,1377187140
166,35.1264,120.6078,1377107640
166,35.1265,120.6078,1377054900
166,32.8788,117.2358,1377022620
166,32.8794,117.236,1376960880
166,34.6118,120.1883,1376933760
166,35.1263,120.6083,1376880900
166,35.1263,120.6077,1376844300
166,34.4431,119.7907,1376763660
166,35.1264,120.6079,1376709120
166,35.1264,120.6078,1376588820
166,35.1265,120.6079,1376535120
166,35.1262,120.6079,1376506320
166,35.1264,120.6078,1376499240
166,35.1264,120.6079,1376448780
166,35.1263,120.608,1376370300
166,35.1361,120.6252,1376328240
166,35.1264,120.6078,1376275740
166,35.1264,120.6078,1376183280
166,34.9371,120.4189,1376172060
166,35.1264,120.6079,1376067540
166,35.1566,120.6699,1376020320
166,35.1264,120.6078,1375981140
166,35.1262,120.6079,1375935960
166,35.1262,120.6078,1375926540
166,35.1262,120.6078,1375898340
166,35.1263,120.6085,1375848660
166,35.1263,120.6078,1375844220
166,35.1262,120.6077,1375808400
166,35.1263,120.6076,1375633800
166,35.1263,120.6078,1375588980
166,35.1263,120.6077,1375551240
166,35.1263,120.6078,1375400340
166,35.1263,120.6077,1375377180
166,35.1789,120.7347,1375331400
166,35.126,120.608,1375244700
166,35.1263,120.6078,1375203900
166,35.1262,120.6078,1375153020
166,35.1262,120.6078,1375123440
166,35.1264,120.6079,1375070640
166,35.1263,120.6078,1375031640
166,35.1263,120.6077,1374990120
166,35.1263,120.6077,1374946380
166,35.1262,120.6077,1374943200
166,35.1263,120.6077,1374880740
166,35.1262,120.6079,1374858420
166,35.1262,120.6077,1374719280
166,35.1263,120.6078,1374644040
166,35.1261,120.6085,1374622740
166,35.1263,120.6077,1374597840
166,35.1263,120.6078,1374536340
166,35.1263,120.6082,1374520860
166,35.1262,120.6079,1374465060
166,35.1827,120.7063,1374445440
166,35.1263,120.6079,1374374880
166,35.1263,120.6078,1374344520
166,35.1264,120.6082,1374292740
166,35.1263,120.6085,1374286800
166,35.1264,120.6078,1374190020
166,33.6662,117.9028,1374180600
166,35.1263,120.6085,1374177000
166,35.1262,120.6077,1374169080
166,33.6531,117.9055,1374080940
166,33.6529,117.9056,1374045720
166,33.6085,117.9288,1374032760
166,34.9533,120.4159,1374005340
166,35.1262,120.6079,1373996520
166,35.1263,120.6077,1373914560
166,35.1263,120.6077,1373912640
166,35.1262,120.6078,1373865420
166,35.1263,120.6078,1373769000
166,35.1827,120.7062,1373749080
166,35.1263,120.6077,1373734140
166,35.783,121.3333,1373690280
166,35.1263,120.6078,1373643180
166,35.1264,120.6078,1373589300
166,35.1262,120.6078,1373583060
166,35.1263,120.6078,1373576400
166,35.1263,120.6076,1373563800
166,35.1263,120.6079,1373484060
166,35.2645,120.6763,1373416440
166,35.1263,120.6077,1373408880
166,35.1525,120.6604,1373396160
166,35.1825,120.7063,1373334300
166,35.1461,120.6467,1373306040
166,35.1463,120.648,1373305380
166,35.1459,120.6466,1373301720
166,35.1566,120.6699,1373250120
166,35.1456,120.6464,1373245920
166,35.1455,120.6468,1373231340
166,35.1464,120.6475,1373225880
166,35.2596,120.6801,1373170200
166,35.2535,120.6813,1373169780
166,35.1457,120.6468,1373138700
166,35.1465,120.6478,1373134500
166,35.1445,120.6459,1373087220
166,35.1405,120.6418,1373055120
166,35.1186,120.5907,1372988280
166,35.1458,120.6467,1372955640
166,35.1465,120.6478,1372917480
166,38.295,112.6472,1372865760
166,39.6028,106.4575,1372823820
166,39.5567,104.7703,1372729320
166,39.518,104.7275,1372696380
166,39.6268,104.9024,1372630980
166,39.5179,104.7276,1372621500
166,39.518,104.7274,1372618380
166,39.7436,105.0202,1372558140
166,39.5178,104.7277,1372537020
166,39.7562,104.9922,1372521180
166,39.5179,104.7276,1372430460
166,39.5179,104.7276,1372391820
166,39.5179,104.7275,1372376400
166,39.5178,104.7276,1372368900
166,39.5179,104.7276,1372356900
166,39.7499,104.9499,1372353900
166,39.5616,104.8752,1372294620
166,39.5179,104.7275,1372198020
166,39.5179,104.7276,1372185000
166,39.5179,104.7276,1372139460
166,39.518,104.7276,1372134600
166,39.5124,104.7664,1372113000
166,39.5179,104.7275,1372094340
166,39.5179,104.7276,1372054320
166,39.5178,104.7276,1372034580
166,39.5346,104.7904,1372013040
166,39.5569,104.7679,1371932820
166,39.5179,104.7276,1371921480
166,39.5181,104.7275,1371835380
166,39.518,104.7275,1371830700
166,39.5178,104.7275,1371748980
166,39.749,104.9302,1371706200
166,39.5179,104.7276,1371611520
166,39.5179,104.7275,1371583980
166,39.5179,104.7276,1371575280
166,39.518,104.7275,1371514500
166,39.5179,104.7276,1371501480
166,39.5178,104.7277,1371493560
166,39.519,104.7628,1371490500
166,39.518,104.7276,1371445860
166,39.5179,104.7275,1371318780
166,39.5178,104.7277,1371234180
166,33.7277,117.7757,1371189240
166,39.5149,104.7434,1371179400
166,39.5179,104.7276,1371147840
166,39.5179,104.7275,1371094320
166,39.5179,104.7276,1371083220
166,39.518,104.7275,1371078180
166,39.5179,104.7275,1371060420
166,39.5179,104.7276,1371001920
166,39.518,104.7276,1370981940
166,39.5397,104.7949,1370966940
166,39.518,104.7276,1370926800
166,39.518,104.7275,1370913060
166,39.5178,104.7275,1370906580
166,39.5368,104.8055,1370888280
166,39.5184,104.7607,1370834940
166,39.5178,104.7277,1370820420
166,39.5185,104.7608,1370801640
166,39.518,104.7277,1370750400
166,39.5179,104.7276,1370739660
166,39.5179,104.7276,1370699760
166,39.5365,104.8057,1370642040
166,39.518,104.7277,1370624040
166,39.5179,104.7276,1370580000
166,39.5183,104.7605,1370572800
166,39.518,104.7275,1370561220
166,39.5158,104.7412,1370552040
166,39.5179,104.7275,1370541840
166,39.518,104.7276,1370372160
166,39.5179,104.7277,1370366880
166,39.5178,104.7275,1370318640
166,39.5153,104.7435,1370309700
166,39.515,104.7433,1370293260
166,39.519,104.7638,1370280960
166,39.5179,104.7277,1370234160
166,39.519,104.7639,1370216160
166,39.5179,104.7276,1370201280
166,39.5195,104.7918,1370113020
166,39.518,104.7275,1370107080
166,39.5152,104.7433,1369977360
166,39.5179,104.7275,1369947960
166,35.1453,120.6468,1369940280
166,39.518,104.7277,1369894140
166,39.5178,104.7275,1369889700
166,39.5165,104.7277,1369867080
166,39.518,104.7275,1369857480
166,39.5179,104.7276,1369846080
166,39.5947,104.7968,1369795740
166,39.7165,104.9509,1369778460
166,39.5015,104.7643,1369698660
166,39.5167,104.7288,1369629840
166,39.5178,104.7275,1369591680
166,39.518,104.7275,1369505760
166,39.5179,104.7276,1369492500
166,39.5178,104.7277,1369453080
166,39.5177,104.7277,1369441860
166,39.518,104.7275,1369424340
166,39.5179,104.7276,1369388820
166,39.518,104.7276,1369336680
166,39.5174,104.7399,1369321680
166,39.5202,104.7678,1369321200
166,39.518,104.7278,1369268220
166,39.5178,104.7277,1369257300
166,39.5179,104.7276,1369170120
166,39.52,104.7675,1369108440
166,39.5184,104.7639,1369088520
166,39.5179,104.7275,1369082640
166,39.5181,104.7276,1369075380
166,39.518,104.7275,1369068240
166,39.5179,104.7276,1369066740
166,39.5182,104.7275,1368925920
166,39.7502,105.0102,1368853440
166,39.5179,104.7276,1368829920
166,39.4903,104.731,1368681600
166,39.5169,104.7634,1368649020
166,39.5178,104.7275,1368631920
166,39.518,104.7275,1368582420
166,39.5202,104.7676,1368495060
166,39.518,104.7276,1368414960
166,39.518,104.7277,1368328980
166,39.518,104.7275,1368300360
166,39.5178,104.7275,1368156000
166,39.5179,104.7276,1368147960
166,39.4913,104.7309,1368111360
166,39.5178,104.7276,1368057960
166,39.4875,104.7235,1367970840
166,38.889,104.832,1367932080
166,39.5178,104.7275,1367891040
166,39.5195,104.7397,1367814540
166,39.5179,104.7277,1367802900
166,39.5152,104.7435,1367773380
166,39.5178,104.7277,1367698980
166,33.7278,117.7755,1367695020
166,39.5198,104.7726,1367636760
166,39.518,104.7275,1367619660
166,39.491,104.732,1367533080
166,39.5415,104.7922,1367532960
166,39.5178,104.7276,1367463900
166,39.518,104.7276,1367379000
166,39.515,104.7433,1367279040
166,39.5178,104.7277,1367255340
166,39.5179,104.7278,1367175300
166,39.5179,104.7276,1367174340
166,39.5179,104.7277,1367124240
166,39.5178,104.7275,1367088540
166,39.551,104.8471,1367023560
166,39.518,104.7274,1367005020
166,39.5179,104.7274,1366998600
166,39.4913,104.7315,1366937580
166,39.518,104.7275,1366916460
166,39.4913,104.7315,1366913520
166,39.5181,104.7276,1366850580
166,39.5178,104.7276,1366825080
166,39.5178,104.7276,1366822140
166,39.5179,104.7278,1366762020
166,39.5181,104.7275,1366753560
166,39.518,104.7276,1366694700
166,39.5179,104.7276,1366667280
166,39.6803,104.963,1366639560
166,39.518,104.7275,1366601580
166,39.5178,104.7277,1366508280
166,39.7404,104.9045,1366505760
166,39.5179,104.7276,1366501020
166,39.518,104.7276,1366498320
166,39.5178,104.7275,1366495980
166,39.5178,104.7276,1366473480
166,39.518,104.7277,1366472640
166,39.5178,104.7278,1366404120
166,39.747,104.9948,1366338660
166,39.7465,105.0048,1366305360
166,39.7487,105.0072,1366305240
166,39.5179,104.7277,1366229400
166,39.512,104.7665,1366226220
166,39.5177,104.728,1366203300
166,39.5166,104.7247,1366156800
166,39.518,104.7275,1366133220
166,39.518,104.7275,1366059960
166,39.518,104.7276,1365992040
166,39.5182,104.7406,1365976860
166,39.518,104.7275,1365970080
166,39.518,104.7275,1365963360
166,39.5186,104.7393,1365960120
166,39.5178,104.7276,1365955920
166,39.5179,104.7277,1365917280
166,39.7485,105.0075,1365912420
166,39.518,104.7275,1365885360
166,39.5179,104.7276,1365558660
166,39.518,104.7275,1365547380
166,39.518,104.7275,1365540300
166,39.5178,104.7278,1365354300
166,39.5191,104.7411,1365203520
166,35.1457,120.646,1365018720
166,35.1502,120.6543,1364865780
166,39.5155,104.7427,1364753400
166,39.5179,104.7276,1364666280
166,39.5178,104.7277,1364575320
166,35.168,120.7535,1364488740
166,39.7517,104.7168,1364347440
166,35.1408,120.6453,1364327820
166,35.146,120.6459,1364255700
166,35.1452,120.647,1364251860
166,35.1453,120.6468,1364168280
166,35.1455,120.6463,1364004660
166,39.5178,104.7277,1363913520
166,39.4913,104.7315,1363622940
166,39.518,104.7275,1363574760
166,33.7277,117.7753,1363472340
166,39.5181,104.7276,1363455600
166,39.5179,104.7276,1363310700
166,39.4913,104.7315,1363206480
166,39.5765,104.6757,1363014120
166,39.5767,104.6755,1362962520
166,39.5143,104.7457,1362869520
166,39.5179,104.7279,1362851640
166,40.2523,105.8337,1362583800
166,39.5179,104.7275,1362533520
166,39.5179,104.7277,1362356580
166,39.5135,104.7685,1362246480
166,28.4188,81.5812,1362111960
166,39.5178,104.7277,1361811240
166,39.5177,104.7277,1361738760
166,39.518,104.7277,1361735640
166,39.5179,104.7277,1361728680
166,39.483,104.757,1361642460
166,39.5179,104.7276,1361572020
166,39.5172,104.7414,1361495940
166,39.5179,104.7277,1361415120
166,39.4903,104.731,1361316180
166,39.4903,104.731,1361304600
166,39.5179,104.7277,1361294220
166,39.5179,104.7277,1361209980
166,39.5178,104.7276,1361206500
166,39.5163,104.7405,1361168880
166,39.5179,104.7277,1361117760
166,39.5178,104.7277,1361072520
166,39.5163,104.7405,1360952340
166,39.5277,104.7398,1360946220
166,39.5175,104.7407,1360888740
166,39.4788,104.7315,1360882380
166,38.7748,105.329,1360817280
166,39.5178,104.7275,1360711380
166,39.5183,104.7369,1360635840
166,39.5144,104.7458,1360540980
166,32.7705,117.2518,1360524780
166,39.5178,104.7276,1360521360
166,39.4913,104.7305,1360518720
166,39.5178,104.7276,1360431000
166,39.5177,104.7276,1360427880
166,28.3587,81.557,1360252080
166,39.5168,104.7384,1360117380
166,28.4192,81.5827,1360089480
166,28.4187,81.5812,1360035960
166,39.5365,104.7683,1360028880
166,28.3393,81.5748,1359834240
166,39.4913,104.7305,1359676380
166,39.5179,104.7276,1359602400
166,39.5178,104.7275,1359565680
166,33.6072,117.927,1359396360
166,39.518,104.7276,1359311340
166,39.518,104.7277,1359078480
166,39.5179,104.7276,1358916660
166,39.5171,104.7353,1358785620
166,39.5178,104.7277,1358730840
166,39.5179,104.7276,1358713560
166,39.5179,104.7276,1358699160
166,39.5178,104.7316,1358642460
166,39.5115,104.7667,1358185260
166,39.5179,104.7276,1358131800
166,39.5178,104.7275,1358115540
166,39.5173,104.7412,1358101980
166,39.5179,104.7276,1358099280
166,39.5179,104.7276,1358052660
166,39.5178,104.7276,1358039700
166,39.5173,104.7412,1358010060
166,39.5173,104.7412,1358009700
166,33.6292,117.9262,1357955040
166,39.5173,104.7383,1357826100
166,39.4915,104.7308,1357759620
166,29.2687,81.0275,1357656180
166,39.5178,104.7275,1357622340
166,39.5178,104.7276,1357594620
166,40.2523,105.8337,1357526940
166,39.5178,104.7275,1357494780
166,39.517,104.7399,1357431360
166,39.5178,104.7276,1357425480
166,39.5178,104.7277,1357413660
166,39.5357,104.791,1357364700
166,39.5178,104.7277,1357066380
166,39.518,104.7276,1356986100
166,39.5179,104.7278,1356978960
166,33.6072,117.927,1356902280
166,39.5178,104.7278,1356891300
166,39.5179,104.7276,1356889680
166,39.5168,104.7403,1356847320
166,33.6808,117.861,1356841200
166,39.5172,104.7386,1356807960
166,39.5179,104.7276,1356806880
166,39.5488,104.7738,1356744120
166,39.5177,104.7275,1356646080
166,39.5178,104.7276,1356644100
166,39.5178,104.7277,1356642840
166,39.5176,104.7331,1356483900
166,39.5178,104.7277,1356460080
166,39.5178,104.7277,1356390000
166,39.5178,104.7275,1356367140
166,39.5178,104.7275,1356204600
166,39.5178,104.7275,1356111000
166,39.5173,104.7396,1356110100
166,39.5178,104.7276,1355945760
166,39.5178,104.7275,1355850240
166,39.5178,104.7275,1355849100
166,39.5178,104.7277,1355681340
166,39.5178,104.7276,1355606160
166,39.5178,104.7276,1355451300
166,39.5178,104.7276,1355360280
166,39.5178,104.7275,1355358540
166,39.5178,104.7276,1355260200
166,39.5178,104.7275,1355203680
166,39.5178,104.7275,1355112720
166,39.518,104.7275,1355101260
166,39.518,104.7275,1355081040
166,39.5178,104.7275,1355012100
166,39.518,104.7274,1355011200
166,39.518,104.7273,1354996620
166,39.5178,104.7275,1354897080
166,39.5178,104.7275,1354771080
166,39.5179,104.7276,1354665360
166,39.5178,104.7276,1354592760
166,39.5179,104.7276,1354586580
166,39.5179,104.7277,1354543560
166,39.5179,104.7275,1354512300
166,39.5179,104.7276,1354491600
166,39.5179,104.7277,1354476120
166,39.4903,104.731,1354302900
166,39.4735,104.7341,1354200540
166,39.5178,104.7277,1354071180
166,39.4913,104.7308,1353948420
166,39.5178,104.7275,1353891240
166,39.5178,104.7276,1353805500
166,39.5178,104.7276,1353801420
166,39.5178,104.7276,1353787860
166,39.5177,104.7275,1353783720
166,39.5178,104.7276,1353702000
166,39.5178,104.7276,1353610680
166,39.518,104.7276,1353609900
166,39.5111,104.7716,1353535740
166,39.5179,104.7277,1353519480
166,39.5178,104.7276,1353387540
166,39.5178,104.7276,1353340260
166,39.5176,104.7276,1353296820
166,39.518,104.7278,1353279540
166,39.5178,104.7277,1353274560
166,39.5179,104.7276,1353260460
166,39.5144,104.7455,1353200580
166,39.5178,104.7277,1352951460
166,39.5178,104.7276,1352864220
166,39.5178,104.7278,1352692560
166,39.5178,104.7277,1352611740
166,39.5178,104.7278,1352502120
166,39.5178,104.7277,1352406480
166,39.5178,104.7277,1352304360
166,39.5178,104.7277,1352223480
166,39.6594,104.841,1352218980
166,39.5945,104.7253,1352214960
166,39.5178,104.7277,1352166960
166,39.518,104.7278,1352049540
166,39.5143,104.7457,1351971000
166,39.4913,104.7308,1351873200
166,39.5179,104.728,1351829340
166,39.4925,104.7349,1351777560
166,39.5087,104.7682,1351482300
166,39.5197,104.7655,1351449660
166,39.5127,104.7368,1351438320
166,39.5178,104.7278,1351435200
166,39.4937,104.7675,1351273020
166,39.5178,104.7278,1351257060
166,39.5306,104.7731,1351213620
166,39.5178,104.7278,1351134840
166,39.4915,104.7308,1351104720
166,39.5179,104.7277,1351056000
166,39.4918,104.7315,1351017180
166,39.5201,104.7669,1350952260
166,39.4993,104.7608,1350853440
166,39.5178,104.7278,1350847680
166,39.5178,104.7277,1350782160
166,39.6727,105.1703,1350780420
166,39.5178,104.7277,1350780300
166,39.6729,105.1706,1350705060
166,39.7085,105.3078,1350609240
166,40.2523,105.8337,1350585540
166,40.2515,105.8314,1350580620
166,40.2522,105.8335,1350534060
166,40.3358,105.5258,1350520980
166,39.731,105.4635,1350520080
166,39.5178,104.7277,1350498840
166,33.606,117.9255,1350428640
166,39.5178,104.7272,1350421500
166,39.5176,104.7279,1350405300
166,39.5181,104.7275,1350358680
166,33.6437,117.9232,1350357720
166,39.5173,104.7272,1350315540
166,39.518,104.7277,1350252780
166,39.5178,104.7268,1350194880
166,39.5175,104.7445,1350178260
166,39.7489,105.0134,1350178140
166,39.5175,104.7445,1350170580
166,39.5173,104.7434,1350169380
166,39.5142,104.7449,1350169320
166,39.5179,104.7276,1348330980
166,39.4868,104.7572,1348246320
166,39.5135,104.7677,1348112340
166,39.512,104.7663,1348105080
166,39.5325,104.7753,1347852360
166,29.2687,81.0275,1347851280
166,39.5178,104.7275,1347746100
166,39.5179,104.7276,1347739920
166,39.518,104.7282,1347729360
166,39.5144,104.7458,1347463320
166,39.518,104.7275,1347335940
166,39.5178,104.7276,1347222000
166,39.4907,104.7327,1346892960
166,39.4527,104.7437,1346694120
166,39.3333,104.7432,1346619660
166,39.5178,104.7276,1346600220
166,39.7474,104.9656,1346545320
166,39.5179,104.7276,1346301000
166,39.4538,104.8235,1346158200
166,39.3673,104.7988,1345996380
166,39.5185,104.7624,1345648560
166,39.4797,104.7568,1345077480
166,33.6883,117.7717,1344729420
166,33.6808,117.861,1344704580
166,33.6808,117.861,1344703680
166,34.0595,118.445,1344622200
166,39.5178,104.7278,1344617160
166,39.7059,104.9811,1344561540
166,39.518,104.7275,1344544860
166,39.5673,104.8763,1344383460
166,39.5178,104.7275,1344314460
166,39.7061,104.9816,1344287460
166,39.7061,104.9812,1344121920
166,39.518,104.7275,1344101940
166,39.5146,104.7452,1344039480
166,33.6768,117.8637,1343875200
166,33.608,117.9288,1343873280
166,34.0835,118.351,1343864340
166,34.0618,118.4467,1343695560
166,33.606,117.9258,1343546400
166,33.6684,117.865,1343410980
166,33.6682,117.8655,1343261520
166,28.8637,82.6678,1343144940
166,39.999,105.252,1343060760
166,39.9992,105.2533,1342972740
166,39.9993,105.2536,1342919340
166,39.9993,105.2536,1342918380
166,39.5178,104.7275,1342716060
166,39.5178,104.7275,1342712520
166,38.7748,105.329,1342658040
166,38.889,104.832,1342654980
166,39.5617,104.8755,1342573920
166,39.5578,104.7807,1342471620
166,39.5179,104.7276,1342380060
166,39.7487,104.954,1342314000
166,39.5178,104.7275,1342223280
166,39.9972,105.6502,1342131660
166,39.5178,104.7274,1342024380
166,38.7718,105.334,1341944700
166,39.5175,104.7282,1341898980
166,39.5176,104.7277,1341851700
166,39.5179,104.7276,1341520500
166,39.518,104.7276,1341507120
166,39.5178,104.7274,1341442080
166,39.3628,104.6348,1341424860
166,39.5178,104.7275,1341370500
166,39.518,104.7276,1341363780
166,39.5177,104.728,1341338820
166,39.5179,104.7275,1341334080
166,39.5179,104.7276,1341251760
166,39.5144,104.7458,1341197820
166,36.7582,109.4667,1341109500
166,39.5144,104.7458,1341004680
166,39.5203,104.7719,1340949240
166,33.4628,117.6865,1340915400
166,39.5179,104.7276,1340907780
166,39.518,104.7275,1340861640
166,39.5178,104.7277,1340817960
166,39.5179,104.7277,1340817840
166,39.5179,104.7276,1340648760
166,39.5181,104.7276,1340647980
166,39.5128,104.7673,1339788720
166,39.5178,104.7275,1339779540
166,39.5178,104.7273,1339741080
166,39.5178,104.7276,1339476180
166,39.5178,104.7277,1339455840
166,39.5178,104.7275,1339455240
166,39.5168,104.7285,1339375740
166,39.5178,104.7275,1339365900
166,39.518,104.7274,1339280100
166,39.5179,104.7275,1339182240
166,39.5179,104.7276,1339000380
166,39.5177,104.7278,1338917760
166,39.4943,104.7658,1338522780
166,39.7062,104.9813,1338507660
166,39.5178,104.7275,1338492180
166,39.5178,104.7277,1338406620
166,39.5162,104.7358,1338250560
166,39.7003,104.9768,1338234960
166,39.5179,104.7276,1338136320
166,39.706,104.9814,1338125520
166,39.706,104.9814,1338082980
166,39.7037,104.9693,1338080940
166,39.706,104.9813,1337908140
166,39.5179,104.7276,1337811120
166,39.501,104.8105,1337731740
166,39.4898,104.7337,1337613420
166,39.491,104.731,1337446740
166,35.2792,120.664,1337379000
166,33.7277,117.7755,1337224380
166,32.772,117.253,1337092860
166,39.5177,104.7278,1336967520
166,39.5179,104.7276,1336940760
166,39.5177,104.7277,1336938300
166,39.5178,104.7276,1336852860
166,39.5179,104.7276,1336354500
166,39.518,104.7275,1336342860
166,39.518,104.7277,1336322700
166,39.5179,104.7276,1336322520
166,32.682,117.1783,1336276800
166,39.5179,104.7276,1336189860
166,39.4853,104.755,1336186800
166,39.518,104.7277,1336100280
166,39.5178,104.7276,1336093500
166,39.4908,104.7325,1336075800
166,39.4905,104.7312,1336068240
166,39.5178,104.7275,1336056420
166,39.5177,104.7276,1336019340
166,39.5179,104.7276,1335846600
166,39.518,104.7276,1335837060
166,39.5178,104.7277,1335762480
166,39.5176,104.7277,1335724560
166,39.518,104.7277,1335671280
166,39.514,104.7452,1335575100
166,39.4834,104.743,1335556620
166,33.7278,117.7757,1335493980
166,28.8498,82.5598,1335493740
166,39.4906,104.7309,1335463560
166,39.5138,104.74,1335401160
166,28.4307,81.4528,1335321360
166,28.3562,81.5352,1335284520
166,29.2698,81.028,1335213540
166,29.2688,81.0275,1335211320
166,28.3562,81.5352,1335207840
166,29.2687,81.0275,1335152460
166,28.3716,81.5042,1335050040
166,28.8363,82.3418,1334945160
166,28.3924,81.4778,1334916840
166,28.3904,81.4781,1334885400
166,28.4728,81.473,1334882700
166,39.5185,104.7258,1334725320
166,39.5157,104.7238,1334613900
166,39.5177,104.7278,1334605680
166,39.518,104.7275,1334513400
166,39.518,104.7275,1334510640
166,39.5176,104.7279,1334507400
166,32.7257,117.1738,1334429160
166,39.5423,104.777,1334428920
166,39.4913,104.7315,1334259960
166,39.4913,104.7311,1334158860
166,39.517,104.7278,1334107560
166,39.4912,104.7309,1334002740
166,39.5176,104.7278,1333913040
166,39.5175,104.7278,1333912260
166,39.5374,104.7686,1333755300
166,39.4936,104.7348,1333460940
166,33.5992,117.9013,1333329120
166,39.5178,104.7275,1333248720
166,39.5175,104.7278,1333246080
166,39.5179,104.7276,1333061520
166,39.5178,104.7275,1333058760
166,39.5179,104.7276,1333034280
166,39.5175,104.7277,1332693900
166,39.5148,104.7358,1332655560
166,39.5179,104.7276,1332562860
166,39.5179,104.7276,1332533220
166,39.5155,104.736,1332475320
166,39.4913,104.7316,1332272100
166,39.518,104.7275,1332038100
166,39.5178,104.7276,1331963160
166,39.5137,104.759,1331934600
166,39.5136,104.7915,1331843040
166,39.5176,104.7277,1331610060
166,39.5178,104.7275,1331505720
166,39.5177,104.7275,1331501160
166,39.5179,104.7274,1331490780
166,39.5635,104.8777,1331490660
166,39.518,104.7276,1331356800
166,39.518,104.7274,1331355960
166,39.5177,104.7276,1331347320
166,39.4905,104.7313,1331227620
166,39.518,104.7275,1331226840
166,39.5179,104.7277,1331177580
166,39.5179,104.7277,1331175960
166,39.5179,104.7275,1331175780
166,39.5179,104.7276,1331164320
166,39.5178,104.7277,1331076540
166,39.5178,104.7272,1330900020
166,39.606,104.7092,1330884660
166,39.5178,104.7277,1330829520
166,39.5175,104.7278,1330820100
166,39.5223,104.7575,1330792980
166,39.5181,104.7276,1330650420
166,39.5178,104.7277,1330650300
166,39.5177,104.7278,1330650120
166,39.4912,104.7307,1330649940
166,39.5179,104.7277,1330562400
166,39.4911,104.7304,1330528800
166,39.5181,104.7275,1330211040
166,39.5155,104.735,1330034400
166,39.518,104.7274,1330011780
166,39.518,104.7276,1329962940
166,39.4912,104.731,1329933900
166,39.5178,104.7276,1329887160
166,39.5178,104.7277,1329881460
166,39.5178,104.7274,1329803160
166,39.4903,104.7308,1329523500
166,39.5137,104.7682,1329273180
166,39.5179,104.7277,1329194820
166,39.5166,104.7322,1329189120
166,39.609,104.8905,1329189000
166,39.5407,104.7918,1329086220
166,39.5182,104.7275,1329023220
166,39.5388,104.7685,1329021000
166,39.491,104.7322,1328833980
166,39.4912,104.7315,1328762940
166,39.5179,104.7276,1328484300
166,39.5179,104.7275,1328391120
166,39.5163,104.734,1328385540
166,39.5185,104.7633,1328229060
166,39.5179,104.7274,1328056860
166,39.5346,104.7906,1327704600
166,39.536,104.7932,1327704420
166,39.518,104.7275,1327290180
166,39.5166,104.7326,1327029540
166,39.5175,104.7278,1326941640
166,39.5176,104.7277,1326685620
166,39.5642,104.877,1326685440
166,39.5178,104.7276,1326659460
166,39.5648,104.8783,1326498540
166,39.5178,104.7275,1326421440
166,39.5179,104.7274,1326415920
166,39.5182,104.7277,1326256740
166,39.5179,104.7276,1326177600
166,39.5178,104.7275,1326176640
166,39.5176,104.7275,1325964480
166,39.4873,104.7547,1325800380
166,39.4913,104.7315,1325798760
166,39.5179,104.7277,1325726040
166,39.5178,104.7276,1325655360
166,39.5185,104.7623,1325638800
166,39.5175,104.7277,1325512020
166,39.5177,104.7275,1325488500
166,39.5137,104.7683,1325373660
166,39.5177,104.7275,1325112780
166,39.5178,104.7277,1324967400
166,39.5179,104.7274,1324941960
166,39.5177,104.7275,1324941840
166,39.5179,104.7275,1324941480
166,39.504,104.7393,1324924380
166,39.518,104.7276,1324859280
166,39.5178,104.7277,1324844100
166,39.5181,104.7275,1324840680
166,39.5176,104.7276,1324840500
166,39.5179,104.7276,1324840260
166,39.5176,104.7277,1324840020
166,39.7472,104.9667,1324791900
166,39.5178,104.7275,1324768920
166,39.5178,104.7275,1324768740
166,39.5176,104.7277,1324757760
166,39.5179,104.7275,1324751340
166,39.5178,104.7275,1324713840
166,39.5179,104.7276,1324707600
166,39.5178,104.7277,1324689840
166,39.5178,104.7277,1324689780
166,39.516,104.7347,1324689360
166,39.518,104.7276,1324684380
166,39.5178,104.7276,1324684140
166,39.5179,104.7277,1324677240
166,39.5178,104.7277,1324677120
166,39.4971,104.7792,1324608900
166,39.4961,104.7788,1324608840
166,39.518,104.7275,1324593000
166,39.518,104.7275,1324591560
166,39.5177,104.7275,1324590420
166,39.5179,104.7273,1324589640
166,39.748,104.9543,1324488960
166,39.7325,104.9187,1324488900
166,39.5179,104.7277,1324488600
166,39.5178,104.7275,1324413720
166,39.5071,104.7361,1324413240
166,39.7163,104.9522,1324338840
166,39.6835,104.94,1324326840
166,39.5173,104.7278,1324268760
166,39.518,104.7276,1324251900
166,39.5182,104.7275,1324231260
166,39.5178,104.7275,1324231140
166,39.5178,104.7277,1324229880
166,39.5177,104.7275,1324180740
166,39.518,104.7272,1324106040
166,39.5138,104.7665,1324105320
166,39.5181,104.7383,1323900300
166,39.5178,104.7275,1323898620
166,39.5182,104.7276,1323649920
166,39.6785,104.9809,1323567480
166,39.5635,104.8775,1323496020
166,39.4912,104.731,1323476820
166,39.4905,104.7309,1323455460
166,39.4904,104.7311,1323453240
166,39.5177,104.7271,1323409800
166,39.5187,104.7635,1323229560
166,39.5179,104.7276,1323063960
166,39.5175,104.7282,1322979960
166,39.6097,104.8953,1322936820
166,39.4904,104.7309,1322849280
166,39.5178,104.7273,1322712960
166,39.5179,104.7272,1322617320
166,33.7308,117.7735,1322535000
166,33.7278,117.7755,1322534760
166,39.5179,104.7276,1322461080
166,39.5179,104.7276,1322452080
166,39.5178,104.7275,1322334480
166,39.5178,104.7275,1322332080
166,39.5111,104.731,1322329080
166,39.5174,104.7276,1322328240
166,39.5176,104.7277,1322262360
166,39.5179,104.7277,1322254980
166,39.518,104.7275,1322186040
166,39.5177,104.7277,1322184360
166,39.5177,104.7277,1322182860
166,39.5179,104.7276,1322180220
166,39.5178,104.7273,1322176080
166,39.5177,104.7277,1322175960
166,39.5177,104.7278,1322076420
166,39.5179,104.7275,1321815480
166,39.4912,104.731,1321378560
166,39.491,104.7312,1321375920
166,39.5177,104.7275,1321320480
166,39.7471,104.9649,1321218420
166,39.6537,104.9377,1321217880
166,39.7474,104.9668,1321217820
166,39.5175,104.7277,1321206120
166,39.5133,104.7709,1321145460
166,39.5165,104.7275,1320971100
166,39.5162,104.7275,1320970680
166,39.5167,104.7287,1320970560
166,39.517,104.7285,1320970380
166,39.5178,104.7276,1320714060
166,39.518,104.7275,1320621540
166,39.5648,104.8783,1320621180
166,39.518,104.7277,1320436560
166,39.5143,104.7392,1320424800
166,39.5073,104.7935,1320424620
166,39.519,104.726,1320195420
166,39.5138,104.7402,1320195180
166,39.5181,104.7275,1320015660
166,33.7278,117.7755,1320015480
166,39.5175,104.7275,1320015000
166,39.518,104.7275,1320014280
166,39.7467,104.9663,1319760420
166,39.747,104.9664,1319760300
166,39.4903,104.7309,1319465820
166,39.5168,104.7283,1319323560
166,39.5173,104.7275,1319316240
166,39.5173,104.7275,1319316120
166,39.5176,104.7275,1319302980
166,39.5179,104.7275,1319224080
166,39.5178,104.7276,1319214960
166,39.5176,104.7279,1319214840
166,39.5132,104.7412,1319160840
166,39.5178,104.7275,1318966080
166,39.533,104.7958,1318812720
166,39.5323,104.7962,1318803240
166,39.533,104.7958,1318803180
166,39.5331,104.7959,1318802820
166,39.5329,104.792,1318802700
166,39.5176,104.7277,1318465200
166,39.5176,104.7277,1318464660
166,39.5175,104.7277,1318374060
166,39.5176,104.7277,1318308600
166,39.5177,104.7275,1318292040
166,39.5174,104.7277,1318283700
166,39.5174,104.7277,1318282320
166,39.5181,104.7275,1318173120
166,39.5177,104.7274,1318137780
166,39.5177,104.7274,1318137720
166,39.5176,104.7275,1318107240
166,39.5176,104.7275,1318106460
166,39.5176,104.7276,1318036560
166,39.5175,104.7277,1318007760
166,39.5179,104.7277,1318005900
166,39.5176,104.7277,1317941160
166,39.7454,104.84,1317927300
166,39.5174,104.7277,1317849960
166,39.5174,104.7277,1317849900
166,39.5174,104.7277,1317845640
166,39.5179,104.7276,1317844740
166,39.5179,104.7276,1317844200
166,39.5174,104.7277,1317837360
166,39.5174,104.7277,1317837120
166,39.5174,104.7277,1317836940
166,39.5178,104.7276,1317337560
166,39.5178,104.7276,1317337440
166,39.5178,104.7277,1317335100
166,39.5176,104.7277,1316814900
166,39.5176,104.7277,1316814300
166,39.5176,104.7275,1316810700
166,39.5176,104.7275,1316810580
166,39.5175,104.7276,1316789520
166,39.5175,104.7276,1316789400
166,39.5175,104.7276,1316789280
166,39.5174,104.7276,1316753340
166,39.5176,104.7275,1316746560
166,39.5176,104.7275,1316745900
166,39.4908,104.7325,1316705460
166,39.5175,104.7276,1316483760
166,39.3608,104.6098,1316374140
166,39.5126,104.7657,1316370900
166,39.5126,104.7657,1316370540
166,39.5127,104.7658,1316310420
166,39.5175,104.7275,1316293020
166,39.5175,104.7275,1316289420
166,39.5175,104.7276,1316280600
166,39.5174,104.7276,1316276040
166,39.5179,104.7277,1316268420
166,39.4908,104.7305,1316215500
166,39.4912,104.7305,1316197080
166,39.4912,104.7305,1316196780
166,39.4912,104.7305,1316196600
166,39.4909,104.7321,1316100300
166,39.5173,104.7276,1316043780
166,39.5174,104.7277,1315877640
166,39.5174,104.7277,1315877280
166,39.5175,104.7277,1315797180
166,39.5176,104.7275,1315793880
166,39.5176,104.7275,1315792620
166,39.5176,104.7275,1315792260
166,39.5176,104.7275,1315792140
166,39.5176,104.7275,1315791960
166,39.537,104.874,1315772280
166,39.5368,104.874,1315770960
166,39.4909,104.7323,1315580760
166,39.5174,104.7276,1315544880
166,39.5174,104.7276,1315544760
166,39.5005,104.8104,1315529340
166,39.5176,104.7275,1315491780
166,37.6818,113.0771,1315491600
166,39.0892,108.4557,1315491600
166,37.6818,113.0771,1315326060
166,36.3305,114.9222,1315279860
166,33.7469,117.8147,1315250100
166,33.7463,117.8143,1315250040
166,33.6022,117.8999,1315187760
166,33.7072,117.9202,1315180200
166,33.7068,117.9204,1315098240
166,39.5176,104.7274,1315019880
166,39.518,104.7275,1315019160
166,39.5177,104.7276,1315013460
166,39.5177,104.7276,1315012800
166,39.5177,104.7276,1315012500
166,39.5179,104.7274,1314852780
166,39.5176,104.7276,1314764460
166,39.5175,104.7275,1314751500
166,39.5116,104.7662,1314740760
166,39.5176,104.7275,1314666540
166,39.5176,104.7275,1314666420
166,39.2335,105.2237,1314651600
166,39.2335,105.2237,1314651600
166,39.4369,104.9627,1314651600
166,39.4369,104.9627,1314627000
166,39.5175,104.7275,1314569280
166,39.5177,104.7275,1314552300
166,39.6908,104.9412,1314493320
166,39.0562,104.8425,1314486180
166,39.5174,104.7275,1314461280
166,39.5174,104.7275,1314461160
166,39.5174,104.7275,1314459120
166,39.5174,104.7275,1314458880
166,39.5174,104.7275,1314458640
166,39.5174,104.7275,1314458520
166,39.5174,104.7275,1314458460
166,39.5177,104.7274,1314405480
166,39.4913,104.7306,1314294600
166,39.4905,104.7324,1314285000
166,39.5178,104.7276,1314231840
166,39.5178,104.7276,1314231000
166,39.5176,104.7274,1314148140
166,39.5175,104.7274,1314146100
166,39.5175,104.7274,1314141480
166,39.5178,104.7276,1314083220
166,39.0319,104.7768,1314057480
166,38.965,104.7924,1314057420
166,39.5175,104.7272,1314048840
166,39.5176,104.7272,1313892840
166,39.3616,104.6088,1313882460
166,39.5176,104.7641,1313879580
166,39.519,104.7655,1313876880
166,39.5192,104.7656,1313874660
166,39.5179,104.7275,1313812380
166,39.5375,104.7693,1313807280
166,39.5174,104.7275,1313804460
166,39.5126,104.7663,1313798520
166,39.5202,104.8344,1313796240
166,39.5179,104.7276,1313719500
166,39.5172,104.7273,1313703720
166,39.5172,104.7273,1313703660
166,39.5172,104.7273,1313703420
166,39.6218,104.9022,1313643000
166,39.7168,104.9529,1313634060
166,39.518,104.7273,1313628720
166,39.6956,104.9384,1313538300
166,39.6954,104.9384,1313537160
166,39.6953,104.9379,1313534220
166,39.6956,104.9392,1313521260
166,39.6956,104.9383,1313479740
166,39.6955,104.9379,1313476620
166,39.6911,104.9409,1313468880
166,39.6955,104.9378,1313456520
166,39.6955,104.9378,1313456220
166,39.6818,104.9406,1313443200
166,39.7515,104.9998,1313438520
166,39.6953,104.9389,1313435100
166,39.6955,104.9396,1313426880
166,39.6955,104.9396,1313426640
166,39.6957,104.9384,1313382960
166,39.6957,104.9384,1313382540
166,39.6957,104.9384,1313382300
166,39.6955,104.9394,1313380920
166,39.6955,104.9394,1313380860
166,39.6955,104.9383,1313358900
166,33.6789,117.8624,1313341980
166,33.6802,117.8525,1313301780
166,33.6802,117.8524,1313299680
166,33.6802,117.8524,1313299440
166,33.68,117.8529,1313297460
166,33.6802,117.8525,1313295000
166,33.6802,117.8525,1313294580
166,33.7279,117.7755,1313290740
166,33.7276,117.7752,1313264340
166,33.7279,117.7755,1313221860
166,33.7279,117.7755,1313220300
166,33.7279,117.7755,1313220060
166,33.7278,117.7755,1313211540
166,33.7278,117.7755,1313211360
166,33.7278,117.7755,1313208060
166,33.7278,117.7755,1313207940
166,33.7279,117.7755,1313195220
166,33.7279,117.7755,1313179980
166,33.7279,117.7755,1313179740
166,33.7279,117.7755,1313179620
166,33.7279,117.7755,1313177700
166,33.7277,117.7754,1313175720
166,33.728,117.7756,1313128080
166,33.7279,117.7755,1313125680
166,33.7232,117.7716,1313118840
166,33.7232,117.7716,1313118780
166,33.7277,117.7866,1313115720
166,33.7305,117.7875,1313114400
166,33.7248,117.7957,1313112420
166,33.7248,117.7957,1313112300
166,33.7178,117.7822,1313111700
166,33.7178,117.7822,1313111700
166,35.2791,120.6646,1312948500
166,35.2791,120.6646,1312947960
166,35.186,120.7129,1312909440
166,35.186,120.7129,1312909320
166,35.186,120.7129,1312909140
166,35.186,120.7129,1312908780
166,35.186,120.7129,1312908660
166,35.1797,120.7002,1312842900
166,35.1747,120.7028,1312836540
166,34.6089,120.1819,1312768140
166,34.416,119.5603,1312761300
166,34.3659,118.5056,1312753380
166,33.7278,117.775,1312743600
166,33.7279,117.7755,1312737600
166,33.728,117.7755,1312689120
166,33.7279,117.7755,1312686660
166,33.728,117.7755,1312599300
166,33.7243,117.7728,1312594320
166,33.7278,117.7754,1312584720
166,34.1841,117.4344,1312573920
166,34.4319,117.3765,1312573860
166,34.7231,114.4219,1312572600
166,34.8356,115.0022,1312155480
166,34.7243,116.1644,1312151340
166,34.842,117.0879,1312147800
166,33.8608,117.7761,1312142640
166,33.728,117.7755,1312086120
166,33.728,117.7755,1312083480
166,33.7279,117.7755,1312065840
166,33.7279,117.7755,1312064940
166,33.6676,117.9028,1311995880
166,33.6676,117.9028,1311988920
166,33.7284,117.7861,1311977100
166,33.7279,117.7754,1311918120
166,33.7279,117.7754,1311916740
166,33.7279,117.7756,1311911160
166,33.7279,117.7755,1311884400
166,33.7279,117.7755,1311839160
166,33.7279,117.7755,1311838980
166,33.6037,117.9008,1311824100
166,33.7279,117.7755,1311805740
166,33.7278,117.7756,1311750060
166,33.7279,117.7754,1311742200
166,33.7279,117.7755,1311718620
166,33.718,117.7806,1311687180
166,33.7279,117.7754,1311656040
166,33.7279,117.7754,1311656040
166,33.7278,117.7756,1311581160
166,33.7279,117.7755,1311560100
166,33.7279,117.7755,1311553980
166,33.7279,117.7755,1311553860
166,33.7279,117.7755,1311553800
166,33.7279,117.7755,1311553740
166,33.728,117.7755,1311540660
166,33.7279,117.7756,1311447360
166,33.7279,117.7756,1311447300
166,33.6673,117.8995,1311379380
166,33.6673,117.8995,1311379320
166,33.6673,117.8995,1311379200
166,33.728,117.7755,1311319200
166,33.728,117.7755,1311294540
166,33.728,117.7755,1311294540
166,33.728,117.7755,1311294300
166,33.7279,117.7755,1311216720
166,33.7279,117.7755,1311123780
166,33.7279,117.7755,1311123360
166,33.7279,117.7755,1311123240
166,33.7279,117.7755,1311123120
166,33.7279,117.7755,1311123120
166,33.7279,117.7755,1311122940
166,33.7279,117.7755,1311122520
166,33.7279,117.7755,1311122520
166,33.7279,117.7754,1311052140
166,33.7279,117.7754,1311036420
166,33.7279,117.7754,1311034320
166,33.7279,117.7754,1311034200
166,33.7279,117.7754,1311034080
166,33.6088,117.9064,1310956140
166,33.6008,117.9025,1310956020
166,33.6008,117.9025,1310955840
166,33.6008,117.9025,1310955420
166,33.6008,117.9025,1310954940
166,33.728,117.7755,1310878620
166,33.728,117.7755,1310878500
166,33.5922,117.7599,1310862120
166,33.728,117.7754,1310841240
166,33.7279,117.7754,1310757480
