1665,34.0694,118.4547,1377654480
1665,34.0695,118.4546,1377645480
1665,34.0695,118.4546,1377645180
1665,34.0695,118.4547,1377560940
1665,34.0615,118.4465,1377401340
1665,38.4567,122.7622,1377200160
1665,38.4567,122.7622,1377195960
1665,38.4486,122.712,1377160500
1665,38.4407,122.7134,1377151680
1665,38.432,122.7558,1377149460
1665,38.4568,122.7622,1377131400
1665,38.4568,122.7622,1377052980
1665,38.4569,122.7622,1377021720
1665,34.0695,118.4547,1376506200
1665,34.0695,118.4548,1376078880
1665,34.0695,118.4547,1376077320
1665,34.0695,118.4547,1375986240
1665,34.061,118.4432,1375232940
1665,35.6876,105.9384,1374947280
1665,35.6873,105.9387,1374945840
1665,35.6688,105.9108,1374903060
1665,35.6695,105.9532,1374902880
1665,35.6689,105.9106,1374883200
1665,34.0695,118.4542,1374704220
1665,34.0693,118.4547,1374636840
1665,34.0694,118.4547,1374529140
1665,34.0623,118.4448,1374420000
1665,34.0319,118.4116,1374169440
1665,34.0694,118.4546,1373942160
1665,34.0694,118.4548,1373839080
1665,34.0586,118.4457,1373747940
1665,34.0617,118.4437,1373567040
1665,34.0617,118.4467,1373170140
1665,33.812,117.9218,1373143980
1665,33.812,117.9197,1373142480
1665,33.8115,117.9217,1373142420
1665,33.8115,117.919,1373085480
1665,34.0833,118.3853,1373042100
1665,34.072,118.4535,1373041980
1665,38.4437,122.7133,1372308180
1665,38.4567,122.762,1372199940
1665,38.4567,122.762,1372192920
1665,38.4268,122.8252,1371871200
1665,38.5563,122.7941,1371860460
1665,38.5576,122.7929,1371858840
1665,38.555,122.8158,1371789720
1665,38.4438,122.7133,1371592260
1665,38.4697,122.7418,1371529080
1665,38.4618,122.7585,1371431880
1665,38.4568,122.7622,1371406260
1665,38.4406,122.7132,1371255900
1665,34.0678,118.4388,1370962740
1665,34.0612,118.4463,1370926560
1665,34.0728,118.4485,1370751240
1665,34.0835,118.3843,1370675640
1665,34.0731,118.451,1370278920
1665,34.0972,118.4068,1370151780
1665,34.097,118.4068,1370145120
1665,34.0972,118.4067,1370145000
1665,36.903,121.403,1370019780
1665,36.7667,121.6573,1369968960
1665,34.0635,118.4426,1369968900
1665,36.7792,121.6532,1369608540
1665,36.7794,121.6529,1369534020
1665,36.6267,121.9183,1369522440
1665,36.7793,121.6528,1369514520
1665,34.0543,118.4328,1369367760
1665,34.0678,118.4387,1369327860
1665,34.0687,118.4492,1369084260
1665,34.0726,118.4536,1369081620
1665,34.0656,118.4402,1368723180
1665,34.0657,118.434,1368595020
1665,34.0678,118.4387,1368573240
1665,34.0655,118.4333,1368563340
1665,34.0678,118.4387,1368321960
1665,34.0678,118.4387,1368241080
1665,34.0678,118.4388,1368240540
1665,34.068,118.4385,1368227580
1665,34.0677,118.4387,1368126660
1665,34.0653,118.4344,1368126600
1665,34.0677,118.4387,1367899080
1665,34.0615,118.4465,1367891400
1665,34.0722,118.4503,1367726580
1665,34.0727,118.4503,1367726520
1665,34.0655,118.4331,1367516160
1665,34.0655,118.4331,1367516100
1665,34.0658,118.4339,1367515980
1665,33.6808,116.237,1366958280
1665,34.0678,118.4388,1366757520
1665,33.6818,116.243,1366690620
1665,33.6808,116.237,1366561140
1665,33.68,116.237,1366528560
1665,33.6798,116.2368,1366496460
1665,33.6808,116.2412,1366429380
1665,33.6827,116.25,1366365720
1665,34.0677,118.4387,1366328820
1665,34.0677,118.4387,1366176840
1665,34.0677,118.4387,1365983520
1665,34.0737,118.4422,1365556980
1665,34.0497,118.4277,1364784240
1665,36.1272,115.1657,1364621040
1665,36.1283,115.1643,1364620020
1665,36.1218,115.1725,1364608140
1665,38.1783,122.5965,1364350440
1665,37.804,122.4513,1364346060
1665,37.804,122.4537,1364346000
1665,38.2905,122.6945,1364339520
1665,37.8283,122.4797,1364339460
1665,38.4457,122.7222,1364339400
1665,38.4192,122.782,1364247420
1665,38.3146,123.0434,1364245140
1665,38.3146,123.0434,1364244960
1665,38.3146,123.0434,1364244660
1665,38.4402,122.7147,1364194380
1665,38.4527,122.7458,1364179800
1665,38.4567,122.7622,1364179560
1665,38.4438,122.7135,1364167020
1665,38.4567,122.7622,1364080380
1665,38.4638,122.7605,1364059140
1665,38.4378,122.8245,1363929900
1665,38.4603,122.654,1363908780
1665,38.4438,122.7135,1363843500
1665,38.4438,122.7135,1363843440
1665,38.4438,122.7134,1363837860
1665,38.4527,122.7978,1363835280
1665,38.4378,122.8153,1363835100
1665,38.4378,122.824,1363834980
1665,34.0598,118.4458,1363483560
1665,34.0677,118.4383,1363141320
1665,34.0698,118.4487,1363127400
1665,34.0615,118.4465,1362944100
1665,34.1026,118.3428,1362886320
1665,34.0676,118.4386,1362687720
1665,34.0652,118.4335,1362637080
1665,34.0588,118.4465,1362621720
1665,34.0706,118.4426,1362606900
1665,34.091,118.3626,1362210960
1665,34.0855,118.3302,1362177960
1665,34.0717,118.4337,1362088320
1665,34.0725,118.4499,1362086880
1665,34.067,118.4386,1362080820
1665,34.058,118.4426,1361737500
1665,34.0677,118.4388,1361693640
1665,34.1025,118.3427,1361651820
1665,34.0678,118.4386,1361513700
1665,34.0702,118.4437,1361305980
1665,34.0615,118.4465,1361246520
1665,34.1017,118.3345,1360997940
1665,34.0632,118.4428,1360722480
1665,34.0678,118.4387,1359769440
1665,34.0717,118.45,1359420780
1665,34.0638,118.4455,1359236100
1665,34.0597,118.4452,1359236040
1665,34.0597,118.446,1359233580
1665,33.9918,118.4805,1359191820
1665,34.0752,118.4383,1359191640
1665,34.0755,118.4387,1358981340
1665,33.9918,118.4805,1358818320
1665,33.9943,118.4785,1358817900
1665,33.9942,118.4802,1358814480
1665,33.9798,118.4649,1358814360
1665,34.0618,118.4463,1358739780
1665,34.0677,118.4387,1358487900
1665,34.0678,118.4385,1358466180
1665,34.0706,118.4025,1358126700
1665,34.0697,118.4058,1358126400
1665,34.0675,118.4148,1358126340
1665,34.0696,118.4058,1358126220
1665,34.0675,118.4148,1358125800
1665,34.0675,118.4148,1358125740
1665,34.0696,118.4059,1358125620
1665,34.0677,118.4387,1358036520
1665,34.1018,118.3392,1357986540
1665,34.0678,118.4387,1357891740
1665,34.9258,118.9287,1357524180
1665,38.3037,122.7083,1357524120
1665,38.4567,122.7621,1357451100
1665,38.4567,122.7622,1357450740
1665,38.4567,122.7622,1357377120
1665,38.4567,122.7622,1357376760
1665,38.4568,122.7621,1357375320
1665,38.4569,122.7619,1357375080
1665,38.4567,122.762,1357320060
1665,38.453,122.7427,1357263540
1665,38.4612,122.7178,1357084980
1665,38.4455,122.718,1357069920
1665,38.4438,122.7139,1357039260
1665,38.5278,122.7914,1357035360
1665,38.5392,122.8187,1357035240
1665,38.5392,122.8185,1357027860
1665,38.5392,122.8187,1357027800
1665,38.4548,122.7143,1357018800
1665,38.4548,122.7143,1357018740
1665,37.8032,122.447,1357006560
1665,37.8322,122.4797,1356933120
1665,37.7923,122.4057,1356923340
1665,37.7875,122.4073,1356921120
1665,37.7912,122.4098,1356910020
1665,37.9685,122.5252,1356904980
1665,38.457,122.762,1356846660
1665,38.4567,122.7622,1356745740
1665,38.4548,122.7627,1356743820
1665,38.4567,122.7622,1356743580
1665,38.4567,122.7622,1356589500
1665,38.4567,122.7622,1356589260
1665,38.4567,122.7622,1356475320
1665,38.4567,122.7622,1356475200
1665,38.4568,122.7622,1356408540
1665,38.4587,122.765,1356404520
1665,38.4438,122.7133,1356331200
1665,38.4405,122.7135,1356331140
1665,35.6816,105.9515,1356029100
1665,35.6869,105.9381,1355722800
1665,35.0477,106.6175,1355684880
1665,34.0981,118.3574,1355432880
1665,34.0613,118.4465,1355282160
1665,34.0677,118.4388,1355016060
1665,34.0677,118.4387,1354731000
1665,33.5431,117.787,1354376040
1665,34.0685,118.3515,1354256340
1665,34.0722,118.3575,1354256220
1665,34.0722,118.3575,1354256040
1665,34.0743,118.3725,1353880680
1665,33.945,118.4008,1353827820
1665,36.1678,79.795,1353715500
1665,36.168,79.795,1353715440
1665,36.1582,79.8085,1353623160
1665,36.0774,79.8211,1353612300
1665,36.168,79.7948,1353533580
1665,36.1679,79.7949,1353531480
1665,36.0729,79.7915,1353275460
1665,33.9475,118.4013,1353165960
1665,34.063,118.4468,1353045480
1665,34.072,118.4437,1353033900
1665,34.0722,118.4441,1353032640
1665,34.09,118.4293,1352514480
1665,34.0084,118.4986,1352482980
1665,34.0716,118.4422,1352080920
1665,34.0587,118.445,1352076240
1665,34.0716,118.4422,1352076120
1665,34.0622,118.4457,1352064840
1665,34.0716,118.4422,1352059680
1665,34.0622,118.4457,1351992360
1665,34.0698,118.4522,1351790340
1665,34.0702,118.4522,1351744920
1665,34.0677,118.4388,1351744620
1665,34.099,118.3457,1351578060
1665,34.099,118.3455,1351488300
1665,34.0675,118.4389,1351390980
1665,34.0678,118.4386,1351145220
1665,34.0677,118.4388,1350852540
1665,34.097,118.3486,1350850740
1665,34.1345,118.3218,1350788460
1665,34.0615,118.4465,1350698700
1665,34.0678,118.4385,1350626520
1665,34.0714,118.4411,1350416640
1665,34.0721,118.3594,1350246960
1665,34.0718,118.4438,1350110400
1665,34.0722,118.4473,1350110280
1665,34.0698,118.4522,1350108120
1665,34.0655,118.434,1350103020
1665,34.0637,118.4423,1350004920
1665,34.0658,118.4398,1350004620
1665,34.0716,118.4422,1349995740
1665,34.0638,118.4425,1349904720
1665,34.0738,118.445,1349904600
1665,34.0714,118.4412,1349811360
1665,34.0597,118.4444,1349759700
1665,34.0668,118.437,1349759520
1665,34.0622,118.4457,1349647680
1665,34.0084,118.4986,1349589660
1665,34.0084,118.4986,1349589540
1665,34.0143,118.4947,1349584980
1665,34.0678,118.4492,1349461320
1665,34.0677,118.4492,1349428920
1665,34.068,118.4492,1349417880
1665,34.0678,118.4493,1349416560
1665,34.0403,118.4269,1349319180
1665,34.0716,118.4422,1349214540
1665,34.0677,118.4391,1349071080
1665,34.0677,118.4391,1349070900
1665,34.0677,118.4391,1349060340
1665,34.0677,118.4391,1348968420
1665,34.0173,118.4983,1348693140
1665,34.017,118.4977,1348690920
1665,34.0677,118.4391,1348608960
1665,34.0677,118.4391,1348608840
1665,34.0719,118.4483,1348466100
1665,34.0719,118.4483,1348453680
1665,34.098,118.3373,1348376340
1665,34.098,118.3468,1348376220
1665,34.0677,118.4387,1348116720
1665,34.0676,118.4385,1347937740
1665,34.0978,118.3429,1347822540
1665,34.0977,118.3428,1347822000
1665,34.0978,118.3429,1347821700
1665,34.1025,118.343,1347771780
1665,34.0833,118.3501,1347742500
1665,38.4332,122.7245,1347646560
1665,38.4568,122.762,1347601620
1665,38.4568,122.762,1347601200
1665,38.4568,122.7621,1347576180
1665,38.4303,123.1085,1347496020
1665,38.3718,123.0758,1347495060
1665,38.4432,122.687,1347494880
1665,38.4566,122.7621,1347434700
1665,38.4592,122.7173,1347400620
1665,38.4567,122.7622,1347334860
1665,38.4567,122.7622,1347264600
1665,38.4063,122.8473,1347238080
1665,38.4063,122.8473,1347236640
1665,38.4073,122.8463,1347236580
1665,38.4409,122.8068,1347226020
1665,38.4566,122.7619,1347218520
1665,38.4565,122.762,1347207480
1665,38.4439,122.7135,1347147840
1665,38.444,122.7137,1347144600
1665,38.444,122.7137,1347143700
1665,38.4568,122.7622,1347137340
1665,38.4567,122.7622,1347136680
1665,38.4458,122.7815,1347069300
1665,38.4412,122.7122,1347055680
1665,38.4566,122.7621,1347000360
1665,38.4567,122.7622,1346999400
1665,38.4564,122.7618,1346999280
1665,38.4438,122.7135,1346907840
1665,38.4438,122.7137,1346903700
1665,38.4438,122.7135,1346899440
1665,38.4568,122.7622,1346869680
1665,38.4567,122.762,1346857260
1665,38.4567,122.7622,1346826120
1665,38.4567,122.7622,1346820480
1665,38.4568,122.7621,1346801580
1665,38.4563,122.7618,1346795220
1665,38.4567,122.7622,1346748240
1665,38.4567,122.7622,1346748120
1665,38.4567,122.7622,1346748060
1665,38.4566,122.7622,1346747940
1665,38.4438,122.7133,1346744040
1665,38.444,122.7137,1346738520
1665,38.4438,122.7135,1346723760
1665,38.444,122.7133,1346723700
1665,38.4293,122.7428,1346707800
1665,38.4568,122.7622,1346706600
1665,36.7793,121.6528,1346626920
1665,36.7795,121.6528,1346626740
1665,36.7795,121.6528,1346611860
1665,36.7795,121.6528,1346611860
1665,36.7793,121.6528,1346611800
1665,36.7793,121.6532,1346544000
1665,36.7793,121.6528,1346481600
1665,38.4568,122.762,1346395140
1665,38.4567,122.762,1346394540
1665,38.4567,122.762,1346387760
1665,38.4412,122.7128,1346290920
1665,38.444,122.7135,1346195820
1665,38.3955,122.819,1346187240
1665,38.3955,122.8192,1346187120
1665,38.4023,122.8197,1346184900
1665,38.4023,122.8197,1346184600
1665,38.444,122.7135,1346050020
1665,38.4568,122.7093,1346049900
1665,38.4568,122.7622,1345963620
1665,38.4567,122.7621,1345955640
1665,38.4567,122.7622,1345955100
1665,38.4438,122.7133,1345866660
1665,38.4568,122.7622,1345858560
1665,38.2763,122.6687,1345563480
1665,38.2838,122.6697,1345563420
1665,38.2833,122.6705,1345516980
1665,38.2835,122.6705,1345514040
1665,38.2833,122.6705,1345511520
1665,38.4567,122.762,1345431420
1665,38.4438,122.7133,1345423260
1665,38.4438,122.7132,1345420800
1665,38.4404,122.7133,1345419480
1665,38.4439,122.7134,1345406760
1665,20.7716,105.519,1345267620
