1671,1.4621,103.7638,1376817300
1671,1.5161,103.667,1371126300
1671,3.1503,101.6157,1370326860
1671,1.485,103.6605,1369839300
1671,1.4795,103.6467,1369835820
1671,1.48,103.6478,1369813680
1671,1.48,103.6478,1369813200
1671,1.5134,103.6571,1369805400
1671,1.5012,103.6499,1366102560
1671,1.5013,103.6499,1366088520
1671,1.503,103.6487,1366016460
1671,1.5013,103.6499,1365952020
1671,1.493,103.6474,1365841800
1671,1.5013,103.6508,1362799740
1671,1.5241,103.6718,1361724240
1671,1.4932,103.6475,1361710500
1671,1.493,103.6474,1361703780
1671,1.5014,103.6502,1361680980
1671,1.501,103.6463,1361600100
1671,1.5106,103.6591,1361549940
1671,1.5228,103.6585,1361548800
1671,3.1439,101.7086,1360746300
1671,3.1487,101.7131,1360745100
1671,5.6167,100.4998,1360475160
1671,5.6181,100.5072,1360377840
1671,5.6133,100.5048,1360340760
1671,5.6381,100.494,1360330920
1671,5.6144,100.488,1360294200
1671,1.4841,103.6479,1360252920
1671,1.5094,103.6489,1359985980
1671,1.512,103.6415,1359733200
1671,1.5027,103.6488,1357369500
1671,3.1202,101.6273,1356961680
1671,1.5013,103.6499,1355598180
1671,1.5013,103.65,1355562840
1671,1.5013,103.65,1354083660
1671,1.5013,103.65,1353696300
1671,1.5,103.6495,1353050580
1671,1.5,103.6494,1353047880
1671,1.5193,103.6629,1352799120
1671,1.5193,103.6629,1352796360
1671,1.5013,103.6508,1352721720
1671,1.5166,103.6686,1352713140
1671,1.5013,103.6508,1352636220
1671,1.5155,103.6673,1352611740
1671,1.5165,103.6685,1352187780
1671,1.6019,103.6446,1352005320
1671,1.6396,103.6251,1352004900
1671,1.5013,103.6499,1351878480
1671,1.5013,103.65,1351877100
1671,1.5013,103.65,1351842000
1671,1.5013,103.65,1351841100
1671,1.5106,103.6591,1351779960
1671,1.5144,103.6557,1351768440
1671,1.5138,103.6554,1351764720
1671,1.5013,103.65,1351748940
1671,1.5013,103.65,1351522380
1671,1.4936,103.6571,1351407960
1671,1.5013,103.65,1351208220
1671,1.5013,103.65,1351189620
1671,1.5013,103.65,1351164960
1671,1.5013,103.65,1351163100
1671,1.5172,103.672,1350881820
1671,1.5013,103.65,1350838440
1671,1.6521,103.5901,1350737160
1671,1.5013,103.6508,1350656100
1671,1.6493,103.5837,1348845900
1671,1.5141,103.6563,1348806060
1671,1.5141,103.6563,1348796880
1671,1.5143,103.6563,1348794960
1671,1.4265,103.6305,1348324740
1671,1.4265,103.6276,1348295820
1671,1.4279,103.6309,1348280700
1671,1.4276,103.6312,1347776100
1671,1.4278,103.6319,1347770400
1671,1.4279,103.6309,1347766980
1671,1.6419,103.6203,1347720840
1671,1.4279,103.6309,1346492160
1671,2.1926,102.2494,1338106740
1671,1.5143,103.6558,1335948840
