1685,41.0528,29.0009,1378225500
1685,41.8958,33.0008,1377821040
1685,41.8958,33.0008,1377820800
1685,41.8926,32.9983,1377816900
1685,41.8912,32.9723,1377699000
1685,41.8912,32.9723,1377693900
1685,41.8918,33.003,1377642960
1685,41.8912,32.9723,1377529620
1685,41.8912,32.9723,1377446760
1685,41.8918,33.003,1377338580
1685,41.8922,32.9755,1377201300
1685,41.8918,33.003,1377196260
1685,41.8942,32.9791,1377113880
1685,41.891,32.9746,1376945640
1685,41.8918,33.003,1376933820
1685,41.8912,32.9723,1376915460
1685,41.891,32.9746,1376912040
1685,41.8918,33.003,1376874660
1685,41.8926,32.9983,1376848560
1685,41.8918,33.003,1376686560
1685,41.8918,33.003,1376603400
1685,41.8926,32.9983,1376579520
1685,41.8918,33.003,1376505960
1685,41.8918,33.003,1376408700
1685,41.8912,32.9723,1376405940
1685,41.8918,33.003,1376359920
1685,41.8918,33.0041,1376226600
1685,41.8919,33.0034,1376173740
1685,41.8939,32.9801,1376164860
1685,41.8912,32.972,1376151720
1685,41.8919,33.0034,1376151300
1685,41.8907,32.9728,1375997880
1685,41.8912,32.9723,1375978920
1685,41.8919,33.0034,1375918260
1685,41.8912,32.9723,1375884720
1685,41.8919,33.0034,1375826580
1685,41.8918,33.003,1375750740
1685,41.8918,33.0041,1375629780
1685,41.8918,33.0041,1375614360
1685,41.8909,32.9728,1375391700
1685,41.8909,32.9728,1375391640
1685,41.8918,33.003,1375381080
1685,41.8926,32.9983,1375287900
1685,41.8835,33.0022,1375224960
1685,41.8918,33.003,1375058520
1685,41.8918,33.003,1374802080
1685,41.8926,32.9983,1374530880
1685,41.8835,33.0022,1374369300
1685,41.8931,32.977,1374354780
1685,41.8931,32.977,1374353820
1685,41.8918,33.003,1374253200
1685,41.393,33.7828,1374193800
1685,41.3928,33.7828,1374193440
1685,41.3925,33.7832,1374160500
1685,41.4108,33.7887,1374144180
1685,41.3879,33.7805,1374096960
1685,41.3946,33.7821,1374015600
1685,41.4228,33.778,1374011880
1685,41.4228,33.778,1374011160
1685,41.4239,33.7732,1374008040
1685,41.3928,33.783,1373926260
1685,41.8912,32.9723,1373727720
1685,41.8912,32.9723,1373727420
1685,41.8835,33.0022,1373666940
1685,41.8918,33.003,1373648400
1685,41.8835,33.002,1373627640
1685,41.8835,33.0022,1373587380
1685,41.891,32.972,1373543520
1685,41.8918,33.003,1373542080
1685,41.8912,32.9723,1373463600
1685,41.8909,32.9728,1373457960
1685,41.8996,32.9841,1373411280
1685,41.8918,33.0041,1373310060
1685,41.8918,33.003,1373243280
1685,41.8909,32.9728,1373232840
1685,41.8912,32.9723,1373208240
1685,41.8912,32.9723,1373208180
1685,41.8926,32.9983,1373158920
1685,41.8923,32.9752,1373158020
