1702,38.4038,27.108,1377383700
1702,38.4601,27.1269,1377209940
1702,37.0337,27.4336,1376862900
1702,37.11,27.2933,1376824320
1702,37.0259,27.4148,1376582820
1702,37.0382,27.4056,1376571960
1702,37.1055,27.2924,1376531640
1702,37.0338,27.4023,1376522280
1702,37.0338,27.4029,1376521020
1702,41.0383,28.9869,1371248880
1702,40.9962,29.0185,1370984940
1702,38.4642,27.1265,1356919080
1702,38.4431,27.1284,1356806460
1702,40.992,28.7111,1356697200
1702,40.9952,28.8474,1355703960
1702,40.992,28.7111,1355501340
1702,39.7886,30.5107,1354420260
1702,39.7886,30.5107,1354417200
1702,39.7735,30.5496,1354384560
1702,40.992,28.7111,1354192380
1702,40.992,28.7111,1354185780
1702,40.995,28.8467,1353351060
