1732,0.0303,109.3367,1377688920
1732,0.042,109.316,1376302560
1732,0.5629,108.9292,1375860960
1732,0.0314,109.3359,1375629720
1732,0.03,109.3366,1375496280
1732,0.0733,109.349,1375029240
1732,0.0189,109.3264,1371001800
1732,0.0184,109.3279,1370993460
1732,0.0402,109.3448,1370380980
1732,0.0387,109.3443,1369015500
1732,0.913,108.982,1368957600
1732,0.0048,109.3687,1367119800
1732,0.0276,109.3437,1364962080
1732,0.0537,109.33,1364605920
1732,0.0454,109.3401,1363486620
1732,0.0544,109.3493,1361443920
1732,0.0306,109.3368,1361159400
1732,0.0305,109.3367,1361157240
1732,0.0403,109.3476,1359603060
1732,0.9153,109.0337,1358727480
1732,0.0315,109.3357,1358162100
1732,0.0303,109.3367,1357817220
1732,0.0296,109.3365,1357600740
1732,0.0204,109.3418,1357530480
1732,0.0204,109.3418,1357530480
1732,0.0618,109.3433,1356885360
1732,0.042,109.316,1356654900
1732,0.0618,109.3433,1356568140
1732,0.0731,109.3497,1356536580
1732,0.0305,109.3367,1356091980
1732,0.0406,109.345,1355963820
1732,0.0406,109.345,1355829900
1732,0.0782,111.5037,1355189940
1732,0.0719,111.4893,1354544220
1732,0.0783,111.5039,1354292040
1732,0.0719,111.4893,1354201560
1732,0.0314,109.3359,1353168360
1732,0.0788,111.4963,1352477040
1732,0.0792,111.504,1352389260
1732,0.0803,111.4954,1352249400
1732,0.0719,111.4893,1351784100
1732,0.0782,111.5037,1351520760
1732,0.083,111.5079,1351091460
1732,0.0781,111.5039,1351091340
1732,0.0719,111.4893,1350380880
1732,0.0719,111.4893,1350309420
1732,0.0719,111.4893,1350026520
1732,0.5445,108.9204,1349531820
1732,0.5662,108.9298,1349531280
1732,0.3,109.1776,1348907040
1732,0.0275,109.3421,1346377800
1732,0.5665,108.9301,1345891500
1732,0.9109,108.9888,1345567380
1732,0.9074,108.9969,1345466520
1732,0.5663,108.9301,1345299480
1732,0.0652,109.3576,1344592860
1732,0.022,109.3367,1343037960
1732,0.5666,108.9304,1342951500
1732,0.0245,109.3395,1342750560
1732,0.1154,109.4086,1342748520
1732,0.0254,109.3363,1342580340
1732,0.0256,109.3389,1342572780
1732,0.0256,109.3389,1342505280
1732,0.0418,109.3392,1341713220
1732,0.0418,109.3392,1341710760
1732,0.0542,109.349,1338732360
1732,0.0448,109.3363,1338601140
1732,0.0737,109.3488,1338203460
1732,0.0735,109.349,1336736940
1732,0.0445,109.3358,1336718160
1732,0.0827,109.3682,1334031180
1732,0.0216,109.3391,1333672500
1732,0.0634,109.3638,1331549640
1732,0.0736,109.3492,1331126100
1732,0.0237,109.337,1330581120
1732,0.0663,109.3684,1330242480
1732,0.0263,109.3381,1329434220
1732,0.0402,109.3365,1328227860
1732,0.3218,108.9738,1328194980
1732,0.0557,109.3497,1327530540
1732,0.0445,109.3361,1327372980
1732,0.0515,109.3368,1326809160
1732,0.0446,109.336,1325053440
