1755,43.0296,87.9106,1377960960
1755,43.028,87.9084,1377745020
1755,43.0344,87.9073,1377696420
1755,43.0373,87.9086,1376958300
1755,43.0285,87.9123,1376656200
1755,35.0823,80.8825,1376253000
1755,35.0703,80.8267,1376249640
1755,43.0296,87.9106,1375839000
1755,43.039,87.911,1375765740
1755,42.7837,88.4173,1374286200
1755,43.0388,87.9066,1370764560
1755,43.0302,87.9351,1370662740
1755,43.4441,88.1832,1368916920
1755,43.0417,87.9181,1368019320
1755,43.0322,87.8956,1367434440
1755,43.3988,88.1804,1367187120
1755,43.0873,88.0766,1366414200
1755,43.0319,87.9092,1364013780
1755,43.0319,87.9092,1364013180
1755,43.0373,87.9082,1362790440
1755,43.0437,87.9156,1362373740
1755,43.0437,87.9156,1362373680
1755,42.5932,88.4139,1362350880
1755,42.5932,88.4139,1362350700
1755,43.0143,87.9228,1361679600
1755,43.4256,88.1837,1361036280
1755,26.0769,97.2063,1360517100
1755,26.1085,97.1685,1360445940
1755,26.0782,97.2077,1360351920
1755,25.9063,97.4318,1360268880
1755,43.3012,87.9887,1356892980
1755,43.0373,87.9086,1356733320
1755,43.0373,87.9086,1356125220
1755,43.053,87.8938,1355639820
1755,42.929,87.9011,1355523420
1755,33.995,118.3958,1354477800
1755,33.995,118.3958,1354474200
1755,34.0199,118.4546,1354416720
1755,43.0367,87.9087,1353564660
1755,43.1717,88.1067,1353193920
1755,44.4979,88.0546,1351456920
1755,44.5012,88.0622,1351446300
1755,44.4979,88.0546,1351441800
1755,43.0367,87.9087,1350802200
1755,41.8795,87.6248,1349457060
1755,34.0192,118.5044,1348361220
1755,34.0083,118.4978,1348348320
1755,34.0084,118.4986,1348344120
1755,34.1524,118.3461,1348282380
1755,33.9869,118.4736,1348260240
1755,33.9869,118.4736,1348260120
1755,43.4432,88.2007,1345117560
1755,43.4463,88.1877,1344911400
1755,43.0362,88.0724,1344901500
1755,43.2486,88.1816,1344748620
1755,43.2355,88.1732,1344748560
1755,43.011,88.0128,1344656820
1755,43.011,88.0128,1344647520
1755,43.031,87.911,1344475920
1755,43.4433,88.2006,1344384300
1755,43.4432,88.2005,1344383940
1755,43.028,87.9711,1344342840
1755,43.028,87.9711,1344311760
1755,43.4432,88.2006,1344192900
1755,43.4433,88.2006,1344135360
1755,43.0637,89.5777,1344082500
1755,43.0373,87.9086,1344006120
1755,43.4434,88.2006,1343869860
1755,44.9655,93.2624,1343567700
1755,44.9655,93.2624,1343567580
1755,44.9655,93.2624,1343567520
1755,44.9694,93.2476,1343566680
1755,44.9703,93.27,1343538600
1755,44.9703,93.2699,1343538480
1755,44.9694,93.2476,1343536620
1755,45.2424,93.6506,1343512200
1755,45.2394,93.6598,1343509980
1755,43.4165,88.2067,1343361780
1755,43.2513,88.2727,1343098080
1755,43.4705,89.7433,1343000400
1755,43.5686,89.7811,1342932600
1755,43.4287,89.7303,1342932360
1755,43.4287,89.7303,1342932180
1755,43.4692,89.769,1342932060
1755,43.0373,87.9086,1342811820
1755,43.4433,88.2005,1342749300
1755,43.0373,87.9088,1342732140
1755,43.0371,87.9089,1342618380
1755,43.0274,87.9106,1342327920
1755,43.4326,88.1911,1342211580
1755,43.3978,88.1809,1342202220
1755,43.4432,88.2006,1342151520
1755,43.4434,88.2006,1342049940
1755,43.0391,87.9385,1342046100
1755,43.4256,88.1837,1341707580
1755,43.4433,88.2006,1341705960
1755,43.4329,88.1901,1341697800
1755,43.4329,88.1901,1341697740
1755,43.234,88.1718,1341627240
1755,43.0368,87.9089,1341603360
1755,43.2367,88.221,1341544020
1755,43.2362,88.1865,1341542760
1755,43.0371,87.9092,1341498120
1755,43.4434,88.1997,1341270180
1755,43.4336,88.2066,1341266880
1755,42.6018,88.3828,1341161100
1755,42.7384,88.4343,1341129720
1755,42.6017,88.3831,1341129660
1755,42.6018,88.3832,1341129540
1755,40.0048,85.9306,1341020640
1755,40.0046,85.9314,1340935320
1755,40.0046,85.9314,1340929800
1755,40.0046,85.9314,1340928240
1755,40.0046,85.9314,1340928180
1755,40.3252,86.7523,1340850120
1755,43.4434,88.2005,1340667780
1755,43.4214,88.1811,1340413380
1755,43.4248,88.1832,1340334780
1755,43.4435,88.2005,1340324100
1755,43.4422,88.1779,1340323620
1755,43.4432,88.2007,1340192940
1755,43.4421,88.2029,1340155620
1755,43.4214,88.1811,1339956120
1755,43.4214,88.1811,1339954860
1755,43.4434,88.2005,1339899840
1755,43.0315,87.9773,1339877700
1755,43.4433,88.2006,1339859940
1755,43.4431,88.2007,1339726380
1755,43.4336,88.2012,1339632180
1755,43.4433,88.2006,1339588260
1755,43.0372,87.9089,1339536900
1755,43.0362,87.9022,1339268400
1755,43.0029,87.9035,1339254180
1755,43.0367,87.9102,1339254000
1755,43.0332,87.9097,1339253880
1755,43.0384,87.9197,1339253700
1755,43.0418,87.9096,1339205400
1755,43.0446,87.9142,1339203900
1755,43.443,88.2007,1338946560
1755,43.4432,88.2007,1338736680
1755,43.4434,88.2007,1338681180
1755,43.4435,88.2,1338649020
1755,43.4256,88.1839,1338645360
1755,43.4434,88.2007,1338639600
1755,43.4434,88.2007,1338610260
1755,43.443,88.2007,1338610080
1755,43.4433,88.2007,1338347340
1755,43.4433,88.2006,1338347220
1755,43.0827,87.8877,1338163740
1755,43.1032,87.9932,1337949960
1755,43.037,87.9091,1337881260
1755,43.0506,88.0402,1337813700
1755,43.4433,88.2007,1337735640
1755,43.0709,87.9513,1337691060
1755,43.4432,88.2005,1337644740
1755,43.4432,88.2007,1337483820
1755,43.5534,89.6945,1337468340
1755,43.4434,88.2006,1337426700
1755,43.4434,88.2006,1337426460
1755,43.4434,88.2007,1337392440
1755,43.0373,87.9086,1337266260
1755,43.248,88.1815,1337001600
1755,43.0638,89.5778,1336855740
1755,43.0638,89.5778,1336855620
1755,43.3995,88.1871,1336763400
1755,43.4436,88.1904,1336739640
1755,43.4433,88.2007,1336704600
1755,43.0695,87.9492,1336652880
1755,43.4433,88.2007,1336615260
1755,43.0369,87.9092,1336501680
1755,43.2661,88.1824,1336480560
1755,43.4369,88.1998,1336437600
1755,43.0369,87.909,1336417920
1755,43.4245,88.1829,1336281000
1755,43.4244,88.1829,1336280820
1755,43.0371,87.9092,1336080600
1755,43.0375,87.9079,1336071900
1755,43.4431,88.2009,1336002780
1755,43.0371,87.9088,1335981120
1755,43.0369,87.9093,1335897480
1755,43.0371,87.9089,1335807600
1755,43.0274,88.0177,1335706620
1755,43.4433,88.2007,1335585720
1755,43.0674,87.9473,1335581340
1755,43.0368,87.909,1335471660
1755,43.037,87.9092,1335209400
1755,43.4432,88.2007,1335099720
1755,43.4433,88.2005,1335066840
1755,43.4434,88.2005,1335031980
1755,43.4432,88.2007,1335023940
1755,43.1807,88.0973,1334977560
1755,43.0374,87.912,1334927040
1755,43.4432,88.2007,1334878800
1755,43.4433,88.2007,1334798700
1755,43.4434,88.2004,1334713860
1755,43.0375,87.9083,1334700120
1755,43.0372,87.9087,1334700060
1755,43.4238,88.1824,1334427120
1755,43.4436,88.2003,1334413980
1755,43.447,88.1901,1334413740
1755,43.0372,87.9089,1334341320
1755,43.0373,87.9086,1334271120
1755,43.0371,87.909,1334252340
1755,43.0373,87.9088,1334237700
1755,43.4434,88.2006,1334195940
1755,43.4434,88.2007,1334194260
1755,43.4016,88.1814,1334185800
1755,43.3844,88.193,1334061480
1755,43.035,89.3948,1333895520
1755,43.0603,89.5596,1333835640
1755,43.4431,88.2007,1333680120
1755,43.0372,87.9088,1333591440
1755,43.037,87.9089,1333484760
1755,43.4433,88.2006,1333417620
1755,43.4439,88.199,1333334820
1755,43.4433,88.2006,1333286880
1755,43.4431,88.2007,1333286520
1755,43.0373,87.909,1333138800
1755,43.0372,87.9089,1333055760
1755,43.0373,87.9086,1332879300
1755,43.0478,88.0384,1332802080
1755,43.0389,88.0068,1332801780
1755,43.4434,88.2004,1332695520
1755,43.4434,88.2006,1332695340
1755,43.0437,87.9156,1332475080
1755,43.4238,88.1824,1332379800
1755,43.4434,88.2006,1332379200
1755,43.4433,88.2007,1332296280
1755,43.4452,88.1923,1332211680
1755,43.396,88.1862,1332158340
1755,42.6018,88.3829,1332084600
1755,42.6017,88.3828,1332029820
1755,42.5748,88.5067,1332026700
1755,42.5748,88.5067,1332026520
1755,42.5972,88.3771,1332017700
1755,43.4414,88.1774,1331941020
1755,43.3446,88.1908,1331853660
1755,43.0389,87.9892,1331851200
1755,43.4434,88.2007,1331780400
1755,43.4433,88.2005,1331688180
1755,43.0348,87.9707,1331678400
1755,43.4432,88.2006,1331604540
1755,43.4431,88.2007,1331500800
1755,43.4238,88.1824,1331491320
1755,43.3012,87.9887,1331407260
1755,43.4433,88.2004,1331388060
1755,43.0371,87.909,1331303640
1755,43.3988,88.1861,1331211720
1755,43.0368,87.9088,1331135340
1755,43.4037,88.1839,1331125380
1755,43.0373,87.9086,1331068500
1755,43.0372,87.9089,1330959060
1755,43.4433,88.2004,1330907520
1755,43.4436,88.2004,1330890660
1755,43.4433,88.2007,1330883820
1755,43.4434,88.2005,1330797060
1755,43.4429,88.2009,1330783800
1755,43.443,88.2009,1330783380
1755,43.4432,88.2009,1330741020
1755,43.0374,87.9088,1330702200
1755,43.0432,87.9327,1330696320
1755,43.4433,88.2007,1330655280
1755,43.4278,88.2164,1330482780
1755,43.424,88.1825,1330240620
1755,43.379,88.1933,1330127160
1755,43.0371,87.9088,1329945120
1755,43.4433,88.2007,1329880620
1755,43.1977,88.1306,1329867900
1755,41.8885,87.6865,1329859260
1755,43.4434,88.2007,1329664380
1755,43.4328,88.2012,1329615780
1755,43.3095,88.185,1329524940
1755,43.0855,88.0569,1329436380
1755,42.9658,88.0691,1329350940
1755,43.0371,87.9091,1329344700
1755,43.248,88.1821,1329225480
1755,43.0353,87.9081,1329171960
1755,43.037,87.909,1329171780
1755,43.0602,88.0484,1329013980
1755,43.0602,88.0484,1329007620
1755,43.4108,88.205,1328983680
1755,43.4271,88.1938,1328983440
1755,43.4433,88.2006,1328967900
1755,43.4435,88.2007,1328967720
1755,43.037,87.9087,1328896020
1755,43.0367,87.9093,1328818800
1755,43.274,88.1845,1328751540
1755,43.2558,88.1779,1328751420
1755,43.0369,87.9089,1328718660
1755,43.2099,88.1435,1328709060
1755,43.4387,88.2066,1328666820
1755,43.037,87.909,1328560020
1755,43.037,87.9091,1328540580
1755,43.4434,88.2006,1328459160
1755,43.4433,88.2008,1328274720
1755,43.4431,88.2011,1328098320
1755,43.4433,88.2006,1328097720
1755,43.4434,88.2007,1328065860
1755,43.4433,88.2007,1328065800
1755,43.4434,88.2006,1328065740
1755,43.4433,88.2008,1328015220
1755,43.0369,87.909,1327947300
1755,43.4434,88.2006,1327887660
1755,43.4433,88.2007,1327863900
1755,43.4433,88.2006,1327848060
1755,43.4434,88.2005,1327847640
1755,43.4433,88.2006,1327846980
1755,43.4432,88.2007,1327846860
1755,43.4432,88.2005,1327773420
1755,43.0352,87.908,1327691580
1755,43.0528,87.9038,1327628820
1755,43.0352,87.908,1327524840
1755,43.0389,87.9345,1327499880
1755,33.4162,111.9377,1327203300
1755,33.416,111.9379,1327202880
1755,33.631,111.8811,1327166100
1755,33.6306,111.8809,1327165980
1755,33.4072,111.9114,1327122960
1755,33.4072,111.9114,1327122780
1755,33.4071,111.9114,1327122720
1755,33.4071,111.9114,1327122600
1755,33.6329,111.8818,1327096920
1755,33.6329,111.8806,1327079580
1755,33.4118,111.9261,1327012080
1755,33.4252,111.9263,1327011960
1755,33.4943,111.9245,1327003800
1755,43.2315,88.1687,1326891960
1755,43.4433,88.2006,1326853920
1755,43.0383,87.9199,1326842760
1755,43.0493,88.0082,1326669900
1755,43.4434,88.2006,1326588900
1755,43.039,87.9208,1326497340
1755,43.0352,87.9084,1326317400
1755,43.0354,87.9085,1326307260
1755,43.4432,88.2011,1326198960
1755,43.4312,88.2141,1326197700
1755,43.4434,88.2006,1326071400
1755,43.4304,88.2163,1325982720
1755,43.4413,88.2032,1325982600
1755,43.4431,88.2008,1325966700
1755,43.4432,88.2008,1325958420
1755,43.4434,88.2006,1325855340
1755,43.4403,88.2063,1325854380
1755,43.0355,87.9086,1325686680
1755,43.4433,88.2006,1325641920
1755,43.1296,88.0556,1325512500
1755,43.4431,88.2008,1325456040
1755,43.4431,88.2007,1325449860
1755,43.4442,88.2002,1325395680
1755,43.4271,88.207,1325303640
1755,43.402,88.1931,1325303460
1755,43.4371,88.218,1325274480
1755,43.4434,88.2005,1325268900
1755,43.4433,88.2006,1325268780
1755,43.4433,88.2006,1325268660
1755,43.4411,88.2069,1325268540
1755,43.4433,88.2006,1325176800
1755,43.4434,88.2008,1325173560
1755,43.4433,88.2006,1325164740
1755,43.4434,88.2007,1324944300
1755,43.3978,88.1913,1324941540
1755,43.3978,88.1836,1324941480
1755,43.4436,88.1994,1324820640
1755,43.4433,88.2006,1324681980
1755,43.3873,88.1926,1324646460
1755,43.4098,88.2041,1324646340
1755,43.4382,88.2015,1324646160
1755,43.0367,88.1104,1324605900
1755,43.0355,87.9086,1324581120
1755,43.4434,88.2006,1324435440
1755,43.2129,88.1507,1324426080
1755,43.0349,87.909,1324391340
1755,43.4433,88.2007,1324221780
1755,43.4433,88.2007,1324220820
1755,43.2747,88.4614,1324174620
1755,43.2467,88.4634,1324174500
1755,43.2176,88.4582,1324174440
1755,43.122,88.4841,1324164540
1755,43.4401,88.2048,1324129740
1755,43.4434,88.2006,1324129560
1755,43.0315,87.9972,1324002900
1755,43.036,87.9091,1323969300
1755,43.4434,88.2006,1323920940
1755,43.0742,87.9561,1323871380
1755,43.0832,87.9684,1323871200
1755,44.298,88.3423,1323650100
1755,44.2979,88.3211,1323650040
1755,44.2973,88.2894,1323649980
1755,44.3079,88.2409,1323649860
1755,44.5012,88.0622,1323649500
1755,44.4083,88.1417,1323649380
1755,44.4211,88.1277,1323649380
1755,44.4408,88.0973,1323649200
1755,44.4971,88.0608,1323628920
1755,44.5012,88.0622,1323624840
1755,43.5477,88.4197,1323619260
1755,43.4269,88.2107,1323561840
1755,43.4311,88.216,1323545460
1755,43.039,87.911,1323501960
1755,43.039,87.911,1323501900
1755,43.0362,87.9118,1323501840
1755,43.044,87.9115,1323486240
1755,43.2728,88.1862,1323436440
1755,43.4421,88.2008,1323401880
1755,43.3977,88.1888,1323401400
1755,43.0584,87.9379,1323352200
1755,40.002,85.9237,1323351780
1755,43.0362,88.1667,1323351660
1755,43.0388,87.9201,1323300660
1755,43.0682,87.9482,1323265740
1755,43.0689,87.9494,1323265560
1755,43.0837,87.9686,1323265320
1755,43.4433,88.2009,1323260340
1755,43.0351,87.9095,1323211560
1755,43.396,88.1862,1323176400
1755,43.4378,88.2126,1323173100
1755,43.4435,88.2006,1323015780
1755,43.4422,88.2013,1323011580
1755,43.4434,88.2006,1323011220
1755,43.4337,88.2163,1323011040
1755,43.4434,88.2006,1322930220
1755,43.4385,88.2082,1322929980
1755,43.4436,88.2006,1322929800
1755,43.4434,88.2008,1322927820
1755,43.4435,88.2009,1322926860
1755,43.4434,88.2006,1322926740
1755,43.4223,88.1822,1322875260
1755,43.4271,88.2076,1322791920
1755,43.0389,87.9158,1322748000
1755,43.0402,87.9207,1322747940
1755,43.2008,88.1336,1322745900
1755,43.2063,88.1394,1322745840
1755,43.2135,88.1503,1322745780
1755,43.4433,88.2007,1322713800
1755,43.0322,87.9621,1322695680
1755,43.0436,87.9324,1322695020
1755,43.4457,88.191,1322615580
1755,43.4435,88.2006,1322529900
1755,43.4445,88.1955,1322446500
1755,43.4432,88.2006,1322435580
1755,43.4333,88.191,1322435400
1755,43.4438,88.2007,1322435100
1755,43.4431,88.2006,1322434920
1755,43.396,88.1979,1322330040
1755,43.3962,88.1976,1322329620
1755,43.4256,88.1837,1322319540
1755,43.4433,88.2007,1322267460
1755,43.4367,88.2016,1322261760
1755,42.6016,88.3826,1322176980
1755,42.6016,88.3839,1322176620
1755,42.6016,88.3829,1322164740
1755,43.4132,88.4554,1322110920
1755,43.3833,88.4608,1322110560
1755,43.3354,88.4295,1322110320
1755,43.301,88.4591,1322110200
1755,43.3043,88.4343,1322110020
1755,43.035,87.9085,1322060160
1755,43.3754,88.1806,1322008260
1755,43.0387,87.9572,1322005080
1755,43.3531,88.1841,1321921560
1755,43.4429,88.1943,1321815060
1755,43.4432,88.2005,1321814760
1755,43.0312,88.108,1321813440
1755,43.4432,88.2006,1321562280
1755,43.0742,87.956,1321451160
1755,43.0836,87.9685,1321450860
1755,43.0918,87.9789,1321450800
1755,43.0375,87.9101,1321312920
1755,43.4441,88.1905,1321223340
1755,43.0748,88.223,1321213800
1755,43.4433,88.2007,1321211820
1755,43.4434,88.1997,1321211580
1755,43.0358,87.9093,1320953340
1755,43.4435,88.2006,1320887220
1755,43.0363,87.9087,1320851280
1755,43.2809,88.1866,1320408660
1755,43.4434,88.2008,1320194220
1755,43.0356,87.9081,1320085800
1755,43.0423,87.9106,1319939820
1755,43.4433,88.2008,1319908980
1755,43.1529,88.499,1319861580
1755,43.0355,87.9074,1319572080
1755,41.9369,87.6414,1319334120
1755,43.0365,87.9092,1319210040
1755,43.0356,87.9097,1319204400
1755,43.032,87.9756,1319169240
1755,43.0437,87.9156,1319169000
1755,43.0437,87.9156,1319162400
1755,43.4434,88.2006,1318812720
1755,43.4435,88.2005,1318812540
1755,33.4083,111.9134,1318649100
1755,33.4083,111.9134,1318565100
1755,42.9488,87.9006,1318540260
1755,43.4433,88.2007,1318532400
1755,43.4431,88.2007,1318517760
1755,43.4433,88.2008,1318210920
1755,43.331,88.1889,1318187880
1755,43.4256,88.1837,1318121400
1755,43.4433,88.2006,1318033440
1755,43.1207,87.9711,1318006560
1755,43.0437,87.9156,1317991140
1755,43.0819,89.5237,1317935160
1755,43.0744,89.3882,1317878580
1755,43.0744,89.3882,1317878520
1755,43.0734,89.4331,1317878400
1755,43.075,89.3871,1317858540
1755,43.0778,89.3876,1317856500
