1760,42.8907,78.8771,1376686860
1760,42.4973,79.1573,1375807920
1760,42.5467,79.1531,1375658460
1760,42.4963,79.1589,1374178200
1760,42.4962,79.1589,1374174540
1760,42.094,79.2676,1373764560
1760,42.4962,79.1589,1373720340
1760,42.4962,79.1589,1373691240
1760,42.4962,79.1589,1373152980
1760,42.4962,79.1586,1373023860
1760,42.4962,79.1589,1372733220
1760,42.5374,79.1658,1372055160
1760,42.4962,79.1589,1371843300
1760,42.4986,79.2214,1371611640
1760,42.5467,79.1536,1371413340
1760,42.5466,79.1531,1370904720
1760,42.5375,79.1665,1370097960
1760,42.9925,78.786,1370052120
1760,42.9925,78.786,1370051940
1760,42.9925,78.786,1370050860
1760,42.5645,79.1382,1369935720
1760,42.9219,78.8769,1367047500
1760,42.9076,78.877,1367011080
1760,42.9273,78.8771,1367002200
1760,42.5568,79.1396,1361392920
