1771,23.2019,45.9536,1377101640
1771,23.2019,45.9537,1376858940
1771,23.2019,45.9537,1376583060
1771,23.2018,45.9537,1376151240
1771,23.202,45.9535,1375555200
1771,23.2021,45.9537,1374161400
1771,22.9816,45.5545,1373824500
1771,23.2045,45.9085,1373328540
1771,23.202,45.9537,1371658920
1771,23.2019,45.9536,1370970420
1771,23.2021,45.9537,1370533860
1771,23.2019,45.9536,1370380440
1771,23.202,45.9536,1370208720
1771,23.202,45.9537,1369871040
1771,23.2063,45.8834,1369670220
1771,23.2021,45.9537,1369339620
1771,23.2021,45.9537,1369009020
1771,23.2021,45.9537,1367774520
1771,23.202,45.9536,1367439720
1771,23.2021,45.9537,1367168640
1771,23.2021,45.9537,1366909800
1771,23.2021,45.9537,1366126740
1771,23.2017,45.9548,1365793560
1771,23.2021,45.9537,1365522360
1771,22.8625,46.0335,1350677100
1771,23.202,45.9537,1348531680
1771,25.211,50.9755,1343082600
