1776,21.7651,52.1071,1378135440
1776,21.7642,52.1076,1377905100
1776,21.7702,52.1113,1377723060
1776,21.7736,52.1133,1377514680
1776,21.7668,52.1082,1377361740
1776,21.758,52.1387,1376925480
1776,21.7777,52.1116,1376836560
1776,21.7696,52.1153,1376760240
1776,21.7573,52.137,1376674260
1776,21.7591,52.1391,1376657220
1776,21.7777,52.1116,1376609280
1776,21.7613,52.142,1376561700
1776,21.7672,52.1128,1376186460
1776,21.7676,52.1116,1376183400
1776,21.7777,52.1116,1376087820
1776,21.7748,52.1085,1375907700
1776,21.7682,52.1122,1375837560
1776,21.7777,52.1116,1375475940
1776,21.7777,52.1116,1374885420
1776,21.7651,52.1071,1374804660
1776,21.7633,52.106,1374786300
1776,21.764,52.102,1374698100
1776,21.7634,52.1059,1374678060
1776,21.764,52.1021,1374665340
1776,21.7633,52.1058,1374616260
1776,21.7634,52.1059,1374541200
1776,21.7748,52.1085,1373934060
1776,21.7713,52.1141,1373824200
1776,21.7748,52.1085,1373814300
1776,21.7749,52.1085,1373660100
1776,21.7682,52.1122,1373596860
1776,21.7777,52.1116,1373219640
1776,21.7777,52.1116,1372521540
1776,21.7777,52.1116,1372287900
1776,21.7641,52.1162,1372086780
1776,21.7783,52.122,1372023060
1776,21.7783,52.122,1372021200
1776,21.7607,52.1102,1372012380
1776,21.7777,52.1116,1371923760
1776,21.7777,52.1116,1371923100
1776,21.7749,52.1085,1371480240
1776,21.7777,52.1116,1371429060
1776,21.7749,52.1087,1371411900
1776,21.764,52.1021,1371044760
1776,21.7748,52.1085,1370724840
1776,21.7777,52.1116,1370651400
1776,22.8053,50.071,1370395740
1776,22.8052,50.071,1370381640
1776,22.8052,50.071,1370194740
1776,22.8102,50.073,1370129400
1776,22.8099,50.073,1370121240
1776,21.7682,52.1096,1369506960
1776,21.7777,52.1116,1369162680
1776,21.7664,52.1069,1368996600
1776,21.7573,52.137,1368789600
1776,21.764,52.102,1368552480
1776,21.7733,52.1097,1368447840
1776,21.7571,52.1154,1368231300
1776,21.7748,52.1085,1367627340
1776,21.7725,52.1119,1367534760
1776,21.7732,52.1213,1367247420
1776,21.7777,52.1116,1367180640
1776,21.7748,52.1085,1366923900
1776,21.7639,52.1021,1366893720
1776,21.7668,52.1081,1366480680
1776,21.764,52.102,1366115940
1776,21.7574,52.1135,1365883260
1776,21.7777,52.1116,1365766920
1776,21.7639,52.1024,1365512220
1776,21.7566,52.1146,1365190680
1776,21.7634,52.1059,1364909100
1776,21.7777,52.1116,1364763420
1776,21.7698,52.1126,1364662440
1776,21.775,52.1083,1364660100
1776,21.7634,52.1059,1364508600
1776,21.7777,52.1116,1363998600
1776,21.7745,52.1087,1363869480
1776,21.7874,52.0491,1363451400
1776,21.7777,52.1116,1363199760
1776,21.7644,52.1061,1363112640
1776,21.764,52.102,1362770460
1776,21.764,52.1021,1362488940
1776,21.7574,52.1135,1362403260
1776,21.7749,52.1084,1362335040
1776,21.7574,52.1135,1362264120
1776,21.7748,52.1085,1361997960
1776,21.7715,52.107,1361984280
1776,21.7639,52.1024,1361796180
1776,21.7639,52.1024,1361452560
1776,21.7638,52.1015,1361386440
1776,21.7777,52.1116,1359490080
1776,24.0064,46.2683,1359236280
1776,24.0064,46.2683,1358733120
1776,21.7783,52.122,1358123520
1776,21.7777,52.1116,1358031360
1776,21.7777,52.1116,1357740540
1776,21.7777,52.1116,1357483560
1776,21.7777,52.1116,1357078740
1776,21.7777,52.1116,1356533640
1776,21.7777,52.1116,1356459660
1776,21.7749,52.1085,1356306360
1776,21.7748,52.1083,1356299820
1776,21.7652,52.1744,1355477400
1776,21.7777,52.1116,1355406960
1776,21.7777,52.1116,1355009040
1776,21.7777,52.1116,1354630320
1776,21.7686,52.1051,1354543260
1776,21.7608,52.1702,1354053300
1776,21.7682,52.1096,1354044720
1776,21.7777,52.1116,1353939600
1776,21.7777,52.1116,1353792660
1776,21.775,52.1085,1353770520
1776,21.7777,52.1116,1353612060
1776,21.7777,52.1116,1353592260
1776,21.7692,52.1087,1353440820
1776,21.7777,52.1116,1353368280
1776,21.772,52.1263,1352582100
1776,21.772,52.1263,1352564280
1776,21.7682,52.1096,1352210280
1776,21.7777,52.1116,1351735380
1776,21.7651,52.1072,1351470000
1776,21.7749,52.1085,1351450620
1776,21.7749,52.1085,1351447920
1776,21.7749,52.1085,1351447140
1776,21.7777,52.1116,1351259520
1776,21.7777,52.1116,1351259400
1776,21.7566,52.1146,1351195200
1776,21.7777,52.1116,1350755400
1776,21.7721,52.1045,1350572520
1776,21.7749,52.1085,1350419400
1776,21.7777,52.1116,1350058920
1776,21.7312,52.0634,1349904720
1776,21.7777,52.1116,1349735760
1776,21.7749,52.1085,1349279100
1776,21.7768,52.1465,1349189940
1776,21.5708,51.9748,1349090640
1776,21.764,52.1021,1348844640
1776,21.7777,52.1116,1348691880
1776,21.7749,52.1085,1348606200
1776,21.7777,52.1116,1348518960
1776,21.7749,52.1085,1348334340
1776,21.7777,52.1116,1348331220
1776,21.7777,52.1116,1348181640
1776,21.7574,52.1135,1348098600
1776,21.7777,52.1116,1347822000
1776,21.7634,52.1059,1347548340
1776,21.7875,52.1342,1347406860
1776,21.7875,52.1342,1347289620
1776,21.7702,52.1142,1347131400
1776,21.7777,52.1116,1347048960
1776,21.7777,52.1116,1346771880
1776,21.7643,52.1075,1346725560
1776,21.7777,52.1116,1346684820
1776,21.7749,52.1085,1346458620
1776,21.7777,52.1116,1346128380
1776,21.7682,52.1096,1346103420
1776,21.7777,52.1116,1345846440
1776,22.8099,50.073,1345824180
1776,21.7777,52.1116,1345748160
1776,21.7777,52.1116,1345171620
1776,21.7749,52.1085,1345055040
1776,21.7634,52.1059,1344873960
1776,21.7634,52.1059,1344796860
1776,21.7634,52.1059,1344796560
1776,21.7634,52.1059,1344796080
1776,21.775,52.1085,1344552540
1776,21.7679,52.1121,1343426820
1776,21.7634,52.1059,1343337960
1776,21.7675,52.1087,1343242500
1776,21.7674,52.1089,1343155440
1776,21.774,52.109,1343058180
1776,21.7682,52.1096,1342901400
1776,21.7749,52.1085,1342807860
1776,21.7563,52.1139,1342547580
1776,21.7563,52.1139,1342480860
1776,21.7312,52.0634,1342478520
1776,21.775,52.1085,1342290660
1776,21.7777,52.1116,1342060920
1776,21.7777,52.1116,1341619080
1776,21.7749,52.1085,1341512100
1776,21.7566,52.1146,1341328500
1776,21.7749,52.1085,1341263340
1776,21.7655,52.1068,1340839140
1776,21.7702,52.1113,1340585040
1776,21.7749,52.1085,1340297820
1776,21.7566,52.1146,1340061180
1776,21.7566,52.1146,1339960260
1776,21.7777,52.1116,1339675680
1776,21.775,52.1085,1339601460
1776,21.7618,52.1165,1339543140
1776,21.7777,52.1116,1339171980
1776,27.4664,48.3772,1339092420
1776,21.7777,52.1116,1339017420
1776,21.7634,52.1059,1339003380
1776,21.7628,52.1225,1338820860
1776,21.7702,52.1113,1338738000
1776,21.7682,52.1096,1338261840
1776,21.7566,52.1146,1338137940
1776,21.7777,52.1116,1338063720
1776,27.4322,48.3942,1338049200
1776,21.7679,52.1121,1337806440
1776,21.7748,52.1086,1337703420
1776,21.7749,52.1085,1337472240
1776,21.7678,52.1118,1337372160
1776,21.7777,52.1116,1337117520
1776,21.7777,52.1116,1336960560
1776,21.7748,52.1086,1336846860
1776,21.7749,52.1085,1336704900
1776,21.7708,52.114,1336495800
1776,21.7555,52.0997,1336414260
1776,21.775,52.1085,1336315620
1776,21.7682,52.1096,1335826800
1776,21.7695,52.1117,1335795840
1776,21.7777,52.1116,1335557100
1776,21.7749,52.1085,1335298140
1776,21.7566,52.1146,1335223260
1776,21.7777,52.1116,1335104700
1776,21.7682,52.1096,1334952360
1776,21.7749,52.1084,1334606880
1776,21.7742,52.1082,1334339580
1776,27.5958,48.5518,1334256780
1776,27.5983,48.5489,1334254500
1776,27.597,48.5513,1334252940
1776,27.5984,48.5538,1334251920
1776,21.7573,52.137,1333991580
1776,21.775,52.1085,1333833480
1776,21.775,52.1085,1333819560
1776,21.7748,52.1084,1333666620
1776,21.775,52.1085,1333551960
1776,21.775,52.1085,1333485720
1776,21.775,52.1085,1333471380
1776,21.7756,52.1202,1333416660
1776,21.775,52.1085,1333290420
1776,27.4322,48.3942,1333132260
1776,21.775,52.1085,1332958080
1776,21.7777,52.1116,1332801840
1776,21.7566,52.1146,1332537480
1776,21.7566,52.1146,1332202800
1776,21.7749,52.1085,1332103500
1776,21.7566,52.1146,1332016980
1776,21.7566,52.1146,1331942280
1776,21.775,52.1085,1331850120
1776,21.7749,52.1085,1331006820
1776,21.7312,52.0634,1330997040
1776,21.775,52.1085,1330977480
1776,27.437,48.3982,1330833780
1776,27.4232,48.4024,1330817760
1776,21.7717,52.1093,1330806300
1776,21.7749,52.1085,1330649220
1776,21.7749,52.1085,1330551840
1776,21.7749,52.1085,1330382700
1776,21.7683,52.1117,1330304520
1776,21.7312,52.0634,1330301100
1776,22.1158,51.4072,1329927720
1776,21.7749,52.1085,1329867240
1776,21.7563,52.1147,1329845760
1776,21.7565,52.1148,1329704880
1776,21.7565,52.1148,1329704520
1776,21.7749,52.1085,1329422340
1776,21.7749,52.1085,1329416340
1776,21.7749,52.1085,1329320280
1776,21.7749,52.1085,1329234120
1776,23.6132,46.6957,1328998380
1776,23.5853,46.7197,1328825100
1776,22.3757,49.195,1328370420
1776,22.8052,50.0709,1328203680
1776,22.8052,50.071,1328203140
1776,23.6133,46.6958,1328049540
1776,23.5854,46.7197,1327802340
1776,23.6262,46.7002,1327793280
1776,23.5855,46.7197,1327721160
1776,23.5955,46.6868,1327720500
1776,21.757,52.1368,1327666080
1776,22.8052,50.0709,1327510080
1776,22.8052,50.0709,1327505640
1776,22.8055,50.071,1327351920
1776,21.7328,52.064,1327349400
1776,22.8052,50.0709,1327324560
1776,22.8052,50.0709,1327324260
1776,22.8052,50.0709,1327323960
1776,22.9737,49.877,1327247580
1776,21.7752,52.1084,1326977280
1776,21.85,52.4593,1326931560
1776,22.8052,50.0712,1326126480
1776,22.7592,50.0487,1326041820
1776,22.8053,50.071,1325715660
1776,22.9803,49.8797,1325628060
1776,22.9803,49.8797,1325627820
1776,22.8052,50.0709,1325547660
1776,22.8099,50.073,1325523120
1776,22.8051,50.0709,1325515380
1776,22.8051,50.0709,1325513580
1776,22.8051,50.0709,1325453400
1776,22.8051,50.0709,1325451660
1776,21.7682,52.1096,1325213820
1776,21.7682,52.1096,1325212980
1776,21.7749,52.1086,1324842060
1776,21.7748,52.1086,1324563480
1776,21.7668,52.4423,1324475940
1776,21.7748,52.1084,1324234140
1776,21.7748,52.1085,1324224420
1776,21.7695,52.1117,1324158900
1776,25.442,49.2414,1323901440
1776,25.4327,49.2753,1323690540
1776,25.4319,49.2965,1323689820
1776,25.4295,49.2693,1322939340
1776,25.4248,49.27,1322938860
1776,25.4378,49.2683,1322880300
1776,27.5972,48.5587,1322268540
1776,22.8053,50.0708,1322254260
1776,22.8047,50.0716,1322250060
1776,22.8048,50.0717,1322238480
1776,27.4289,48.4027,1321960020
1776,27.4322,48.3942,1321838520
1776,27.4322,48.3942,1321837560
1776,27.4232,48.4021,1321634700
1776,27.4232,48.4022,1321632780
1776,27.4255,48.4014,1321358160
1776,27.437,48.3939,1321315620
1776,27.4232,48.4021,1321286760
1776,27.437,48.3939,1321229280
1776,27.596,48.55,1321188540
1776,27.6025,48.5388,1320966960
1776,27.6773,48.617,1320966420
1776,27.5948,48.5527,1320931320
1776,27.4289,48.4027,1320839760
1776,27.4232,48.4024,1320837240
1776,27.4322,48.3942,1320803820
1776,27.4232,48.4026,1320767340
1776,27.4322,48.3942,1320719460
1776,27.4372,48.3905,1320595200
1776,27.5543,48.4982,1320514320
1776,27.436,48.3933,1320510780
1776,27.5543,48.4983,1320418800
1776,27.4368,48.3939,1320273240
1776,27.4368,48.3938,1320239400
1776,27.4232,48.4021,1320161640
1776,27.5538,48.4985,1320082020
1776,27.437,48.3939,1320060540
1776,27.437,48.3939,1319930580
1776,27.4231,48.402,1319727480
1776,27.4289,48.3978,1319645940
1776,27.437,48.3939,1319541600
1776,27.437,48.3939,1319511000
1776,27.4361,48.3932,1319474460
1776,27.4457,48.3747,1319419740
1776,27.4322,48.3942,1319417280
1776,27.4376,48.3907,1319330520
1776,27.5538,48.4985,1319287080
1776,27.437,48.3941,1319239500
1776,27.5535,48.4987,1319234280
1776,27.4368,48.394,1319134740
1776,27.4322,48.3942,1318981500
1776,27.4322,48.3942,1318959360
1776,27.4442,48.3733,1318898580
1776,27.468,48.3757,1318886640
1776,27.4503,48.4425,1318875840
1776,27.4369,48.3939,1318772340
1776,27.437,48.3939,1318725900
1776,27.437,48.3941,1318630080
1776,27.4259,48.4043,1318435440
1776,27.4232,48.4022,1318424880
1776,27.4368,48.3938,1318338120
1776,27.437,48.3939,1318268580
1776,27.4398,48.3878,1318199460
1776,27.4369,48.3939,1318192260
1776,27.4232,48.4021,1317988560
1776,27.4369,48.3939,1317925440
1776,27.4232,48.402,1317821100
1776,27.4232,48.4021,1317753300
1776,27.4361,48.3927,1317674040
1776,27.4232,48.4022,1317553860
1776,27.4232,48.4021,1317407460
1776,27.4232,48.4021,1317405420
1776,27.4232,48.4021,1317387720
1776,27.4322,48.3942,1317244980
1776,27.4231,48.4021,1317221580
1776,27.4232,48.4022,1317134040
1776,27.4232,48.4021,1317036480
1776,27.4369,48.3939,1317006180
1776,27.4232,48.4021,1316956200
1776,27.4232,48.4021,1316872380
1776,27.4371,48.394,1316808900
1776,27.4289,48.4027,1316799420
1776,27.4289,48.4027,1316790120
1776,27.4369,48.3939,1316742360
1776,27.437,48.3942,1316697420
1776,27.437,48.3939,1316640600
1776,27.437,48.3942,1316514660
1776,27.4289,48.4027,1316264220
1776,27.437,48.3941,1316093340
1776,27.4232,48.4021,1316000820
1776,27.4369,48.3939,1315884000
1776,27.4232,48.4021,1315849080
1776,27.4232,48.4021,1315835220
1776,27.4369,48.3939,1315788300
1776,27.4322,48.3942,1315757220
1776,27.4232,48.4021,1315747800
1776,27.4369,48.3939,1315713000
1776,27.4231,48.402,1315679640
1776,27.4232,48.4021,1315662840
1776,27.437,48.3939,1315523520
1776,27.4232,48.4021,1315420560
1776,27.4232,48.4021,1315400220
1776,27.4232,48.4021,1315399440
1776,27.4232,48.4022,1315154160
1776,27.4233,48.4022,1315139220
1776,27.4232,48.4021,1315071300
1776,27.4368,48.3938,1314934500
1776,27.4369,48.394,1314828840
1776,27.4232,48.4021,1314815640
1776,27.4232,48.4024,1314737640
1776,27.4233,48.4021,1314731700
1776,27.4233,48.4021,1314619020
1776,27.4232,48.4022,1314532440
1776,27.4422,48.4034,1314400860
1776,27.4422,48.4034,1314400620
1776,27.4232,48.4021,1314370080
1776,27.4322,48.3942,1314359160
1776,27.4368,48.3938,1314310380
1776,27.4369,48.3938,1314309120
1776,27.4232,48.4022,1314291360
1776,27.423,48.4022,1314204780
1776,27.423,48.4022,1314204120
1776,27.4369,48.3938,1314050040
1776,27.4232,48.4021,1313937300
1776,27.4322,48.3942,1313936520
1776,27.4232,48.4021,1313932920
1776,27.423,48.4021,1313929140
1776,27.4232,48.4022,1313865420
1776,27.4232,48.4022,1313858700
1776,27.4232,48.4022,1313851920
1776,27.4369,48.3937,1313805060
1776,27.4369,48.3937,1313783820
1776,27.4369,48.3937,1313783160
1776,27.4369,48.3937,1313783040
1776,27.423,48.4022,1313776980
1776,27.423,48.4022,1313776740
1776,27.4369,48.3937,1313750940
1776,27.4232,48.4022,1313685960
1776,27.4369,48.3937,1313625300
1776,27.4369,48.3937,1313623860
1776,27.4322,48.3942,1313601900
1776,27.4232,48.4022,1313586840
1776,27.437,48.3939,1313535180
1776,27.4232,48.4022,1313513340
1776,27.4232,48.4024,1313510400
1776,27.4233,48.4022,1313497140
1776,27.4232,48.4022,1313430420
1776,27.4322,48.3942,1313427900
1776,27.423,48.4021,1313416080
1776,27.423,48.4021,1313413560
1776,27.423,48.4021,1313411940
1776,27.4233,48.4021,1313343900
1776,27.4233,48.4021,1313341620
1776,27.4377,48.4037,1313339160
1776,27.4322,48.3942,1313294580
1776,27.4233,48.4022,1313244240
1776,27.4233,48.4022,1313243880
1776,27.4233,48.4022,1313237820
1776,27.423,48.4021,1313175780
1776,27.423,48.4021,1313175600
1776,27.423,48.4021,1313175480
1776,27.4232,48.4022,1313153460
1776,27.4232,48.4022,1313150040
1776,27.445,48.3996,1313098380
1776,27.445,48.3996,1313097960
1776,27.4232,48.4022,1313070060
1776,27.423,48.4021,1313065980
1776,27.423,48.4021,1313064360
1776,27.4232,48.4022,1312985760
1776,27.4232,48.4022,1312985460
1776,27.4232,48.4022,1312985280
1776,27.4232,48.4022,1312984020
1776,27.4232,48.4022,1312983360
1776,27.4232,48.4022,1312983240
1776,27.4232,48.4022,1312980900
1776,27.4236,48.4022,1312911000
1776,27.4377,48.4037,1312892220
1776,22.9054,43.2136,1312758540
1776,22.9182,43.0943,1312681980
1776,22.918,43.0946,1312670820
1776,22.9182,43.0938,1312670700
1776,22.918,43.0946,1312669200
1776,22.918,43.0946,1312578720
1776,22.918,43.0946,1312578420
1776,22.9182,43.0938,1312570980
1776,22.9182,43.0938,1312564200
1776,22.9182,43.0938,1312562040
1776,27.5975,48.5588,1312388400
1776,27.423,48.402,1312378980
1776,27.423,48.402,1312377060
1776,27.4234,48.4021,1312316100
1776,27.4322,48.3942,1312314360
1776,27.4322,48.3942,1312307280
1776,27.4232,48.4024,1312303500
1776,27.4391,48.4037,1312298760
1776,27.4322,48.3942,1312294860
1776,27.4235,48.4021,1312291980
1776,27.4322,48.3942,1312288140
1776,27.423,48.402,1312286460
1776,27.4232,48.4024,1312284900
1776,27.423,48.402,1312219020
1776,27.4232,48.4024,1312216140
1776,27.4234,48.402,1312208640
1776,27.4234,48.402,1312208100
1776,27.4234,48.402,1312207920
1776,27.4234,48.402,1312207440
1776,27.4234,48.402,1312206780
