1787,3.0552,101.5862,1378386840
1787,3.0554,101.5862,1378013400
1787,3.0552,101.5862,1378013160
1787,3.0564,101.5949,1377762960
1787,3.0551,101.5862,1377353040
1787,3.0552,101.5862,1376928480
1787,3.1294,101.6821,1376725920
1787,3.0552,101.5863,1376482680
1787,49.0146,2.5423,1376378880
1787,43.697,7.2588,1376290740
1787,43.697,7.2587,1376200140
1787,43.6969,7.2588,1376117280
1787,48.8686,2.3037,1376018520
1787,48.8687,2.3038,1375945680
1787,48.8687,2.3039,1375863900
1787,48.8686,2.3037,1375804260
1787,2.7539,101.7048,1375707960
1787,3.0552,101.5868,1374984660
1787,3.0552,101.5863,1374570600
1787,3.0751,101.5922,1374566940
1787,3.1446,101.7155,1374486180
1787,3.0603,101.5808,1374379440
1787,3.0552,101.5863,1374140100
1787,3.0553,101.5863,1373803380
1787,3.0552,101.5863,1373724360
1787,3.0556,101.5862,1373165760
1787,3.0553,101.5864,1373017800
1787,3.0564,101.595,1372902660
1787,3.0552,101.5864,1372772160
1787,3.0552,101.5863,1372601040
1787,3.0637,101.5658,1372565340
1787,3.0632,101.5653,1372564320
1787,3.1469,101.717,1371301920
