1799,37.14,8.5327,1378239480
1799,37.1169,8.5368,1378223520
1799,37.1169,8.5368,1378218720
1799,37.1224,8.5894,1377944940
1799,37.7251,8.7829,1377728280
1799,37.7235,8.7853,1377704640
1799,37.7248,8.7813,1377638280
1799,37.7803,8.8015,1377625980
1799,37.7225,8.7874,1377383580
1799,37.1437,8.5391,1377103800
1799,37.1176,8.5208,1376866440
1799,37.1176,8.5208,1376866320
1799,37.1105,8.5138,1376839920
1799,37.1169,8.5368,1376658720
1799,37.1153,8.5283,1376005260
1799,37.1437,8.5391,1375940640
1799,37.148,8.5332,1375940400
1799,37.117,8.5367,1375936980
1799,37.1169,8.5368,1375786740
1799,37.1155,8.5309,1375702440
1799,37.1155,8.5309,1375658400
1799,37.1212,8.536,1375624620
1799,37.1169,8.5368,1375624320
1799,38.7489,9.1453,1367305500
1799,38.7559,9.1567,1366798620
1799,38.749,9.1452,1366621860
1799,37.1437,8.5393,1364494260
1799,37.1437,8.5393,1364074740
1799,38.749,9.1452,1361356860
1799,38.748,9.1513,1361214180
1799,38.7491,9.1452,1361194440
1799,38.7491,9.1451,1360475340
1799,38.749,9.1451,1360326240
1799,38.7491,9.1451,1360198200
1799,38.749,9.1451,1359850980
1799,38.749,9.1452,1359748500
1799,38.7141,9.1392,1359748080
1799,38.749,9.1451,1359546780
1799,38.749,9.1451,1359480900
1799,38.749,9.1451,1358956320
1799,38.749,9.1451,1358857560
