1810,21.1551,101.6876,1378348620
1810,21.1193,101.6652,1378318740
1810,21.1142,101.6544,1377917280
1810,21.1142,101.6543,1377916860
1810,21.1142,101.6544,1377916680
1810,21.1141,101.6544,1377916560
1810,21.1142,101.6543,1377909000
1810,21.1142,101.6543,1377822780
1810,21.1142,101.6543,1377821700
1810,21.1143,101.655,1377738180
1810,21.1142,101.6548,1377725700
1810,21.1143,101.6543,1377706020
1810,21.1153,101.6535,1377451980
1810,21.1192,101.667,1377218280
1810,21.1194,101.6673,1377192060
1810,21.1192,101.6673,1376933460
1810,20.5739,101.1886,1376867520
1810,21.1195,101.6662,1376620860
1810,21.118,101.6655,1376011440
1810,21.119,101.667,1376008800
1810,21.119,101.667,1375317360
1810,21.1195,101.6662,1375116720
1810,21.1195,101.6663,1375030320
1810,21.1195,101.666,1374723000
1810,21.1192,101.6672,1374604380
1810,21.1483,101.6827,1374188040
1810,21.1193,101.6672,1374103980
1810,19.4728,99.2243,1373987520
1810,20.5889,101.2108,1373901480
1810,20.5889,101.2108,1373831580
1810,21.1197,101.6662,1373424780
1810,21.1193,101.6653,1373413560
1810,21.1193,101.6672,1373394300
1810,21.1192,101.6673,1373336100
1810,20.3462,102.03,1373225460
1810,20.3462,102.03,1373165580
1810,21.1194,101.6671,1373063820
1810,19.368,99.2615,1372868040
1810,19.4697,99.2267,1372859820
1810,20.569,100.3024,1372821420
1810,21.1195,101.6663,1372452900
1810,21.1197,101.6665,1372446660
1810,21.1552,101.688,1372433040
1810,21.1198,101.6668,1372366620
1810,21.1192,101.667,1372288080
1810,21.1194,101.6672,1372254300
1810,21.1553,101.688,1372227060
1810,21.1183,101.6673,1371770400
1810,21.119,101.6672,1371587220
1810,21.1193,101.665,1371241860
1810,21.1197,101.666,1371163200
1810,21.1195,101.6673,1371080340
1810,21.1193,101.6672,1370883240
1810,21.1552,101.688,1370822280
1810,21.1552,101.6881,1370813520
1810,21.1552,101.6881,1370805060
1810,21.1552,101.688,1370713440
1810,21.1552,101.688,1370637180
1810,21.1195,101.6672,1370478300
1810,21.1195,101.6673,1370441700
1810,21.1195,101.6673,1370385480
1810,21.1197,101.6662,1370051220
1810,21.1198,101.6672,1369872720
1810,21.1196,101.6673,1369864680
1810,21.1194,101.667,1369853280
1810,21.1194,101.6672,1369775520
1810,21.1127,101.6555,1369358880
1810,21.1552,101.6881,1369284180
1810,21.1553,101.6881,1369280460
1810,21.1194,101.667,1369233900
1810,21.1197,101.6665,1369168080
1810,19.4728,99.2243,1369074120
1810,19.5109,99.2337,1369008300
1810,19.5102,99.2344,1369007700
1810,21.1194,101.667,1368744540
1810,21.1194,101.667,1368720720
