1817,34.1587,117.249,1377489000
1817,34.1587,117.2491,1377409980
1817,34.1588,117.249,1376286240
1817,34.1588,117.2492,1376276400
1817,34.1587,117.249,1376188200
1817,34.1591,117.2492,1376181480
1817,34.1587,117.249,1376084100
1817,34.1587,117.2491,1376054880
1817,34.1588,117.2491,1376015760
1817,34.0725,117.2053,1376011380
1817,34.1588,117.2492,1375985100
1817,34.1588,117.249,1375969020
1817,34.1588,117.2492,1375926420
1817,34.1588,117.2493,1375905060
1817,34.1589,117.2493,1375819140
1817,34.1587,117.249,1375736760
1817,34.1587,117.249,1375588380
1817,34.1588,117.2491,1375516380
1817,34.1587,117.2492,1375503840
1817,34.1589,117.2491,1375482000
1817,34.1589,117.2492,1375472700
1817,34.068,117.2275,1375421160
1817,34.068,117.2272,1375416540
1817,34.159,117.2494,1375199220
1817,34.1588,117.2493,1375143540
1817,34.0711,118.45,1375067220
1817,34.0711,118.4504,1375035480
1817,34.1452,117.4716,1374719280
1817,34.1586,117.2498,1374547200
