1836,19.4278,99.136,1376350680
1836,19.3764,99.108,1375994940
1836,19.3767,99.1083,1375758420
1836,19.3768,99.1081,1375147920
1836,22.1654,101.002,1374208620
1836,20.5808,100.3601,1373998260
1836,20.5998,100.3748,1373944440
1836,19.3938,99.1436,1373777640
1836,19.3768,99.1082,1373494620
1836,19.3766,99.1081,1373323560
1836,19.3766,99.108,1373265180
1836,19.3766,99.108,1373264460
1836,19.3768,99.1082,1372374420
1836,19.3769,99.1082,1371770700
1836,19.3769,99.1082,1371493500
1836,19.3757,99.0955,1371159240
1836,19.377,99.1083,1370232780
1836,19.3315,99.3013,1366870260
1836,19.3766,99.1081,1366868880
1836,19.3767,99.1082,1362705300
1836,19.3768,99.1082,1362506700
1836,19.3705,99.1669,1362259860
1836,19.4999,99.2518,1362243720
1836,19.4997,99.2511,1362241260
1836,19.4841,99.1355,1361938320
1836,19.6764,98.8446,1361734740
1836,19.6888,98.8341,1361734320
1836,19.2886,99.159,1361562540
1836,19.3767,99.1082,1361244300
1836,19.6644,98.8211,1361047200
1836,19.377,99.1082,1361040000
1836,19.3769,99.1083,1360896660
1836,19.3768,99.1085,1360895880
1836,19.6644,98.8211,1360894980
1836,19.4131,99.1679,1360638240
1836,19.2945,99.1572,1360601280
1836,19.4131,99.1679,1360298820
1836,19.4131,99.1679,1360298640
1836,19.4131,99.1679,1360298220
1836,19.4131,99.1679,1360295760
1836,19.4131,99.1679,1360295220
1836,19.4131,99.1679,1360291980
1836,19.4131,99.1679,1360289940
1836,19.2886,99.159,1360265880
1836,19.4333,99.1346,1358481660
1836,19.4698,99.0968,1357779300
1836,19.2886,99.159,1357779000
1836,19.3713,99.1067,1356418800
1836,19.3764,99.1081,1356321780
1836,19.3766,99.1081,1356321480
1836,19.3767,99.1084,1355980320
1836,19.3766,99.1083,1355368800
1836,19.3765,99.1084,1355183160
1836,19.2886,99.159,1354909080
1836,19.3765,99.1084,1354766820
1836,19.3764,99.108,1354678800
1836,19.3764,99.108,1354678200
1836,19.3764,99.108,1354677780
1836,19.4266,99.1368,1354665960
1836,19.2886,99.159,1354641780
1836,19.2919,99.1591,1354572180
1836,19.393,99.1505,1354145820
1836,19.2886,99.159,1354123380
1836,19.3769,99.1081,1353972240
1836,19.3686,99.1221,1353886920
1836,19.3919,99.1835,1353780600
1836,19.3704,99.1746,1353371940
1836,19.3736,99.1627,1353362880
1836,19.3687,99.1214,1353290580
1836,19.2886,99.159,1352868060
1836,19.2886,99.159,1352398380
1836,19.3764,99.108,1352354520
1836,19.2939,99.1582,1352353620
1836,19.3766,99.108,1352175360
1836,19.3766,99.108,1352175060
1836,19.3767,99.108,1352174340
1836,19.3766,99.1081,1351966980
1836,19.3765,99.1082,1351904280
1836,19.3571,99.1844,1351903800
1836,19.3814,99.128,1351381320
1836,19.3765,99.1082,1351360500
1836,19.4266,99.1368,1351202040
1836,19.4269,99.1367,1351026180
1836,19.3767,99.1081,1350949800
1836,19.3766,99.1082,1350866760
1836,19.3767,99.1079,1350858360
1836,19.2038,99.0474,1350858120
1836,19.2038,99.0474,1350857700
1836,19.2038,99.0474,1350857580
1836,19.2038,99.0474,1350857340
1836,19.3814,99.128,1350777120
1836,19.3331,99.1801,1350309540
1836,19.289,99.1591,1349977800
1836,19.289,99.1591,1349891940
1836,19.289,99.1591,1349802300
1836,19.3768,99.1079,1349749740
1836,19.2908,99.1601,1349732400
1836,19.296,99.1613,1349727180
1836,19.3765,99.108,1349578740
1836,19.4269,99.1368,1349471400
1836,19.3767,99.1079,1349396100
1836,19.289,99.1591,1349367060
1836,19.4358,99.1315,1349217300
1836,19.4358,99.1315,1349215800
1836,19.3704,99.1328,1348697160
1836,19.427,99.137,1348620420
1836,19.427,99.1367,1348607160
1836,19.3895,99.1738,1347987300
1836,19.4269,99.1367,1347917520
1836,19.427,99.1367,1347916200
1836,19.4059,99.0931,1347826560
1836,19.4278,99.1354,1346790660
1836,19.3766,99.108,1346739900
