1861,30.0324,51.1846,1378073340
1861,30.0325,51.1844,1377980820
1861,30.0328,51.1843,1377473820
1861,30.0285,51.1662,1376928540
1861,30.034,51.1853,1374808980
1861,30.0324,51.1846,1372120800
1861,30.0357,51.1707,1371643500
1861,30.1103,51.2577,1368200340
1861,30.0326,51.1848,1367107260
1861,30.0239,51.1989,1366478220
1861,28.0565,48.6383,1364649720
1861,30.0315,51.1841,1364143260
1861,29.9865,51.171,1363443060
1861,29.9866,51.171,1363016100
1861,30.0397,51.1729,1362598560
1861,30.0327,51.1851,1360242960
1861,28.129,48.6419,1358880240
1861,28.0905,48.6317,1358452260
1861,29.9074,50.0922,1358034480
1861,29.9074,50.0922,1357612140
1861,29.9827,50.133,1356899640
