1864,13.9115,100.5484,1375627380
1864,13.7979,100.5629,1375010580
1864,13.7977,100.5624,1374386940
1864,13.8159,100.5601,1372504800
1864,13.8302,100.676,1371626220
1864,13.8136,100.5603,1369732320
1864,15.2779,104.87,1368146940
1864,13.8146,100.5614,1366884120
1864,13.8134,100.5623,1365490860
1864,13.7964,100.5651,1364573580
1864,13.7979,100.5631,1364127420
1864,13.7977,100.5628,1363870500
1864,13.7461,100.5335,1363510080
1864,13.7976,100.5629,1362662280
1864,13.7976,100.563,1362591780
1864,13.7977,100.563,1362033900
1864,13.7977,100.5629,1361535360
1864,13.8163,100.561,1361349960
1864,13.7979,100.5629,1361115000
1864,13.8165,100.5609,1360144200
1864,13.7465,100.5391,1359880020
1864,13.7978,100.563,1359734460
1864,13.8161,100.5607,1359270060
1864,13.8224,100.5664,1359102180
1864,13.8136,100.5614,1358763540
1864,13.8132,100.5616,1358661960
1864,13.7979,100.5628,1358581800
1864,13.798,100.5628,1358087220
1864,13.7977,100.5625,1358079420
1864,13.6137,100.6408,1356932820
1864,13.7974,100.5625,1356685380
1864,13.8223,100.5663,1355995620
1864,13.7979,100.5628,1354695600
1864,13.8464,100.5705,1353406500
1864,13.7978,100.5631,1353070140
1864,13.7979,100.5629,1352031480
1864,13.6455,100.6807,1351433820
1864,13.7979,100.5629,1350820380
1864,13.7978,100.5629,1349682120
1864,13.7978,100.563,1348840440
1864,13.8163,100.561,1347792120
1864,13.8163,100.561,1347788340
1864,13.7966,100.5623,1347200040
1864,13.7514,100.4926,1346588580
1864,13.8223,100.5663,1346485320
1864,13.796,100.5656,1344691320
1864,13.7979,100.5635,1344162660
1864,13.7969,100.5627,1343988540
1864,13.7972,100.5642,1343396160
1864,13.7979,100.5627,1342786200
1864,13.8223,100.5663,1340246220
1864,13.8171,100.5617,1339314360
1864,13.7973,100.5627,1339272300
1864,13.7979,100.5628,1338994560
1864,13.8159,100.5605,1338975540
1864,13.8225,100.5665,1338947580
1864,13.798,100.5628,1338730200
1864,13.7373,100.5605,1338628380
1864,13.7459,100.5328,1338549480
1864,13.746,100.534,1338544200
1864,13.798,100.5628,1338304200
1864,13.7459,100.5328,1338286440
1864,13.7459,100.5328,1338286080
1864,13.798,100.5628,1337952960
1864,13.798,100.5628,1337952960
1864,13.9039,100.5292,1337950620
1864,13.7975,100.5478,1337073660
