1881,14.6497,121.1113,1378141200
1881,14.6497,121.1113,1377977460
1881,14.5485,121.0455,1377957000
1881,14.5641,121.0373,1377675900
1881,14.441,121.035,1377410580
1881,14.4409,121.0352,1377358920
1881,14.5493,121.0463,1377076860
1881,14.5368,121.039,1376554920
1881,14.5649,120.9939,1376543160
1881,14.1331,120.5872,1376133600
1881,14.559,121.056,1375788480
1881,14.6497,121.1114,1375465800
1881,14.6497,121.1112,1375442940
1881,14.6018,121.0526,1374983640
1881,14.6018,121.0526,1374925740
1881,14.5188,121.0199,1374762420
1881,13.7459,100.5394,1374409500
1881,13.7238,100.529,1374400080
1881,13.7448,100.5415,1374330600
1881,13.7459,100.5394,1374225720
1881,14.5517,121.049,1374158580
1881,14.5643,120.9978,1374156060
1881,14.5644,120.9933,1373946840
1881,14.6463,121.1127,1373886240
1881,14.6554,121.088,1373856720
1881,14.5522,121.0456,1373782380
1881,14.5647,121.036,1373648220
1881,14.5651,121.0356,1373645160
1881,14.5368,121.039,1373439300
1881,14.5633,121.0377,1373111880
1881,14.6507,121.1032,1373008260
1881,14.6497,121.1113,1372953720
1881,14.5496,121.0545,1372675860
1881,14.6497,121.1113,1372401300
1881,14.6497,121.1113,1372100160
1881,14.6496,121.1113,1372005540
1881,14.6486,121.079,1371921780
1881,14.5487,121.0493,1371696900
1881,14.5496,121.048,1371652620
1881,14.5497,121.0484,1371651720
1881,14.5861,121.0591,1371566580
1881,14.5861,121.0591,1371559560
1881,14.554,121.0246,1371378840
1881,14.5512,121.0518,1371366540
1881,14.5495,121.0473,1371330900
1881,14.5496,121.048,1371222180
1881,14.6498,121.1112,1371198660
1881,43.5493,7.0274,1371196380
1881,14.5633,121.0377,1371136440
1881,14.5633,121.0377,1371104340
1881,14.5497,121.0472,1371063000
1881,14.5515,121.0517,1370969880
1881,14.5673,120.9915,1370939700
1881,14.5388,121.0392,1370788920
1881,14.6497,121.1114,1370783820
1881,14.5478,121.0556,1370766240
1881,14.5663,120.9925,1370314980
1881,14.5497,121.0473,1370194860
1881,14.6497,121.1112,1370113860
1881,14.6498,121.1111,1370065440
1881,48.865,2.3285,1370025420
1881,43.7047,7.265,1369907280
1881,43.5498,7.0257,1369894800
1881,43.7396,7.4278,1369843920
1881,43.5487,7.0265,1369818780
1881,43.5493,7.0274,1369745580
1881,48.8738,2.3295,1369641900
1881,48.861,2.3359,1369597440
1881,48.8041,2.1224,1369492560
1881,48.8041,2.1224,1369471500
1881,48.8947,2.2389,1369434300
1881,48.8948,2.2392,1369430160
1881,46.9303,8.3428,1369299960
1881,47.0552,8.3201,1369295100
1881,47.0318,8.4329,1369251240
1881,47.0318,8.4329,1369242840
1881,45.4383,10.9935,1369231560
1881,45.4383,10.9935,1369231440
1881,45.4369,12.3339,1369102980
1881,44.5129,11.3548,1369071360
1881,43.3188,11.3315,1368908760
1881,43.7628,11.265,1368904680
1881,41.9049,12.4667,1368821580
1881,41.8868,12.4897,1368796920
1881,41.8902,12.4923,1368796740
1881,41.9058,12.4822,1368712740
1881,41.9009,12.4833,1368644100
1881,14.5649,121.0362,1368364560
1881,14.6504,121.1116,1368248940
1881,14.5524,121.052,1368203340
1881,14.6538,121.0881,1368011160
1881,14.6497,121.1112,1367845200
1881,14.5352,121.039,1367265540
1881,14.5521,121.0207,1367238120
1881,14.5368,121.039,1367089140
1881,14.5367,121.039,1367057820
1881,14.5368,121.0389,1366886160
1881,14.5497,121.0538,1366830600
1881,14.5868,121.0602,1366737540
1881,14.5785,121.0578,1366726200
1881,14.5785,121.0578,1366724580
1881,14.5806,121.0574,1366632960
1881,14.1231,120.5989,1366460100
1881,14.1223,120.5995,1366445460
1881,14.1223,120.5994,1366445220
1881,14.025,120.6385,1366396500
1881,14.1223,120.5995,1366390320
1881,14.5508,121.0488,1366296420
1881,14.5367,121.039,1366174500
1881,14.7216,120.2561,1366099500
1881,14.7215,120.2561,1366097760
1881,14.722,120.2565,1366089000
1881,14.5495,121.0466,1365956760
1881,14.5508,121.0447,1365953040
1881,14.6488,121.111,1365929220
1881,14.5388,121.0392,1365854460
1881,14.5931,121.0799,1365751320
1881,14.1,120.8938,1365480600
1881,14.6497,121.1112,1365185820
1881,14.6472,121.1108,1364663820
1881,14.5856,121.0603,1364488620
1881,14.5857,121.0604,1364486400
1881,14.6497,121.1113,1364467800
1881,14.6539,121.0877,1364404980
1881,14.6497,121.1113,1364377980
1881,14.5518,121.0454,1364047740
1881,14.5652,120.9925,1364023500
1881,14.558,121.0335,1363968300
1881,14.6497,121.1113,1363929600
1881,14.554,121.0246,1363875180
1881,14.5597,121.0317,1363843740
1881,14.5519,121.02,1363675020
1881,14.6507,121.1111,1363355400
1881,14.6497,121.1112,1363248840
1881,14.6497,121.1112,1363233540
1881,14.5368,121.039,1362737220
1881,14.5368,121.039,1362684720
1881,14.5523,121.0468,1362671760
1881,14.5368,121.039,1362423720
1881,14.55,121.0472,1362246300
1881,14.5497,121.0475,1362244980
1881,14.5368,121.039,1361976120
1881,14.5368,121.039,1361958240
1881,14.5644,120.9932,1361946960
1881,14.5863,121.0593,1361676660
1881,14.6497,121.1113,1361593320
1881,14.5456,121.0456,1361548860
1881,14.5457,121.0457,1361548680
1881,14.5435,121.048,1361548320
1881,14.5535,121.0229,1361273400
1881,14.5509,121.0513,1361197260
1881,14.5497,121.0473,1361099160
1881,14.6456,121.11,1361088480
1881,14.5484,121.026,1360861740
1881,14.608,121.0783,1360861020
1881,14.6497,121.1113,1360773420
1881,14.6497,121.1113,1360771440
1881,14.5665,120.9927,1360738380
1881,14.5543,121.0245,1360544520
1881,14.5537,121.0247,1360492140
1881,14.6436,121.1105,1360243260
1881,14.6497,121.1113,1360162320
1881,14.5513,121.0492,1359976560
1881,14.5489,121.0492,1359833280
1881,1.3032,103.8349,1359676740
1881,1.3008,103.8398,1359617700
1881,1.2834,103.8606,1359598680
1881,1.2951,103.8464,1359567000
1881,1.2951,103.8464,1359545940
1881,1.3032,103.8351,1359533280
1881,14.6458,120.2995,1359300600
1881,14.6458,120.2992,1359291900
1881,14.6458,120.2992,1359281280
1881,14.8307,120.9088,1359086820
1881,14.5367,121.039,1358956140
1881,14.6539,121.0879,1358608740
1881,14.565,120.9935,1358316900
1881,14.6566,121.0829,1358080800
1881,14.6566,121.0829,1358080740
1881,14.5496,121.0472,1358060160
1881,14.5497,121.0473,1358053500
1881,14.5497,121.0474,1358022060
1881,14.5516,121.0486,1358001540
1881,14.6497,121.1113,1357972560
1881,14.5496,121.0472,1357959780
1881,14.5335,121.0368,1357533600
1881,14.6497,121.1112,1357052940
1881,14.5457,121.0452,1357032420
1881,14.5327,121.0397,1357017060
1881,14.5456,121.0454,1357016460
1881,14.535,121.0393,1356988980
1881,14.5368,121.039,1356961020
1881,14.5481,121.0452,1356235980
1881,14.5509,121.0513,1355978340
1881,14.6497,121.1113,1355975580
1881,14.113,120.8925,1355713740
1881,14.113,120.8923,1355672580
1881,14.113,120.8923,1355666100
1881,14.5536,121.0248,1354964880
1881,14.5493,121.0463,1354680360
1881,14.5428,121.0437,1354608600
1881,14.6497,121.1112,1354540320
1881,14.5387,121.0392,1354385160
1881,14.5497,121.0475,1354110720
1881,14.6497,121.1112,1353857220
1881,14.5368,121.039,1353038520
1881,14.5647,120.9938,1352947860
1881,14.6687,121.0903,1352629380
1881,14.6685,121.0902,1352564340
1881,14.6687,121.0903,1352564280
1881,14.542,121.047,1352094780
1881,14.6497,121.1112,1351746180
1881,14.5387,121.0392,1351745400
1881,14.5387,121.0392,1351744680
1881,14.5387,121.039,1351744440
1881,14.5388,121.0392,1351740540
1881,14.6538,121.0882,1351740420
1881,14.586,121.0595,1351171560
1881,14.5648,121.0364,1350737160
1881,14.6498,121.1112,1350669000
1881,14.5513,121.049,1349493840
1881,14.5075,121.0662,1349343120
1881,14.5625,120.9997,1349265240
1881,14.6543,121.0885,1348983000
1881,14.6021,121.079,1348663740
1881,14.586,121.0591,1348567800
1881,14.6496,121.1115,1348503720
1881,14.6497,121.1112,1348382100
1881,14.5803,121.0568,1348372860
1881,14.6497,121.1112,1348024200
1881,14.6497,121.1112,1347986760
1881,14.6497,121.1112,1347986160
1881,14.5368,121.0391,1347692880
1881,14.5368,121.0391,1347692760
1881,14.5518,121.0441,1347537780
1881,14.6021,121.079,1347345300
1881,14.6498,121.1112,1347034320
1881,14.6497,121.1112,1346859300
1881,14.5651,121.0368,1346662680
1881,10.288,124.0063,1343577360
1881,10.2885,124.006,1343549520
1881,11.9873,121.9062,1342976760
1881,11.9865,121.9058,1342879020
1881,11.9865,121.9061,1342866240
1881,11.9865,121.9059,1342866240
1881,11.987,121.9075,1342847700
1881,22.2985,114.1668,1340035860
1881,22.295,114.167,1339954920
1881,22.296,114.1697,1339954560
1881,22.2978,114.1691,1339856400
1881,22.298,114.1687,1339855080
1881,22.2968,114.1691,1339841400
1881,22.3138,113.9334,1339813200
1881,14.5633,121.0382,1338804480
1881,14.5633,121.0382,1338804420
1881,14.5633,121.0382,1338804060
1881,11.9707,121.9175,1335350700
1881,11.9706,121.9175,1335110220
1881,11.9674,121.9201,1334943780
1881,11.9708,121.9176,1334939340
1881,11.9723,121.9153,1334928660
1881,11.9706,121.9174,1334908980
1881,11.9706,121.9174,1334905860
1881,11.9706,121.9174,1334905860
1881,11.9614,121.9247,1334859240
1881,11.9613,121.9246,1334859240
1881,11.9707,121.9174,1334850540
1881,11.972,121.9167,1334847600
1881,11.972,121.9166,1334847600
1881,11.9718,121.9165,1334844120
1881,11.9706,121.9174,1334809080
1881,11.9708,121.9172,1334770440
1881,11.9707,121.9173,1334768700
1881,10.3427,123.9165,1333798320
1881,10.3425,123.9164,1333798320
1881,10.3176,123.9071,1333720800
1881,10.3069,124.0214,1333701060
1881,10.307,124.0214,1333700280
1881,10.3077,124.0201,1333691940
1881,10.3076,124.0201,1333681920
1881,10.3175,123.9073,1333628460
1881,10.3433,123.9142,1333606440
1881,10.3442,123.9097,1333606380
1881,10.3442,123.9097,1333600560
1881,10.3442,123.9098,1333600560
1881,10.3443,123.9098,1333600320
1881,14.5552,121.0253,1332693180
1881,14.5552,121.0253,1332687780
1881,14.5635,121.0363,1331640480
1881,14.5635,121.0362,1331640420
1881,14.555,121.0253,1331107680
1881,14.555,121.0253,1331107440
1881,25.0382,121.5325,1328543160
1881,25.0406,121.5654,1328371740
1881,25.0406,121.5657,1328361300
1881,25.0405,121.566,1328279160
1881,25.0406,121.5654,1328230140
1881,25.0406,121.5654,1328230080
1881,25.0406,121.5654,1328229900
