1891,59.5261,16.3382,1378322820
1891,55.6085,12.9767,1377943140
1891,59.5261,16.3382,1376748960
1891,59.526,16.338,1376085300
1891,59.5303,17.867,1375412460
1891,59.4385,16.615,1374754980
1891,59.619,16.5399,1374079440
1891,59.5261,16.3382,1374015960
1891,59.5317,16.3105,1373568360
1891,59.5261,16.3382,1372935840
1891,59.5261,16.3382,1372890480
1891,52.039,13.7484,1371665640
1891,52.0319,13.7333,1371580380
1891,55.5642,12.9237,1371141060
1891,59.4936,16.2984,1370899860
1891,59.5249,16.2671,1370600700
1891,59.4936,16.2984,1370278980
1891,59.565,16.2324,1370257740
1891,60.099,19.9389,1370113800
1891,59.5262,16.3382,1369944660
1891,59.5261,16.3382,1369571520
1891,59.5261,16.3382,1369484580
1891,59.5262,16.338,1369336320
1891,59.5261,16.3382,1369248240
1891,59.5262,16.3382,1369143120
1891,59.5261,16.3382,1369056960
1891,59.5261,16.3382,1368796200
1891,59.6105,16.5625,1368548400
1891,59.5261,16.3381,1368377160
1891,59.5305,16.86,1368289380
1891,59.4936,16.2984,1368212040
1891,59.5262,16.3382,1368172140
1891,59.5262,16.3382,1368055380
1891,59.5262,16.338,1368020880
1891,59.6106,16.562,1367953560
1891,59.5261,16.3382,1367847420
1891,59.5262,16.3379,1367751900
1891,59.5261,16.3384,1367655420
1891,59.5261,16.3382,1367511600
1891,59.565,16.2324,1360162380
1891,59.565,16.2324,1360161240
