1893,41.0142,28.908,1376639280
1893,41.0108,28.8737,1376519880
1893,41.0142,28.908,1376492580
1893,41.0143,28.9077,1376407020
1893,41.0143,28.9078,1376310540
1893,41.0143,28.9076,1376296200
1893,41.0109,28.8737,1376260680
1893,41.011,28.8738,1376258160
1893,41.011,28.8737,1376085240
1893,41.0314,28.9792,1376006940
1893,41.011,28.8738,1375828500
1893,41.011,28.8738,1375202700
1893,41.0141,28.908,1375095900
1893,41.0139,28.9083,1374849720
1893,41.011,28.8738,1374446820
1893,41.0257,28.9743,1374419760
1893,41.0383,28.9869,1374416520
1893,40.9595,29.0882,1368970680
1893,41.011,28.8737,1367440080
1893,41.0036,28.8879,1367391660
1893,41.0036,28.8879,1367391240
1893,41.0225,28.9175,1367223360
1893,41.0109,28.8737,1367146800
1893,41.011,28.8738,1367136240
1893,41.011,28.8737,1367008260
1893,41.0073,28.872,1367008020
1893,41.0073,28.872,1366660320
1893,40.9963,28.8869,1366556280
1893,41.2148,29.1082,1366555500
1893,40.9964,28.8868,1366549560
1893,40.9965,28.8868,1366549440
1893,41.007,28.8719,1366146180
1893,41.007,28.8719,1366146120
1893,41.0072,28.872,1366145700
1893,41.0071,28.8719,1365827400
1893,41.011,28.8738,1365197220
1893,41.0145,28.9076,1364887980
1893,41.014,28.9079,1364805780
1893,41.0109,28.8738,1364725500
1893,41.0076,28.8719,1364679420
1893,41.016,28.9099,1364545440
1893,41.0109,28.8739,1364502060
1893,41.0108,28.8738,1364498820
1893,41.0066,28.8824,1364081040
1893,41.0109,28.8738,1363897500
1893,41.014,28.9079,1363855800
1893,41.0108,28.8739,1363810800
1893,41.0155,28.9083,1363679100
1893,41.0042,28.9797,1363645200
1893,41.0043,28.9799,1363615680
1893,41.0042,28.9799,1363612920
1893,40.9625,28.8253,1362414720
1893,41.0341,28.979,1362268560
1893,41.0303,28.9836,1335365640
1893,41.0286,28.9763,1333656720
1893,41.011,28.8738,1327928640
1893,41.0107,28.874,1327840020
1893,41.0137,28.9419,1327779180
1893,41.0107,28.8739,1327715520
1893,41.04,29.0398,1327594320
1893,41.04,29.0398,1327594260
1893,41.0391,29.0404,1327594140
1893,41.0234,29.0508,1327593960
1893,40.9823,29.0449,1327590540
1893,41.007,28.8719,1327281480
1893,41.007,28.8808,1327281420
1893,41.007,28.8719,1327270260
1893,41.007,28.8719,1327269420
1893,41.007,28.8719,1326400380
1893,41.007,28.8719,1325449440
1893,41.007,28.8719,1325449440
1893,41.0111,28.8738,1322248920
1893,41.0149,28.9547,1321988760
1893,41.0107,28.8741,1318453020
1893,41.0304,28.9756,1317130440
1893,41.0304,28.9756,1317130380
1893,41.0304,28.9756,1317130080
1893,41.0079,28.8743,1315344480
