1908,37.7913,122.4061,1378365000
1908,37.7853,122.4387,1378362240
1908,37.597,122.3722,1378175460
1908,36.1287,115.1647,1377979200
1908,36.1125,115.1742,1377911580
1908,37.7612,122.411,1377802800
1908,34.0345,118.828,1377470220
1908,37.5702,122.3557,1377301560
1908,36.2305,120.2292,1377284160
1908,37.5702,122.3553,1376861700
1908,37.8065,122.4513,1376858940
1908,37.7973,122.4406,1376846400
1908,37.7785,122.4723,1376769480
1908,37.8029,122.4629,1376768820
1908,37.3217,121.9475,1376454480
1908,37.5662,122.353,1376422620
1908,37.5702,122.3552,1376360640
1908,43.6295,79.4108,1376173920
1908,37.3216,121.9475,1375940820
1908,37.5702,122.3553,1375770900
1908,37.5702,122.3553,1375768800
1908,37.3215,121.9475,1375589700
1908,37.5701,122.3553,1375480680
1908,37.5381,122.3734,1375403880
1908,37.5463,122.3816,1375403820
1908,37.57,122.3557,1375291740
1908,37.57,122.3552,1375201560
1908,37.6175,122.391,1375165860
1908,43.6469,79.3863,1375050420
1908,45.032,79.6443,1375048680
1908,43.6471,79.3872,1374838980
1908,37.3217,121.9472,1374766140
1908,43.0793,79.078,1374675420
1908,43.078,79.0778,1374617280
1908,43.6469,79.387,1374455460
1908,59.4077,18.001,1374167100
1908,59.3315,18.094,1374095400
1908,59.3339,18.094,1374094560
1908,59.334,18.0937,1374065640
1908,59.3042,18.6985,1374003540
1908,59.3042,18.6985,1373980920
1908,59.3042,18.6993,1373923080
1908,59.2978,18.6501,1373917680
1908,59.3042,18.6984,1373831580
1908,59.3051,18.4875,1373804460
1908,59.3042,18.6983,1373654880
1908,59.304,18.6987,1373653860
1908,59.3041,18.6985,1373573700
1908,59.3041,18.6986,1373573580
1908,59.3041,18.6987,1373530620
1908,59.3043,18.6993,1373486340
1908,59.3042,18.6989,1373480400
1908,59.3042,18.6995,1373478720
1908,39.2423,119.954,1373155260
1908,39.2425,119.9538,1373139840
1908,39.1845,119.9285,1373059320
1908,39.2389,119.9467,1372997040
1908,39.2427,119.9535,1372962060
1908,39.3185,120.6105,1372895940
1908,37.433,122.2403,1372872300
1908,37.4278,122.17,1372809480
1908,37.4497,122.1637,1372808460
1908,37.3217,121.9475,1372725300
1908,36.1041,115.1702,1372623780
1908,36.1032,115.1712,1372596300
1908,36.1028,115.1697,1372540800
1908,37.5702,122.3553,1372472220
1908,37.785,122.4007,1372401120
1908,37.5702,122.3552,1372386300
1908,37.5702,122.3553,1372375620
1908,37.7393,122.4528,1372306140
1908,37.7392,122.4528,1372301520
1908,37.7371,122.4543,1372291620
1908,37.3217,121.9477,1372277640
1908,37.3216,121.9474,1372231500
1908,37.5701,122.3554,1372215180
1908,37.7637,122.4165,1372195860
1908,37.7645,122.4218,1372192200
1908,34.03,118.4677,1371933600
1908,33.9396,118.4414,1371918780
1908,34.03,118.4673,1371761220
1908,34.0093,118.4973,1371751440
1908,34.009,118.4977,1371750540
1908,37.0767,121.0849,1371733800
1908,37.3215,121.9472,1371615780
1908,37.4935,122.3032,1371612300
1908,37.5703,122.3553,1371535620
1908,37.7783,122.39,1371522600
1908,37.8003,122.4075,1371339540
1908,37.57,122.3555,1371016380
1908,37.3218,121.9473,1371016140
1908,37.5698,122.3555,1371001320
1908,36.1095,115.173,1370952720
1908,36.1207,115.1686,1370870580
1908,36.1102,115.1742,1370867940
1908,41.4403,71.4131,1370688000
1908,42.3618,71.0218,1370682480
1908,37.57,122.3555,1370568060
1908,42.3616,71.015,1370468820
1908,43.6466,79.3864,1370455800
1908,43.6475,79.3853,1370440860
1908,43.6068,79.5285,1370440680
1908,37.6176,122.3876,1370188860
1908,37.7622,122.4771,1370180100
1908,38.9702,123.0982,1370132280
1908,38.9703,123.0983,1370130420
1908,38.9702,123.0982,1370128020
1908,38.9706,123.0975,1370109180
1908,38.9711,123.0983,1370058600
1908,38.9711,123.0983,1370058120
1908,38.9713,123.0984,1370050200
1908,37.3218,121.9473,1369799820
1908,37.321,121.9492,1369797480
1908,37.3217,121.9473,1369795500
1908,37.3218,121.9473,1369785180
1908,37.5702,122.3553,1369712160
1908,39.3012,120.6655,1369689840
1908,39.2322,120.0153,1369539960
1908,39.2255,120.0834,1369536480
1908,39.2428,119.9998,1369522620
1908,37.57,122.3553,1369378680
1908,36.977,122.0323,1369378500
1908,37.3217,121.9473,1369272540
1908,37.3218,121.9472,1369202520
1908,37.5702,122.3552,1369098720
1908,37.5702,122.3552,1369092120
1908,36.9499,122.0581,1368929100
1908,36.962,122.0228,1368922200
1908,33.6227,117.9438,1368803460
1908,34.0433,118.2673,1368756540
1908,36.6375,120.6258,1368372540
1908,39.9458,104.8567,1368320700
1908,40.0095,105.2815,1368299340
1908,40.009,105.2639,1368206100
1908,37.3217,121.9473,1368069900
1908,37.3217,121.9472,1367826600
1908,37.3217,121.9473,1367798340
1908,37.3218,121.9472,1367798160
1908,33.812,118.1571,1367636100
1908,33.8125,118.1567,1367630820
1908,33.768,118.1916,1367621580
1908,34.874,118.2562,1367539200
1908,34.8739,118.2561,1367537280
1908,33.6246,117.9459,1367462820
1908,33.6224,117.9439,1367453400
1908,33.6208,117.9418,1367367000
1908,33.6224,117.9437,1367176380
1908,37.5293,122.2873,1366929060
1908,37.57,122.3557,1366861020
1908,37.3217,121.9472,1366856580
1908,37.5702,122.3555,1366653660
1908,33.9316,116.8267,1366592820
1908,33.6802,116.2373,1366582860
1908,33.8305,116.5468,1366569060
1908,33.6827,116.2375,1366559940
1908,33.6816,116.237,1366511880
1908,33.6837,116.2375,1366509360
1908,33.6828,116.239,1366499760
1908,33.6832,116.2403,1366419720
1908,33.6827,116.2383,1366419180
1908,33.6827,116.2398,1366414080
1908,33.8077,117.876,1366250040
1908,33.6167,117.936,1366236300
1908,37.3217,121.9475,1365921540
1908,37.5702,122.3553,1365911580
1908,37.57,122.3553,1365734880
1908,36.1058,115.1735,1365560820
1908,33.7612,118.1905,1365385200
1908,34.0878,118.3447,1365195000
1908,21.0168,156.6381,1365108840
1908,20.9775,156.6763,1365102360
1908,21.2707,157.823,1364964540
1908,21.2718,157.82,1364946480
1908,21.3915,157.7145,1364945760
1908,21.3971,157.7417,1364926200
1908,21.6484,157.9146,1364872980
1908,21.6484,157.9146,1364872620
1908,21.6488,157.9145,1364872380
1908,21.2569,157.8156,1364848620
1908,21.2752,157.8219,1364842260
1908,21.3031,157.8412,1364793840
1908,21.2729,157.8218,1364775420
1908,21.2764,157.8257,1364770380
1908,21.4006,157.8223,1364752980
1908,21.4083,158.1777,1364708820
1908,21.4082,158.1778,1364706420
1908,37.1888,121.7348,1364618700
1908,37.3214,121.9463,1364617080
1908,37.1265,121.7197,1364597580
1908,36.9568,121.9802,1364524860
1908,36.9577,121.9803,1364520420
1908,37.242,121.9462,1364428560
1908,37.242,121.9462,1364428500
1908,37.3218,121.9475,1364342700
1908,37.57,122.3553,1364143500
1908,37.57,122.3553,1364107320
1908,37.5702,122.3554,1364086560
1908,37.4422,122.1722,1364086020
1908,37.5702,122.3554,1364084880
1908,37.5702,122.3553,1364062020
1908,37.5178,122.2603,1364004420
1908,37.5514,122.0856,1363995120
1908,37.3217,121.9473,1363834860
1908,39.9808,105.2223,1363596840
1908,37.3218,121.9475,1363548120
1908,37.3215,121.947,1363486980
1908,37.57,122.3553,1363390920
1908,37.5778,122.3473,1363387980
1908,37.5702,122.3553,1363381440
1908,37.5702,122.3553,1363379880
1908,37.5703,122.3552,1363379640
1908,39.9917,105.32,1363300680
1908,39.7797,105.7928,1363207500
1908,39.7603,105.6803,1363207020
1908,39.984,105.925,1363161060
1908,39.984,105.9237,1363159680
1908,39.9838,105.9277,1363133340
1908,39.9285,105.791,1362964140
1908,39.9293,105.7908,1362964020
1908,39.9278,105.7908,1362960360
1908,39.9457,105.7988,1362946380
1908,39.9298,105.79,1362815400
1908,39.9283,105.7903,1362810060
1908,39.9282,105.7912,1362787740
1908,39.9312,105.7807,1362703560
1908,39.9308,105.7808,1362703260
1908,39.9173,105.7848,1362613800
1908,39.9295,105.7902,1362612900
1908,39.9438,105.8042,1362609780
1908,37.3527,121.9155,1362581340
1908,37.3662,121.928,1362580860
1908,37.7675,122.2103,1362529380
1908,37.3217,121.9475,1362523800
1908,37.3217,121.9473,1362510720
1908,37.3215,121.9475,1362421920
1908,37.5702,122.3555,1362334980
1908,37.3218,121.9472,1362296880
1908,37.3215,121.9464,1362264300
1908,37.3208,121.938,1362188880
1908,37.2273,121.9115,1362187260
1908,37.3216,121.9476,1362168360
1908,37.5644,122.5135,1361920440
1908,37.4968,122.4498,1361915040
1908,37.5702,122.3553,1361907540
1908,37.5701,122.3553,1361858700
1908,37.5702,122.3553,1361851380
1908,37.5701,122.3551,1361767800
1908,37.3305,122.2467,1361763540
1908,37.2924,122.1617,1361757720
1908,37.3305,121.8858,1361573700
1908,37.5858,122.3297,1361479440
1908,37.3215,121.9473,1361473200
1908,37.3217,121.9475,1361433720
1908,37.3217,121.9473,1361345160
1908,37.3217,121.9473,1361312460
1908,37.3216,121.9474,1361311620
1908,39.24,119.9478,1361151600
1908,39.2577,119.9023,1361149920
1908,39.2463,119.9513,1361148900
1908,37.3216,121.9474,1357688520
1908,33.6768,117.1898,1357517400
1908,34.0302,118.2135,1357501440
1908,37.7773,122.4036,1357264080
1908,39.2382,120.032,1357251540
1908,39.2425,119.9538,1357242540
1908,39.2425,119.9538,1357175700
1908,39.2433,119.9543,1357174620
1908,39.2422,119.9536,1357174140
1908,39.2422,119.9538,1357119900
1908,38.9255,119.9693,1356941340
1908,38.9487,119.9616,1356893460
1908,38.9487,119.9616,1356893280
1908,38.9361,119.9638,1356847740
1908,38.9448,119.9679,1356741300
1908,39.2425,119.9539,1356662580
1908,39.1897,120.275,1356656100
1908,39.192,120.2491,1356654540
1908,39.1962,120.2356,1356651120
1908,39.1962,120.2356,1356650400
1908,39.1962,120.2356,1356649980
1908,39.2425,119.9538,1356562980
1908,39.2425,119.9538,1356502200
1908,39.2425,119.9538,1356482280
1908,39.2425,119.9538,1356481560
1908,39.2426,119.9536,1356415740
1908,39.2425,119.9538,1356400020
1908,39.2425,119.9538,1356387780
1908,39.2425,119.9538,1356387660
1908,39.2425,119.9538,1356314400
1908,39.2425,119.9538,1356234600
1908,39.2685,120.7218,1356216540
1908,37.3216,121.9474,1356043920
1908,37.3217,121.9474,1355985660
1908,22.8757,109.9042,1355967060
1908,22.8755,109.9036,1355888280
1908,22.8762,109.9042,1355888280
1908,22.875,109.9042,1355882520
1908,22.8755,109.9036,1355882520
1908,22.8748,109.9028,1355882520
1908,22.8804,109.9154,1355689020
1908,22.8804,109.9154,1355682360
1908,22.8804,109.9154,1355681820
1908,37.5702,122.3552,1355378400
1908,37.5702,122.3554,1355072640
1908,37.5947,122.3723,1355013300
1908,37.3215,121.9473,1354939380
1908,37.3217,121.9473,1354907760
1908,37.3217,121.9473,1354874820
1908,37.5702,122.3552,1354597560
1908,37.5702,122.3554,1354558260
1908,8.3345,98.5045,1354419060
1908,7.9776,98.2814,1354086840
1908,8.334,98.5045,1354011420
1908,8.3342,98.5045,1354011300
1908,8.3341,98.5045,1354011240
1908,8.334,98.5047,1354011180
1908,13.4071,103.8139,1353819240
1908,13.3637,103.8674,1353750960
1908,13.4336,103.9202,1353733320
1908,13.465,103.8946,1353733320
1908,13.413,103.8641,1353733320
1908,13.4238,103.8591,1353732120
1908,13.4133,103.8668,1353731820
1908,13.444,103.8849,1353707400
1908,13.4482,103.8589,1353707340
1908,13.3633,103.8673,1353707280
1908,10.7713,106.6896,1353562140
1908,10.7713,106.6896,1353536580
1908,10.7713,106.6896,1353504000
1908,10.7713,106.6896,1353500880
1908,10.7713,106.6896,1353498060
1908,10.7713,106.6896,1353453540
1908,35.7635,140.3834,1353397500
1908,37.5702,122.3554,1353266880
1908,37.4275,122.174,1353174060
1908,37.58,122.3448,1353026820
1908,37.5702,122.3554,1352861940
1908,37.5491,122.379,1352855700
1908,37.4914,122.2999,1352854980
1908,37.4107,122.2,1352854080
1908,37.3222,121.9471,1352748960
1908,37.8765,122.6048,1352691780
1908,37.5692,122.3597,1352690280
1908,37.887,122.5418,1352687040
1908,37.5522,122.3764,1352686260
1908,37.7786,122.475,1352682120
1908,37.8975,122.6331,1352678100
1908,37.8705,122.5905,1352677680
1908,37.8908,122.6257,1352677320
1908,37.8657,122.5869,1352671920
1908,37.8387,122.4825,1352669160
1908,37.3219,121.9477,1352314200
1908,37.5687,122.3604,1352146620
1908,37.5699,122.3552,1352144940
1908,37.5701,122.3555,1351903140
1908,37.5702,122.3556,1351900800
1908,37.3226,121.9471,1351876740
1908,37.3274,121.9412,1351633980
1908,37.5675,122.3603,1351477380
1908,37.5675,122.3603,1351477020
1908,37.8049,122.4115,1351387920
1908,37.7782,122.39,1351121040
1908,37.5702,122.3552,1350978540
1908,37.3216,121.9474,1350865140
1908,37.5702,122.3552,1350667020
1908,37.57,122.3554,1350582660
1908,33.9465,118.4078,1350495960
1908,34.0532,118.251,1350435720
1908,34.0454,118.2361,1350434040
1908,32.752,116.9968,1350176820
1908,33.2083,116.984,1350162660
1908,32.7403,116.9787,1350104160
1908,32.7403,116.9787,1350088140
1908,34.0563,118.2368,1349826060
1908,34.0487,118.2392,1349803500
1908,37.7781,122.3902,1349661540
1908,37.5697,122.3558,1349647260
1908,37.3216,121.9474,1349488140
1908,37.3381,121.8864,1349477520
1908,37.7893,122.3865,1349389320
1908,37.7801,122.3926,1349388660
1908,37.8037,122.45,1349386920
1908,37.8193,122.3998,1349382960
1908,37.7903,122.3885,1349379960
1908,37.7908,122.3892,1349377140
1908,37.5702,122.3554,1349291640
1908,37.4725,122.2226,1348983360
1908,37.3216,121.9479,1348970940
1908,37.3219,121.9473,1348963620
1908,37.57,122.3555,1348945500
1908,37.4179,122.2302,1348798080
1908,37.5702,122.3554,1348784940
1908,37.3217,121.9474,1348714020
1908,37.322,121.9473,1348515960
1908,37.3216,121.9474,1348445940
1908,37.5702,122.3554,1348362060
1908,37.5702,122.3554,1348271040
1908,37.7899,122.3887,1348265700
1908,37.7906,122.389,1348263600
1908,37.792,122.3909,1348253460
1908,37.57,122.3554,1348169460
1908,37.3217,121.9474,1348107180
1908,37.3216,121.9474,1348091340
1908,37.7128,122.3866,1347851640
1908,37.3216,121.9474,1347775380
1908,37.58,122.347,1347747960
1908,37.58,122.347,1347744780
1908,37.5801,122.347,1347744420
1908,37.58,122.347,1347744240
1908,37.57,122.3555,1347692100
1908,37.3216,121.9474,1347508500
1908,37.4614,122.1773,1347502200
1908,37.7633,122.4155,1347485400
1908,37.5702,122.3552,1347420000
1908,37.3217,121.9474,1347329880
1908,37.3215,121.9474,1347317040
1908,37.5702,122.3552,1347308040
1908,37.5702,122.3554,1347301020
1908,37.7634,122.4149,1347053280
1908,37.3235,121.9496,1346994540
1908,37.3224,121.9464,1346903520
1908,37.3464,121.9153,1346889480
1908,37.3257,121.9437,1346829180
1908,37.3215,121.9473,1346821440
1908,37.7633,122.4154,1346781780
1908,37.5702,122.3553,1346642040
1908,37.3216,121.9474,1346571900
1908,37.3216,121.9474,1346571600
1908,37.3216,121.9474,1346570700
1908,37.3378,121.9922,1346549280
1908,37.336,122.0476,1346548800
1908,37.3215,121.9474,1346390100
1908,37.3216,121.9474,1346372760
1908,37.3217,121.9474,1346356140
1908,37.3215,121.9474,1346307960
1908,37.5702,122.3552,1346222580
1908,37.5702,122.3552,1346215680
1908,37.5702,122.3552,1346120700
1908,37.3215,121.9474,1346104860
1908,37.3217,121.9474,1346103480
1908,37.3217,121.9474,1345966080
1908,37.3218,121.9473,1345941480
1908,37.3155,121.9516,1345940340
1908,37.5702,122.3554,1345761960
1908,37.5702,122.3554,1345761780
1908,37.5702,122.3554,1345761540
1908,37.4909,122.2511,1345673700
1908,37.5702,122.3553,1345665180
1908,20.9889,156.6675,1345600260
1908,20.9773,156.6764,1345599960
1908,20.9243,156.6954,1345528440
1908,20.9606,156.6821,1345528020
1908,21.0147,156.6428,1345502160
1908,20.9149,156.6958,1345438680
1908,20.9801,156.6739,1345427040
1908,20.9966,156.666,1345420800
1908,20.9126,156.6925,1345411860
1908,20.9773,156.6764,1345353360
1908,20.9773,156.6764,1345352520
1908,20.9774,156.6763,1345349160
1908,20.9119,156.692,1345331520
1908,20.9126,156.6925,1345322400
1908,20.9126,156.6925,1345267920
1908,20.9129,156.6932,1345266000
1908,20.913,156.6923,1345261800
1908,20.9129,156.6923,1345185240
1908,20.9134,156.6942,1345179360
1908,20.9125,156.6924,1345155660
1908,20.9124,156.6922,1345155480
1908,37.5702,122.3552,1345084800
1908,37.5702,122.3552,1345053000
1908,37.5572,122.3803,1344992700
1908,37.3216,121.9474,1344979140
1908,37.3216,121.9475,1344919200
1908,37.5728,122.3598,1344918780
1908,37.5702,122.3552,1344884940
1908,37.5683,122.3605,1344824520
1908,37.7887,122.4044,1344644760
1908,37.5794,122.3474,1344629580
1908,37.3216,121.9475,1344478380
1908,37.5702,122.3552,1344310980
1908,37.3216,121.9474,1344235260
1908,37.3236,121.9456,1344225540
1908,37.3216,121.9474,1344225180
1908,37.3216,121.9474,1344224760
1908,37.3223,121.946,1344055080
1908,37.3264,121.944,1344029220
1908,37.3215,121.9466,1343939520
1908,37.5703,122.3555,1343848380
1908,37.3277,121.9427,1343844960
1908,37.3226,121.9464,1343797920
1908,37.5702,122.3555,1343712840
1908,37.5692,122.3619,1343709000
1908,37.5679,122.3631,1343671620
1908,37.5704,122.3556,1343632500
1908,37.5685,122.3611,1343619660
1908,38.5931,121.8495,1343424900
1908,37.5702,122.3552,1343346360
1908,37.6042,122.3851,1343283180
1908,32.7327,117.1961,1343274240
1908,32.6804,117.1714,1343268720
1908,32.6796,117.1711,1343268480
1908,32.6792,117.1712,1343268360
