1944,39.9298,82.8091,1377789060
1944,39.9298,82.8091,1377783540
1944,40.0774,82.9648,1377325380
1944,39.9636,82.9715,1377238140
1944,40.0538,82.915,1377107220
1944,39.9636,82.9715,1377043440
1944,40.0529,82.9152,1376946240
1944,39.9635,82.9716,1376869860
1944,40.0032,83.008,1376808360
1944,39.9636,82.9716,1376506740
1944,39.9615,82.9819,1376362620
1944,39.9619,82.9819,1376359980
1944,39.9859,83.0054,1376286480
1944,39.9619,82.9819,1376123460
1944,39.9619,82.9819,1376108940
1944,39.9636,82.9716,1375980780
1944,39.9635,82.9715,1375493640
1944,39.9635,82.9715,1375493340
1944,39.9635,82.9715,1375375980
1944,40.0107,83.0103,1375334400
1944,40.0107,83.0103,1375334100
1944,40.0107,83.0103,1375332600
1944,39.9298,82.8091,1375150200
1944,39.9635,82.9714,1375081800
1944,40.0189,83.0007,1375059480
1944,40.0163,83.0022,1374995940
1944,40.0147,83.0022,1374992460
1944,39.9634,82.9779,1374988800
1944,39.9931,83.0066,1374902160
1944,39.9925,83.0015,1374896340
1944,40.0142,83.0111,1374823680
1944,40.0138,83.0135,1374820680
1944,39.973,83.0046,1374809820
1944,39.9635,82.9713,1374726900
1944,39.9634,82.9712,1374726000
1944,39.9638,82.9715,1374692100
1944,39.9637,82.9714,1374606540
1944,40.0536,82.9128,1374548280
1944,39.9613,82.9896,1374513600
1944,39.9947,83.0066,1374507300
1944,39.9298,82.8093,1374251940
1944,39.9635,82.9717,1374083760
1944,39.9635,82.9715,1374079140
1944,41.5082,81.5805,1374044520
1944,41.5082,81.5805,1374044520
1944,39.9837,83.0048,1373862120
1944,39.9837,83.0048,1373861520
1944,39.9836,83.0049,1373861040
1944,39.9741,83.0027,1370493120
1944,39.9635,82.9714,1370369520
1944,39.9635,82.9715,1370313840
1944,39.9635,82.9715,1370313660
1944,39.9635,82.9715,1370295960
1944,39.9634,82.9571,1370288820
1944,39.9653,82.9994,1369603860
1944,39.9721,83.0045,1369455420
1944,39.9635,82.9715,1369447320
1944,39.9521,83.0002,1369444020
1944,39.9572,82.935,1369438800
1944,39.9604,82.9832,1369248420
1944,40.0124,83.0039,1369110060
1944,40.0244,83.0256,1367881740
1944,39.9637,82.9715,1366918560
1944,40.0486,83.0205,1366674360
1944,40.1185,75.77,1366601940
1944,40.221,74.5614,1366596360
1944,39.9634,82.9711,1366062600
1944,39.354,74.4367,1364849400
1944,39.8983,82.8828,1346289660
1944,41.9303,87.7094,1336352580
1944,41.8689,87.6245,1333824360
1944,39.9575,82.9418,1330887900
