1971,33.022,71.5209,1378264140
1971,32.7897,71.1878,1378221600
1971,32.7902,71.1875,1378171800
1971,32.79,71.187,1378153560
1971,32.972,71.5008,1378071900
1971,33.4266,70.6255,1377980760
1971,33.4266,70.6255,1377980400
1971,33.4357,70.6597,1377967200
1971,33.022,71.5206,1377843120
1971,33.0221,71.5206,1377749520
1971,33.0222,71.5207,1377727260
1971,33.0221,71.5206,1377659280
1971,33.0222,71.5205,1377646020
1971,33.0221,71.5206,1377554460
1971,33.022,71.5207,1377489660
1971,32.8657,71.4797,1377472320
1971,32.8618,71.4774,1377468960
1971,32.9568,71.5068,1377456840
1971,32.79,71.1875,1377234000
1971,32.7902,71.1874,1377230100
1971,32.7901,71.1875,1377221940
1971,32.7893,71.2057,1377136740
1971,33.022,71.5206,1377075600
1971,33.0221,71.5207,1377044040
1971,33.0225,71.5205,1377029820
1971,33.0221,71.5206,1376822760
1971,33.0222,71.5208,1376683440
1971,33.0221,71.5206,1376643840
1971,33.0219,71.5204,1376594160
1971,33.0222,71.5206,1376474280
1971,33.022,71.5205,1376421900
1971,33.0221,71.5205,1376366640
1971,33.0221,71.5206,1376325240
1971,33.022,71.5206,1376085900
1971,33.0221,71.5206,1376035500
1971,33.0341,71.5214,1376015820
1971,33.022,71.5207,1376005200
1971,32.7903,71.1867,1375734120
1971,32.7901,71.1881,1375731960
1971,32.7901,71.1875,1375667100
1971,32.681,71.2221,1375653240
1971,32.9644,71.5084,1375588080
1971,32.9962,71.5015,1375563060
1971,32.79,71.1878,1375555860
1971,32.7899,71.1874,1375491720
1971,32.7899,71.1873,1375485540
1971,32.79,71.1873,1375421820
1971,32.79,71.1874,1375385220
1971,32.79,71.1875,1375326120
1971,33.0015,71.4903,1375134060
1971,33.0007,71.4926,1375080900
1971,33.0217,71.5446,1374991080
1971,33.025,71.544,1374983100
1971,33.0007,71.4925,1374892020
1971,32.9271,71.3738,1374790080
1971,32.7901,71.1876,1374712260
1971,32.7901,71.1876,1374707100
1971,32.79,71.1877,1374546420
1971,32.7898,71.1868,1374466440
1971,33.046,71.5112,1374464340
1971,32.7873,71.1888,1374452340
1971,33.0445,71.3707,1374435360
1971,33.0445,71.3706,1374377280
1971,32.8618,71.4774,1374345660
1971,33.4452,70.6557,1374287820
1971,33.4447,70.6412,1374218820
1971,33.4279,70.6272,1374211440
1971,33.4275,70.627,1374210840
1971,33.4276,70.6273,1374208860
1971,33.4274,70.6275,1374205260
1971,33.4279,70.6272,1374202140
1971,33.0275,71.5473,1374103800
1971,33.027,71.5473,1374103740
1971,33.0267,71.5475,1374103320
1971,33.027,71.5473,1374103260
1971,33.0282,71.5473,1374103140
1971,33.028,71.5474,1374103080
1971,33.0267,71.5472,1374102960
1971,33.0292,71.5522,1374102780
1971,33.027,71.5472,1374101100
1971,32.8657,71.4797,1374091560
1971,32.8655,71.4797,1374021840
1971,32.8618,71.4774,1374006000
1971,33.0571,71.3765,1373998740
1971,33.0571,71.3765,1373941140
1971,33.0071,71.5457,1373854380
1971,32.9948,71.5482,1373841180
1971,33.0016,71.5493,1373838240
1971,33.0255,71.5588,1373826540
1971,33.0447,71.3705,1373817900
1971,33.0218,71.5208,1373755740
1971,33.0447,71.3705,1373620620
1971,33.0285,71.5229,1373579340
1971,33.0221,71.5206,1373481480
1971,32.9997,71.4969,1373428680
1971,33.022,71.5206,1373356200
1971,33.022,71.5205,1373339160
1971,32.9662,71.5015,1373319540
1971,33.0007,71.4924,1373272380
1971,33.0007,71.4925,1373162460
1971,33.0221,71.5206,1373149500
1971,33.0209,71.5205,1373134200
1971,33.0221,71.5207,1373094240
1971,33.0221,71.5206,1373082960
1971,33.0222,71.5205,1372979580
1971,33.022,71.5205,1372968060
1971,33.022,71.5206,1372903740
1971,33.022,71.5206,1372839600
1971,33.0247,71.519,1372809660
1971,32.79,71.1875,1372735680
1971,32.7901,71.1868,1372650240
1971,32.7888,71.1827,1372647420
1971,33.4357,70.66,1372575960
1971,33.4357,70.6593,1372574100
1971,33.4357,70.6596,1372573200
1971,33.4357,70.6572,1372546320
1971,33.4407,70.6449,1372455060
1971,33.3999,70.5778,1372449420
1971,33.3999,70.5778,1372398540
1971,33.0222,71.5205,1372189560
1971,33.0221,71.5204,1372187340
1971,33.0069,71.5473,1372034940
1971,33.0085,71.5461,1372029420
1971,33.0221,71.5206,1372011240
1971,32.9723,71.5006,1372009380
1971,33.0282,71.5424,1371963840
1971,33.0221,71.5206,1371859500
1971,33.0277,71.5406,1371741060
1971,33.0222,71.5206,1371700140
1971,33.0221,71.5206,1371621480
1971,32.9191,71.2995,1371581880
1971,32.7901,71.1871,1371539640
1971,32.7902,71.1867,1371531360
1971,32.7901,71.1875,1371494280
1971,32.79,71.1876,1371443820
1971,33.0571,71.3765,1371366300
1971,33.0217,71.5444,1371260280
1971,33.0223,71.5207,1371155460
1971,33.0222,71.5208,1371152820
1971,33.0221,71.5206,1371102000
1971,33.022,71.5205,1371092640
1971,33.022,71.5206,1371061680
1971,33.0221,71.5206,1371012960
1971,33.022,71.5206,1370987760
1971,33.022,71.5206,1370939940
1971,33.022,71.5206,1370922300
1971,33.022,71.5207,1370898360
1971,33.0221,71.5206,1370893680
1971,33.0219,71.5208,1370852340
1971,33.0221,71.5205,1370843760
1971,33.0218,71.5424,1370834580
1971,33.0221,71.5206,1370825700
1971,33.0262,71.5415,1370673120
1971,33.0261,71.5412,1370668620
1971,32.79,71.1876,1370646600
1971,32.7901,71.1874,1370644620
1971,32.79,71.1869,1370589840
1971,32.7893,71.2057,1370571240
1971,32.8795,71.2445,1370552100
1971,32.7902,71.1869,1370504640
1971,32.7902,71.1872,1370493420
1971,32.7901,71.1875,1370484660
1971,32.7887,71.1945,1370474100
1971,33.022,71.5206,1370454300
1971,33.0221,71.5205,1370405940
1971,33.0221,71.5206,1370367540
1971,33.0221,71.5206,1370311080
1971,33.0221,71.5206,1370279460
1971,33.022,71.5206,1370250180
1971,33.0237,71.5535,1370220300
1971,33.0293,71.5029,1370211120
1971,33.0295,71.5031,1370210520
1971,33.0285,71.502,1370209200
1971,33.0008,71.4926,1370200140
1971,33.0007,71.4925,1370146080
1971,33.0007,71.4925,1370143020
1971,33.0157,71.5536,1370110500
1971,33.0092,71.5514,1370104020
1971,33.0007,71.4925,1370102340
1971,33.022,71.5207,1370046900
1971,33.0221,71.5206,1370037300
1971,33.0247,71.519,1370032440
1971,33.0221,71.5207,1370030880
1971,33.022,71.5205,1370002860
1971,33.022,71.5207,1369967460
1971,33.0222,71.5206,1369934280
1971,33.0221,71.5206,1369912260
1971,33.0221,71.5206,1369874220
1971,33.0221,71.5206,1369873860
1971,33.1094,71.5578,1369863540
1971,33.4493,70.7605,1369859580
1971,33.4357,70.6566,1369855680
1971,33.4365,70.6576,1369781880
1971,33.4357,70.6599,1369747800
1971,33.4357,70.6593,1369634040
1971,33.4297,70.6004,1369628880
1971,33.4358,70.659,1369600920
1971,33.4365,70.6576,1369465560
1971,33.4263,70.5985,1369444740
1971,33.4365,70.6576,1369410540
1971,33.0221,71.5206,1369338120
1971,32.927,71.4019,1369252080
1971,32.809,71.2222,1369249980
1971,32.7902,71.1868,1369197600
1971,32.7899,71.1875,1369179540
1971,33.0007,71.4925,1369105440
1971,32.79,71.1874,1369070640
1971,32.7902,71.1874,1369012500
1971,32.7899,71.1878,1368994920
1971,32.9983,71.4935,1368937920
1971,32.9996,71.5109,1368912180
1971,33.0448,71.5039,1368911880
1971,33.1286,71.5631,1368910500
1971,33.0007,71.4925,1368899340
1971,33.0007,71.4926,1368852960
1971,33.0009,71.4926,1368844200
1971,33.0221,71.5206,1368746100
1971,33.0222,71.5204,1368722340
1971,33.022,71.5206,1368677820
1971,33.022,71.5206,1368596460
1971,33.0221,71.5206,1368568440
1971,33.0327,71.5893,1368562020
1971,33.0313,71.5315,1368553380
1971,33.0075,71.4985,1368549480
1971,32.9706,71.5026,1368477540
1971,33.0281,71.5014,1368401940
1971,32.9581,71.5075,1368395400
1971,33.0428,71.3748,1368311280
1971,33.044,71.3757,1368307440
1971,32.972,71.5008,1368256560
1971,32.972,71.5008,1368251040
1971,33.0174,71.558,1368228660
1971,33.0278,71.5764,1368226620
1971,33.0323,71.5926,1368223200
1971,33.0328,71.5896,1368217620
1971,33.0322,71.5874,1368214500
1971,33.0192,71.5521,1368207120
1971,32.9707,71.5028,1368201780
1971,33.0221,71.5206,1368138000
1971,33.0324,71.5876,1368116100
1971,33.0221,71.5205,1368082200
1971,33.033,71.5896,1368046140
1971,33.0221,71.5206,1367961000
1971,33.024,71.5536,1367937180
1971,33.0222,71.5208,1367887140
1971,33.0328,71.5896,1367868660
1971,32.7928,71.2082,1367808420
1971,32.9662,71.5015,1367784900
1971,32.792,71.1983,1367711580
1971,32.7902,71.1878,1367700660
1971,32.7898,71.1873,1367636400
1971,32.7878,71.1956,1367619060
1971,32.9662,71.5015,1367614140
1971,32.9662,71.5015,1367613600
1971,32.9707,71.5028,1367611800
1971,33.0328,71.5898,1367604900
1971,33.0272,71.5487,1367537520
1971,33.0215,71.522,1367534280
1971,33.4387,70.6395,1367454300
1971,33.4356,70.6599,1367377860
1971,33.0327,71.5893,1367353320
1971,33.022,71.5207,1367297400
1971,32.9718,71.5008,1367269920
1971,32.9707,71.5027,1367132940
1971,32.971,71.5025,1367032920
1971,33.0016,71.5493,1366992120
1971,33.0219,71.5207,1366906080
1971,33.0219,71.5208,1366866840
1971,33.0379,71.5265,1366783680
1971,33.0221,71.5206,1366764240
1971,33.0447,71.3705,1366603260
1971,32.7908,71.1923,1366585620
1971,33.025,71.5439,1366413300
1971,33.0277,71.5785,1366396080
1971,32.9705,71.5027,1366387200
1971,32.9672,71.5032,1366343760
1971,33.0331,71.5877,1366315560
1971,33.0221,71.5206,1366258320
1971,33.0219,71.5208,1366247820
1971,33.0201,71.5209,1366215960
1971,33.0247,71.519,1366174380
1971,33.022,71.5208,1366146960
1971,33.0221,71.5206,1365996900
1971,33.022,71.5206,1365961260
1971,33.0221,71.5206,1365916740
1971,33.03,71.5437,1365882960
1971,33.033,71.5876,1365789060
1971,33.033,71.5876,1365787980
1971,33.0361,71.5256,1365651660
1971,33.0219,71.5207,1365572820
1971,33.0219,71.5208,1365560100
1971,33.436,70.6612,1365483720
1971,33.0323,71.5903,1365461640
1971,32.9678,71.5037,1365302220
1971,33.4532,70.5661,1365216240
1971,33.0381,71.5263,1365174960
1971,33.0222,71.5206,1365136200
1971,33.022,71.5208,1365127860
1971,33.0334,71.5875,1365097680
1971,33.022,71.5207,1365047940
1971,33.0237,71.5452,1365028320
1971,32.7898,71.1873,1364965320
1971,32.7901,71.1876,1364790300
1971,32.79,71.1877,1364785500
1971,32.9709,71.5027,1364749260
1971,32.8658,71.48,1364703540
1971,32.8618,71.4774,1364703000
1971,32.8618,71.4774,1364698800
1971,32.79,71.1877,1364625480
1971,32.9695,71.5029,1364612460
1971,32.9709,71.5025,1364605260
1971,32.9711,71.5016,1364585760
1971,32.972,71.5027,1364527440
1971,33.0372,71.5271,1364483040
1971,33.022,71.5206,1364440740
1971,33.0328,71.5875,1364418840
1971,33.0329,71.5895,1364407860
1971,33.022,71.5206,1364398200
1971,33.049,71.5033,1364335140
1971,33.0332,71.5897,1364305200
1971,32.79,71.1873,1364246580
1971,33.0247,71.5511,1364233920
1971,33.0221,71.5206,1364194860
1971,33.4364,70.6577,1364146740
1971,33.0384,71.5318,1364004120
1971,33.0208,71.559,1363998600
1971,33.0204,71.5586,1363996500
1971,33.0174,71.558,1363990860
1971,33.0236,71.5675,1363987080
1971,33.022,71.5207,1363967280
1971,33.0362,71.526,1363916340
1971,33.022,71.5205,1363909200
1971,33.0334,71.5871,1363885560
1971,33.0221,71.5206,1363881720
1971,33.0219,71.5206,1363846440
1971,33.0219,71.5207,1363823760
1971,32.7893,71.2005,1363793820
1971,32.79,71.1877,1363742880
1971,32.7901,71.1875,1363738140
1971,33.0263,71.5509,1363708620
1971,33.0247,71.519,1363651500
1971,33.4288,70.6195,1363638960
1971,32.8618,71.4774,1363545120
1971,32.9581,71.5075,1363539480
1971,32.9949,71.5019,1363447680
1971,32.9705,71.5038,1363380000
1971,32.9711,71.5038,1363313700
1971,33.0222,71.5207,1363214040
1971,33.0329,71.5868,1363203960
1971,33.022,71.5207,1363134600
1971,32.9707,71.503,1363128420
1971,32.9708,71.5028,1363128060
1971,32.9705,71.5028,1363116000
1971,32.9707,71.5027,1363040460
1971,33.0174,71.558,1362860880
1971,32.8898,71.2483,1362778200
1971,32.7899,71.1875,1362768060
1971,32.7901,71.1869,1362761880
1971,32.7902,71.187,1362727200
1971,32.7762,71.1844,1362703620
1971,32.79,71.1877,1362669540
1971,33.0246,71.5691,1362607500
1971,33.0247,71.519,1362535740
1971,32.9722,71.5009,1362458280
1971,33.0221,71.5207,1362254880
1971,33.0213,71.5592,1362190680
1971,33.014,71.5553,1362180180
1971,33.0187,71.5009,1362175440
1971,33.0221,71.5207,1362162300
1971,33.0277,71.5218,1362128640
1971,33.022,71.5207,1362090060
1971,33.025,71.5577,1362081600
1971,32.901,71.5003,1361990760
1971,33.0221,71.5206,1361924100
1971,33.0222,71.5207,1361923620
1971,33.0222,71.5207,1361905440
1971,33.0221,71.5206,1361804640
1971,32.79,71.1879,1361607060
1971,32.7871,71.1914,1361576220
1971,32.79,71.1873,1361565540
1971,32.79,71.1873,1361557260
1971,32.7855,71.2166,1361499960
1971,32.7902,71.1844,1361482380
1971,32.7903,71.1841,1361469900
1971,32.7901,71.1842,1361404800
1971,32.7899,71.1876,1361346840
1971,32.79,71.1878,1361334060
1971,32.79,71.1875,1361323800
1971,32.7902,71.1875,1361318700
1971,33.0016,71.5493,1361301060
1971,33.018,71.5585,1361237580
1971,33.0161,71.5587,1361230860
1971,32.972,71.5008,1361070300
1971,33.0016,71.5493,1361057220
1971,33.0016,71.5493,1361051160
1971,33.0247,71.519,1361042700
1971,33.008,71.5482,1360897860
1971,33.01,71.5525,1360892700
1971,33.0087,71.5522,1360891260
1971,33.0099,71.5468,1360889880
1971,33.0221,71.5205,1360865700
1971,33.4615,70.6632,1360801020
1971,33.4599,70.6623,1360786800
1971,33.0222,71.5206,1360657500
1971,33.022,71.5205,1360637100
1971,32.9708,71.5027,1360556580
1971,32.9707,71.5023,1360549320
1971,32.9707,71.5027,1360547700
1971,32.9707,71.5028,1360525320
1971,32.9705,71.5027,1360396740
1971,33.4383,70.6502,1360256040
1971,33.4365,70.6576,1360208280
1971,33.0255,71.5466,1360196880
1971,33.022,71.5207,1360125120
1971,32.9706,71.5026,1360113480
1971,32.9705,71.5029,1359995340
1971,32.9998,71.4965,1359923400
1971,32.8618,71.4774,1359837300
1971,32.8618,71.4774,1359826200
1971,33.0222,71.5205,1359742140
1971,33.0247,71.519,1359705180
1971,33.0275,71.5217,1359703200
1971,33.022,71.5207,1359677280
1971,33.0222,71.5205,1359671280
1971,33.0221,71.5205,1359670800
1971,33.0358,71.5247,1359606540
1971,33.0247,71.519,1359605520
1971,32.9708,71.5035,1359575400
1971,32.9708,71.5026,1359452460
1971,32.9711,71.5034,1359415020
1971,32.9704,71.5028,1359355380
1971,32.971,71.5035,1359348240
1971,32.8396,71.0408,1359141780
1971,32.7902,71.1873,1359061800
1971,32.7902,71.1875,1359006000
1971,32.79,71.1875,1358998680
1971,32.7902,71.1875,1358962620
1971,32.7902,71.1875,1358907420
1971,32.9705,71.5032,1358749800
1971,32.9708,71.5027,1358740020
1971,33.4383,70.6508,1358526180
1971,33.4365,70.6576,1358477580
1971,33.0282,71.5424,1358405280
1971,33.0282,71.5424,1358391360
1971,33.0282,71.5424,1358389620
1971,32.971,71.5027,1358371680
1971,32.9708,71.5024,1358239680
1971,32.9706,71.5028,1358151600
1971,32.9999,71.4967,1357944120
1971,32.7898,71.187,1357795500
1971,32.7965,71.2085,1357709220
1971,32.7906,71.186,1357628700
1971,32.7902,71.1872,1357604700
1971,32.972,71.5007,1357546980
1971,32.8433,71.2237,1357422780
1971,33.022,71.5205,1357110960
1971,32.9708,71.5035,1356931920
1971,33.022,71.5207,1356717960
1971,33.022,71.5208,1356636720
1971,33.0222,71.5207,1356564780
1971,32.79,71.1873,1356546060
1971,32.7862,71.2175,1356418260
1971,32.7867,71.2149,1356413100
1971,32.7915,71.1822,1356408720
1971,32.7903,71.1875,1356401280
1971,33.0222,71.5206,1356306240
1971,33.0247,71.519,1356297240
1971,33.022,71.5207,1356289680
1971,33.0139,71.5377,1356215220
1971,33.0219,71.5208,1356207840
1971,33.0222,71.5207,1356129180
1971,33.0219,71.5207,1356070740
1971,32.7901,71.1875,1355960040
1971,32.79,71.1874,1355952240
1971,32.7902,71.1874,1355882220
1971,32.7902,71.1884,1355873940
1971,32.7903,71.1875,1355854260
1971,33.0328,71.5866,1355835600
1971,33.0221,71.5206,1355807160
1971,33.022,71.5206,1355804040
1971,33.0247,71.519,1355798940
1971,33.022,71.5207,1355786100
1971,33.022,71.5206,1355760420
1971,33.4467,70.6434,1355623980
1971,33.0337,71.5244,1355438280
1971,33.0247,71.519,1355382000
1971,33.022,71.5206,1355350560
1971,33.0323,71.5902,1355343780
1971,33.0337,71.5244,1355328480
1971,33.0222,71.5207,1355292600
1971,33.022,71.5207,1355271960
1971,33.022,71.5207,1355244840
1971,33.0236,71.5675,1355158380
1971,33.022,71.5206,1355088180
1971,33.021,71.5677,1355068620
1971,32.7901,71.1872,1355037720
1971,32.7915,71.185,1355032140
1971,32.7902,71.1874,1354994820
1971,33.0166,71.5503,1354917000
1971,33.0226,71.5206,1354824660
1971,33.0344,71.5247,1354816680
1971,33.0325,71.5897,1354748520
1971,32.7907,71.1876,1354666260
1971,33.022,71.5207,1354581780
1971,33.0217,71.551,1354500780
1971,33.0247,71.519,1354498740
1971,33.6118,70.6382,1354488420
1971,33.4392,71.0217,1354404360
1971,33.583,70.3981,1354385460
1971,33.6117,70.6381,1354380960
1971,33.0221,71.5207,1354250760
1971,33.0247,71.519,1354244280
1971,33.0247,71.519,1354159680
1971,32.7901,71.1871,1354073640
1971,32.7902,71.1875,1354070220
1971,32.79,71.1876,1354068000
1971,32.7902,71.1875,1354067700
1971,32.8618,71.4774,1353880020
1971,32.9722,71.5008,1353834780
1971,32.9662,71.5015,1353810120
1971,33.4367,70.6575,1353802740
1971,33.4365,70.6576,1353728220
1971,33.4357,70.6575,1353725400
1971,33.0328,71.5899,1353678600
1971,33.0219,71.5208,1353652440
1971,33.0221,71.5206,1353632520
1971,33.0221,71.5206,1353625560
1971,33.0212,71.5155,1353605100
1971,33.0248,71.5617,1353600960
1971,33.0219,71.5207,1353557280
1971,33.0213,71.522,1353541740
1971,32.7902,71.1875,1353520560
1971,32.7903,71.1876,1353466920
1971,32.7903,71.1875,1353462600
1971,32.7902,71.1875,1353449220
1971,32.7902,71.1876,1353444660
1971,32.7901,71.1876,1353444240
1971,33.0332,71.5888,1353415200
1971,33.022,71.5208,1353390300
1971,33.022,71.5206,1353299100
1971,32.9702,71.5037,1353279360
1971,32.9697,71.5032,1353225060
1971,32.9701,71.5033,1353195480
1971,32.97,71.5034,1353172320
1971,33.0353,71.5264,1353033780
1971,33.0247,71.519,1353021420
1971,33.022,71.5207,1353021060
1971,33.0328,71.59,1352936040
1971,33.0328,71.5896,1352928840
1971,32.7899,71.1873,1352864460
1971,32.7902,71.1875,1352847480
1971,32.7902,71.1875,1352841120
1971,32.7902,71.1877,1352839380
1971,33.0332,71.5897,1352817780
1971,33.0328,71.5896,1352810700
1971,33.0221,71.5207,1352790300
1971,33.4367,70.6575,1352770020
1971,33.0247,71.519,1352739900
1971,33.0222,71.5206,1352703600
1971,33.0498,71.6028,1352678640
1971,33.0295,71.503,1352666940
1971,32.972,71.5011,1352623200
1971,33.0447,71.3705,1352565600
1971,33.0477,71.3677,1352524620
1971,33.0447,71.3705,1352512140
1971,32.7903,71.1875,1352493600
1971,33.0091,71.5475,1352484540
1971,33.0219,71.5206,1352436660
1971,33.0247,71.519,1352430780
1971,33.0247,71.519,1352428080
1971,33.0221,71.5207,1352342760
1971,32.79,71.1876,1352263380
1971,32.7902,71.1875,1352253900
1971,32.8441,71.2305,1352229180
1971,33.0212,71.5595,1352215020
1971,33.0215,71.56,1352210280
1971,33.0327,71.5893,1352128560
1971,32.9662,71.5015,1352062500
1971,32.972,71.5008,1352015460
1971,32.972,71.5008,1352006100
1971,33.0001,71.4961,1351925220
1971,33.0022,71.497,1351903920
1971,32.9695,71.5047,1351792260
1971,32.972,71.5008,1351752960
1971,32.7897,71.1948,1351644000
1971,32.7902,71.1875,1351635540
1971,32.7902,71.1875,1351618380
1971,33.0222,71.5205,1351547580
1971,33.022,71.5207,1351546680
1971,33.0221,71.5205,1351531260
1971,33.033,71.5893,1351514220
1971,32.9707,71.5028,1351481640
1971,33.022,71.5208,1351273140
1971,33.4365,70.6576,1351258740
1971,32.9718,71.5006,1350807360
1971,32.9718,71.5008,1350806580
1971,33.0247,71.519,1350687420
1971,33.0222,71.5206,1350626880
1971,32.971,71.5028,1350603600
1971,33.0327,71.5893,1350509940
1971,33.0222,71.5207,1350441240
1971,33.0247,71.519,1350435180
1971,32.7902,71.1875,1350413220
1971,33.0307,71.5875,1350403080
1971,33.022,71.5206,1350371460
1971,33.022,71.5207,1350356340
1971,32.9718,71.503,1350203520
1971,33.0247,71.519,1350017400
1971,32.7902,71.1875,1349993940
1971,32.7902,71.1875,1349974800
1971,32.7902,71.1875,1349899080
1971,33.0328,71.5896,1349896200
1971,32.7902,71.1875,1349845500
1971,32.7902,71.1876,1349832660
1971,32.7902,71.1875,1349812080
1971,33.022,71.5207,1349658060
1971,33.4439,70.8176,1349471820
1971,33.0307,71.5875,1349359080
1971,32.7902,71.187,1349240220
1971,32.7902,71.1875,1349231040
1971,32.7898,71.1873,1349223780
1971,33.0247,71.519,1349065860
1971,32.9839,71.5333,1349047440
1971,32.972,71.5008,1348984800
1971,32.9662,71.5015,1348972020
1971,32.9662,71.5015,1348967400
1971,32.9328,71.4793,1348942860
1971,32.9795,71.5343,1348883100
1971,32.9839,71.5333,1348860000
1971,32.9839,71.5333,1348859220
1971,32.9839,71.5333,1348858260
1971,33.0222,71.5207,1348852380
1971,33.022,71.5206,1348807020
1971,33.0247,71.519,1348787220
1971,32.7902,71.1873,1348619640
1971,32.7902,71.1875,1348607880
1971,33.0307,71.5873,1348500540
1971,32.9718,71.5007,1348388520
1971,32.972,71.5008,1348386000
1971,32.9718,71.5007,1348385340
1971,32.9662,71.5015,1348350420
1971,32.7903,71.1873,1348267080
1971,32.7902,71.2022,1348195140
1971,32.7902,71.1875,1348180260
1971,32.7902,71.1875,1348179120
1971,32.972,71.5008,1348026780
1971,32.8618,71.4774,1348006320
1971,32.8618,71.4774,1347990240
1971,32.9581,71.5075,1347987600
1971,32.9722,71.5008,1347951660
1971,32.9722,71.5008,1347948660
1971,32.9706,71.5026,1347919380
1971,32.9707,71.5027,1347913500
1971,32.9708,71.5028,1347911700
1971,33.0285,71.502,1347857460
1971,32.9717,71.501,1347774000
1971,33.4356,70.6479,1347733380
1971,33.4356,70.6479,1347658980
1971,33.4279,70.6272,1347588420
1971,33.0222,71.5206,1347510720
1971,33.0323,71.5902,1347487620
1971,33.0328,71.5896,1347486240
1971,33.0328,71.5896,1347474060
1971,33.0222,71.5207,1347468180
1971,33.0221,71.5206,1347397500
1971,33.0247,71.519,1347396360
1971,33.0247,71.519,1347396180
1971,33.0328,71.5896,1347376620
1971,33.0222,71.5207,1347338040
1971,33.0306,71.5874,1347287220
1971,32.972,71.5008,1347179700
1971,32.9702,71.5015,1347149160
1971,33.022,71.5206,1347042780
1971,33.0221,71.5206,1346956980
1971,32.7902,71.1875,1346819520
1971,32.7903,71.1877,1346806980
1971,32.7902,71.1876,1346804580
1971,32.7875,71.189,1346797440
1971,32.7883,71.1889,1346794140
1971,32.7943,71.214,1346790180
1971,32.7883,71.1889,1346784660
1971,33.0221,71.5206,1346732580
1971,33.0221,71.5206,1346705460
1971,33.022,71.5205,1346694660
1971,32.9717,71.5007,1346580780
1971,32.972,71.5008,1346559480
1971,33.0002,71.4968,1346539860
1971,33.0221,71.5205,1345848420
1971,33.009,71.548,1345837440
1971,33.0219,71.5208,1345786980
1971,33.022,71.5206,1345785300
1971,33.022,71.5206,1345690500
1971,33.0219,71.5208,1345613760
1971,33.0215,71.5211,1345503000
1971,33.0222,71.5207,1345483320
1971,33.0215,71.5211,1345434060
1971,33.0222,71.5207,1345409220
1971,33.022,71.5205,1345408740
1971,33.0215,71.5211,1345405380
1971,33.0215,71.5211,1345358640
1971,33.0465,71.6154,1342847580
1971,32.9707,71.5027,1341718260
1971,32.97,71.5023,1341194820
1971,32.9707,71.503,1341181560
1971,32.9662,71.5015,1340669160
1971,32.9707,71.5028,1340509200
1971,33.0403,71.5493,1340484600
1971,32.9708,71.5027,1340430000
1971,32.9685,71.5071,1340427480
1971,32.9688,71.5023,1338760680
1971,32.9884,71.2231,1338672660
1971,32.9707,71.5027,1338510360
1971,32.971,71.5023,1338504240
1971,32.9709,71.5027,1338503220
1971,32.9673,71.5057,1333849500
1971,32.9705,71.5025,1333828920
1971,32.9687,71.5069,1333814760
1971,32.9708,71.5022,1333761180
1971,32.9699,71.5011,1333753500
