1990,53.6148,6.202,1378140180
1990,53.6147,6.2021,1377981480
1990,53.6145,6.2023,1377725760
1990,53.6148,6.2021,1377712920
1990,53.6149,6.2019,1377692220
1990,53.6148,6.2021,1376878140
1990,53.6148,6.2021,1376877480
1990,53.6148,6.2021,1375880220
1990,53.6148,6.202,1375312680
1990,53.6147,6.202,1375312620
1990,53.6147,6.2021,1374862860
1990,53.6147,6.2021,1374777540
1990,53.6147,6.2022,1374609240
1990,53.6148,6.202,1374534540
1990,53.6147,6.2023,1374354840
1990,53.6147,6.2021,1374272640
1990,53.6147,6.202,1373917140
1990,53.6148,6.202,1373756340
1990,53.6148,6.202,1373756280
1990,53.6148,6.2019,1373405760
1990,53.6149,6.2018,1373397480
1990,53.6148,6.2019,1373327100
1990,53.6148,6.202,1373292780
1990,53.6147,6.202,1372872540
1990,53.6147,6.202,1372872480
1990,53.6146,6.2023,1372544340
1990,53.6147,6.2018,1372544220
1990,53.6146,6.202,1372081440
1990,53.6147,6.2021,1371918240
1990,53.6147,6.2021,1371918180
1990,53.6148,6.2018,1371682320
1990,53.6146,6.2019,1371502740
1990,53.6148,6.202,1371402480
1990,53.6148,6.202,1371257820
1990,53.6147,6.2021,1370814780
1990,53.6147,6.2021,1370814720
1990,53.6149,6.2021,1370649960
1990,53.6148,6.202,1370452800
1990,53.6147,6.202,1370452740
1990,53.615,6.2021,1369943280
1990,53.5854,6.1563,1369931220
1990,53.6218,6.2059,1345385040
1990,53.611,6.1901,1345307880
1990,53.6098,6.1995,1345209300
1990,53.6098,6.1995,1345135320
1990,53.6098,6.1995,1344880320
1990,53.6098,6.1995,1344813000
1990,53.6088,6.186,1344785700
1990,53.6129,6.1909,1344589140
1990,53.6099,6.1997,1344540840
1990,53.6089,6.1937,1344434760
1990,53.4637,6.2038,1344349560
1990,53.6146,6.2019,1344282420
1990,53.6147,6.202,1344271560
1990,53.6145,6.2019,1344190080
1990,53.6134,6.2066,1344088260
1990,53.6146,6.2021,1344036540
1990,53.6147,6.2021,1344027300
1990,53.6146,6.202,1344020880
1990,53.3662,6.2719,1344015000
1990,53.3661,6.2718,1344014940
1990,53.6146,6.2019,1343937840
1990,53.6147,6.2021,1343924640
1990,53.6149,6.2022,1343865180
1990,53.6149,6.2022,1343865120
1990,53.6149,6.2022,1343858940
1990,53.6147,6.2021,1343752920
1990,53.6147,6.202,1343582220
1990,53.6147,6.2019,1343564160
1990,53.6147,6.2022,1343329260
1990,53.6147,6.2019,1343177160
1990,53.6146,6.2021,1342972500
1990,53.6146,6.2019,1342740000
1990,53.6148,6.2022,1342486620
1990,53.6147,6.2021,1342438500
1990,53.6148,6.2022,1342201980
1990,53.6146,6.2019,1342126800
1990,53.3644,6.2255,1342115100
1990,53.6147,6.202,1342055040
1990,53.6147,6.2021,1342046880
1990,53.6147,6.2021,1341929280
1990,53.6146,6.2019,1341871440
1990,53.6146,6.2019,1341840600
1990,53.6146,6.2019,1341840120
1990,53.6147,6.202,1341801600
1990,53.6147,6.202,1341800640
1990,53.6149,6.2022,1341798660
1990,53.615,6.2022,1341708360
1990,53.6147,6.2021,1341662040
1990,53.6147,6.202,1341535500
1990,53.6146,6.202,1341402840
1990,53.6148,6.2019,1341221880
1990,53.6148,6.2022,1341084960
1990,53.6148,6.2021,1340911080
1990,53.6146,6.2019,1340817120
1990,53.6147,6.202,1340788200
1990,53.6145,6.2019,1340291460
1990,53.6131,6.2062,1340121300
1990,53.6147,6.202,1340111400
1990,53.6146,6.2019,1340032440
1990,53.6146,6.2019,1339788060
1990,53.6148,6.2022,1339762740
1990,53.6148,6.2022,1339695660
1990,53.6146,6.2018,1339688340
1990,53.6149,6.2022,1339541640
1990,53.6148,6.202,1339535760
1990,53.6146,6.2019,1339347660
1990,53.6145,6.2019,1339341360
1990,53.6145,6.2019,1339267860
1990,53.6148,6.202,1339166460
1990,53.6148,6.202,1339156680
1990,53.6147,6.2021,1339099740
1990,53.6146,6.2022,1338975300
1990,53.6147,6.2021,1338852300
1990,53.6147,6.2021,1338819180
1990,53.6146,6.202,1338747660
1990,53.6146,6.202,1338745200
1990,53.6148,6.2019,1338726720
1990,53.6148,6.2019,1338726180
1990,53.6146,6.2021,1338680340
1990,53.6146,6.202,1338638640
1990,53.6146,6.2019,1338571020
1990,53.6145,6.2021,1338536160
1990,53.6137,6.1888,1338246120
1990,53.6576,6.2559,1338230700
1990,53.6209,6.2101,1338138000
1990,53.6082,6.2054,1338050640
1990,53.6126,6.188,1337944620
1990,53.6109,6.1997,1337932320
1990,53.6207,6.2098,1337882820
1990,53.6207,6.2098,1337802960
1990,53.6271,6.21,1337785860
1990,53.6271,6.21,1337727000
1990,53.6168,6.1937,1337704680
1990,53.6115,6.1995,1337675700
1990,53.6116,6.1991,1337548320
1990,53.6153,6.1928,1337533380
1990,53.6155,6.193,1337513700
1990,53.6145,6.2018,1337297640
1990,53.6148,6.2021,1337279700
1990,53.6148,6.202,1337273280
1990,53.6147,6.2021,1337178360
1990,53.6147,6.2019,1337174400
1990,53.6147,6.2018,1337168220
1990,53.6147,6.2018,1337166960
1990,53.6147,6.2018,1337165040
1990,53.6148,6.2019,1337067480
1990,53.6147,6.2021,1337038440
1990,53.6147,6.202,1337020320
1990,53.3696,6.2771,1336998120
1990,53.6147,6.202,1336987980
1990,53.6146,6.202,1336914660
1990,53.6148,6.2019,1336835640
1990,53.6147,6.2019,1336764420
1990,53.6147,6.2019,1336763700
1990,53.6148,6.2021,1336741080
1990,53.6146,6.202,1336697280
1990,53.6146,6.2019,1336688340
1990,53.6146,6.2021,1336662120
1990,53.6147,6.202,1336589640
1990,53.6147,6.202,1336516320
1990,53.6146,6.2024,1336508700
1990,53.6147,6.202,1336507740
1990,53.6147,6.202,1336507560
1990,53.6146,6.2019,1336498440
1990,53.6146,6.202,1336413000
1990,53.6146,6.2019,1336340100
1990,53.6146,6.202,1336339140
1990,53.6148,6.2024,1336337220
1990,53.6147,6.202,1336296480
1990,53.6147,6.2021,1336128540
1990,53.6145,6.2018,1336082160
1990,53.6146,6.2021,1336027860
1990,53.6147,6.2021,1335901440
1990,53.6147,6.2021,1335829980
1990,53.6147,6.2021,1335816300
1990,53.6144,6.2017,1335704280
1990,53.6146,6.2022,1335703500
1990,53.6147,6.2022,1335609900
1990,53.6146,6.2019,1335549240
1990,53.6146,6.2019,1335544200
1990,53.6147,6.2021,1335512640
1990,53.6146,6.2022,1335511020
1990,53.6146,6.2019,1335482640
1990,53.6147,6.2022,1335478140
1990,53.6146,6.2021,1335475680
1990,53.6144,6.2017,1335462720
1990,53.6146,6.2021,1335425160
1990,53.6146,6.2019,1335386040
1990,53.6146,6.2023,1335385380
1990,53.6145,6.2018,1335302700
1990,53.6148,6.2022,1335302040
1990,53.6146,6.2019,1335299160
1990,53.6144,6.2018,1335273780
1990,53.6147,6.202,1335253200
1990,53.3798,6.2885,1335192180
1990,53.6146,6.2019,1335186780
1990,53.6147,6.2022,1335112920
1990,53.6147,6.2022,1335109740
1990,53.6147,6.2021,1335046980
1990,53.6147,6.2021,1335041820
1990,53.6147,6.2021,1335041700
1990,53.6147,6.2021,1335041580
1990,53.6146,6.2021,1334909160
1990,53.6147,6.2021,1334907240
1990,53.6147,6.2021,1334828100
1990,53.612,6.1865,1334762220
1990,53.6146,6.2021,1334704500
1990,53.6147,6.2021,1334703660
1990,53.6148,6.2022,1334565540
1990,53.6146,6.202,1334523300
1990,53.8495,9.2907,1334260380
1990,53.3615,6.2711,1334167560
1990,53.6148,6.2022,1334086860
1990,53.6148,6.2022,1334084640
1990,53.6146,6.202,1334069820
1990,53.6146,6.2021,1334068140
1990,53.6146,6.2021,1334067840
1990,53.6147,6.2021,1334016900
1990,53.6146,6.2021,1333908480
1990,53.6146,6.2019,1333835880
1990,53.6148,6.2022,1333811040
1990,53.6148,6.2022,1333810740
1990,53.6146,6.202,1333763940
1990,53.6147,6.2021,1333762680
1990,53.6148,6.2022,1333745220
1990,53.6148,6.2022,1333745100
1990,53.4938,6.1999,1333634280
1990,53.6148,6.2021,1333629600
1990,53.6147,6.2021,1333574280
1990,53.6147,6.2021,1333574160
1990,53.6102,6.2001,1333572660
1990,53.6104,6.1901,1333566180
1990,53.6102,6.2001,1333556760
1990,53.6146,6.2021,1333490400
1990,53.6146,6.2021,1333490340
1990,53.6145,6.2019,1333412940
1990,53.6145,6.2019,1333408740
1990,53.6146,6.202,1333359540
1990,53.6145,6.2019,1333358280
1990,53.6146,6.202,1333294800
1990,53.6146,6.202,1333294620
1990,53.6145,6.2018,1333235280
1990,53.6146,6.2021,1333234740
1990,53.6148,6.2022,1333223220
1990,53.6146,6.202,1333220220
1990,53.6147,6.2021,1333202760
1990,53.6147,6.202,1333200900
1990,53.6145,6.2018,1333198740
1990,53.6146,6.2019,1333147560
1990,53.6146,6.202,1333135440
1990,53.6147,6.2021,1333127100
1990,53.6147,6.2021,1333126800
1990,53.6147,6.2021,1333112160
1990,53.6148,6.2021,1333068000
1990,53.6147,6.2021,1333009440
1990,53.6147,6.2021,1333008660
1990,53.6146,6.202,1332978300
1990,53.6147,6.2023,1332968700
1990,53.6147,6.2023,1332964920
1990,53.6146,6.202,1332955380
1990,53.6146,6.202,1332944520
1990,53.6146,6.202,1332944400
1990,53.6147,6.2021,1332889620
1990,53.6146,6.202,1332875160
1990,53.6146,6.202,1332875040
1990,53.6146,6.202,1332874380
1990,53.6147,6.2021,1332810660
1990,53.6146,6.202,1332764400
1990,53.1404,7.0369,1332697620
1990,53.1462,7.1797,1332696840
1990,53.8443,9.2904,1332638340
1990,53.8443,9.2904,1332626940
1990,53.8443,9.2904,1332626220
1990,53.6869,8.8946,1332559800
1990,53.6869,8.8946,1332547500
1990,53.6148,6.2021,1332450240
1990,53.6147,6.202,1332356940
1990,53.6147,6.2021,1332284760
1990,53.6147,6.2021,1332278640
1990,53.6147,6.2021,1332275580
1990,53.6147,6.2021,1332274860
1990,53.6148,6.2022,1332245280
1990,53.6148,6.2022,1332245220
1990,53.6146,6.202,1332196200
1990,53.6146,6.2021,1332195060
1990,53.6146,6.202,1332194580
1990,53.6146,6.202,1332179760
1990,53.6147,6.2021,1332179100
1990,53.6147,6.2021,1332179040
1990,53.6147,6.202,1332178080
1990,53.6148,6.2022,1332115140
1990,53.6147,6.2021,1331949180
1990,53.6148,6.2021,1331941260
1990,53.6148,6.2022,1331892660
1990,53.6147,6.202,1331844840
1990,53.6147,6.202,1331844720
1990,53.6147,6.202,1331844000
1990,53.6146,6.202,1331823780
1990,53.6146,6.202,1331823660
1990,53.6146,6.202,1331822700
1990,53.6146,6.202,1331822280
1990,53.6147,6.2021,1331769900
1990,53.6147,6.2021,1331769720
1990,53.6147,6.2021,1331769000
1990,53.6148,6.2021,1331752440
1990,53.6147,6.202,1331718360
1990,53.6146,6.202,1331684760
1990,53.6146,6.202,1331684400
1990,53.6148,6.2021,1331502360
1990,53.6148,6.2021,1331502060
1990,53.6148,6.2021,1331484780
1990,53.6147,6.2021,1331482980
1990,53.6147,6.2021,1331480700
1990,53.6147,6.2021,1331475780
1990,53.6146,6.2019,1331475120
1990,53.6146,6.2019,1331475000
1990,53.6146,6.2019,1331472420
1990,53.6148,6.2021,1331415780
1990,53.6146,6.202,1331411280
1990,53.6148,6.2022,1331397300
1990,53.6148,6.2022,1331397000
1990,53.6148,6.2022,1331388480
1990,53.6148,6.2021,1331322120
1990,53.6147,6.2021,1331299140
1990,53.6147,6.2021,1331299020
1990,53.6148,6.2021,1331248860
1990,53.6148,6.2021,1331087820
1990,53.6148,6.2021,1331087160
1990,53.6148,6.2021,1331086680
1990,53.6148,6.2021,1331085300
1990,53.6147,6.2022,1331076900
1990,53.6148,6.2021,1331072700
1990,53.6147,6.2021,1331072520
1990,53.6147,6.2021,1330968780
1990,53.6147,6.2021,1330965600
1990,53.6148,6.2021,1330959840
1990,53.6148,6.2021,1330958460
1990,53.6148,6.2021,1330955940
1990,53.6148,6.2021,1330955760
1990,53.6148,6.2021,1330953360
1990,53.6148,6.2021,1330910580
1990,53.6148,6.2021,1330910400
1990,53.6148,6.2021,1330883400
1990,53.6148,6.2021,1330817520
1990,53.6146,6.202,1330817100
1990,53.6148,6.2022,1330794720
1990,53.6146,6.202,1330725600
1990,53.611,6.189,1330649520
1990,53.6093,6.1864,1330644000
1990,53.611,6.189,1330643880
1990,53.611,6.189,1330643760
1990,53.6193,6.2082,1330636080
1990,53.6193,6.2082,1330635900
1990,53.6193,6.2082,1330635660
1990,53.6097,6.2008,1330621500
1990,53.611,6.189,1330567140
1990,53.6097,6.2008,1330561800
1990,53.6097,6.2008,1330447140
1990,53.611,6.189,1330437780
1990,53.611,6.189,1330436580
1990,53.6108,6.204,1330366020
1990,53.6169,6.196,1330335420
1990,53.611,6.189,1330335120
1990,53.611,6.189,1330305240
1990,53.6201,6.2023,1330286460
1990,53.6201,6.2023,1330215900
1990,53.6201,6.2023,1330201800
1990,53.6169,6.196,1330198320
1990,53.6097,6.2008,1330178460
1990,53.6201,6.2023,1330032180
1990,53.611,6.189,1329962520
1990,53.611,6.189,1329962400
1990,53.6097,6.2008,1329961080
1990,53.6097,6.2008,1329944160
1990,53.6193,6.2082,1329943860
1990,53.6093,6.1864,1329789720
1990,53.5904,6.2169,1329743040
1990,53.6193,6.2082,1329669480
1990,53.6109,6.1889,1329613140
1990,53.6109,6.1889,1329610260
1990,53.6193,6.2082,1329604920
1990,53.6202,6.2024,1329570720
1990,53.3809,6.3081,1329505680
1990,53.6108,6.1885,1329443760
1990,53.6108,6.1885,1329435180
1990,53.6206,6.2028,1329433740
1990,53.611,6.2038,1329433020
1990,53.619,6.2081,1329356040
1990,53.3695,6.2808,1329341700
1990,53.3695,6.2808,1329341640
1990,53.6147,6.202,1329231120
1990,53.6147,6.202,1329229560
1990,53.6147,6.202,1329229020
1990,53.6147,6.202,1329228900
1990,53.6147,6.202,1329191820
1990,53.6147,6.202,1329191460
1990,53.6147,6.2021,1329175800
1990,53.6148,6.2021,1329175500
1990,53.6148,6.2021,1329171480
1990,53.6147,6.202,1329151860
1990,53.6147,6.2021,1329052560
1990,53.6147,6.2021,1329005460
1990,53.6147,6.2021,1329001020
1990,53.6147,6.2021,1329000780
1990,53.6147,6.2021,1329000600
1990,53.6147,6.2021,1328962440
1990,53.6147,6.2021,1328925180
1990,53.6147,6.2021,1328917560
1990,53.6148,6.2021,1328917380
1990,53.6147,6.2021,1328917080
1990,53.6149,6.2022,1328907120
1990,53.6147,6.2021,1328898480
1990,53.6147,6.2021,1328829360
1990,53.6147,6.2021,1328817660
1990,53.6147,6.2021,1328812200
1990,53.6148,6.2021,1328806800
1990,53.6147,6.2021,1328744580
1990,53.6147,6.2021,1328651880
1990,53.6147,6.202,1328646780
1990,53.6148,6.2022,1328635800
1990,53.3663,6.2712,1328616000
1990,53.6148,6.2021,1328571960
1990,53.6148,6.2021,1328571720
1990,53.6148,6.2021,1328559840
1990,53.6149,6.2022,1328559420
1990,53.6149,6.2022,1328552040
1990,53.5903,6.2168,1328545200
1990,53.6147,6.2021,1328520780
1990,53.6147,6.2021,1328516640
1990,53.6148,6.2018,1328493600
1990,53.6147,6.2021,1328465700
1990,53.6147,6.2021,1328456760
1990,53.6147,6.2021,1328456100
1990,53.6147,6.2021,1328455920
1990,53.6147,6.2017,1328455440
1990,53.6147,6.2017,1328455260
1990,53.6146,6.2021,1328406540
1990,53.6147,6.202,1328405580
