1991,41.2706,1.9863,1374427380
1991,41.2706,1.9863,1374414240
1991,41.2706,1.9863,1374409080
1991,41.2706,1.9863,1374193920
1991,41.2706,1.9862,1374084300
1991,41.2706,1.9862,1374003720
1991,41.2706,1.9863,1374002160
1991,41.2706,1.9863,1373884920
1991,41.2706,1.9863,1373839260
1991,41.2706,1.9863,1373826480
1991,41.2706,1.9863,1373769000
1991,41.2706,1.9863,1373766060
1991,41.2707,1.9863,1373324220
1991,41.2706,1.9863,1373054040
1991,41.2799,1.9911,1367243040
1991,41.2707,1.9863,1360338240
1991,41.2707,1.9863,1360338180
1991,41.2707,1.9863,1360338120
1991,41.2707,1.9863,1360338060
1991,41.2707,1.9863,1360337520
1991,41.2707,1.9863,1359641880
1991,41.2707,1.9864,1359319800
1991,41.2707,1.9864,1359316320
1991,41.2735,1.9734,1359161640
1991,41.2707,1.9863,1359127920
1991,41.2702,1.9874,1359056760
1991,41.2702,1.9874,1358804100
1991,41.2702,1.9873,1358694480
1991,41.2688,1.9959,1357849080
1991,41.2775,1.9864,1357168860
1991,41.2686,2.0014,1357168020
1991,41.2705,1.9843,1356793320
1991,41.2705,1.9843,1356564840
1991,41.2705,1.9843,1356391020
1991,41.2705,1.9843,1356355740
1991,41.2707,1.9863,1356217740
1991,41.2735,1.9734,1356206340
1991,41.2707,1.9863,1356172740
1991,41.2707,1.9863,1356099480
1991,41.2707,1.9863,1356099120
1991,41.2707,1.9863,1355864400
1991,41.2707,1.9863,1355692860
1991,41.2707,1.9863,1355648940
1991,41.2707,1.9863,1355648880
1991,41.2707,1.9863,1355648640
1991,41.2679,1.9869,1355148600
1991,41.2799,1.9911,1355090340
1991,41.2679,1.9869,1355083320
1991,41.2799,1.9911,1355003640
1991,41.2707,1.9864,1354981680
1991,41.2705,1.9843,1354967700
1991,41.2735,1.9734,1354960860
1991,41.2799,1.9911,1354836720
1991,41.2679,1.9869,1354835880
1991,41.2678,1.9871,1354830060
1991,41.2707,1.9864,1354653840
1991,41.2799,1.9911,1354568340
1991,41.2799,1.9911,1354323900
1991,41.2707,1.9863,1354322700
1991,41.2707,1.9863,1354322520
1991,41.2707,1.9863,1354322160
1991,41.2707,1.9863,1354285440
1991,41.2799,1.9911,1354139100
1991,41.2705,1.9843,1354044060
1991,41.2799,1.9911,1353970680
1991,41.2707,1.9863,1353939600
1991,41.2799,1.9911,1353887220
1991,41.2799,1.9911,1353537720
1991,41.2799,1.9911,1353537180
1991,41.2799,1.9911,1353446280
1991,41.2705,1.9843,1353357900
1991,41.2707,1.9863,1353179520
1991,41.2707,1.9864,1353179040
1991,41.2707,1.9863,1352992860
1991,41.2735,1.9734,1352670180
1991,41.2735,1.9734,1352326800
1991,41.2735,1.9734,1351941120
1991,41.2735,1.9734,1351898580
1991,41.2679,1.9869,1351813560
1991,41.2679,1.9869,1351772640
1991,41.2774,1.9824,1351080300
1991,41.2774,1.9824,1351073040
1991,41.2799,1.9911,1350939060
1991,41.2735,1.9734,1350830040
1991,41.2679,1.9869,1350772800
1991,41.2679,1.9869,1350735360
1991,41.2688,1.9864,1350735060
1991,41.2679,1.9869,1350563160
1991,41.2792,1.986,1350498540
1991,41.2688,1.9864,1350492660
1991,41.2735,1.9734,1350491700
1991,41.2735,1.9734,1350491520
1991,41.2799,1.9911,1350426720
1991,41.2679,1.9869,1350426540
1991,41.2678,1.987,1350071820
1991,41.2799,1.9911,1350069420
1991,41.2799,1.9911,1350033060
1991,41.2711,1.9838,1349873880
1991,41.2679,1.9869,1349873640
1991,41.2678,1.987,1349472360
1991,41.2735,1.9734,1349471520
1991,41.2735,1.9734,1349186760
1991,41.2679,1.9869,1349090640
1991,41.2679,1.9869,1348998360
1991,41.2735,1.9734,1348673880
1991,41.2678,1.9871,1348349820
1991,41.2678,1.9871,1348173900
1991,41.2707,2.03,1347905340
1991,41.271,2.0265,1347904620
1991,41.2949,1.981,1347889260
1991,41.2799,1.9911,1347789420
1991,41.4709,2.0911,1347744480
1991,41.2799,1.9911,1347699360
1991,41.2678,1.9869,1347312900
1991,41.2686,1.9862,1347192720
1991,41.2686,1.9861,1346626080
1991,41.2799,1.9911,1346535480
1991,41.2809,1.9739,1346520240
1991,41.2799,1.9911,1346407680
1991,41.2686,1.9861,1346356020
1991,41.2799,1.9911,1346225520
1991,41.2799,1.9911,1346225220
1991,41.3025,2.0764,1345749300
1991,41.3796,2.1595,1345633200
1991,41.2761,1.9798,1345572420
1991,41.3796,2.175,1345151280
