2004,33.8405,84.3702,1374889560
2004,33.7634,84.3949,1371072960
2004,33.7582,84.4183,1368750120
2004,33.5742,84.5667,1368208200
2004,33.7983,84.4158,1365558420
2004,33.7884,84.4272,1365211560
2004,33.7536,84.492,1365205500
2004,33.7787,84.4125,1364343480
2004,33.7439,84.4085,1362252060
2004,33.5498,84.4146,1359050100
2004,25.7927,80.1295,1359028620
2004,25.7984,80.128,1358993220
2004,25.7911,80.1268,1358972580
2004,25.7894,80.1302,1358967060
2004,25.7698,80.133,1358913900
2004,25.7741,80.1321,1358908380
2004,25.7856,80.1298,1358891340
2004,33.3815,84.182,1358877540
2004,33.6407,84.4361,1358869440
