2013,23.5565,46.6587,1378218720
2013,23.554,46.6509,1378147920
2013,23.555,46.6493,1378066440
2013,23.554,46.6508,1378056480
2013,23.5534,46.6511,1378041300
2013,23.5538,46.6509,1377971820
2013,23.5547,46.6552,1377862860
2013,23.5655,46.6513,1377822180
2013,23.5657,46.6515,1377731220
2013,23.566,46.6508,1377555900
2013,23.5534,46.6511,1377423720
2013,23.554,46.6508,1377390840
2013,23.5539,46.651,1377378060
2013,23.554,46.6508,1377365940
2013,23.5558,46.7332,1377331620
2013,23.5658,46.7112,1377316440
2013,23.546,46.6452,1377297120
2013,23.553,46.648,1377266640
2013,23.5655,46.6511,1377125040
2013,23.554,46.6508,1376781360
2013,23.5621,46.7278,1376654520
2013,23.5539,46.6509,1376648520
2013,23.5615,46.6552,1376600280
2013,23.554,46.6509,1376534280
2013,23.5539,46.6509,1376516640
2013,23.554,46.6508,1376274360
2013,23.588,46.657,1376239500
2013,23.5824,46.6629,1376237160
2013,23.554,46.6508,1376177100
2013,23.5546,46.6507,1376139780
2013,23.554,46.6509,1376020860
2013,23.5547,46.6547,1375974540
2013,23.5657,46.6513,1375925280
2013,23.554,46.6509,1375888080
2013,23.5538,46.651,1375791360
2013,23.5596,46.6703,1375556820
2013,23.5539,46.651,1375534680
2013,23.5589,46.6597,1375487520
2013,23.5663,46.6507,1375479600
2013,23.5568,46.6615,1375468860
2013,23.5545,46.6612,1375467720
2013,23.554,46.6509,1375457820
2013,23.5595,46.6552,1375404720
2013,23.5658,46.651,1375396500
2013,23.5875,46.6598,1375225860
2013,23.5894,46.6596,1375205820
2013,23.5538,46.651,1375199220
2013,22.9217,43.2691,1375050720
2013,22.9218,43.269,1374944820
2013,22.9238,43.2652,1374939900
2013,13.0038,38.5328,1374809460
2013,14.857,40.8492,1374781260
2013,14.866,40.8242,1374762540
2013,14.8657,40.8267,1374755940
2013,14.866,40.824,1374681060
2013,14.8593,40.8307,1374621360
2013,14.8662,40.8242,1374593820
2013,14.866,40.8243,1374593460
2013,14.8661,40.8241,1374545880
2013,13.0057,38.4628,1374484860
2013,13.0055,38.4631,1374450900
2013,13.0037,38.533,1374439440
2013,13.0037,38.533,1374439320
2013,13.0097,38.5282,1374423300
2013,13.0058,38.4633,1374421380
2013,12.9544,38.4265,1374379860
2013,12.954,38.4265,1374375720
2013,13.0056,38.463,1374337260
2013,13.0142,38.4857,1374298980
2013,13.0135,38.486,1374293820
2013,13.0055,38.4628,1374266700
2013,13.0054,38.4628,1374252300
2013,13.0057,38.463,1374251820
2013,13.0095,38.5142,1374208860
2013,13.0098,38.5142,1374208020
2013,12.9953,38.4798,1374202080
2013,14.8793,40.8547,1374162000
2013,14.866,40.824,1374024120
2013,14.8526,40.8408,1374000240
2013,14.8662,40.8243,1373987100
2013,14.866,40.8243,1373972700
2013,14.8585,40.839,1373925420
2013,14.8661,40.824,1373847240
2013,14.8512,40.8617,1373841360
2013,14.892,40.8448,1373824920
2013,14.8662,40.8243,1373742660
2013,14.8661,40.8241,1373736780
2013,14.8662,40.8242,1373653980
2013,14.8662,40.8241,1373651580
2013,14.8585,40.8453,1373492100
2013,14.86,40.8287,1373480820
2013,14.8509,40.8613,1373475180
2013,14.8661,40.8241,1373412480
2013,14.8573,40.8288,1373319240
2013,14.8661,40.824,1373246040
2013,14.8555,40.8255,1373244840
2013,14.866,40.824,1373224320
2013,14.866,40.824,1373211780
2013,14.8592,40.8337,1372962900
2013,14.2027,42.1092,1372874160
2013,14.2052,42.1195,1372857180
2013,14.2063,42.112,1372804980
2013,14.2053,42.1053,1372804200
2013,14.2053,42.1053,1372758180
2013,14.2055,42.1212,1372676100
2013,14.2053,42.1053,1372612860
2013,14.2155,42.7627,1372549260
2013,16.6751,43.7984,1372522140
2013,17.9343,44.1666,1372511640
2013,19.4652,44.2497,1372500600
2013,23.5541,46.6509,1372386360
2013,23.5672,46.6497,1372272780
2013,23.554,46.651,1372215840
2013,23.5541,46.6509,1372094700
2013,23.5537,46.6508,1372094520
2013,23.5727,46.6763,1372034340
2013,23.5728,46.6762,1372022100
2013,23.554,46.6508,1372019880
2013,23.5653,46.6515,1371856320
2013,23.554,46.654,1371829620
2013,23.5653,46.6512,1371599700
2013,23.5541,46.6509,1371487020
2013,23.5541,46.6509,1371362820
2013,23.554,46.6507,1371234000
2013,23.565,46.651,1371073620
2013,23.5541,46.6509,1370966160
2013,23.554,46.6508,1370849280
2013,23.554,46.6508,1370819640
2013,23.5542,46.6509,1370778900
2013,23.554,46.6508,1370722380
2013,23.554,46.6509,1370719860
2013,23.5657,46.6507,1370565420
2013,23.564,46.6678,1370556960
2013,23.5552,46.6568,1370365140
2013,14.8587,40.8227,1370106780
2013,14.8585,40.823,1370100480
2013,14.866,40.8242,1370024760
2013,14.866,40.8241,1369967400
2013,14.8662,40.8242,1369939080
2013,23.5567,46.6452,1369785360
2013,23.554,46.6508,1369678620
2013,23.552,46.6518,1369530480
2013,23.554,46.651,1369370700
2013,23.5552,46.657,1369329900
2013,23.5652,46.6508,1369098300
2013,23.6228,46.6985,1368987960
2013,23.5335,46.6405,1368938160
2013,23.566,46.6502,1368661380
2013,23.571,46.652,1368643260
2013,14.8662,40.8242,1368591120
2013,23.4296,46.4672,1368459480
2013,14.8608,40.8262,1368403020
2013,14.866,40.824,1368396420
2013,14.852,40.839,1368338160
2013,14.8662,40.824,1368315300
2013,14.8662,40.824,1368300000
2013,14.866,40.824,1368297720
2013,14.8661,40.824,1368277560
2013,14.8583,40.8302,1368231720
2013,23.43,46.4892,1368214440
2013,23.5647,46.6507,1368046800
2013,23.5565,46.6582,1367982840
2013,23.5625,46.6552,1367942820
2013,23.5662,46.652,1367926500
2013,23.554,46.651,1367921640
2013,23.5541,46.6509,1367801460
2013,23.5658,46.651,1367627100
2013,23.566,46.6511,1367616960
2013,23.5662,46.6515,1367597220
2013,23.5542,46.6508,1367577420
2013,23.554,46.6508,1367572560
2013,23.554,46.6507,1367438820
2013,23.5065,46.5705,1367268600
2013,23.4513,46.4915,1367267580
2013,23.554,46.651,1367226480
2013,23.5538,46.6505,1367194860
2013,23.5542,46.6508,1367194440
2013,23.5565,46.65,1367176740
2013,23.5575,46.6805,1367110680
2013,23.5542,46.6508,1366902720
2013,23.5642,46.6543,1366723800
2013,23.5283,46.6702,1366466520
2013,23.5282,46.67,1366428720
2013,23.526,46.7277,1366423140
2013,23.5648,46.6525,1366310880
2013,23.5542,46.6508,1366255020
2013,23.5653,46.6502,1366245540
2013,23.566,46.6507,1366245540
2013,23.565,46.6513,1366069740
2013,23.5885,46.7408,1365956700
2013,23.5902,46.6805,1365817680
2013,23.554,46.6507,1365691740
2013,23.5542,46.651,1365441180
2013,23.542,46.6579,1365353460
2013,14.8658,40.8238,1344788700
2013,14.866,40.8239,1344786540
2013,14.866,40.8239,1344760080
2013,14.8662,40.8242,1344670380
2013,14.866,40.824,1344637080
2013,14.8662,40.824,1344558780
2013,14.8661,40.824,1344389280
2013,14.8659,40.8236,1344131280
2013,22.9105,43.2095,1343505300
2013,14.8662,40.824,1343265720
2013,14.8661,40.824,1343258040
2013,14.8661,40.824,1342904160
2013,14.8661,40.8239,1341012780
2013,14.8662,40.8239,1340063580
2013,14.8662,40.8239,1340063400
2013,14.8662,40.8239,1340038320
2013,14.8662,40.8239,1339949700
2013,14.8662,40.8239,1339872960
2013,14.8662,40.8239,1339813560
2013,14.8662,40.8239,1339811220
2013,14.8662,40.8239,1339810800
2013,14.8662,40.8239,1339718100
2013,14.8662,40.8239,1339194480
2013,14.8662,40.8239,1339075440
2013,14.8662,40.8239,1339075320
2013,15.7889,47.8289,1338683280
2013,15.789,47.8289,1338683100
2013,14.866,40.8238,1338432120
2013,14.8662,40.8239,1338424500
2013,14.8662,40.8239,1338160500
2013,14.8662,40.8239,1337977560
2013,14.866,40.8238,1337523360
2013,14.8661,40.8239,1337468820
2013,14.866,40.8238,1337393460
2013,14.8662,40.8239,1337131620
2013,14.8662,40.8239,1337120460
2013,14.866,40.8238,1337012340
2013,14.866,40.8238,1337012100
2013,14.866,40.8238,1337011740
2013,14.866,40.8238,1337011500
2013,14.866,40.8238,1336916880
2013,14.8662,40.8239,1336665660
2013,14.8662,40.8234,1336350960
2013,14.8662,40.8239,1336166460
2013,14.8662,40.8239,1336004340
2013,14.8662,40.8239,1335724380
2013,14.8662,40.8239,1335724260
2013,14.8658,40.8237,1335724140
2013,14.8658,40.8237,1334960940
2013,14.8662,40.8238,1334828040
2013,14.8662,40.8238,1334517360
2013,14.8662,40.8238,1334365440
2013,14.8658,40.8237,1334281020
2013,14.8662,40.8238,1334023440
2013,14.866,40.8237,1334023020
2013,14.8662,40.8238,1333918560
2013,14.8662,40.8238,1333918440
2013,14.8662,40.8238,1333918080
2013,14.8662,40.8238,1333893840
2013,14.8662,40.8239,1333832100
2013,14.8662,40.8238,1333832040
2013,14.8662,40.8238,1333673700
2013,14.8662,40.8239,1333404660
2013,14.8662,40.8239,1333330320
2013,14.8662,40.8239,1333330200
2013,14.8662,40.8239,1333149660
2013,14.8662,40.8239,1333143120
2013,14.8662,40.8239,1333134360
2013,14.8662,40.8238,1332975060
2013,14.8662,40.8239,1332889320
2013,14.866,40.8237,1332602580
2013,14.866,40.8237,1332601440
2013,14.866,40.8237,1332555840
2013,14.8662,40.8239,1332019620
2013,14.8662,40.8239,1332015960
2013,14.8657,40.8237,1331858280
2013,14.8662,40.8239,1331751840
2013,14.866,40.8237,1331684640
2013,14.8662,40.8239,1331578800
2013,14.866,40.8237,1331576700
2013,14.8662,40.8239,1331576520
2013,14.8662,40.8239,1331571840
2013,14.8662,40.8239,1331330460
2013,14.8662,40.8239,1331164020
2013,14.8663,40.8239,1330888560
2013,14.866,40.8237,1330870800
2013,14.866,40.8237,1330870680
2013,14.8663,40.8239,1330862400
2013,14.8663,40.8239,1330732140
2013,14.8663,40.8239,1330657680
2013,14.8663,40.8239,1330654620
2013,14.8663,40.8239,1330541220
2013,14.8663,40.8239,1330208280
2013,14.8663,40.8239,1330118400
2013,14.8663,40.8238,1329869940
2013,14.8663,40.8239,1329868560
2013,14.8663,40.8239,1329690540
2013,14.8662,40.8239,1329356580
2013,14.8662,40.8239,1329325680
2013,14.992,38.9988,1328988540
2013,14.992,38.9988,1328978700
2013,14.992,38.9988,1328978460
2013,14.992,38.9988,1328978220
2013,14.991,38.9992,1328925600
2013,14.991,38.9992,1328925420
2013,14.991,38.9992,1328910300
2013,14.991,38.9992,1328900460
2013,14.991,38.9992,1328867040
2013,14.9921,38.9988,1328827500
2013,14.991,38.9991,1328818140
2013,14.991,38.9991,1328801880
2013,14.991,38.9991,1328800980
2013,14.991,38.9991,1328738460
2013,14.8662,40.8239,1328649780
2013,14.8662,40.8239,1328649360
2013,14.8658,40.8237,1328636520
2013,14.8662,40.8239,1328490960
2013,14.8662,40.8239,1328490240
2013,14.8662,40.8239,1328490000
2013,14.8662,40.8239,1328396340
2013,43.6841,79.4296,1327720320
2013,43.6841,79.4296,1327720200
2013,43.684,79.4298,1326769380
2013,43.684,79.4298,1326769260
2013,43.684,79.4298,1326769260
2013,43.684,79.4298,1326769140
2013,43.684,79.4298,1326768780
2013,43.684,79.4298,1326768660
2013,43.684,79.4298,1326415140
2013,43.6839,79.4294,1326166860
2013,43.6839,79.4294,1326166740
2013,43.684,79.4298,1326166500
2013,43.684,79.4298,1326166440
2013,43.684,79.4297,1326078180
2013,43.6839,79.4296,1326077820
2013,43.6839,79.4297,1326077700
2013,43.6839,79.4297,1326077640
2013,43.6839,79.4297,1326077580
2013,43.6839,79.4297,1326077460
2013,43.6839,79.4297,1326077100
2013,43.684,79.4298,1326076920
2013,43.6548,79.3882,1325856900
2013,43.6839,79.4297,1325812920
2013,43.6548,79.3873,1325793360
2013,43.6546,79.3885,1325793240
2013,43.6546,79.3885,1325793180
2013,43.6551,79.3878,1325792940
2013,43.6549,79.3881,1325770560
2013,43.684,79.4298,1325728440
2013,43.6547,79.3879,1325710080
2013,43.6547,79.3885,1325710020
2013,43.6547,79.3885,1325709900
2013,43.6552,79.3878,1325709840
2013,43.6839,79.4298,1325649300
2013,12.995,38.4797,1325365320
2013,12.9952,38.48,1325299380
2013,12.9952,38.48,1325298960
