2050,8.133,63.5368,1374624000
2050,8.1254,63.5436,1361503320
2050,8.1254,63.5436,1361503140
2050,8.1255,63.5435,1361066520
2050,8.1168,63.4968,1360767060
2050,8.2961,62.7332,1342382640
2050,8.1223,63.5283,1334607360
2050,8.1265,63.5378,1322860200
2050,8.1367,63.5563,1322658480
2050,8.1425,63.5557,1322485740
2050,8.1255,63.5436,1322104680
2050,8.117,63.4966,1321993200
2050,8.117,63.4966,1321992960
2050,8.117,63.4966,1321992780
2050,8.117,63.4966,1321992660
2050,8.1155,63.5345,1321035120
2050,8.1116,63.5399,1318956480
2050,8.117,63.4965,1317043920
2050,8.1257,63.5437,1315699980
2050,8.2834,62.7575,1315518600
2050,8.122,63.5362,1315399800
2050,8.1161,63.5619,1313125500
2050,8.2832,62.7574,1312898400
2050,8.1254,63.5435,1312863600
2050,8.1254,63.5435,1312863540
2050,8.1254,63.5435,1312862520
2050,8.1254,63.5435,1312862340
