2051,40.8749,74.3004,1378399020
2051,40.7563,73.9974,1378329660
2051,40.7596,74.007,1378309020
2051,40.7563,73.9973,1377971040
2051,40.8745,74.3014,1377957300
2051,40.8743,74.3015,1377868020
2051,40.7644,74.0214,1377786780
2051,40.875,74.3003,1377779640
2051,40.7582,73.9857,1377606120
2051,40.7561,73.9972,1377533340
2051,40.8746,74.3006,1377406440
2051,40.8748,74.3003,1377396600
2051,40.9191,74.132,1377365460
2051,40.9202,74.1325,1377268020
2051,40.8752,74.3007,1377151620
2051,40.8262,73.955,1377107880
2051,40.0,74.3012,1377005580
2051,40.7599,73.9803,1376885520
2051,40.7599,73.9803,1376855220
2051,40.8748,74.3012,1376830620
2051,40.7789,73.9623,1376775420
2051,40.8745,74.3011,1376746260
2051,40.7599,73.9803,1376656380
2051,40.7599,73.9803,1376565480
2051,40.6032,74.0163,1376427540
2051,42.6696,21.1568,1376340300
2051,42.5014,21.1081,1376209980
2051,42.8148,20.9741,1376121660
2051,42.6694,21.1564,1375951740
2051,42.1259,21.3121,1375810680
2051,42.6623,21.1611,1375728300
2051,42.6695,21.156,1375621500
2051,42.6696,21.157,1375525140
2051,42.6599,21.1575,1375387440
2051,42.6695,21.1562,1375353720
2051,42.6656,21.1621,1375103280
2051,42.6334,21.1522,1375013640
2051,42.6696,21.1563,1374791220
2051,42.6626,21.1609,1374698220
2051,42.6697,21.1561,1374528720
2051,42.6695,21.1564,1374431700
2051,42.6694,21.1573,1374364020
2051,42.6656,21.162,1374334860
2051,42.6656,21.1621,1374333240
2051,42.6698,21.1563,1374247140
2051,42.6509,21.1675,1373872080
2051,42.6657,21.162,1373725320
2051,42.6657,21.1619,1373647980
2051,42.6697,21.1559,1373590560
2051,42.65,21.1241,1373403960
2051,42.6498,21.1244,1373398260
2051,42.6507,21.1674,1373388720
2051,41.2712,19.5172,1373131320
2051,42.6695,21.156,1373014500
2051,42.6632,21.1635,1372961100
2051,42.6671,21.1643,1372872060
2051,42.6696,21.1569,1372836660
2051,42.6672,21.1644,1372773960
2051,42.216,20.7413,1372436940
2051,42.6696,21.1572,1371765420
2051,42.6656,21.1621,1371738780
2051,42.6657,21.1621,1371461700
2051,42.6604,21.1561,1371415560
2051,42.663,21.1627,1371296340
2051,42.6693,21.1572,1371236040
2051,42.6509,21.1671,1371225180
2051,42.6626,21.161,1370932860
2051,42.6695,21.1566,1370773560
2051,42.6656,21.162,1370690880
2051,42.6656,21.1621,1370616720
2051,42.6657,21.1621,1370600880
2051,42.6327,21.1512,1369140900
2051,42.6624,21.1608,1368903420
2051,42.6331,21.1523,1368779880
2051,42.6329,21.1519,1368647700
2051,42.6696,21.1565,1368508560
2051,42.6696,21.1565,1368135420
2051,42.5968,20.6171,1367998740
2051,42.6696,21.1565,1367398500
2051,42.5092,21.1652,1367227980
2051,42.6733,21.1589,1367172120
2051,42.6573,21.1451,1367083320
2051,42.6696,21.1564,1367046300
2051,42.6693,21.1575,1366914960
2051,42.6695,21.1566,1366047360
2051,42.6697,21.1565,1365787680
2051,42.6696,21.1563,1365240480
2051,42.6564,21.1422,1365182700
2051,42.6699,21.1567,1363902720
2051,42.5083,21.1667,1363101420
2051,42.6701,21.1559,1362727620
2051,42.6696,21.1562,1362317340
2051,42.6694,21.1566,1362087420
2051,42.5093,21.1649,1361875980
2051,42.5097,21.1652,1361780460
2051,42.6697,21.1561,1361234220
2051,42.6694,21.1567,1360697820
2051,42.6733,21.1598,1360008660
2051,42.5247,21.1609,1359988320
2051,42.6695,21.1562,1359903660
2051,42.6695,21.1565,1359612900
2051,42.6695,21.1565,1359486420
2051,42.6696,21.1569,1359144540
2051,42.6695,21.1565,1359093240
2051,42.5097,21.1651,1359021840
2051,42.6694,21.1568,1359008160
2051,42.6695,21.1563,1358275320
2051,42.5097,21.1651,1358253060
2051,42.6655,21.1594,1358086620
2051,42.6696,21.1564,1357711500
2051,42.6697,21.1565,1356984900
2051,42.6656,21.1627,1356967740
2051,42.6697,21.1561,1356635700
2051,42.6508,21.158,1356539220
2051,42.6696,21.1562,1356337680
2051,42.6696,21.1563,1356041160
2051,41.3065,19.8137,1355644500
2051,42.6695,21.1563,1355259960
2051,42.6696,21.1563,1354469520
2051,42.6598,21.1542,1354366620
2051,42.5096,21.165,1353942600
2051,42.6694,21.1566,1353745020
2051,42.6694,21.1567,1353564780
2051,45.4658,9.1778,1353260400
2051,45.4687,9.1987,1353177600
2051,45.4659,9.1779,1353170820
2051,45.4657,9.1775,1353100440
2051,45.4657,9.1778,1353089820
2051,45.4645,9.1888,1353069300
2051,45.4659,9.1779,1353055200
2051,45.4665,9.1767,1353000120
2051,41.3097,19.8281,1352535180
2051,42.6695,21.1564,1352321280
2051,42.6697,21.1562,1351837860
2051,42.6695,21.1564,1351410120
2051,42.6695,21.1563,1351255980
2051,42.6696,21.1562,1351097880
2051,42.6693,21.156,1350510600
2051,42.6328,21.152,1350239940
2051,42.6647,21.1587,1350129660
2051,41.3303,19.8175,1349863380
2051,42.3045,20.6515,1349421960
2051,41.3337,19.8021,1348912800
2051,41.2838,19.8575,1348581720
2051,40.1442,19.6338,1348334100
2051,40.1443,19.6339,1348333080
2051,42.5092,21.1654,1348237020
2051,42.509,21.1663,1348215960
2051,42.6698,21.1563,1348073580
2051,42.6695,21.1563,1347980160
2051,42.6696,21.1563,1347979860
2051,42.6696,21.1564,1347376320
2051,42.5093,21.1653,1346862720
2051,42.6693,21.1567,1346584440
2051,42.6657,21.1623,1346235360
2051,42.6657,21.1623,1346158020
2051,42.6696,21.1562,1345899720
2051,42.6697,21.1562,1345377840
2051,42.663,21.1626,1345239960
2051,42.6657,21.1622,1343754900
2051,42.6656,21.1622,1343055420
2051,42.6657,21.1622,1342869060
2051,36.8165,31.3091,1342112640
2051,42.6694,21.1562,1339840740
2051,42.0741,20.4167,1339693260
2051,42.6697,21.1562,1339204740
2051,42.6697,21.1562,1339200720
2051,42.6696,21.1564,1338902940
2051,41.2838,19.5073,1338668340
2051,42.6695,21.1566,1338388980
2051,42.6696,21.1563,1338388740
2051,42.6694,21.1562,1336746360
2051,42.6698,21.1562,1336606200
2051,42.6697,21.156,1335900120
2051,42.6693,21.1564,1335700440
2051,42.6697,21.1562,1335539040
2051,42.6699,21.1564,1335535860
2051,42.6698,21.1562,1335523740
2051,42.5097,21.1651,1335450000
2051,42.6698,21.1562,1335052080
2051,41.3225,19.8155,1334481480
2051,42.6697,21.1562,1332882180
2051,42.5098,21.165,1332480300
2051,42.5085,21.1662,1331587620
2051,42.6696,21.1562,1331330880
2051,42.6695,21.1563,1330406880
2051,42.6697,21.156,1330379760
2051,42.4913,21.1721,1329841140
2051,42.4908,21.1718,1329767100
2051,42.5097,21.165,1328782680
2051,42.6698,21.1562,1328730480
2051,42.6697,21.156,1328553120
2051,42.6697,21.1559,1325718300
2051,42.6696,21.156,1324834380
2051,41.2227,19.5112,1324822980
