2055,43.6695,79.3728,1378072620
2055,43.6716,79.365,1377813900
2055,43.6706,79.3705,1377661860
2055,43.6328,79.4225,1377660360
2055,43.6702,79.3731,1377533580
2055,43.6695,79.3728,1377477900
2055,43.6695,79.3726,1377313440
2055,43.6716,79.365,1377140100
2055,43.7937,79.2267,1377113700
2055,43.6695,79.3727,1376712120
2055,43.6392,79.3826,1376700780
2055,43.6718,79.3676,1376607660
2055,43.7955,79.2188,1376605260
2055,43.6661,79.3742,1376605140
2055,43.6672,79.3702,1376605020
2055,43.6661,79.3752,1376604780
2055,43.668,79.3747,1376604540
2055,43.6694,79.3731,1376604120
2055,43.6695,79.3728,1376603940
2055,43.6424,79.3814,1376572800
2055,43.6695,79.3727,1376523540
2055,43.6695,79.3728,1376522340
2055,43.7937,79.2267,1376427360
2055,43.6695,79.3727,1376192940
2055,43.8262,79.3063,1376189340
2055,43.8262,79.3063,1376184780
2055,43.6696,79.3726,1376152440
2055,43.6695,79.3727,1376005260
2055,43.6686,79.3722,1375919220
2055,43.7937,79.2267,1375841040
2055,44.3057,78.3202,1375727400
2055,45.0841,77.8609,1375722180
2055,45.429,77.6635,1375674540
2055,45.3853,77.6522,1375628280
2055,45.3863,77.6535,1375548720
2055,43.7254,79.2522,1375478940
2055,43.7254,79.2514,1375408140
2055,43.7096,79.2788,1375383480
2055,43.7096,79.2788,1375236900
2055,43.6694,79.3727,1375070520
2055,43.7096,79.2788,1374982980
2055,43.6852,79.3601,1374873000
2055,43.7955,79.2188,1374806100
2055,43.7096,79.2788,1374712740
2055,43.6695,79.3731,1374545220
2055,43.6704,79.3718,1374541740
2055,43.6695,79.3728,1374376800
2055,43.7233,79.2923,1374363000
2055,43.797,79.223,1374361860
2055,43.6695,79.373,1374126840
2055,43.7254,79.2522,1373757900
2055,43.7937,79.2267,1373495160
2055,43.6695,79.373,1373434320
2055,43.6425,79.3813,1373416380
2055,43.6693,79.3708,1373322300
2055,43.7758,79.2578,1372993680
2055,43.6695,79.3728,1372922520
2055,43.7231,79.33,1372892280
2055,43.6728,79.3862,1372789920
2055,43.6686,79.3722,1372733220
2055,43.7254,79.2522,1372558560
2055,43.7254,79.2522,1372556460
2055,43.6695,79.3728,1372393380
2055,43.6695,79.3728,1372321920
2055,43.7959,79.4224,1372192620
2055,43.7254,79.2522,1372135320
2055,43.6695,79.3728,1372051800
2055,43.7266,79.3416,1371957420
2055,43.6686,79.3722,1371884340
2055,43.6428,79.381,1371871020
2055,43.6695,79.375,1371832080
2055,43.6426,79.3806,1371774600
2055,43.6695,79.3728,1371751740
2055,43.6695,79.3727,1371447540
2055,43.6677,79.3695,1371316380
2055,43.6695,79.3728,1370926680
2055,43.5959,79.6469,1370747040
2055,43.6695,79.3727,1370016960
2055,43.6695,79.3727,1369759500
2055,43.7096,79.2788,1369539600
2055,43.6419,79.384,1369441740
2055,43.669,79.3741,1369416480
2055,43.6677,79.3695,1369285740
2055,43.6398,79.3805,1369114080
2055,43.6695,79.3727,1368500280
2055,43.6727,79.374,1368252780
2055,43.6695,79.3727,1368069000
2055,43.6583,79.3818,1367801700
2055,43.6695,79.3727,1367775660
2055,43.6695,79.3727,1367689680
2055,43.6503,79.3892,1367558280
2055,43.6471,79.3763,1367507640
2055,43.6471,79.3763,1367477760
2055,43.6471,79.3763,1367476860
2055,43.6471,79.3763,1367475420
2055,43.6704,79.3751,1367290020
2055,43.6695,79.3728,1367198940
2055,43.6695,79.3727,1366942680
2055,43.6695,79.3727,1366767900
2055,43.6708,79.3858,1366767300
2055,43.6712,79.3762,1366568700
2055,43.6695,79.373,1366346280
2055,43.6695,79.3727,1366134780
2055,43.6695,79.3729,1365671760
2055,43.6695,79.3727,1365654600
2055,43.6695,79.3729,1365526320
2055,43.6663,79.3713,1365486000
2055,43.6695,79.3728,1365449880
2055,43.6701,79.3715,1365401040
2055,43.6702,79.3863,1365365580
2055,43.6695,79.3727,1365122340
2055,43.6694,79.3727,1365114780
2055,43.6695,79.3727,1364952720
2055,43.6692,79.375,1364788560
2055,43.6697,79.3716,1364407320
2055,43.6694,79.3729,1364257620
2055,43.7226,79.2552,1363311180
2055,43.6695,79.3727,1361859540
2055,43.6695,79.3728,1360134120
2055,43.6694,79.3728,1356986160
