2078,36.5509,31.9767,1378446900
2078,36.5216,32.1037,1378393260
2078,36.5343,31.9937,1378361700
2078,36.5537,31.985,1378273860
2078,36.5216,32.1037,1378228740
2078,36.5537,31.985,1378204980
2078,36.5216,32.1037,1378143960
2078,36.5509,31.9767,1378097700
2078,36.5423,31.9886,1378024080
2078,36.5537,31.985,1378010340
2078,36.5537,31.985,1377928140
2078,50.3578,16.1494,1348062000
2078,50.3578,16.1494,1347994980
2078,50.1085,14.2674,1347608040
2078,36.5343,31.9937,1347533160
2078,36.5343,31.9937,1347532740
2078,36.5343,31.9937,1347528600
2078,36.5343,31.9937,1347528540
2078,36.5343,31.9937,1347528480
2078,36.5343,31.9937,1347528420
2078,36.5427,31.9878,1347510900
2078,36.5452,31.9903,1347449520
2078,36.5537,31.985,1347398940
2078,36.5384,31.9987,1347216960
2078,36.5537,31.985,1347116160
2078,36.5444,31.9862,1347116100
2078,36.5537,31.985,1347115980
2078,36.5537,31.985,1347093300
2078,36.5537,31.985,1347093240
