2081,26.0208,80.1152,1376500140
2081,24.657,81.2785,1376319240
2081,24.657,81.2785,1375889700
2081,24.657,81.2785,1375663620
2081,24.657,81.2785,1375638420
2081,24.6572,81.2802,1375555320
2081,24.657,81.2785,1375547880
2081,40.9403,87.2263,1373237640
2081,40.7632,86.3621,1372702740
2081,39.9974,86.1294,1372615680
2081,40.0426,86.1355,1372531620
2081,40.441,86.1254,1372109280
2081,41.9763,87.6685,1369180920
2081,41.9108,87.6348,1369165800
2081,41.9762,87.6685,1369100760
2081,41.9762,87.6685,1369100580
2081,41.9074,87.6343,1369092180
2081,41.8841,87.6278,1368911700
