2101,43.2639,83.1984,1378228500
2101,43.2639,83.1984,1378226040
2101,43.2639,83.1984,1377720360
2101,43.0534,83.3132,1377613440
2101,43.2638,83.1983,1377549960
2101,43.2639,83.1984,1377380400
2101,43.2613,83.335,1377355980
2101,43.2638,83.1984,1376831280
2101,43.2639,83.1984,1376750820
2101,43.2259,83.1558,1376627940
2101,43.1838,83.3002,1376280300
2101,43.1835,83.2997,1376280000
2101,43.2613,83.335,1375427580
2101,43.2638,83.1983,1375148820
2101,43.2613,83.335,1374977400
2101,43.2638,83.1983,1374708780
2101,43.2638,83.1983,1374675720
2101,43.2638,83.1983,1374499980
2101,43.2638,83.1983,1373508300
2101,43.1409,83.1956,1372634700
2101,41.7018,86.238,1371837060
2101,41.7005,86.234,1371578820
2101,43.2248,83.1844,1367591220
2101,43.2254,83.184,1367409900
2101,43.2638,83.1983,1367190000
2101,43.2638,83.1983,1367089560
2101,43.2638,83.1983,1366765260
2101,43.2638,83.1983,1365951720
2101,43.264,83.1983,1365879060
2101,43.2638,83.1983,1365768480
2101,21.3945,157.7199,1364953380
2101,21.3887,157.7941,1364891760
2101,21.4174,157.8033,1364788980
2101,21.3887,157.7941,1364626140
2101,42.2034,83.3623,1364400300
2101,43.1883,83.3042,1351371120
2101,43.2039,83.2477,1349660520
2101,43.2248,83.1869,1349660400
2101,43.2248,83.1869,1349660280
