2116,37.8602,144.9783,1378026840
2116,37.86,144.9792,1378009800
2116,2.7539,101.7048,1376746140
2116,10.8169,106.6636,1376719380
2116,21.2143,105.8035,1376702400
2116,22.4933,103.9793,1376485380
2116,22.4936,103.9778,1376485320
2116,22.4514,103.934,1376481240
2116,20.8538,107.0832,1376289060
2116,20.9571,106.9555,1376288940
2116,20.9052,107.014,1376287620
2116,20.8522,107.0848,1376287500
2116,21.0326,105.8546,1376130420
2116,21.0323,105.8543,1376127420
2116,15.8747,108.3457,1376031960
2116,15.8773,108.3341,1375857060
2116,15.8775,108.3344,1375856880
2116,15.8773,108.334,1375856760
2116,15.8765,108.3347,1375789020
2116,10.7695,106.6967,1375533180
2116,10.7718,106.6977,1375530480
2116,37.8114,144.9463,1375187880
2116,37.8113,144.9463,1375184580
2116,37.8305,144.9575,1375144020
2116,37.8447,144.9557,1373619000
2116,37.8447,144.9557,1372858800
2116,37.8446,144.9556,1372773660
2116,37.8147,144.965,1372597140
2116,37.8307,144.9575,1372039920
2116,37.8442,144.9567,1371948780
2116,37.8202,145.0134,1371877320
2116,37.8456,144.9589,1371683280
2116,37.8446,144.9557,1371681780
2116,37.8328,144.9605,1370850120
2116,37.8446,144.9556,1369897320
2116,37.8457,144.959,1368937140
2116,37.8305,144.9575,1367978760
2116,37.8697,144.9804,1367727300
2116,33.8525,151.2105,1367310660
2116,33.8566,151.2046,1367296080
2116,37.8324,144.9569,1366783140
2116,37.8446,144.9556,1366685160
2116,37.833,144.9608,1366529100
2116,37.8112,144.9464,1365170280
2116,37.8582,144.7438,1364791080
2116,37.8582,144.7438,1364640000
2116,37.8307,144.9573,1364445480
2116,37.8307,144.9568,1364341680
2116,37.8447,144.9557,1362913680
2116,37.8175,144.967,1362814620
2116,37.7447,175.2527,1361704020
2116,36.8574,174.7483,1361702580
2116,36.7907,174.771,1361702460
2116,36.7902,174.7712,1361702400
2116,37.7447,175.252,1361702340
2116,37.7445,175.252,1361702220
2116,37.7447,175.2523,1361652540
2116,37.7447,175.252,1361652420
2116,37.7875,175.2845,1361652120
2116,37.79,175.2853,1361611800
2116,37.7482,175.2327,1361611800
2116,36.8447,174.7705,1361346780
2116,37.7448,175.2523,1361346360
2116,37.831,144.9567,1360882380
2116,37.8075,144.9582,1360148460
2116,37.8327,144.9885,1358681940
2116,37.8307,144.9568,1357268520
2116,37.8445,144.9558,1357120380
2116,37.8198,144.9835,1356660360
2116,37.8195,144.9833,1356660240
2116,37.7457,144.9705,1356433020
2116,37.8447,144.9557,1356338040
2116,37.8307,144.957,1355732640
2116,37.8446,144.9559,1355732340
2116,34.5898,150.611,1353883440
2116,34.5897,150.6103,1353881760
2116,34.59,150.6105,1353881700
2116,34.5898,150.6105,1353881640
2116,34.5895,150.6108,1353881580
2116,34.5898,150.6107,1353881520
2116,34.5897,150.6107,1353881400
2116,34.5897,150.6103,1353881220
2116,33.9325,151.1793,1353831540
2116,33.8609,151.2104,1353309600
2116,33.8773,151.205,1353216240
2116,33.8773,151.2045,1353208740
2116,33.8798,151.2049,1353200160
2116,33.8733,151.2238,1353196680
2116,33.8733,151.2232,1353196560
2116,37.8545,144.9922,1352524860
2116,37.8547,144.9925,1352524800
2116,37.8308,144.957,1352416860
2116,37.8309,144.9569,1352416800
2116,37.8446,144.9556,1351941960
2116,37.8447,144.9557,1351941840
2116,37.7875,144.9092,1351941720
2116,37.7647,144.9732,1351161600
2116,37.8101,144.9965,1351068300
2116,37.8137,144.9734,1350894900
2116,37.68,145.4298,1350731160
2116,37.68,145.43,1350731040
2116,37.6929,145.3948,1350705660
2116,37.6795,145.4318,1350705540
2116,37.8322,144.9575,1350299460
2116,37.8446,144.9557,1349696880
2116,37.8324,144.9573,1348027260
2116,37.831,144.9568,1346825100
2116,37.8102,144.9618,1346754000
2116,37.8443,144.9602,1346234100
2116,36.8498,174.763,1345024620
2116,36.8452,174.7738,1344253140
2116,37.8308,144.957,1343980800
2116,37.8305,144.9573,1343894280
2116,37.8187,144.955,1343050380
2116,37.8082,144.995,1341634140
2116,37.8307,144.9592,1341114300
2116,37.784,144.941,1337778480
2116,37.7841,144.941,1335137580
2116,37.8156,144.8768,1319974140
2116,37.5472,143.8216,1319974020
2116,37.8506,144.9931,1319973960
2116,37.5472,143.8216,1319973840
2116,37.8007,144.9976,1319973720
2116,37.816,144.8825,1310478120
2116,37.816,144.8826,1310477940
2116,37.8162,144.8825,1309694340
2116,37.8024,144.9013,1309415160
2116,37.8024,144.9013,1309414920
2116,37.8024,144.9013,1309414800
2116,37.7733,144.8899,1309340340
2116,37.8241,144.9874,1309336320
2116,37.8161,144.8825,1309263540
2116,37.8161,144.8825,1309263180
2116,37.8159,144.8821,1309179420
2116,37.816,144.8825,1309013400
2116,37.8214,144.8771,1309013220
2116,37.8158,144.8829,1308974280
2116,37.8158,144.8829,1308973860
2116,37.8214,144.8771,1308917580
2116,37.8162,144.8825,1308917100
2116,37.8162,144.8824,1308916680
2116,37.8161,144.8825,1308480900
2116,37.8161,144.8826,1308464580
2116,37.8184,144.9535,1308340980
