212,40.7636,73.9672,1377294600
212,40.7636,73.9672,1377294360
212,40.7389,74.0302,1376171400
212,40.7401,74.0072,1376018340
212,40.7623,73.9677,1374533760
212,40.7618,73.9664,1374533520
212,40.0937,74.036,1373219760
212,40.76,73.9648,1371319200
212,40.7607,73.9753,1370543340
212,40.8152,74.0797,1370208360
212,39.3621,74.4145,1369636500
212,39.3841,74.4281,1369504500
212,40.5037,74.453,1368985380
212,40.7355,74.1661,1368982260
212,40.7629,73.9716,1367982000
212,40.7567,73.9667,1364675820
212,40.7343,74.1642,1364260320
212,40.8047,74.1696,1363835760
212,40.7429,74.1057,1363306980
212,40.7627,73.9676,1363204920
212,40.7636,73.9673,1362859440
212,42.0935,72.5852,1362513000
212,40.7972,74.1267,1362116400
212,40.7625,73.9671,1361904240
212,40.7522,73.9991,1361493720
212,40.7187,73.9893,1360989480
212,40.7636,73.9672,1360883520
212,40.7945,74.1738,1360097040
212,40.7635,73.9673,1359580980
212,40.7053,73.9283,1359146520
212,40.7636,73.9671,1358793240
212,40.7553,74.0074,1357960860
212,40.7636,73.9672,1357074720
212,40.7625,73.967,1356827400
212,40.7626,73.9673,1356299640
212,40.7637,73.9673,1356202260
212,40.7588,73.9786,1355972340
212,40.514,74.4666,1347139080
212,40.7587,74.1778,1346797200
212,40.8142,74.1758,1346108880
212,40.7978,74.0653,1345754700
212,40.7565,73.9924,1345265280
