2155,23.5604,46.6561,1377693480
2155,23.5617,46.6588,1376716080
2155,23.5604,46.6561,1376358960
2155,23.5466,46.6425,1376203380
2155,23.5466,46.6425,1376200380
2155,23.5625,46.6591,1375724400
2155,23.5116,46.7095,1375656420
2155,23.5604,46.6561,1375635060
2155,23.5732,46.6768,1375208100
2155,23.5606,46.6586,1374943860
2155,23.5588,46.66,1374539100
2155,23.5588,46.66,1374193200
2155,23.5706,46.6401,1373849160
2155,23.5578,46.6591,1373588040
2155,23.5604,46.6561,1373253180
2155,23.0542,47.2106,1373171100
2155,23.5604,46.6561,1372873560
2155,23.5578,46.6591,1372789740
2155,23.5622,46.6588,1372389480
2155,23.5589,46.6597,1371856740
2155,23.5589,46.6597,1371766080
2155,23.5618,46.6588,1371670440
2155,23.5589,46.6597,1371600540
2155,23.5589,46.6597,1371600480
2155,23.5589,46.6597,1371516900
2155,23.5589,46.6597,1371511740
2155,23.562,46.6588,1371495300
2155,23.5604,46.6561,1370972220
2155,23.5604,46.6561,1370728800
2155,23.5657,46.6698,1370021760
2155,23.5665,46.669,1369981860
2155,23.5624,46.6676,1369966380
2155,23.5453,46.6355,1368998880
2155,23.5535,46.6358,1368944280
2155,23.5535,46.6358,1368938280
2155,23.535,46.6404,1368912240
2155,23.577,46.6883,1368466020
2155,25.4383,49.2825,1367722200
2155,25.4107,49.2673,1367698620
2155,23.5646,46.6652,1367103120
2155,23.5623,46.659,1366907640
2155,23.5598,46.66,1366664700
2155,23.5618,46.6588,1366399200
2155,23.5604,46.6561,1366233360
2155,23.6288,46.7225,1365885720
2155,23.5279,46.668,1365823020
2155,23.5588,46.66,1364946900
2155,23.5617,46.6588,1364277540
2155,23.623,46.6747,1364017800
2155,23.5591,46.6602,1363800600
2155,23.5485,46.6466,1363463580
2155,23.5559,46.6627,1363457280
2155,23.5739,46.6438,1363370940
2155,23.5485,46.6466,1362856440
2155,23.5589,46.6597,1362849720
2155,23.5604,46.6561,1362662520
2155,23.559,46.6601,1362517380
2155,23.5535,46.6358,1362289740
2155,23.5593,46.6763,1361379180
2155,23.5617,46.6588,1361163720
2155,12.9146,38.3349,1360747440
2155,12.9771,38.5143,1360708620
2155,13.0104,38.5109,1360660980
2155,12.9893,38.5238,1360543920
2155,13.009,38.5205,1360480860
2155,23.5594,46.6762,1360167540
2155,23.5555,46.6815,1360072980
2155,23.5559,46.6807,1359393840
2155,23.5613,46.693,1359263280
2155,23.5557,46.6807,1358793600
2155,23.5604,46.6561,1358038500
2155,23.5604,46.6561,1357865640
2155,23.5556,46.681,1357739520
2155,23.5578,46.6815,1357660500
2155,22.9869,43.2016,1357077900
2155,22.9716,43.187,1357011720
2155,22.9519,43.2105,1356906240
2155,22.9453,43.1969,1356798360
2155,23.5604,46.6561,1356566340
2155,23.5604,46.6561,1356398340
2155,23.5535,46.6358,1356232800
2155,23.5559,46.6807,1355514600
2155,23.5604,46.6561,1355196180
2155,23.5604,46.6561,1354844340
2155,23.5604,46.6561,1354578240
2155,23.5632,46.6588,1353800760
2155,22.9125,43.1664,1353414720
2155,22.9129,43.1803,1353380940
2155,22.9869,43.2016,1353361980
2155,22.9869,43.2016,1353272640
2155,22.9869,43.2016,1353259140
2155,22.9493,43.1797,1353208680
2155,22.9871,43.2062,1353176340
2155,22.9869,43.1972,1353117360
2155,23.626,46.6587,1353097920
2155,23.5559,46.6807,1352745720
2155,23.6,46.72,1352686020
2155,23.577,46.6883,1352586840
2155,23.5559,46.6807,1352286780
2155,23.5614,46.6591,1352260080
2155,23.5588,46.66,1352161320
2155,23.5602,46.6616,1351967220
2155,23.5593,46.6805,1351610940
2155,23.5633,46.6735,1351510800
2155,23.6181,46.685,1351439640
2155,23.5604,46.6561,1351368960
2155,23.6146,46.6686,1351179840
2155,23.5559,46.6807,1350908400
2155,23.5594,46.6461,1350804180
2155,23.5588,46.66,1350609000
2155,23.5559,46.6807,1350502380
2155,23.5556,46.681,1350328080
2155,23.5559,46.6807,1350310380
2155,23.5594,46.6461,1350198240
2155,23.5535,46.6358,1350021420
2155,23.5588,46.6807,1349974200
2155,23.5559,46.6807,1349905080
2155,23.636,46.6413,1349695980
2155,23.617,46.6864,1349633580
2155,23.5618,46.6588,1349564700
2155,23.5578,46.6815,1348677060
2155,23.5569,46.6803,1348661940
2155,23.5585,46.6804,1348589340
2155,23.5559,46.6807,1348513080
2155,23.5559,46.6807,1348229580
2155,23.5617,46.6588,1348020360
2155,23.5528,46.6376,1347853260
2155,23.5639,46.656,1347778020
2155,23.5639,46.656,1347769320
2155,23.5559,46.6807,1347543780
2155,23.5559,46.6807,1347492420
2155,23.5578,46.6815,1347293340
2155,23.5963,46.6782,1347140400
2155,23.5604,46.6561,1346972820
2155,23.5579,46.6814,1346775600
2155,23.5559,46.6807,1346680680
2155,23.5618,46.6588,1346654100
2155,23.5647,46.6695,1346428440
2155,23.5576,46.6817,1346350500
2155,23.5568,46.6803,1346164200
2155,23.5588,46.66,1346112180
2155,23.5965,46.6783,1345935540
2155,23.585,46.6715,1345572000
2155,23.5827,46.6728,1345477860
2155,23.5535,46.6358,1345348980
2155,23.5832,46.6738,1345131120
2155,23.5535,46.6358,1345009860
2155,23.5592,46.6573,1344727800
2155,23.5617,46.6588,1344699960
2155,23.5618,46.6588,1344020460
2155,23.5618,46.6588,1343860800
2155,23.5618,46.6588,1343787720
2155,23.5619,46.6587,1343637180
2155,23.5618,46.6588,1343526900
2155,23.6234,46.699,1343326020
2155,23.5618,46.6588,1343305620
2155,23.5512,46.6478,1342930620
2155,23.5618,46.6588,1342877760
2155,23.5594,46.6762,1342822320
2155,23.5618,46.6588,1342670580
2155,23.5817,46.6478,1342376820
2155,23.5618,46.6588,1342108260
2155,23.5618,46.6588,1342099560
2155,23.5618,46.6588,1342051020
2155,23.5564,46.66,1341985500
2155,23.5618,46.6588,1341892860
2155,23.5618,46.6588,1341812280
2155,23.5618,46.6588,1341702420
2155,23.4264,46.4839,1341360780
2155,40.7508,73.9403,1341276300
2155,43.665,79.381,1341192600
2155,43.0829,79.0745,1340987160
2155,43.6552,79.381,1340970540
2155,43.6425,79.3871,1340945460
2155,29.7508,95.3624,1340783220
2155,29.7508,95.3624,1340750460
2155,41.8973,87.6249,1340645520
2155,41.8827,87.6233,1340486340
2155,41.9505,87.6495,1340444580
2155,40.724,73.9978,1340219280
2155,40.77,73.971,1340144700
2155,40.768,73.9819,1339985880
2155,40.7573,73.9857,1339893360
2155,40.7565,73.9863,1339810140
2155,45.3225,75.667,1339766460
2155,45.3994,75.7088,1339726260
2155,45.413,75.6888,1339697940
2155,45.4237,75.6987,1339637280
2155,46.8134,71.2078,1339599900
2155,46.8075,71.208,1339529580
2155,46.8126,71.2052,1339458960
2155,46.8102,71.2111,1339450320
2155,45.5004,73.5672,1339426980
2155,45.5253,73.5748,1339398840
2155,45.5107,73.5362,1339372560
2155,45.5585,73.5518,1339352400
2155,45.5046,73.5565,1339294020
2155,45.4586,73.7497,1339198380
2155,22.8183,43.2465,1339114260
2155,23.5618,46.6588,1338954120
2155,23.5772,46.687,1338924540
2155,23.5622,46.666,1338790800
2155,23.6183,46.6887,1338749580
2155,23.5613,46.693,1338703800
2155,23.5604,46.6561,1338404820
2155,23.5516,46.6398,1338226260
2155,23.5515,46.6399,1338066420
2155,23.5515,46.6399,1338065580
2155,23.5515,46.6399,1338061380
2155,23.562,46.659,1337978820
2155,23.5618,46.6588,1337819580
2155,23.5641,46.6664,1337784120
2155,23.5617,46.6588,1337652360
2155,23.5592,46.6573,1337571840
2155,23.5571,46.6332,1337398200
2155,23.5618,46.6588,1337310540
2155,23.5618,46.6588,1337039100
2155,23.6186,46.6873,1336930080
2155,23.5594,46.6461,1336891980
2155,23.5587,46.6681,1336694940
2155,23.5618,46.6588,1336395720
2155,23.5535,46.6358,1336026900
2155,23.5631,46.6691,1335911760
2155,23.5618,46.6588,1335661500
2155,23.5868,46.6556,1335558480
2155,23.559,46.6601,1335383040
2155,23.5618,46.6588,1335339780
2155,23.5642,46.6663,1335277860
2155,23.6008,46.6652,1335163980
2155,23.5535,46.6358,1335070860
2155,23.6007,46.6651,1334767440
2155,23.5543,46.6525,1334707500
2155,23.5992,46.6503,1334688480
2155,23.6183,46.6885,1334520840
2155,23.5619,46.6581,1334432640
2155,23.5993,46.6502,1334349720
2155,23.5992,46.6502,1334323740
2155,23.5723,46.6688,1334271960
2155,23.5992,46.6503,1334181000
2155,23.562,46.659,1334022360
2155,23.618,46.684,1333896420
2155,23.5622,46.659,1333758720
2155,23.6031,46.6671,1333643580
2155,23.5617,46.6588,1333595340
2155,23.5991,46.6502,1333573920
2155,23.6075,46.6552,1333553400
2155,23.5992,46.65,1333485660
2155,23.6163,46.6725,1333458420
2155,23.5993,46.6502,1333398540
2155,23.5993,46.6502,1333388520
2155,23.5593,46.6603,1333237260
2155,23.6015,46.6413,1333038300
2155,23.6014,46.6412,1332957720
2155,23.5993,46.6502,1332881940
2155,23.5618,46.6588,1332783840
2155,23.5536,46.6529,1332709740
2155,23.5993,46.6502,1332529500
2155,23.562,46.6588,1332525180
2155,23.5618,46.6588,1332481740
2155,23.6018,46.6499,1332438780
2155,23.5993,46.6502,1332367560
2155,23.5993,46.6502,1332351120
2155,23.5618,46.6587,1332290940
2155,23.5992,46.6503,1332255300
2155,23.5993,46.6502,1332182100
2155,23.5991,46.6501,1331846460
2155,23.5993,46.6502,1331669220
2155,23.6015,46.6413,1331570520
2155,23.5617,46.6587,1331258040
2155,23.585,46.6634,1331151900
2155,23.5617,46.6588,1330917240
2155,23.5591,46.6602,1330892760
2155,23.5541,46.6386,1330560120
2155,23.5618,46.6588,1330485360
2155,23.5618,46.659,1330462200
2155,23.5993,46.6502,1330374360
2155,23.5617,46.6588,1330300560
2155,23.6257,46.6612,1329966540
2155,27.665,48.545,1329934800
2155,27.6017,48.4363,1329780900
2155,27.6099,48.4762,1329726900
2155,27.6017,48.4363,1329679860
2155,27.6012,48.4367,1329531600
2155,23.626,46.6587,1329519420
2155,23.5993,46.6502,1329325200
2155,23.5617,46.6588,1329178620
2155,23.5991,46.6501,1329153480
2155,23.5617,46.6588,1329001920
2155,23.5993,46.6502,1328721660
2155,23.5992,46.6501,1328648160
2155,23.5991,46.6501,1328537460
2155,23.6082,46.6927,1328195160
2155,23.5992,46.6501,1327951440
2155,23.5594,46.6461,1327820700
2155,23.5624,46.6652,1327796460
2155,23.5742,46.6668,1327692000
2155,23.5617,46.6588,1327464660
2155,23.5991,46.6501,1327001220
2155,23.6184,46.6886,1326770580
2155,23.5993,46.6502,1326460140
2155,23.6015,46.6413,1326209340
2155,23.5993,46.6502,1325871480
2155,23.5993,46.6502,1325868780
2155,23.5592,46.6573,1325811660
2155,23.5616,46.6588,1325556300
2155,23.5617,46.6599,1325307360
2155,23.5617,46.6588,1325297400
2155,23.5617,46.6588,1325198820
2155,23.618,46.6888,1325179140
2155,23.5605,46.6587,1325078160
2155,23.5616,46.6588,1324823040
2155,23.5617,46.6588,1324773900
2155,23.5662,46.6528,1324685580
2155,23.5664,46.6528,1324664880
2155,23.5622,46.6592,1324528380
2155,23.5993,46.6502,1324478340
2155,23.5615,46.6587,1324358160
2155,23.5618,46.6588,1324187160
2155,23.5993,46.6502,1324038840
2155,23.5993,46.6502,1323966420
2155,23.5618,46.6589,1323737940
2155,23.5991,46.6501,1323688800
2155,23.5572,46.6613,1323560520
2155,23.5617,46.6588,1323484620
2155,23.5991,46.6502,1323459960
2155,23.5616,46.6588,1323409020
2155,23.6015,46.6413,1323184620
2155,23.516,46.642,1322975940
2155,23.5162,46.642,1322967120
2155,23.5162,46.642,1322959560
2155,23.577,46.6883,1322850240
2155,23.5617,46.6588,1322703960
2155,23.5993,46.6502,1322585040
2155,23.5617,46.6588,1322537580
2155,23.581,46.6767,1322494320
2155,23.5614,46.6593,1322440680
2155,23.5617,46.6588,1322328180
2155,23.5618,46.6588,1322096760
2155,23.6015,46.6413,1322064300
2155,23.6015,46.6412,1321974720
2155,23.5993,46.6502,1321884780
2155,23.5617,46.6588,1321784640
2155,23.5623,46.6584,1321683540
2155,23.5617,46.6588,1321158180
2155,23.5617,46.6588,1321083180
2155,23.5622,46.6587,1321068540
2155,23.5978,46.6668,1320850620
2155,23.5613,46.693,1320555660
2155,23.5613,46.693,1320552120
2155,23.5619,46.6641,1320524280
2155,23.5992,46.6497,1320421440
2155,23.5617,46.6588,1320385500
2155,23.5621,46.6584,1320250800
2155,23.5993,46.6502,1320157560
2155,23.5993,46.6502,1320088740
2155,23.5993,46.6502,1319822520
2155,23.5991,46.6501,1319746320
2155,23.5993,46.6502,1319657760
2155,23.6183,46.6887,1319432700
2155,23.5616,46.6588,1319327880
2155,23.599,46.6498,1319207400
2155,23.5618,46.6588,1319165040
2155,23.5993,46.6502,1319145540
2155,23.5993,46.6502,1319046900
2155,23.5993,46.6502,1319029200
2155,23.6015,46.6413,1318953960
2155,23.5993,46.6502,1318634220
2155,23.5622,46.666,1318474680
2155,23.598,46.6666,1318350300
2155,23.6184,46.6887,1318221600
2155,23.5488,46.6598,1318128540
2155,23.5451,46.6628,1318116720
2155,23.6183,46.6887,1318050060
2155,23.5519,46.6518,1317955920
2155,23.5519,46.6518,1317951240
2155,23.5956,46.6485,1317918120
2155,23.5612,46.6587,1317830760
2155,23.599,46.6498,1317743220
2155,23.6183,46.6887,1317607860
2155,23.5993,46.6502,1317489480
2155,23.5619,46.6581,1317400620
2155,23.5993,46.6502,1317325800
2155,23.5994,46.6503,1317075000
2155,23.5994,46.6503,1317056580
2155,23.5997,46.7448,1316989200
2155,23.6182,46.6888,1316962320
2155,23.6183,46.6886,1316908740
2155,23.5993,46.6502,1316812680
2155,23.5955,46.6687,1316797020
2155,23.5993,46.6502,1316787960
2155,23.5982,46.6467,1316710020
2155,23.6182,46.6887,1316662440
2155,23.5993,46.6503,1316540280
2155,23.5993,46.6502,1316459700
2155,23.598,46.6666,1316189160
2155,23.5993,46.6503,1316037960
2155,23.5993,46.6502,1315834980
2155,23.5528,46.6376,1315779960
2155,23.5991,46.6503,1315494300
2155,23.5993,46.6502,1315254000
2155,23.6015,46.6413,1315241220
2155,23.6183,46.6887,1315098240
2155,23.562,46.6588,1315082340
2155,23.6137,46.6584,1315007100
2155,23.5993,46.6502,1315000080
2155,23.5992,46.6503,1314661860
2155,23.5993,46.6502,1314648840
2155,23.6183,46.6887,1314596400
2155,23.5513,46.6494,1314514860
2155,23.6183,46.6887,1314467340
2155,23.5993,46.6502,1314292800
2155,23.5992,46.6502,1314219120
2155,23.6222,46.6721,1314193320
2155,23.5993,46.6502,1314120180
2155,23.6014,46.6412,1314029280
2155,23.6165,46.6869,1314017520
2155,23.5613,46.693,1313900520
2155,23.5613,46.693,1313899260
2155,23.5261,46.6801,1313718300
2155,23.5996,46.6407,1313685180
2155,23.5993,46.6502,1313602920
2155,23.5992,46.6503,1313519760
2155,23.5993,46.6502,1313433120
2155,23.5993,46.6502,1313419380
2155,23.5993,46.6502,1313172600
2155,23.5993,46.6502,1313083980
2155,23.6031,46.6671,1313081940
2155,23.6031,46.6671,1313081580
2155,23.6113,46.6604,1312991880
2155,23.6478,46.7242,1312942500
2155,23.6478,46.7243,1312940580
2155,23.6478,46.7243,1312940460
2155,23.6476,46.7241,1312935420
2155,23.5993,46.6502,1312922220
2155,23.616,46.6728,1312895040
2155,23.5992,46.6506,1312831440
2155,23.5613,46.693,1312694760
2155,23.5613,46.693,1312692480
2155,23.5878,46.6555,1312559160
2155,23.5989,46.6503,1312552860
2155,23.6205,46.6702,1312462680
2155,23.5993,46.6502,1312407720
2155,23.6186,46.6734,1312328220
2155,23.5993,46.6502,1312294860
2155,23.5993,46.6502,1312205220
2155,23.6213,46.7,1312158240
2155,23.5993,46.6502,1311894480
2155,23.5993,46.6502,1311877980
2155,23.6187,46.6737,1311812760
2155,23.5969,46.6396,1311785220
2155,23.6795,46.6734,1311683820
2155,23.5993,46.6502,1311602040
2155,23.5193,46.6761,1311484920
2155,23.5528,46.6376,1311407340
2155,23.5993,46.6502,1311349080
2155,23.6186,46.6734,1311294900
2155,23.5993,46.6502,1311255420
2155,23.6186,46.6734,1311210060
2155,23.5993,46.6502,1311192780
2155,23.5992,46.6502,1311174900
2155,23.5993,46.6502,1311096600
2155,23.5991,46.6504,1311001680
2155,23.6173,46.6743,1310994240
2155,23.6795,46.6734,1310753040
2155,23.6187,46.6886,1310702460
2155,23.5996,46.6407,1310664060
2155,23.6795,46.6734,1310647620
2155,23.5993,46.6502,1310602440
2155,23.6035,46.64,1310575860
2155,23.5613,46.693,1310278680
2155,23.5968,46.6514,1310165520
2155,23.6183,46.6888,1310101320
2155,23.5993,46.6502,1310056260
2155,23.5993,46.6502,1310042580
2155,23.5702,46.6408,1309909380
2155,23.5961,46.6482,1309883160
2155,23.5961,46.6482,1309882500
2155,23.5993,46.6502,1309543260
2155,23.6185,46.6834,1309459800
2155,23.5809,46.6975,1309457340
2155,23.552,46.6517,1309402500
2155,23.552,46.6517,1309401360
2155,23.6008,46.6649,1309367400
2155,23.6186,46.6734,1309306140
2155,23.5997,46.6403,1309282080
2155,23.5992,46.6503,1309202400
2155,23.6015,46.6416,1309191480
2155,23.6183,46.6888,1309037940
2155,23.5533,46.658,1308897420
2155,23.5993,46.6502,1308767760
2155,23.6015,46.6413,1308761400
2155,23.5993,46.6503,1308678720
2155,23.6186,46.6734,1308616560
2155,23.6015,46.6413,1308589020
2155,23.6183,46.6888,1308478680
2155,23.577,46.6883,1308435780
2155,23.5993,46.6502,1308347460
2155,23.5993,46.6503,1308333720
2155,23.6015,46.6413,1308327840
2155,23.5996,46.6407,1308244200
2155,23.5993,46.6502,1308233580
2155,23.5993,46.6502,1308161700
2155,23.6186,46.6734,1308093180
2155,23.6015,46.6413,1308070560
2155,23.5608,46.6704,1307935860
2155,23.6183,46.6887,1307854800
2155,23.5528,46.6376,1307784780
2155,23.6007,46.6651,1307723340
2155,23.6165,46.687,1307709780
2155,23.6087,46.7092,1307496420
2155,23.6231,46.6805,1307452080
2155,23.6184,46.6887,1307423580
2155,23.601,46.668,1307377980
2155,23.6184,46.6887,1307337480
2155,23.5862,46.6566,1307118840
2155,23.5961,46.6506,1307107980
2155,23.6186,46.6734,1307056680
2155,23.5993,46.6502,1307034480
2155,23.6184,46.6887,1306988580
2155,23.6184,46.6887,1306988460
2155,23.6184,46.6887,1306988340
2155,23.5993,46.6502,1306951440
2155,23.6186,46.6734,1306884360
2155,23.5993,46.6503,1306872360
2155,23.6183,46.6887,1306730040
2155,23.6183,46.6887,1306599120
2155,23.5533,46.6586,1306560660
2155,23.6186,46.6734,1306539300
2155,23.6179,46.6826,1306501020
2155,23.6183,46.6887,1306484040
2155,23.5993,46.6502,1306451340
2155,23.6186,46.6734,1306371060
2155,23.6175,46.6741,1306331520
2155,23.5993,46.6502,1306164360
2155,23.6015,46.6413,1305908760
2155,23.5994,46.65,1305845040
2155,23.612,46.6597,1305821700
2155,23.5993,46.6502,1305745140
2155,23.5993,46.6502,1305742920
2155,23.6183,46.6887,1305596220
2155,23.6183,46.6887,1305519300
2155,23.6183,46.6887,1305488700
2155,23.6183,46.6887,1305488220
2155,23.6186,46.6734,1305481020
2155,23.6186,46.6734,1305159660
2155,23.6009,46.665,1305042660
2155,23.6186,46.6734,1304983980
2155,23.5959,46.6844,1304820900
2155,23.5976,46.6651,1304700300
2155,23.6076,46.6707,1304615640
2155,23.6076,46.6707,1304615400
2155,23.6183,46.6887,1304474160
2155,23.4286,46.4825,1304355900
2155,22.8135,43.2497,1304340300
2155,29.9865,95.342,1304273100
2155,37.6164,122.3863,1304251260
2155,37.7855,122.3935,1304236860
2155,37.7773,122.4037,1304234280
2155,37.8285,122.3761,1304217840
2155,37.8024,122.4058,1304203920
2155,37.8024,122.4058,1304203260
2155,37.8024,122.4058,1304202180
2155,37.802,122.4189,1304199600
2155,37.7765,122.412,1304192040
2155,37.7811,122.3996,1304135700
2155,37.7892,122.4086,1304107740
2155,37.7788,122.4105,1304103240
2155,37.7878,122.4076,1304025720
2155,37.7861,122.4054,1303959300
2155,37.7789,122.4109,1303868160
2155,37.8106,122.4113,1303852620
2155,37.7761,122.4087,1303840140
2155,37.817,122.4782,1303781220
2155,37.7789,122.4109,1303768260
2155,38.2921,122.4568,1303697340
2155,36.5633,120.5318,1303681560
2155,34.0846,118.3846,1303613040
2155,34.2079,118.396,1303610880
2155,34.0904,118.3672,1303578720
2155,34.1376,118.3543,1303532340
2155,34.0943,118.3637,1303498620
2155,34.0904,118.3672,1303497000
2155,34.1017,118.34,1303449060
2155,34.1016,118.3387,1303427700
2155,34.0904,118.3672,1303411440
2155,36.2169,115.1264,1303322760
2155,36.1354,115.1609,1303296360
2155,36.1704,115.1435,1303282500
2155,36.1114,115.1726,1303260960
2155,36.1026,115.1744,1303260780
2155,36.1472,115.1562,1303209420
2155,36.1472,115.1562,1303209300
2155,36.1472,115.1562,1303195980
2155,36.1472,115.1562,1303167300
2155,34.8523,117.0848,1303155780
2155,33.6983,116.263,1303114560
2155,33.6983,116.263,1303114200
2155,33.7552,116.362,1303061520
2155,33.6816,116.2399,1303032600
2155,33.6798,116.237,1303032300
2155,33.7552,116.362,1302987000
2155,33.6983,116.263,1302941940
2155,33.6818,116.243,1302929700
2155,33.7323,116.3984,1302909240
2155,33.6964,117.0697,1302902400
2155,33.0554,117.0715,1302897420
2155,32.7185,117.1541,1302849480
2155,32.731,117.1497,1302824820
2155,32.7312,117.1503,1302817080
2155,32.733,117.1589,1302809400
2155,32.7314,117.1603,1302757080
2155,32.7137,117.1624,1302753360
2155,32.733,117.1993,1302636540
2155,32.733,117.1993,1302636000
2155,23.4286,46.4825,1302564480
2155,23.5985,46.7197,1302497220
2155,23.5985,46.7197,1302497100
2155,23.5996,46.7206,1302491520
2155,23.5998,46.7205,1302491520
2155,23.5985,46.7197,1302477480
2155,23.5985,46.7197,1302476580
2155,23.5985,46.7197,1302474360
2155,23.6184,46.6888,1302395460
2155,23.6221,46.6621,1302304740
2155,23.6018,46.6484,1302276720
2155,23.5702,46.6408,1302213960
2155,23.5993,46.6502,1302207840
2155,23.5519,46.6518,1302146880
2155,23.5519,46.6518,1302146520
2155,23.5519,46.6518,1302145380
2155,23.5519,46.6518,1302138960
2155,23.5993,46.6502,1302110760
2155,23.6015,46.6413,1302109260
2155,23.5994,46.6502,1302099300
2155,23.6015,46.6413,1302024600
2155,23.5994,46.6501,1301951820
2155,23.4286,46.4825,1301931360
2155,33.4626,70.6597,1301891040
2155,33.4626,70.6597,1301890860
2155,33.4366,70.6444,1301851500
2155,33.4223,70.6113,1301849640
2155,33.4223,70.6113,1301847960
2155,33.4626,70.6597,1301799720
2155,33.4626,70.6597,1301799600
2155,33.4626,70.6597,1301799480
2155,33.4626,70.6597,1301759580
2155,33.434,70.6351,1301725740
2155,33.4388,70.6445,1301713680
2155,23.4286,46.4825,1301690400
2155,23.4286,46.4825,1301687400
2155,23.6102,46.6971,1301664240
2155,23.6184,46.6888,1301620680
2155,23.5702,46.6408,1301529960
2155,23.6066,46.6682,1301504940
2155,23.5976,46.6651,1301418060
2155,23.5976,46.6651,1301415480
2155,23.5263,46.6813,1301277900
2155,23.5564,46.6466,1301210340
2155,23.5564,46.6466,1301200800
2155,23.6186,46.6734,1301161920
2155,23.6186,46.6734,1301095920
2155,23.5551,46.6754,1301083740
2155,23.6014,46.6412,1300896600
2155,23.6063,46.6916,1300809480
2155,23.6186,46.6734,1300752900
2155,23.6066,46.6682,1300722840
2155,23.6001,46.6511,1300712700
2155,23.6015,46.6413,1300293240
2155,23.5993,46.6502,1300290300
2155,23.6066,46.6682,1300204800
2155,23.5996,46.6407,1300121760
2155,23.5996,46.6407,1300121160
2155,23.5993,46.6502,1300044000
2155,23.6243,46.6773,1300020180
2155,23.651,46.7211,1299964500
2155,23.5993,46.6502,1299871380
2155,23.6023,46.6628,1299772440
2155,23.5993,46.6502,1299767520
2155,23.577,46.6883,1299704220
2155,23.6275,46.6749,1299207360
2155,23.5993,46.6502,1299200520
2155,23.6162,46.6738,1299155880
2155,23.5993,46.6502,1298911320
2155,23.6031,46.6672,1298652480
2155,23.5993,46.6502,1298646480
2155,23.6066,46.6682,1298563200
2155,23.6112,46.6694,1298551860
2155,23.6101,46.6972,1298399040
2155,23.6231,46.6805,1298371740
2155,23.5993,46.6502,1298310600
2155,23.5993,46.6502,1298296380
2155,23.5613,46.693,1298175180
2155,23.5621,46.6805,1298152860
2155,23.5905,46.6734,1298137980
2155,23.5294,46.7387,1298086560
2155,23.5294,46.7387,1298085420
2155,23.5993,46.6502,1297812480
2155,23.5535,46.6941,1297634880
2155,23.5535,46.6941,1297629240
2155,23.5535,46.6941,1297628640
2155,23.6015,46.6413,1297439100
2155,23.5996,46.6407,1297266900
2155,23.5591,46.6602,1297024500
2155,23.5475,46.6428,1296963540
2155,23.5528,46.6376,1296888300
2155,23.5528,46.6376,1296887460
2155,23.5281,46.6621,1296878100
2155,23.5993,46.6502,1296738720
2155,23.6066,46.6682,1296658320
2155,23.6231,46.6805,1296560940
2155,23.5993,46.6502,1296511620
2155,23.6049,46.6613,1296258900
2155,23.6049,46.6613,1296258120
2155,23.5702,46.6408,1296238500
2155,23.5702,46.6408,1296215580
2155,23.5613,46.693,1295766960
2155,23.5528,46.6376,1295668980
2155,23.6082,46.6927,1295539620
2155,23.6102,46.6971,1295526000
2155,22.9125,43.1664,1295444640
2155,22.9867,43.2218,1295411040
2155,22.9867,43.2218,1295384820
2155,22.9867,43.2218,1295358660
2155,22.9867,43.2218,1295358180
2155,22.9125,43.1664,1295355540
2155,23.626,46.6587,1295346780
2155,23.6025,46.6503,1295018280
2155,23.6066,46.6682,1294931760
2155,23.5993,46.6502,1294766700
2155,23.5993,46.6502,1294669860
2155,23.5993,46.6502,1294662240
2155,23.5263,46.6813,1294618440
2155,23.5905,46.6734,1294504740
2155,23.5281,46.6621,1294468320
2155,23.5281,46.6621,1294462980
2155,34.9571,54.9389,1293954900
2155,34.9087,55.0445,1293924540
2155,34.9596,54.9425,1293833160
2155,34.9615,54.9427,1293672600
2155,34.9071,54.8289,1293582060
2155,34.9608,54.944,1293496320
2155,34.9591,54.9449,1293404160
2155,34.9591,54.9449,1293400620
2155,34.8369,56.0162,1293379260
2155,23.4264,46.4818,1293360840
2155,23.5528,46.6376,1293263880
2155,23.5839,46.6718,1293156660
2155,23.5842,46.6751,1293146460
2155,23.6208,46.6811,1292370660
2155,23.5993,46.6502,1292346300
2155,23.5993,46.6502,1292265000
2155,23.5993,46.6502,1292250000
