2156,4.0046,101.0231,1378106040
2156,4.0047,101.0231,1378049280
2156,4.0046,101.0231,1378033500
2156,4.0046,101.0232,1378032600
2156,4.0046,101.0232,1378031400
2156,4.0048,101.023,1377948960
2156,4.0119,101.0207,1377941220
2156,4.0046,101.0231,1377806580
2156,4.0046,101.0232,1377780600
2156,4.0047,101.0232,1377670500
2156,4.0046,101.0231,1377547440
2156,4.0047,101.0232,1377418500
2156,4.0046,101.0232,1377318060
2156,4.0261,101.0228,1377310980
2156,4.0047,101.0232,1377155700
2156,4.0046,101.0231,1377097140
2156,4.0047,101.0233,1376998440
2156,4.0047,101.0232,1376894940
2156,25.077,121.2321,1376713980
2156,24.1743,120.645,1376657700
2156,24.1743,120.645,1376646900
2156,23.5117,120.8032,1376617740
2156,23.5117,120.8032,1376578800
2156,24.1513,120.6634,1376473560
2156,23.674,120.7959,1376460360
2156,23.674,120.7959,1376459580
2156,24.1743,120.6449,1376401980
2156,24.1743,120.6449,1376393940
2156,24.18,120.5961,1376365080
2156,24.18,120.5961,1376364060
2156,24.18,120.5961,1376363700
2156,24.1743,120.6449,1376313180
2156,24.1744,120.645,1376307000
2156,24.1743,120.6449,1376303820
2156,24.1781,120.7392,1376302800
2156,25.0227,121.4696,1376266620
2156,25.0231,121.4699,1376235660
2156,25.0223,121.4704,1376233980
2156,25.0224,121.4703,1376233620
2156,25.0336,121.5645,1376200440
2156,25.0335,121.5645,1376198460
2156,25.0342,121.5643,1376196780
2156,25.0231,121.47,1376143200
2156,25.1085,121.8446,1376110680
2156,25.0224,121.4703,1376066280
2156,2.7402,101.7202,1376026260
2156,4.0046,101.023,1375939080
2156,4.0046,101.0232,1375789020
2156,4.0046,101.0233,1375702920
2156,4.0155,101.0287,1375513440
2156,4.0047,101.0232,1375507080
2156,4.0047,101.0232,1375431780
2156,4.0047,101.023,1375196940
2156,4.0206,101.0222,1375182720
2156,4.0046,101.0233,1375000680
2156,4.0047,101.0232,1374901260
2156,4.0047,101.0233,1374824100
2156,4.0047,101.0231,1374662760
2156,4.0175,101.0274,1374654000
2156,4.0046,101.0232,1374595620
2156,4.0046,101.0232,1374390240
2156,4.0118,101.0206,1374314880
2156,4.0118,101.0207,1374309000
2156,4.0046,101.0233,1374297540
2156,4.0046,101.0231,1374242940
2156,4.0046,101.0231,1374165840
2156,4.0046,101.0232,1374156720
2156,4.0046,101.0231,1374075780
2156,4.0046,101.0232,1373795880
2156,4.0046,101.0232,1373722260
2156,4.0047,101.0231,1373639820
2156,4.0047,101.0233,1373522820
2156,4.0046,101.0232,1373453100
2156,4.0046,101.0232,1373299320
2156,4.0046,101.0231,1373188140
2156,4.0046,101.0233,1373114280
2156,4.0046,101.0232,1373083260
2156,4.0047,101.0233,1373021880
2156,4.0174,101.0275,1372915500
2156,4.0046,101.0233,1372855020
2156,4.0046,101.0232,1372775760
2156,4.0047,101.0231,1372600860
2156,4.0755,101.1522,1372568700
2156,4.0047,101.0233,1372432920
2156,4.0047,101.0234,1372428420
2156,4.0046,101.0232,1372335360
2156,4.0046,101.0232,1372252500
2156,4.0046,101.0232,1372251840
2156,4.0047,101.0233,1372139040
2156,4.0046,101.0233,1372085640
2156,4.0118,101.0207,1371955980
2156,4.0046,101.0232,1371829680
2156,4.01,101.0195,1371811740
2156,4.0046,101.0233,1371730680
2156,4.0046,101.0233,1371728700
2156,4.0046,101.0232,1371630840
2156,4.0047,101.0233,1371553140
2156,4.0046,101.0232,1371392040
2156,4.0046,101.0233,1371367800
2156,4.0046,101.0232,1371311700
2156,4.0046,101.0232,1371305340
2156,4.0046,101.0232,1371279660
2156,4.0047,101.0233,1371215280
2156,4.0046,101.0233,1371133020
2156,4.0047,101.0233,1370844720
2156,4.0046,101.0232,1370711040
2156,4.0046,101.0232,1370665620
2156,4.0046,101.0233,1370490180
2156,4.0046,101.0231,1370359500
2156,4.0046,101.0233,1370331420
2156,4.0047,101.0233,1370245620
2156,4.0046,101.0232,1370096100
2156,4.0046,101.0231,1370075100
2156,4.0046,101.0232,1369923060
2156,4.0119,101.0206,1369915560
2156,4.6111,101.118,1369888320
2156,4.0046,101.0232,1369827540
2156,4.0046,101.0232,1369715280
2156,4.0046,101.0232,1369664520
2156,4.0046,101.0232,1369660680
2156,4.0046,101.0232,1369660260
2156,4.2198,100.6718,1369641300
2156,4.0046,101.0232,1369563720
2156,4.0046,101.0233,1369534860
2156,4.0047,101.0233,1369477260
2156,4.0175,101.0274,1369466820
2156,4.0048,101.0233,1369416660
2156,4.0046,101.0233,1369228980
2156,4.0049,101.0235,1368940860
2156,4.0193,101.0227,1368858720
2156,4.0047,101.0233,1368794280
2156,4.0047,101.0233,1368793860
2156,4.0047,101.0232,1368605340
2156,4.0047,101.0233,1368526140
2156,4.0046,101.0232,1368335580
2156,4.0046,101.0232,1368335400
2156,4.0195,101.0227,1368249840
2156,4.0175,101.0273,1368181800
2156,4.0046,101.0232,1368108120
2156,4.0047,101.0231,1368105600
2156,4.0205,101.0223,1367927580
2156,4.0204,101.0224,1367924280
2156,4.0046,101.0231,1367829300
2156,4.0046,101.0232,1367758500
2156,4.0195,101.0228,1367645760
2156,4.0046,101.0231,1367596320
2156,4.0047,101.0233,1367580240
2156,4.0047,101.0232,1367384700
2156,4.0047,101.0232,1367342040
2156,4.0195,101.0228,1367303520
2156,4.0047,101.0233,1367300340
2156,4.0046,101.0231,1367230320
2156,4.0047,101.023,1367153880
2156,4.0047,101.023,1367153820
2156,4.0047,101.023,1367153640
2156,4.0046,101.0231,1367076240
2156,4.0047,101.0231,1367076180
2156,4.0046,101.0232,1366977660
2156,4.0043,101.0233,1366977600
2156,4.0047,101.0233,1366910700
2156,4.0046,101.0232,1366905840
2156,4.0046,101.0232,1366905780
2156,4.0047,101.0233,1366878180
2156,4.0046,101.0232,1366727520
2156,4.0204,101.0224,1366715220
2156,4.0046,101.0232,1366615320
2156,4.0046,101.0232,1366522740
2156,4.0175,101.0274,1366433700
2156,4.0046,101.0232,1366381860
2156,4.0047,101.0232,1366271280
2156,4.0046,101.0232,1366213740
2156,4.0046,101.0232,1366212840
2156,4.0047,101.0231,1366122300
2156,4.0205,101.0224,1366111980
2156,4.0047,101.0231,1365913980
2156,4.0204,101.0224,1365777120
2156,4.0047,101.0231,1365699780
2156,4.0047,101.0233,1365600840
2156,4.0204,101.0224,1365505200
2156,4.0047,101.0233,1365440580
2156,4.0047,101.0233,1365438300
2156,4.0046,101.0232,1365353280
2156,2.8107,102.3961,1365311100
2156,2.8107,102.396,1365310140
2156,4.0048,101.0234,1365219120
2156,4.0046,101.0231,1365179700
2156,4.013,101.0209,1365177960
2156,4.0122,101.0206,1365177420
2156,4.0119,101.0206,1365165180
2156,4.0046,101.0232,1364993640
2156,4.0046,101.0232,1364737620
2156,4.0046,101.0232,1364719380
2156,4.0046,101.0231,1364659500
2156,4.0208,101.0229,1364615040
2156,4.0046,101.0231,1364560860
2156,4.0046,101.0231,1364560320
2156,4.0047,101.0232,1364524620
2156,4.0046,101.0231,1364517600
2156,4.0046,101.0231,1364517360
2156,4.0046,101.0232,1364482680
2156,4.0047,101.0232,1364471220
2156,4.0046,101.0231,1364431440
2156,4.0047,101.0232,1364386260
2156,4.5953,101.0898,1364365200
2156,4.5953,101.0898,1364364780
2156,4.0046,101.0231,1364348220
2156,4.0046,101.0231,1364309280
2156,4.0047,101.0232,1364214660
2156,4.0046,101.0231,1364202000
2156,4.0046,101.0232,1364135040
2156,4.0046,101.0232,1364134740
2156,4.0043,101.0232,1364053560
2156,4.0046,101.0231,1364042160
2156,4.0046,101.0232,1363966140
2156,4.0046,101.0232,1363873140
2156,4.0046,101.0232,1363869300
2156,4.0046,101.0231,1363769460
2156,4.0047,101.0233,1363681380
2156,4.0047,101.0233,1363606860
2156,4.0047,101.0233,1363539240
2156,4.0175,101.0274,1363501200
2156,4.0046,101.0231,1363495380
2156,4.0046,101.0231,1363493100
2156,4.0046,101.0231,1363492860
2156,4.0046,101.0231,1363447260
2156,4.0046,101.0231,1363445040
2156,4.0205,101.0226,1363335060
2156,4.0046,101.0231,1363261500
2156,4.0047,101.0233,1363261440
2156,4.0046,101.0232,1363176780
2156,4.0046,101.0231,1363156320
2156,4.0046,101.0232,1363101180
2156,4.0046,101.0232,1363087800
2156,4.0046,101.0231,1362921360
2156,4.0047,101.0233,1362902820
2156,4.0046,101.0232,1362817980
2156,4.0046,101.0231,1362809760
2156,4.0046,101.0232,1362809400
2156,4.0046,101.0231,1362793680
2156,4.0046,101.0231,1362755640
2156,4.0046,101.0231,1362674700
2156,4.0046,101.0231,1362671340
2156,4.0046,101.0232,1362657960
2156,4.0046,101.0232,1362657840
2156,4.0047,101.0233,1362502080
2156,4.0205,101.0225,1362480960
2156,4.0047,101.0233,1362468360
2156,4.0047,101.0233,1362468000
2156,4.0047,101.0232,1362323580
2156,4.0046,101.0231,1362308400
2156,4.0175,101.0274,1362291000
2156,4.0175,101.0274,1362282240
2156,4.0175,101.0274,1362279360
2156,4.0047,101.0232,1362221040
2156,4.0047,101.0234,1362216780
2156,4.0047,101.0232,1362137520
2156,4.0047,101.0233,1362126120
2156,4.0047,101.0233,1362051120
2156,4.0047,101.0232,1361970900
2156,4.0046,101.0231,1361889420
2156,4.0205,101.0225,1361878620
2156,4.0205,101.0225,1361877300
2156,4.0046,101.0232,1361803800
2156,4.0046,101.0232,1361802480
2156,4.0047,101.0233,1361772480
2156,4.0047,101.0233,1361716140
2156,4.0046,101.0232,1361681280
2156,4.0046,101.0231,1361621340
2156,4.0047,101.0233,1361583240
2156,4.0047,101.0233,1361510880
2156,4.0046,101.0231,1361466600
2156,4.0046,101.0231,1361460660
2156,4.0047,101.0233,1361382360
2156,4.0047,101.0233,1361353920
2156,4.0046,101.0231,1361261880
2156,4.0047,101.0232,1361099880
2156,4.0047,101.0233,1361083920
2156,4.0046,101.0232,1361033940
2156,4.0205,101.0224,1361004840
2156,4.0047,101.0233,1360990320
2156,4.0047,101.0233,1360934040
2156,4.0046,101.0231,1360829880
2156,4.0046,101.0232,1360759260
2156,4.0046,101.0231,1360727700
2156,4.0754,101.1521,1360656600
2156,4.0715,101.1546,1360637880
2156,4.0046,101.0231,1360562880
2156,4.0046,101.0232,1360558800
2156,4.0714,101.1546,1360548300
2156,4.0754,101.1521,1360507200
2156,4.0754,101.1522,1360502880
2156,4.0754,101.1522,1360477860
2156,4.0755,101.1521,1360384740
2156,4.0046,101.0232,1360319280
2156,4.0047,101.0233,1359888180
2156,4.0047,101.0233,1359806100
2156,4.0047,101.0233,1359800760
2156,4.0047,101.0233,1359786960
2156,4.0047,101.0232,1359722400
2156,4.0047,101.0232,1359640380
2156,4.0046,101.0231,1359458340
2156,4.0047,101.0233,1359262380
2156,4.0046,101.0231,1359184440
2156,4.0047,101.0231,1359133080
2156,4.0205,101.0226,1359014820
2156,4.0206,101.0225,1359008340
2156,4.0047,101.0233,1358955300
2156,4.0047,101.0232,1358949360
2156,4.0047,101.0231,1358924220
2156,4.0047,101.0233,1358840580
2156,4.0047,101.0233,1358778660
2156,4.0048,101.0232,1358755080
2156,4.0046,101.0232,1358666700
2156,4.0046,101.0232,1358600520
2156,4.0047,101.0233,1358598300
2156,4.0047,101.0233,1358597820
2156,4.0046,101.0232,1358419800
2156,4.0046,101.0231,1358334960
2156,4.0047,101.0232,1358330820
2156,4.0047,101.0232,1358247480
2156,4.0047,101.0232,1358237040
2156,4.0047,101.0232,1358178480
2156,4.0047,101.0233,1358076120
2156,4.0047,101.0233,1358067780
2156,4.0175,101.0274,1358050260
2156,4.0046,101.0231,1358009100
2156,4.0049,101.0235,1357979340
2156,4.0046,101.0232,1357962960
2156,4.0046,101.0232,1357904760
2156,4.0047,101.0232,1357798260
2156,4.0047,101.0232,1357722540
2156,4.0046,101.0232,1357655580
2156,4.0046,101.0232,1357570860
2156,4.0046,101.0232,1357569540
2156,4.0046,101.0231,1357486920
2156,4.0046,101.0232,1357379700
2156,4.0047,101.0233,1357372560
2156,4.0194,101.0228,1357364880
2156,4.0255,101.0208,1357354500
2156,3.9983,100.9458,1357290480
2156,4.0046,101.0231,1357279020
2156,4.0046,101.0231,1357229100
2156,4.0046,101.0231,1357141560
2156,4.0047,101.0232,1357053600
2156,4.0046,101.0232,1356933840
2156,4.0046,101.0233,1356879180
2156,4.0262,101.0228,1356838440
2156,4.0046,101.0231,1356797340
2156,4.0204,101.0224,1356772980
2156,4.0047,101.0232,1356764880
2156,4.0047,101.0232,1356758340
2156,4.0045,101.023,1356705900
2156,4.0175,101.0273,1356692220
2156,4.0175,101.0272,1356684420
2156,4.0047,101.0232,1356677820
2156,4.0046,101.0231,1356673740
2156,4.0254,101.0227,1356663840
2156,4.0046,101.0231,1356615540
2156,3.1053,101.5241,1356507720
2156,3.1503,101.6159,1356504960
2156,3.1053,101.5241,1356438480
2156,3.1585,101.7124,1356423900
2156,3.1053,101.5241,1356369900
2156,3.0774,101.5877,1356350820
2156,3.0989,101.4447,1356328500
2156,3.0989,101.4447,1356328500
2156,4.0169,101.0212,1356265200
2156,4.0194,101.0228,1356247320
2156,4.0046,101.0232,1356188820
2156,4.0046,101.0231,1356188220
2156,4.0205,101.0225,1356183780
2156,4.0046,101.0231,1356152580
2156,4.0175,101.0273,1356072000
2156,4.0046,101.0231,1355991660
2156,4.0175,101.0273,1355812920
2156,4.0175,101.0273,1355810580
2156,4.0175,101.0273,1355809920
2156,4.0157,101.0287,1355808480
2156,4.0175,101.0273,1355724540
2156,4.0046,101.0232,1355636220
2156,4.0194,101.0228,1355563380
2156,4.0046,101.0231,1355473980
2156,4.0047,101.0232,1355466660
2156,4.0047,101.0232,1355466240
2156,4.0046,101.0232,1355318340
2156,4.0046,101.0232,1355317980
2156,4.0046,101.0231,1355290020
2156,4.0194,101.0228,1355287980
2156,4.0046,101.0231,1355220900
2156,4.017,101.0273,1355211960
2156,4.017,101.0273,1355211660
2156,4.017,101.0273,1355211480
2156,4.0171,101.0272,1355210580
2156,4.0046,101.0232,1355137560
2156,4.0046,101.0231,1355137320
2156,4.0046,101.0232,1355137080
2156,4.0046,101.0232,1355136840
2156,4.0046,101.0232,1355136660
2156,4.0046,101.0232,1355069460
2156,4.0046,101.0231,1355052240
2156,4.0045,101.0232,1354940280
2156,4.0046,101.0232,1354888080
2156,4.0046,101.0231,1354813260
2156,4.0046,101.0232,1354806120
2156,4.0046,101.0232,1354795620
2156,4.0047,101.0233,1354701900
2156,4.0205,101.0225,1354691940
2156,4.0047,101.0233,1354681860
2156,4.0046,101.0232,1354634460
2156,4.0046,101.0232,1354634160
2156,4.0046,101.0232,1354524300
2156,4.0046,101.0232,1354515300
2156,4.0046,101.0231,1354453020
2156,4.0047,101.0232,1354351200
2156,4.0035,101.0174,1354348260
2156,4.0046,101.0231,1354283100
2156,4.0046,101.0231,1354205640
2156,4.0046,101.0231,1354205220
2156,4.0046,101.0231,1354204380
2156,4.0046,101.0231,1354118340
2156,4.0047,101.0232,1354102560
2156,4.0047,101.0232,1354102500
2156,4.0047,101.0232,1354102440
2156,4.0047,101.0232,1354076640
2156,4.0047,101.0233,1353944940
2156,4.0047,101.0231,1353923700
2156,4.0175,101.0274,1353917940
2156,4.0175,101.0274,1353907380
2156,4.0175,101.0274,1353906540
2156,4.0047,101.0233,1353851040
2156,4.0046,101.0231,1353827040
2156,4.0046,101.0232,1353763920
2156,4.0046,101.0231,1353746820
2156,4.0046,101.0231,1353745920
2156,4.0205,101.0226,1353741120
2156,4.0047,101.0233,1353664200
2156,4.0175,101.0273,1353641220
2156,4.0045,101.0231,1353589560
2156,4.0046,101.0231,1353584220
2156,4.0046,101.0231,1353583860
2156,4.0046,101.0231,1353583320
2156,4.0046,101.0232,1353583020
2156,4.0046,101.0232,1353582780
2156,4.0046,101.0232,1353582300
2156,4.0046,101.0232,1353582240
2156,4.0046,101.0231,1353578700
2156,4.0047,101.0233,1353575700
2156,4.0047,101.0233,1353287580
2156,4.0046,101.0232,1353217140
2156,4.0046,101.0232,1353213660
2156,4.0169,101.0212,1353209880
2156,4.0046,101.0231,1353116520
2156,4.0047,101.0232,1353106320
2156,4.0046,101.0231,1353063060
2156,4.0046,101.0231,1352965080
2156,4.0046,101.0231,1352897160
2156,4.0046,101.0231,1352896080
2156,4.5988,101.0871,1352881320
2156,4.0175,101.0274,1352783700
2156,4.0175,101.0274,1352783280
2156,4.0046,101.0231,1352692860
2156,4.0046,101.0231,1352692140
2156,4.0046,101.0231,1352691720
2156,4.0171,101.0273,1352609340
2156,4.0047,101.0233,1352525400
2156,4.0047,101.0232,1352370600
2156,4.0206,101.0226,1352361180
2156,4.0206,101.0225,1352360040
2156,4.0047,101.0232,1352289600
2156,4.0047,101.0233,1352203380
2156,4.0047,101.0232,1352038080
2156,4.0046,101.0231,1351941420
2156,4.0046,101.0231,1351941240
2156,4.0175,101.0273,1351918440
2156,4.0046,101.0231,1351852680
2156,4.0046,101.0231,1351852500
2156,4.0046,101.0231,1351852020
2156,4.0046,101.0231,1351693380
2156,4.0046,101.0231,1351688400
2156,4.0046,101.0231,1351688160
2156,4.0046,101.0231,1351687740
2156,4.0046,101.0231,1351687380
2156,4.0046,101.0231,1351687020
2156,4.0251,101.0231,1351496580
2156,4.0047,101.0232,1351417860
2156,4.0205,101.0225,1351398300
2156,4.0046,101.0231,1351266900
2156,4.0047,101.0232,1351181220
2156,4.0047,101.0232,1351177800
2156,4.0047,101.0232,1351084500
2156,4.0046,101.0231,1351010100
2156,4.0047,101.0232,1350642360
2156,4.0047,101.0232,1350621120
2156,4.0046,101.0231,1350611220
2156,4.0047,101.0231,1350557700
2156,4.0047,101.0232,1350557460
2156,4.0046,101.0232,1350465900
2156,4.0046,101.0232,1350452400
2156,4.0046,101.0232,1350388260
2156,4.0205,101.0225,1350368400
2156,4.0205,101.0225,1350368220
2156,4.0047,101.0231,1350177240
2156,4.017,101.0275,1350096780
2156,4.0195,101.0205,1350049740
2156,4.0046,101.0231,1349966220
2156,4.0046,101.0231,1349776080
2156,4.0291,101.0236,1349758800
2156,4.0047,101.0232,1349530920
2156,4.0047,101.0232,1349498940
2156,4.0046,101.0232,1349431560
2156,4.0047,101.0232,1349431200
2156,4.0047,101.0233,1349344620
2156,4.0047,101.0232,1349177160
2156,4.0047,101.0232,1349007540
2156,4.0047,101.0232,1348984440
2156,4.0047,101.0232,1348894440
2156,4.0247,101.0214,1348837080
2156,4.0047,101.0231,1348829880
2156,4.0046,101.0232,1348581720
2156,4.0255,101.0186,1348474980
2156,4.0256,101.0186,1348474080
2156,4.0047,101.0231,1348375440
2156,4.0047,101.0231,1348375260
2156,4.0046,101.0231,1348312620
2156,4.0046,101.0231,1348311720
2156,4.0047,101.0231,1348301580
2156,4.0175,101.0274,1348237260
2156,4.0047,101.0232,1348156560
2156,4.0045,101.0232,1348065480
2156,4.0046,101.0232,1347977520
2156,4.0046,101.0231,1347895740
2156,4.0046,101.0231,1347893640
2156,4.0047,101.0232,1347893100
2156,4.0047,101.0232,1347865920
2156,4.0206,101.0225,1347857040
2156,4.0194,101.0227,1347854640
2156,4.0047,101.0232,1347810420
2156,4.0046,101.0231,1347802620
2156,4.0755,101.1522,1347777900
2156,4.0754,101.1522,1347708840
2156,4.0754,101.1521,1347702840
2156,4.0046,101.0232,1347689220
2156,4.0047,101.0232,1347601980
2156,4.0047,101.0231,1347530820
2156,4.0047,101.023,1347189960
2156,4.0174,101.0271,1347167580
2156,4.0174,101.0274,1347079320
2156,4.0174,101.0274,1347075060
2156,4.0174,101.0274,1347074580
2156,4.0046,101.0231,1347029760
2156,4.0047,101.0232,1346913960
2156,4.0046,101.0233,1346836140
2156,4.0047,101.0233,1346824620
2156,4.0045,101.0231,1346755800
2156,4.0047,101.0232,1346690460
2156,4.0046,101.0232,1346672580
2156,4.0174,101.0274,1346567580
2156,4.0174,101.0274,1346567400
2156,4.0046,101.0232,1346418120
2156,4.0205,101.0225,1346390040
2156,4.0175,101.0274,1346322180
2156,4.0047,101.0232,1346321100
2156,4.0047,101.0232,1346320200
2156,4.0174,101.0274,1346251260
2156,4.0045,101.023,1346084700
2156,4.0738,101.1495,1346064240
2156,4.0738,101.1495,1345970280
2156,4.0738,101.1495,1345965360
2156,4.0169,101.0211,1345954680
2156,4.0045,101.0189,1345910820
2156,4.0046,101.0232,1345825320
2156,4.0254,101.0189,1345816560
2156,4.0254,101.0189,1345813800
2156,4.0046,101.0232,1345778520
2156,4.5988,101.0871,1345713600
2156,4.5988,101.0871,1345712340
2156,4.5641,101.077,1345712040
2156,4.6129,101.1182,1345711380
2156,4.0047,101.0235,1345613340
2156,4.0047,101.0234,1345541340
2156,4.0046,101.0233,1345459320
2156,4.02,101.0221,1345451640
2156,4.315,100.9585,1345377720
2156,4.0175,101.0274,1345346460
2156,4.0738,101.1495,1345270080
2156,4.0175,101.0274,1345261980
