2180,14.3996,120.9878,1378398900
2180,14.4002,120.988,1377922440
2180,14.4002,120.988,1377917520
2180,14.3995,120.9878,1377254940
2180,54.35,18.6535,1377089640
2180,14.3995,120.9878,1377016500
2180,14.3995,120.9878,1376317620
2180,14.3995,120.9878,1373550360
2180,14.3995,120.9878,1373547720
2180,14.3995,120.9878,1373269500
2180,14.4063,120.9775,1373264400
2180,25.2665,51.5597,1371933720
2180,51.962,17.442,1371891600
2180,52.4478,16.8737,1371859980
2180,52.4478,16.8736,1371859800
2180,52.4478,16.8737,1371351060
2180,52.4478,16.8737,1371349200
2180,52.4477,16.8736,1371348420
2180,52.4477,16.8737,1371151020
2180,52.4478,16.8737,1371147120
2180,52.4477,16.8737,1371055380
2180,52.4477,16.8737,1370990700
2180,52.4425,16.92,1370989560
2180,52.4478,16.8737,1370989440
2180,52.4478,16.8737,1370989260
2180,52.4021,16.9717,1370977920
2180,52.4478,16.8737,1370891760
2180,52.4477,16.8737,1370891400
2180,50.0617,19.938,1370889120
2180,50.0618,19.9374,1370889060
2180,50.061,19.9381,1370713200
2180,50.061,19.9381,1370713080
2180,52.4477,16.8738,1370528220
2180,52.4477,16.8738,1370442780
2180,52.409,16.9324,1370361900
2180,52.4479,16.8735,1370263260
2180,52.4478,16.8737,1370263080
2180,54.4458,18.5706,1369858560
2180,54.3537,18.6483,1369842840
2180,54.4458,18.5706,1369842600
2180,54.3538,18.6582,1369756860
2180,54.3533,18.648,1369756560
2180,52.3823,16.8833,1369481880
2180,52.4477,16.8738,1369086600
2180,52.4477,16.8738,1368797580
2180,52.4477,16.8738,1368795660
2180,52.4477,16.8738,1368736500
2180,52.4477,16.8738,1368736380
2180,52.4477,16.8737,1368736260
2180,52.4477,16.8737,1368736020
2180,52.4479,16.8735,1368735900
2180,52.4066,16.9283,1368708840
2180,52.3927,16.7943,1368707940
2180,52.3925,16.7943,1368707880
2180,52.3927,16.7945,1368707820
2180,52.3927,16.7943,1368707760
2180,52.3927,16.7943,1368707460
2180,52.3927,16.7955,1368707340
2180,52.4478,16.8738,1368641160
2180,52.393,16.7945,1368640980
2180,52.4477,16.8738,1368557640
2180,52.4477,16.8738,1368557160
2180,52.3925,16.7943,1368556980
2180,52.3923,16.7933,1368556860
2180,52.4078,16.9337,1368556800
2180,52.3922,16.7942,1368556740
2180,52.3925,16.7935,1368556560
2180,52.4477,16.8738,1368474540
2180,52.4477,16.8738,1368474480
2180,52.3925,16.7943,1368473820
2180,52.4478,16.8736,1368473700
2180,52.4477,16.8737,1368472440
2180,52.4478,16.8737,1368385740
2180,52.4478,16.8737,1368383880
2180,52.4135,16.9043,1368382980
2180,52.4477,16.8737,1368216600
2180,52.4478,16.8737,1368212520
2180,52.415,16.8286,1368163920
2180,52.4464,16.8743,1368163800
2180,52.1722,20.9726,1368093480
2180,14.1018,120.9518,1366545480
2180,14.095,120.9352,1366543320
2180,14.0951,120.9354,1366463760
2180,14.0954,120.9345,1366377780
2180,14.0958,120.9335,1366377360
2180,14.5655,120.9925,1361272380
2180,14.5644,120.9933,1361190240
2180,14.5644,120.9933,1361187660
2180,14.4464,120.9716,1360857780
2180,14.4464,120.9716,1360856880
2180,14.5097,121.0132,1359891960
2180,14.4464,120.9716,1359259860
2180,14.0881,120.8949,1358657220
2180,14.1021,120.9513,1358656980
2180,14.1021,120.9513,1358656740
