2191,34.0826,118.3863,1378187100
2191,34.0487,118.2583,1378171920
2191,33.9893,118.2562,1378114860
2191,34.0826,118.3863,1378020960
2191,34.0454,118.2536,1377725220
2191,34.0191,118.2796,1376589660
2191,34.0027,118.2518,1376356080
2191,34.0447,118.2538,1376259960
2191,34.0431,118.2672,1376014800
2191,34.1017,118.3403,1376005560
2191,33.9813,118.281,1375713540
2191,34.0501,118.2562,1375669800
2191,33.9452,118.2115,1375500900
2191,34.0307,118.2551,1375497420
2191,34.0875,118.2935,1374809640
2191,34.0559,118.2357,1374358080
2191,33.9825,118.2521,1374012120
2191,32.7237,117.1485,1373929740
2191,32.7263,117.1581,1373848560
2191,32.7263,117.1581,1373843580
2191,32.7255,117.1602,1373769000
2191,34.0192,118.243,1373459580
2191,34.0877,118.2936,1373431020
2191,34.0853,118.3836,1373356620
2191,34.0564,117.7536,1373316480
2191,34.0484,118.2585,1373240160
2191,34.0004,118.251,1373163960
2191,33.9903,118.2768,1372812300
2191,33.9748,118.2305,1372799280
2191,34.0557,118.2359,1372258740
2191,34.034,118.2703,1372077300
2191,34.0834,118.3853,1371800040
2191,34.0203,118.2429,1371519060
2191,34.0852,118.3839,1371410760
2191,34.0972,118.3282,1371254160
2191,34.0985,118.3272,1371242280
2191,34.0557,118.2363,1371057780
2191,34.1013,118.3407,1370740560
2191,34.0482,118.2583,1370561400
2191,34.0027,118.2517,1370398440
2191,34.0029,118.2433,1370383320
2191,34.051,118.2446,1370222340
2191,34.0482,118.2583,1370220240
2191,34.0029,118.2433,1370214420
2191,34.0168,118.2888,1369785480
2191,34.0485,118.2558,1369535940
2191,34.0483,118.2586,1369090500
2191,33.7657,118.1761,1369025160
2191,34.0323,118.2684,1368755700
2191,34.0872,118.2918,1368743580
2191,34.0482,118.2587,1368659880
2191,34.003,118.2432,1368197700
2191,34.0884,118.3053,1368189000
2191,34.0457,118.2612,1368112260
2191,33.8152,117.9187,1367721300
2191,33.8074,117.9169,1367716320
2191,34.0198,118.2398,1367530500
2191,34.0482,118.2587,1367520840
2191,34.0943,118.3745,1367382720
2191,34.0345,118.2703,1367365200
2191,34.1363,118.3534,1367172960
2191,34.1024,118.3372,1367112000
2191,34.1363,118.3534,1367094120
2191,34.1287,118.15,1367020560
2191,34.0324,118.2685,1366769700
2191,34.0268,118.2561,1366380000
2191,34.0482,118.2583,1365989880
2191,34.0483,118.2586,1365988560
2191,34.0889,118.2861,1365706320
2191,34.0862,118.2915,1365544500
2191,34.1016,118.3429,1364971140
2191,34.0485,118.2565,1364859840
2191,34.0033,118.2437,1364714340
2191,34.0045,118.2433,1364368380
2191,34.1017,118.3403,1364232120
2191,34.0484,118.257,1364174880
2191,34.0487,118.257,1363301280
2191,34.0033,118.2437,1363188840
2191,33.9781,118.3925,1362960180
2191,33.9618,118.3673,1362952680
2191,34.0394,118.2645,1362795360
2191,34.0339,118.2669,1362711300
2191,33.9455,118.4005,1362700260
2191,34.0271,118.2562,1362502380
2191,34.0241,118.2497,1362405540
2191,34.0485,118.2563,1362370140
2191,34.0852,118.3839,1362358020
2191,34.0852,118.3839,1362298080
2191,34.0048,118.2495,1362279900
2191,34.0059,118.2395,1362121620
2191,34.0033,118.2435,1362005040
2191,34.004,118.2423,1361919660
2191,34.1016,118.3429,1361840400
2191,34.082,118.0318,1361487840
2191,34.0378,118.2682,1361472600
2191,33.9732,118.225,1361418240
2191,34.0033,118.2435,1361026620
2191,34.1023,118.3394,1360989420
2191,34.032,118.2688,1360894680
2191,33.8053,117.921,1360826700
2191,33.8096,117.919,1360816260
2191,33.8046,117.9207,1360798740
2191,33.8063,117.9214,1360794660
2191,33.808,117.919,1360788060
2191,34.0268,118.2561,1360518180
2191,34.0558,118.2357,1360363320
2191,34.0874,118.292,1360269060
2191,34.0033,118.2435,1360190580
2191,34.1027,118.3272,1359084720
2191,34.0834,118.3853,1358978340
2191,34.0834,118.3853,1358923800
2191,33.9777,118.2511,1358905020
2191,34.004,118.2479,1358809380
2191,33.7732,118.1908,1358720580
2191,34.0032,118.2435,1358466420
2191,34.0574,118.2359,1358448780
2191,34.0486,118.2561,1357696680
2191,34.0482,118.2587,1357007640
2191,34.0482,118.2583,1356821280
2191,34.0374,118.2688,1356789720
2191,34.0331,118.2694,1356615360
2191,34.0043,118.242,1356576480
2191,33.7869,118.2078,1356548520
2191,33.1854,117.3281,1356385440
2191,33.2377,117.3035,1356376200
2191,33.2371,117.2978,1356370200
2191,34.0482,118.259,1356229740
2191,34.0488,118.261,1356226800
2191,34.0443,118.2639,1355804100
2191,34.0487,118.255,1355533080
2191,34.003,118.2432,1355265600
2191,34.0887,118.2927,1355164920
2191,34.0273,118.2508,1354643100
2191,34.0887,118.2922,1354254480
2191,34.0866,118.2948,1353953160
2191,34.0043,118.2425,1353619140
2191,34.0512,118.2452,1353224160
2191,34.0483,118.2586,1353199560
2191,34.0413,118.2657,1352844120
2191,33.9824,118.249,1352679900
2191,34.033,118.2691,1352306760
2191,34.0034,118.2495,1352249580
2191,34.0868,118.295,1351704660
2191,34.004,118.2437,1351142700
2191,34.0871,118.2926,1351099260
2191,34.0966,118.3258,1350442320
2191,33.9521,118.2796,1350312480
2191,33.9907,118.2568,1350260400
2191,34.0048,118.2495,1349976180
2191,34.0485,118.2564,1349732280
2191,34.1017,118.3429,1349726160
2191,34.0871,118.2926,1349717820
2191,34.0558,118.2357,1349555220
2191,34.0883,118.2923,1349375580
2191,34.0486,118.2549,1349319120
2191,33.808,117.919,1348803000
2191,33.8152,117.9187,1348794300
2191,33.8118,117.9221,1348794180
2191,34.0488,118.2604,1348536840
2191,34.0488,118.2587,1348463460
2191,33.9521,118.2796,1348462200
2191,34.1387,118.3527,1348377900
2191,34.0215,118.2778,1348361760
2191,34.089,118.2927,1348010220
2191,33.9461,118.3331,1347919260
2191,34.0875,118.2919,1347471300
2191,34.0335,118.2703,1347021600
2191,34.0482,118.2583,1346881320
2191,34.0309,118.4116,1346713860
2191,34.003,118.2433,1346707740
2191,34.0557,118.2365,1346531040
2191,34.0859,118.2921,1346348520
2191,34.0868,118.2915,1346261040
2191,34.1021,118.3088,1346100780
2191,34.1021,118.3088,1346099400
2191,33.7718,118.1913,1346028420
2191,34.0482,118.2583,1345941480
2191,34.0035,118.2477,1345678800
2191,34.0889,118.377,1345605660
2191,34.0295,118.2556,1345600560
2191,34.0295,118.2556,1345600320
2191,34.0834,118.3853,1345434780
2191,34.004,118.2479,1345063440
2191,34.0482,118.2587,1344907380
2191,34.0482,118.2585,1344814440
2191,34.0442,118.2659,1344480060
2191,34.0442,118.2665,1344477720
2191,34.011,118.2712,1344387720
2191,33.8407,118.3909,1344227160
2191,33.84,118.3908,1344224820
2191,33.839,118.3915,1344214080
2191,33.7682,118.1932,1344135960
2191,34.052,118.2512,1343945280
2191,33.9429,118.3335,1343497260
2191,33.773,118.1907,1343334060
2191,34.0438,118.2499,1343081580
2191,34.0502,118.2487,1343003160
2191,34.0476,118.2498,1343001660
2191,34.0268,118.2556,1342803000
2191,34.0488,118.2603,1342492620
2191,34.0505,118.2593,1342392840
2191,34.0047,118.2648,1342391040
2191,34.0455,118.2533,1342314240
2191,34.0454,118.2536,1342312440
2191,34.0405,118.2565,1342306440
2191,34.0166,118.2431,1342049580
2191,34.1013,118.3397,1341454440
2191,34.0485,118.2558,1341439140
2191,34.0832,118.2235,1341133560
2191,34.0467,118.2638,1341118860
2191,34.0257,118.2713,1340741400
2191,34.1838,118.3107,1340603220
2191,33.7682,118.1864,1340492460
2191,34.1816,118.3112,1340412240
2191,34.0442,118.2659,1338253140
2191,34.0047,118.242,1336579980
2191,34.0868,118.2912,1335822120
2191,34.088,118.2922,1334096700
2191,34.1028,118.3275,1333762560
2191,34.1028,118.3273,1333695060
2191,33.999,118.2607,1333428480
2191,33.9935,118.2567,1333406580
2191,33.9521,118.2796,1326238440
2191,34.0421,118.2546,1316133540
2191,34.0066,118.2487,1315901460
2191,34.0068,118.249,1315546440
2191,34.0068,118.249,1315282380
2191,34.0068,118.249,1314869580
2191,34.0068,118.249,1314869040
2191,34.0068,118.249,1314687720
2191,34.0068,118.249,1314250320
2191,34.0559,118.2358,1313947080
2191,34.0493,118.2559,1313894580
2191,34.0069,118.2491,1313779320
2191,33.972,118.2501,1313531640
2191,34.0172,118.2643,1313459520
2191,34.0626,118.3452,1313439000
2191,34.0539,118.237,1313384040
2191,34.0065,118.2488,1313172420
2191,34.0067,118.249,1313130660
2191,33.975,118.2237,1312929660
2191,34.0067,118.2489,1312782360
2191,34.0558,118.2368,1312333500
2191,34.0066,118.2487,1311230820
2191,34.0066,118.2487,1311230640
2191,34.0065,118.2486,1311135060
2191,34.0066,118.2487,1310706120
2191,37.7947,122.407,1309126260
2191,37.7947,122.407,1309126260
2191,34.0611,118.2912,1308599940
2191,34.0611,118.2912,1308599880
