2193,22.9188,43.1871,1377315660
2193,22.9191,43.1868,1377200940
2193,22.8863,43.283,1376792520
2193,22.903,43.0988,1375790580
2193,22.9872,43.1962,1375238460
2193,22.9872,43.1962,1375237140
2193,22.8231,43.3198,1375104720
2193,22.8231,43.3198,1375104180
2193,22.8231,43.3198,1375066800
2193,22.9093,43.1764,1374502260
2193,22.9093,43.1764,1374502080
2193,22.9093,43.1764,1374501420
2193,22.9093,43.1764,1374409620
2193,22.9093,43.1764,1373793900
2193,22.9061,43.176,1373383980
2193,22.9093,43.1764,1373380800
2193,22.9572,43.1764,1373338020
2193,22.9014,43.1103,1373116500
2193,22.9383,43.1314,1373116320
2193,22.9049,43.1312,1373116140
2193,22.9387,43.1314,1373115960
2193,22.9014,43.1103,1373115780
2193,22.9014,43.1103,1373115600
2193,22.9081,43.1259,1373115420
2193,22.9081,43.1259,1373115240
2193,22.9081,43.1259,1373115180
2193,22.9081,43.1259,1373114940
2193,22.9081,43.1259,1373114700
2193,22.9081,43.1259,1373114460
2193,22.9081,43.1259,1373114280
2193,22.9081,43.1259,1372990080
2193,22.9081,43.1259,1372987680
2193,22.9081,43.1259,1372986900
2193,22.9081,43.1259,1372986300
2193,22.9081,43.1259,1372986120
2193,22.9081,43.1259,1372985520
2193,22.9014,43.1103,1372985220
2193,22.9014,43.1103,1372984980
2193,22.8755,43.1205,1372940460
2193,22.9053,43.1875,1371672360
2193,22.9053,43.1875,1371546060
2193,22.9053,43.1875,1371545820
2193,22.9053,43.1875,1371521520
2193,22.9053,43.1875,1371520260
2193,22.9053,43.1875,1371519240
2193,22.9053,43.1875,1371518100
2193,22.9053,43.1875,1371517140
2193,22.9053,43.1875,1371514860
2193,22.9053,43.1875,1371514260
2193,22.9053,43.1875,1371513540
2193,22.9053,43.1875,1371512700
2193,22.9053,43.1875,1371511800
2193,22.901,43.1786,1371510420
2193,22.9519,43.2105,1369662840
2193,22.9519,43.2105,1369619700
2193,22.9333,43.1746,1369172520
2193,22.9559,43.1766,1369011360
2193,22.8863,43.283,1368966060
2193,22.8863,43.283,1368938160
2193,22.8863,43.283,1368919500
2193,22.8231,43.3198,1368668880
2193,22.8231,43.3198,1368666480
2193,22.8708,43.3411,1367886660
2193,22.8679,43.3421,1367592480
2193,22.8679,43.3421,1367587740
2193,22.8635,43.3455,1367539740
2193,22.8635,43.3455,1367539320
2193,22.8635,43.3455,1367539020
2193,22.8635,43.3455,1367538780
2193,22.8635,43.3455,1367538060
2193,22.8635,43.3455,1367537460
2193,22.8635,43.3455,1367536080
2193,22.8679,43.3421,1367534640
2193,22.6831,43.4449,1366585380
2193,22.6831,43.4449,1366560780
2193,22.6831,43.4449,1366545840
2193,22.6831,43.4449,1366512540
2193,22.6831,43.4449,1366499820
2193,22.9105,43.2095,1366497360
2193,22.9803,43.4072,1366459740
2193,22.8863,43.283,1366325280
2193,22.8863,43.283,1366325040
2193,22.8863,43.283,1366324200
2193,22.8863,43.283,1366323900
2193,22.8863,43.283,1366323480
2193,22.8863,43.283,1366322820
2193,22.8864,43.2814,1366322520
2193,22.8864,43.2814,1366322100
2193,22.8864,43.2814,1366321620
2193,22.8864,43.2814,1366314180
2193,22.8925,43.3241,1366292220
2193,22.8925,43.3241,1366249260
2193,22.8925,43.3241,1366248900
2193,22.8231,43.3198,1365816240
2193,22.8231,43.3198,1365809640
2193,22.8231,43.3198,1365715980
2193,22.9519,43.2105,1365687240
2193,22.9519,43.2105,1365390480
2193,22.9105,43.2095,1365253980
2193,22.8231,43.3198,1365044580
2193,22.8231,43.3198,1365044340
2193,22.8231,43.3198,1365044100
2193,22.8231,43.3198,1365043500
2193,22.8231,43.3198,1365018960
2193,22.8231,43.3198,1364937540
2193,22.8863,43.283,1364603220
2193,22.8863,43.283,1364602980
2193,22.8863,43.283,1364602920
2193,22.9116,43.1759,1364557260
2193,22.9116,43.1759,1364557080
2193,22.9116,43.1759,1364556780
2193,22.9116,43.1759,1364556480
2193,22.9116,43.1759,1364556120
2193,22.9116,43.1759,1364555760
2193,22.9116,43.1759,1364555580
2193,22.9872,43.1962,1364472960
2193,22.9116,43.1759,1364445420
2193,22.9116,43.1759,1364443260
2193,22.9116,43.1759,1364442900
2193,22.9116,43.1759,1364442660
2193,22.9105,43.2095,1364053920
2193,22.9105,43.2095,1363694040
2193,22.9105,43.2095,1363693860
2193,22.8863,43.283,1363298760
2193,22.9105,43.2095,1363283400
2193,22.811,43.322,1363027920
2193,22.8966,43.1819,1362918060
2193,22.8956,43.2145,1362917760
2193,22.87,43.167,1362917100
2193,22.8137,43.0563,1362912420
2193,22.8137,43.0563,1362887700
2193,22.8138,43.0574,1362887280
2193,22.8138,43.0574,1362886980
2193,22.8138,43.0574,1362886860
2193,22.8138,43.0574,1362884880
2193,22.8138,43.0574,1362878400
2193,22.8137,43.0563,1362859260
2193,22.8137,43.0563,1362859080
2193,22.8137,43.0563,1362858840
2193,22.8137,43.0563,1362858600
2193,22.892,43.1242,1362855780
2193,22.892,43.1242,1362855600
2193,22.892,43.1242,1362855420
2193,22.9105,43.2095,1362566700
2193,22.9105,43.2095,1362530040
2193,22.9105,43.2095,1362445380
2193,22.9872,43.1962,1362247980
2193,22.9872,43.1962,1362246720
2193,22.9105,43.2095,1362149760
2193,22.9105,43.2095,1362146340
2193,22.9105,43.2095,1361884620
2193,22.9105,43.2095,1361874720
2193,22.9105,43.2095,1361786160
2193,22.9105,43.2095,1361736000
2193,22.9105,43.2095,1361726280
2193,22.9105,43.2095,1361726040
2193,22.8231,43.3198,1361575980
2193,22.8231,43.3198,1361575800
2193,22.8231,43.3198,1361575680
2193,22.8231,43.3198,1361570280
2193,22.8231,43.3198,1361570040
2193,22.9105,43.2095,1361489760
2193,22.919,43.1844,1361488980
2193,22.919,43.1844,1361488560
2193,22.919,43.1844,1361488320
2193,22.9569,43.1764,1361451540
2193,22.9105,43.2095,1361367180
2193,22.9105,43.2095,1361365560
2193,22.9105,43.2095,1361365380
2193,22.9105,43.2095,1361365140
2193,22.9105,43.2095,1361364780
2193,22.9105,43.2095,1361364480
2193,22.9105,43.2095,1361364180
2193,22.9105,43.2095,1361364060
2193,22.9105,43.2095,1361363880
2193,22.9105,43.2095,1361363700
2193,22.9105,43.2095,1361363580
2193,22.9105,43.2095,1361363400
2193,22.9105,43.2095,1361363220
2193,22.9105,43.2095,1361362740
2193,22.9105,43.2095,1361362500
2193,22.9105,43.2095,1361362380
2193,22.9105,43.2095,1361361000
2193,22.9105,43.2095,1361360760
2193,22.9105,43.2095,1361360580
2193,22.9105,43.2095,1361360160
2193,22.9105,43.2095,1361359920
2193,22.9105,43.2095,1361359800
2193,22.9105,43.2095,1361358600
2193,22.9105,43.2095,1361358180
2193,22.9105,43.2095,1361357880
2193,22.9105,43.2095,1361357520
2193,22.8231,43.3198,1359921960
2193,22.8778,43.3091,1359217560
2193,22.8148,43.3188,1359044100
2193,22.8148,43.3188,1359043980
2193,22.8705,43.3412,1358960640
2193,22.8755,43.3358,1358937960
2193,22.9652,43.1893,1358762160
2193,22.9652,43.1893,1358698140
2193,22.9652,43.1893,1358678220
2193,22.8863,43.283,1358193360
2193,22.8863,43.283,1358189640
2193,22.8964,43.1235,1358105100
2193,22.8967,43.1235,1358105040
2193,22.8138,43.0575,1358099160
2193,22.8138,43.0575,1358078280
2193,22.8138,43.0575,1358077980
2193,22.8138,43.0575,1358051760
2193,22.8144,43.055,1358041320
2193,22.8147,43.055,1358040960
2193,22.8119,43.046,1358011800
2193,22.8466,43.0916,1358005740
2193,22.8869,43.2831,1357415100
2193,22.8869,43.2831,1357414860
2193,22.8869,43.2831,1357414380
2193,22.8868,43.2835,1357411080
2193,22.8694,43.3024,1356203760
2193,22.8524,43.3282,1356045720
2193,22.8801,43.3226,1356023040
2193,22.8703,43.3415,1355849880
2193,22.9037,43.0908,1355765220
2193,22.8841,43.2804,1355424360
2193,22.8867,43.2823,1355416620
2193,22.925,43.2337,1352599980
2193,22.9277,43.2446,1351942200
2193,22.9841,43.2059,1351865460
2193,22.9841,43.2056,1351865400
2193,22.9842,43.2056,1351865220
2193,22.9105,43.2095,1351329840
2193,22.9105,43.2095,1351329000
