2204,29.781,50.9753,1378054980
2204,29.785,51.1487,1377376020
2204,30.0327,51.1783,1377189660
2204,29.7845,51.1488,1376949060
2204,29.3417,49.7245,1376914740
2204,29.3417,49.7245,1376780040
2204,29.6352,51.1427,1376416800
2204,29.785,51.149,1376400060
2204,29.7697,51.1427,1376111880
2204,29.7848,51.1487,1375759260
2204,29.8465,51.1778,1374973980
2204,29.9787,51.1118,1374965640
2204,29.7848,51.1487,1372556040
2204,29.7847,51.1485,1372555020
2204,29.7835,51.1485,1372467900
2204,29.7353,51.1492,1371941760
2204,29.7355,51.1492,1371941160
2204,29.7352,51.1492,1371928380
2204,29.7848,51.1485,1371095100
2204,29.7935,51.1548,1370043540
2204,29.7848,51.1485,1369597980
2204,29.7849,51.1486,1368303660
2204,29.7848,51.1486,1368289320
2204,29.7847,51.1485,1368104040
2204,29.7847,51.1487,1368103980
2204,29.7847,51.1487,1368097320
2204,30.032,51.179,1367608140
2204,29.7848,51.1485,1367421120
2204,29.7848,51.1485,1367269980
2204,29.7848,51.1487,1366333500
2204,29.7847,51.1487,1366162560
2204,29.7848,51.1485,1365964020
2204,30.0322,51.179,1365866700
2204,29.7937,51.1457,1365864420
2204,29.7847,51.1485,1365562260
2204,29.7848,51.1487,1365562140
2204,29.7847,51.1485,1365388740
2204,29.7848,51.1487,1364432100
2204,30.0292,51.1783,1364394840
2204,29.7845,51.1485,1364351820
2204,30.0328,51.1787,1364321340
2204,29.7852,51.1492,1364002800
2204,29.7942,51.154,1362962040
2204,29.7848,51.1487,1362857220
2204,29.7848,51.1487,1362835860
2204,29.7907,51.1468,1362593160
2204,29.7847,51.1487,1362314160
2204,29.7949,51.1523,1362230880
2204,29.7847,51.1485,1362020640
2204,29.7848,51.1485,1362018300
2204,29.7975,51.1515,1361580420
2204,30.0277,51.1733,1361580120
2204,29.7843,51.1482,1361446020
2204,29.7825,51.1423,1361077440
2204,29.7792,51.147,1360685040
2204,29.3374,49.73,1360684560
2204,29.7428,50.2108,1360684440
2204,29.772,51.1392,1360114620
2204,29.7847,51.1486,1359816960
2204,29.7848,51.1485,1359815220
2204,30.0312,51.1788,1359738420
2204,29.7847,51.1485,1359236640
2204,30.0327,51.1787,1358342160
2204,29.7848,51.1484,1358100180
2204,27.3984,48.4314,1358096520
2204,29.7847,51.1486,1358089320
2204,27.3984,48.4314,1357266960
2204,27.5846,48.5464,1357259580
2204,27.3987,48.4138,1357180140
2204,27.5974,48.4366,1357169400
2204,27.4185,48.4292,1357168560
2204,27.3984,48.4314,1357135380
2204,27.3984,48.4314,1357091640
2204,27.607,48.4408,1357080720
2204,27.3987,48.4138,1357063920
2204,27.3984,48.4314,1356992280
2204,27.6047,48.4673,1356641640
2204,27.6046,48.4674,1356640980
2204,27.6008,48.4813,1356635700
2204,27.3984,48.4314,1356475860
2204,29.7847,51.1486,1355597820
2204,29.3358,49.7193,1355091360
2204,29.3425,49.7259,1355070660
2204,29.3459,49.7288,1355066040
2204,29.7848,51.1487,1353101760
2204,30.0327,51.1787,1352907600
2204,29.7847,51.1485,1352249940
2204,29.7848,51.1487,1352041260
2204,30.0328,51.1788,1350494940
2204,29.7848,51.1483,1350274560
2204,29.7847,51.1487,1349640000
2204,29.7847,51.1485,1349636400
2204,30.0455,51.2335,1348959300
2204,29.7847,51.1485,1348632600
2204,29.785,51.1485,1348526820
2204,29.7847,51.1485,1348333560
2204,29.7847,51.1485,1348285800
2204,29.7847,51.1485,1347757260
2204,29.7843,51.1482,1346772840
2204,12.9133,38.3327,1346557020
2204,29.3417,49.7245,1345859400
2204,30.0403,51.215,1345428780
2204,29.7843,51.1482,1345423440
2204,30.0403,51.215,1345351680
2204,30.0403,51.215,1345322220
2204,29.782,51.151,1345253580
2204,29.3417,49.7245,1344913020
2204,29.3417,49.7245,1344820920
2204,29.3417,49.7245,1344820620
2204,30.0403,51.215,1344697380
2204,30.0389,51.2148,1344572400
2204,29.3264,49.7149,1344571920
2204,29.3417,49.7245,1344219600
2204,29.3417,49.7245,1344200460
2204,29.3417,49.7245,1344197580
2204,29.3417,49.7245,1344194460
2204,29.3417,49.7245,1344109800
2204,29.7843,51.1482,1342890180
2204,30.0403,51.215,1342408020
2204,29.7843,51.1482,1342407660
2204,29.7843,51.1482,1342381860
2204,29.7843,51.1482,1342378860
2204,29.7843,51.1482,1342364940
2204,29.7843,51.1482,1342364760
2204,30.0403,51.215,1342229220
2204,30.0406,51.2187,1341782880
2204,29.7843,51.1482,1341754440
2204,29.7843,51.1482,1341717840
2204,29.7843,51.1482,1341602340
2204,29.7843,51.1482,1341458160
2204,29.7843,51.1482,1340559660
2204,29.7843,51.1482,1340487360
2204,29.7843,51.1482,1340464080
2204,30.0389,51.2148,1340337120
2204,29.7843,51.1482,1340158800
2204,29.7843,51.1482,1340157960
2204,30.0389,51.2148,1339993800
2204,29.7843,51.1482,1339955640
2204,29.7843,51.1482,1339954200
2204,30.0389,51.2148,1339908480
2204,30.0403,51.215,1339706700
2204,29.7843,51.1482,1339349280
2204,29.7843,51.1482,1339208340
2204,29.7843,51.1482,1339177380
2204,29.7843,51.1482,1339066740
2204,29.7843,51.1482,1339042980
2204,29.7843,51.1482,1339042560
2204,29.7843,51.1482,1339037460
2204,29.7843,51.1482,1339033440
2204,30.0403,51.215,1338982920
2204,29.7843,51.1482,1338950040
2204,29.7843,51.1482,1338948300
2204,29.7843,51.1482,1338598440
2204,30.0403,51.215,1338496080
2204,30.0389,51.2148,1338260820
2204,29.7843,51.1482,1338127140
2204,29.7843,51.1482,1338066000
2204,29.7843,51.1482,1338053160
2204,29.7843,51.1482,1338052980
2204,29.7843,51.1482,1338052200
2204,30.0389,51.2148,1338048420
2204,30.0403,51.215,1338040380
2204,30.0389,51.2148,1337831520
2204,30.0403,51.215,1337789640
2204,30.0389,51.2148,1337737620
2204,30.0389,51.2148,1337737140
2204,30.0404,51.2151,1337736660
2204,30.0389,51.2148,1337730240
2204,30.0403,51.215,1337632260
2204,30.0389,51.2148,1337568060
2204,30.0383,51.2154,1337567820
2204,29.7843,51.1482,1337564880
2204,29.7843,51.1482,1337564160
2204,29.7843,51.1482,1337527980
2204,29.7843,51.1482,1337527080
2204,30.0389,51.2148,1337523720
2204,29.7843,51.1482,1337509740
2204,30.0403,51.215,1337470320
2204,29.7843,51.1482,1337220060
2204,30.0403,51.215,1337194740
2204,29.7843,51.1482,1337139960
2204,29.7843,51.1482,1337114700
2204,29.7843,51.1482,1337034720
2204,29.7843,51.1482,1336967220
2204,29.7843,51.1482,1336881360
2204,29.7843,51.1482,1336855980
2204,30.0389,51.2148,1336826220
2204,30.0383,51.2154,1336825860
2204,29.7843,51.1482,1336791240
2204,30.0403,51.215,1336752420
2204,29.7843,51.1482,1336708500
2204,29.7843,51.1482,1336614900
2204,30.0389,51.2148,1336566960
2204,30.0403,51.215,1336291500
2204,30.0389,51.2148,1335998820
2204,30.0403,51.215,1335910200
2204,29.7843,51.1482,1335835920
2204,29.7843,51.1482,1335834660
2204,30.0403,51.215,1335817320
2204,29.7843,51.1482,1335744720
2204,29.7843,51.1482,1335671760
2204,29.7843,51.1482,1335640860
2204,30.0389,51.2148,1335639720
2204,29.7843,51.1482,1335639060
2204,29.7843,51.1482,1335619320
2204,30.0403,51.215,1335295680
2204,30.0389,51.2148,1335214800
2204,29.7843,51.1482,1335207900
2204,29.7843,51.1482,1335128340
2204,29.7843,51.1482,1335117780
2204,29.7843,51.1482,1335113940
2204,29.7843,51.1482,1335029460
2204,29.7843,51.1482,1335029220
2204,29.7843,51.1482,1334973600
2204,30.0403,51.215,1334958540
2204,29.7843,51.1482,1334540220
2204,30.0403,51.215,1334413740
2204,29.7843,51.1482,1334272140
2204,30.0389,51.2148,1334265900
2204,30.0389,51.2148,1334256540
2204,30.0389,51.2148,1334230800
2204,30.0389,51.2148,1334187600
2204,30.0389,51.2148,1334185620
2204,30.0389,51.2148,1334031120
2204,30.0389,51.2148,1333422120
2204,30.0403,51.215,1333396920
2204,29.7843,51.1482,1333388280
2204,29.7843,51.1482,1333238640
2204,29.7843,51.1482,1333137300
2204,29.7843,51.1482,1333037340
2204,30.0403,51.215,1332908100
2204,30.0403,51.215,1332791460
2204,30.0403,51.215,1332702000
2204,30.0403,51.215,1332647700
2204,30.0403,51.215,1332647400
2204,30.0403,51.215,1332647220
2204,30.0403,51.215,1332644760
2204,30.0403,51.215,1332620880
2204,29.7843,51.1482,1331681940
2204,30.0403,51.215,1331647620
2204,29.7843,51.1482,1331425440
2204,29.7843,51.1482,1331425320
2204,29.7843,51.1482,1331425080
2204,29.7843,51.1482,1331424300
2204,30.0403,51.215,1331350320
2204,30.0403,51.215,1331010900
2204,29.7843,51.1482,1331010780
2204,29.7843,51.1482,1330569720
2204,30.0403,51.215,1330546740
2204,30.0403,51.215,1328912520
2204,29.7843,51.1482,1328584560
2204,30.0403,51.215,1328584440
2204,30.0403,51.215,1328584320
2204,29.7843,51.1482,1328420040
2204,29.7843,51.1482,1328419860
2204,29.7843,51.1482,1328419680
2204,29.7843,51.1482,1328394360
2204,29.7843,51.1482,1328325120
2204,30.0403,51.215,1328303940
2204,29.7843,51.1482,1328303640
2204,30.0403,51.215,1328237460
2204,29.7843,51.1482,1328216940
2204,30.0403,51.215,1328187060
2204,30.0389,51.2148,1328186880
2204,30.0403,51.215,1328131500
2204,30.0403,51.215,1328050500
2204,30.0403,51.215,1327954860
2204,30.0403,51.215,1327755540
2204,30.0403,51.215,1327678560
2204,30.0403,51.215,1327633380
2204,30.0403,51.215,1327626120
2204,30.0403,51.215,1327625460
2204,30.0403,51.215,1327501680
2204,29.7843,51.1482,1327462500
2204,29.7843,51.1482,1327435860
2204,29.7843,51.1482,1327435260
2204,30.0389,51.2148,1327373760
2204,29.7843,51.1482,1327361700
2204,30.0403,51.215,1327360620
2204,29.7843,51.1482,1327265220
2204,29.7843,51.1482,1327251000
2204,29.7843,51.1482,1327184580
2204,30.0403,51.215,1327150800
2204,30.0403,51.215,1327145340
2204,30.0403,51.215,1327084200
2204,30.0348,51.1832,1327028340
2204,30.0403,51.215,1326987600
2204,30.0389,51.2148,1326937380
2204,29.7843,51.1482,1326859020
2204,30.0403,51.215,1326810480
2204,29.7843,51.1482,1326666540
2204,29.7843,51.1482,1326665940
2204,29.7843,51.1482,1326592500
2204,29.7843,51.1482,1326562560
2204,29.7843,51.1482,1326555720
2204,30.0403,51.215,1326505740
2204,29.7843,51.1482,1326505680
2204,30.0403,51.215,1326492420
2204,30.0403,51.215,1326330060
2204,30.0404,51.2151,1326241320
2204,30.0404,51.2151,1326164220
2204,29.7843,51.1482,1326162900
2204,30.0403,51.215,1326073680
2204,30.0404,51.2151,1325976900
2204,30.0403,51.215,1325895300
2204,30.0403,51.215,1325816940
2204,30.0403,51.215,1325800800
2204,30.0403,51.215,1325644500
2204,29.7992,51.1705,1325636880
2204,30.0403,51.215,1325466660
2204,30.0403,51.215,1325288340
2204,30.0403,51.215,1324898580
2204,30.0404,51.2151,1324154460
2204,30.0404,51.2151,1324069860
2204,31.6455,52.3352,1324063500
2204,30.1327,51.3545,1324063320
2204,30.0403,51.215,1323658860
2204,30.0403,51.215,1323564240
2204,30.0403,51.215,1323348540
2204,30.0403,51.215,1323125820
2204,29.7992,51.1705,1323011940
2204,30.0403,51.215,1322874120
2204,30.0403,51.215,1322772480
2204,30.0389,51.2148,1322738640
2204,29.7843,51.1482,1322610540
2204,30.0403,51.215,1322448060
2204,29.7843,51.1482,1322355960
2204,30.0403,51.215,1322264040
2204,30.0403,51.215,1322181000
2204,29.7843,51.1482,1322087820
2204,29.7843,51.1482,1322085120
2204,30.0403,51.215,1322019300
2204,30.0403,51.215,1321996800
2204,30.0403,51.215,1321923360
2204,29.7843,51.1482,1321811640
2204,29.7843,51.1482,1321808460
2204,29.7843,51.1482,1321800900
2204,30.0403,51.215,1321751580
2204,30.0389,51.2148,1321666440
2204,30.0403,51.215,1321561020
2204,30.0383,51.2154,1321377780
2204,30.0403,51.215,1321328640
2204,30.0403,51.215,1321317240
2204,30.0383,51.2154,1321235160
2204,30.0403,51.215,1321234560
2204,30.0383,51.2154,1321218180
2204,30.0404,51.2151,1321216980
2204,30.0403,51.215,1321216080
2204,30.0389,51.2148,1321204800
2204,29.5943,51.11,1321159860
2204,29.5943,51.11,1321149300
2204,30.0403,51.215,1321067160
2204,30.0403,51.215,1321059900
2204,30.0403,51.215,1321058880
2204,30.0403,51.215,1321051020
2204,30.0404,51.2151,1321038660
2204,30.0403,51.215,1320943860
2204,30.0403,51.215,1320881220
2204,30.0389,51.2148,1320812220
2204,30.0403,51.215,1320803700
2204,30.0403,51.215,1320775440
2204,30.0403,51.215,1320762240
2204,30.0389,51.2148,1320709860
2204,30.0389,51.2148,1320639960
2204,30.0403,51.215,1320627000
2204,30.0389,51.2148,1320624720
2204,30.0403,51.215,1320623280
2204,30.0403,51.215,1320616320
2204,29.7843,51.1482,1320613500
2204,30.0403,51.215,1320595680
2204,30.0403,51.215,1320537960
2204,30.0403,51.215,1320536400
2204,30.0403,51.215,1320532860
2204,30.0403,51.215,1320530100
2204,30.0403,51.215,1320519840
2204,30.0389,51.2148,1320512640
2204,30.0389,51.2148,1320511440
2204,30.0389,51.2148,1320510780
2204,30.0389,51.2148,1320510300
2204,30.0389,51.2148,1320509520
2204,30.0389,51.2148,1320508740
2204,29.7843,51.1482,1320508320
2204,30.0404,51.2151,1320507660
2204,29.7843,51.1482,1320468900
2204,30.0389,51.2148,1320468720
2204,30.0403,51.215,1320381180
2204,30.0403,51.215,1320336840
2204,30.0389,51.2148,1320298800
2204,30.0389,51.2148,1320297480
2204,30.0389,51.2148,1320264960
2204,30.0404,51.2151,1320246120
2204,30.0389,51.2148,1320115680
2204,30.0404,51.2151,1320077400
2204,30.0431,51.2191,1320018300
2204,30.0412,51.1807,1319929560
2204,30.0448,51.2227,1319851440
2204,29.7848,51.1485,1319836740
2204,30.0363,51.2156,1319741520
2204,29.7847,51.1483,1319735580
2204,29.7853,51.1482,1319730540
2204,29.7847,51.1487,1319727780
2204,29.7833,51.1468,1319689200
2204,29.784,51.148,1319688780
2204,30.0363,51.2156,1319683560
2204,29.7843,51.1482,1319600520
2204,29.7843,51.1482,1319578500
2204,29.7847,51.1487,1319578020
2204,29.7848,51.149,1319576640
2204,29.7843,51.1482,1319551140
2204,29.7843,51.1482,1319504400
2204,29.7694,51.1413,1319489160
2204,30.0263,51.2286,1319474280
2204,30.0363,51.2156,1319419740
2204,30.0403,51.2148,1319418360
2204,30.0403,51.2148,1319335200
2204,30.0363,51.2156,1319319180
2204,29.7852,51.1495,1319292540
2204,29.7802,51.149,1319248200
2204,29.7857,51.15,1319246700
2204,29.7843,51.1482,1319238780
2204,30.0403,51.215,1319156880
2204,30.03,51.2367,1319073060
2204,29.7848,51.1487,1319072640
2204,29.7843,51.1482,1319072340
2204,30.0244,51.2208,1319070540
2204,29.7843,51.1482,1319070360
2204,29.7843,51.1482,1319070240
2204,30.0297,51.2367,1319069520
2204,30.0244,51.2208,1319041860
2204,30.03,51.2372,1318995600
2204,30.0244,51.2208,1318980960
2204,30.0244,51.2208,1318980540
2204,30.0297,51.2367,1318950120
2204,29.7847,51.1487,1318912380
2204,30.0244,51.2208,1318899600
2204,30.0403,51.215,1318822920
2204,30.0244,51.2208,1318803780
2204,30.0298,51.2367,1318785720
2204,30.0395,51.2182,1318736580
2204,29.7848,51.1486,1318725720
2204,30.03,51.2367,1318710060
2204,30.03,51.2367,1318644300
2204,30.03,51.2368,1318643760
2204,29.7845,51.1482,1318643580
2204,29.7843,51.1482,1318636980
2204,29.7848,51.1485,1318630980
2204,30.0295,51.2193,1318614960
2204,30.0298,51.2367,1318564680
2204,30.0291,51.2305,1318563060
2204,30.0363,51.2156,1318561740
2204,29.7843,51.1482,1318559640
2204,30.0288,51.2302,1318523280
2204,29.7848,51.1485,1318479180
2204,29.7848,51.1487,1318474560
2204,29.7848,51.1486,1318472640
2204,29.7848,51.1488,1318467960
2204,29.7848,51.1487,1318463040
2204,29.7848,51.1485,1318457520
2204,29.7847,51.1485,1318447980
2204,29.7843,51.1482,1318436160
2204,29.7848,51.1487,1318397280
2204,30.0283,51.2273,1318346940
2204,30.0403,51.215,1318297020
2204,30.034,51.2153,1318205340
2204,30.0363,51.2156,1318197900
2204,30.0403,51.2145,1318197060
2204,30.0403,51.215,1318194900
2204,30.0244,51.2208,1318149540
2204,30.0403,51.215,1318115520
2204,30.0283,51.2273,1318043040
2204,30.0283,51.2273,1318027620
2204,30.0283,51.2273,1318027440
2204,30.0345,51.241,1318010880
2204,30.0335,51.2279,1317949920
2204,30.0298,51.2367,1317742200
2204,30.0403,51.2136,1317682200
2204,30.0244,51.2208,1317676260
2204,30.0244,51.2208,1317664920
2204,30.0362,51.2416,1317609600
2204,30.0345,51.241,1317598320
2204,30.0298,51.2367,1317597060
2204,30.0402,51.2149,1317570000
2204,30.0275,51.228,1317499860
2204,30.0403,51.215,1317484680
2204,30.0275,51.228,1317445680
2204,29.7848,51.1486,1317356700
2204,30.0402,51.2149,1317348360
2204,30.0402,51.2149,1317348000
2204,30.0403,51.215,1317347280
2204,30.0403,51.215,1317346920
2204,30.0378,51.213,1317346740
2204,30.049,51.2284,1317313860
2204,30.0275,51.228,1317271560
2204,30.0402,51.2149,1317260940
2204,30.0283,51.2273,1317260760
2204,30.0283,51.2273,1317226320
2204,30.0283,51.2273,1317224520
2204,30.0275,51.228,1317181500
2204,30.0275,51.228,1317177720
2204,30.0275,51.228,1317172200
2204,30.0275,51.228,1317169920
2204,30.0275,51.228,1317142980
2204,30.0326,51.2355,1317091200
2204,30.0403,51.215,1317087300
2204,30.0305,51.2362,1317057060
2204,30.0413,51.1806,1316992020
2204,29.7867,51.14,1316979420
2204,29.7848,51.1486,1316976240
2204,29.7848,51.1486,1316973420
2204,29.7611,51.1512,1316922360
2204,29.7848,51.1486,1316907960
2204,30.0402,51.215,1316893260
2204,30.1127,51.2437,1316823420
2204,30.0403,51.2148,1316625480
2204,30.0403,51.2148,1316546520
2204,30.0403,51.2148,1316406600
2204,30.041,51.2356,1316320260
2204,30.041,51.2356,1316320200
2204,30.041,51.2356,1316319900
2204,30.041,51.2356,1316319840
2204,30.0406,51.2366,1316308920
2204,29.7951,51.1522,1316044620
2204,29.7951,51.1522,1316044620
2204,30.0363,51.2156,1315881660
2204,30.0363,51.2156,1315872300
2204,29.7848,51.1486,1315759680
2204,29.7848,51.1486,1315759560
2204,29.7848,51.1486,1315759500
2204,29.7848,51.1486,1315759320
2204,29.7848,51.1486,1315756140
2204,29.7848,51.1486,1315755960
2204,30.0363,51.2156,1315688580
2204,30.0604,51.2134,1315688520
2204,30.0363,51.2156,1315687920
2204,30.0363,51.2156,1315687860
2204,30.0363,51.2156,1315687620
2204,30.0363,51.2156,1315687260
2204,30.0363,51.2156,1315686420
2204,30.0342,51.2129,1315618500
2204,30.0342,51.2129,1315604880
2204,30.0363,51.2156,1315524360
2204,30.0317,51.2125,1315519500
2204,30.0402,51.2148,1315422240
2204,30.0358,51.2272,1315406700
2204,30.0358,51.2272,1315406580
2204,30.0358,51.2272,1315406460
2204,30.041,51.2356,1315213800
2204,30.0402,51.2148,1315194060
2204,30.0413,51.1806,1315188720
2204,30.0328,51.2301,1315112820
2204,30.0283,51.2273,1315112580
2204,30.0604,51.2134,1314578400
2204,30.0604,51.2134,1314578280
2204,30.0604,51.2134,1314578220
2204,30.0604,51.2134,1314556380
2204,30.0603,51.2136,1314556020
2204,29.7847,51.1486,1314509520
2204,29.7845,51.1487,1314507840
2204,30.0381,51.2126,1314489420
2204,30.0381,51.2126,1314486240
2204,30.0403,51.2149,1314318600
2204,30.0282,51.2272,1314201660
2204,30.0325,51.2279,1314135480
2204,30.0325,51.2279,1314120960
2204,30.0325,51.2279,1314115620
2204,30.05,51.2286,1313976600
2204,30.0402,51.2149,1313976180
2204,30.041,51.2211,1313973300
2204,30.05,51.2286,1313953920
2204,30.0386,51.2212,1313880600
2204,30.0386,51.2212,1313880420
2204,30.0414,51.2158,1313880300
2204,30.0376,51.2215,1313879220
2204,29.9882,51.183,1313870940
2204,29.7848,51.1486,1313812560
2204,29.7982,51.1571,1313630400
2204,30.0793,51.1146,1313514840
2204,29.7984,51.1571,1313458740
2204,30.033,51.2146,1313423280
2204,29.7869,51.1404,1313362860
2204,29.7869,51.1404,1313362500
2204,29.7801,51.144,1313347980
2204,30.0063,51.2094,1313333400
2204,30.0402,51.215,1313299920
2204,30.0402,51.2149,1313297760
2204,30.0402,51.2149,1313297460
2204,30.0402,51.2149,1313295420
2204,30.0401,51.2148,1313290260
2204,30.0403,51.215,1313281560
2204,30.0404,51.2149,1313275500
2204,30.0413,51.1806,1313201160
2204,30.0423,51.1856,1312934340
2204,30.0423,51.1856,1312919580
2204,29.7848,51.1486,1312750860
2204,29.7387,51.1502,1312742880
2204,29.7848,51.1486,1312735500
2204,30.0235,51.2014,1312689540
2204,30.041,51.2211,1312689180
2204,30.0275,51.228,1312516980
2204,30.0345,51.2177,1312516920
2204,30.0301,51.2305,1312514940
2204,29.7709,51.1443,1312078380
2204,29.9869,51.1831,1312047180
2204,30.0275,51.228,1311630840
2204,30.0431,51.2191,1311624300
2204,29.7848,51.1486,1311534360
2204,29.7848,51.1486,1311483960
2204,30.0413,51.218,1308714420
