2205,36.1312,86.6694,1378159860
2205,44.3657,98.2316,1378089600
2205,44.3551,98.2324,1378075380
2205,47.8223,98.2018,1378005300
2205,61.5808,149.1322,1377892020
2205,61.5808,149.1322,1377891900
2205,61.1739,149.982,1377816480
2205,47.4436,122.3026,1377800100
2205,47.8667,121.9887,1377714600
2205,47.847,121.9954,1377704520
2205,42.2081,83.3576,1377623820
2205,30.9625,87.7614,1377411600
2205,30.6862,88.0437,1377397560
2205,30.6862,88.0437,1377392040
2205,33.4967,86.8076,1377307080
2205,36.059,86.727,1377041340
2205,36.059,86.7269,1377041160
2205,36.059,86.7269,1376869560
2205,32.898,97.0409,1376852160
2205,35.0491,106.6171,1376842020
2205,35.2061,106.5682,1376790180
2205,37.7825,122.4104,1376439840
2205,37.7825,122.4104,1376439780
2205,38.7733,121.259,1376331300
2205,43.9612,123.0111,1376119500
2205,43.1933,123.3572,1376101260
2205,38.6015,121.4322,1375981920
2205,38.6015,121.4322,1375981860
2205,38.6015,121.4322,1375981800
2205,37.9167,81.1263,1375981680
2205,34.2757,119.302,1375928160
2205,34.2757,119.302,1375888860
2205,39.5742,104.937,1375737000
2205,39.567,104.8802,1375727280
2205,39.9044,104.8334,1375718460
2205,41.3272,82.5114,1375629420
2205,41.3272,82.5114,1375598940
2205,41.3272,82.5114,1375598940
2205,41.3272,82.5114,1375598880
2205,39.7669,86.1721,1375476240
2205,39.7642,86.1591,1375409460
2205,39.7642,86.1591,1375397280
2205,41.2515,95.9144,1375236600
2205,41.5178,94.1563,1375207440
2205,41.5178,94.1563,1375207380
2205,41.5467,93.9586,1375206540
2205,41.5467,93.9586,1375206480
2205,42.8667,77.2437,1375206360
2205,41.0965,80.6483,1375161000
2205,38.9083,75.5733,1374952260
2205,41.6944,87.5069,1374789000
2205,41.6944,87.5069,1374760440
2205,39.0529,84.4183,1374620820
2205,37.9198,81.1329,1374380700
2205,37.9229,81.1587,1374368820
2205,37.9198,81.1329,1374337260
2205,38.9215,77.236,1374286740
2205,38.9236,77.2361,1374267060
2205,38.924,77.2349,1374205440
2205,42.9558,71.4328,1374189600
2205,40.7883,73.523,1374129660
2205,40.6011,73.5032,1374084600
2205,40.6011,73.5032,1374084600
2205,40.6011,73.5032,1374071760
2205,42.3486,71.0363,1373694120
2205,42.3486,71.0363,1373694060
2205,42.3486,71.0363,1373694000
2205,42.3486,71.0363,1373658420
2205,44.7942,68.7739,1373497860
2205,43.5794,71.4132,1373408340
2205,43.5794,71.4132,1373398320
2205,42.9506,71.4309,1373216400
2205,39.2836,76.6044,1373123820
2205,38.832,76.7311,1373094000
2205,38.3321,76.464,1373052900
2205,36.0587,79.8243,1372783860
2205,36.0569,79.8255,1372722180
2205,36.133,86.676,1372635360
2205,36.059,86.7269,1372219020
2205,30.617,81.4678,1371948180
2205,31.5871,81.4282,1371767220
2205,36.059,86.7269,1371012540
2205,36.1508,86.7001,1370976060
2205,36.195,86.7863,1370804940
2205,44.948,94.0575,1370727300
2205,47.458,94.8643,1370671800
2205,36.1687,86.7596,1370375340
2205,36.1762,86.7399,1370367060
2205,36.059,86.7269,1370320380
2205,34.7483,92.2657,1369625760
2205,34.7483,92.2657,1369624980
2205,34.0,92.2673,1369456860
2205,36.059,86.7271,1369173720
2205,36.1623,86.7753,1368969480
2205,34.7275,86.5904,1368402540
2205,34.7275,86.5904,1368388560
2205,33.4308,86.812,1368340500
2205,36.1493,86.6925,1368108060
2205,36.0593,86.7267,1367355720
2205,36.0967,86.7088,1367328300
2205,35.8237,86.4093,1367209200
2205,33.3843,84.8495,1367164200
2205,33.3541,84.7051,1367123100
2205,33.7791,84.384,1367082540
2205,33.9918,84.0939,1366900320
2205,33.9918,84.0937,1366897320
2205,33.9914,84.0941,1366844760
2205,29.4546,82.2691,1366012140
2205,26.5515,81.764,1365963060
2205,26.5481,81.7633,1365961740
2205,31.1438,85.4088,1365911880
2205,31.1435,85.4087,1365911820
2205,36.1762,86.7403,1365801960
2205,36.1762,86.7403,1365801840
2205,36.1763,86.7398,1365793080
2205,36.059,86.7275,1365360780
2205,36.151,86.6997,1365200700
2205,36.0591,86.7272,1365141540
2205,36.1508,86.6995,1364852580
2205,36.0591,86.7269,1364097060
2205,33.5302,86.5688,1364005980
2205,36.059,86.7272,1363844700
2205,36.1165,86.7658,1363537920
2205,36.1113,86.7298,1363496460
2205,36.0591,86.7271,1363461900
2205,36.059,86.7271,1363450560
2205,36.059,86.7271,1363322760
2205,36.059,86.727,1363192680
2205,36.059,86.727,1362945780
2205,36.0589,86.727,1362633360
2205,36.0385,86.7168,1362452940
2205,36.0593,86.7268,1361694060
2205,36.0593,86.7268,1361686920
2205,34.189,84.7669,1360605000
2205,32.835,83.6267,1360378980
2205,32.6238,83.6477,1360332480
2205,32.6326,83.6047,1359921060
2205,33.7588,84.3915,1359791400
2205,32.8609,83.8039,1359511440
2205,33.0809,83.2279,1359188340
2205,32.62,83.6508,1358784180
2205,32.863,83.5698,1356655560
2205,32.4631,83.7066,1356188700
2205,32.8366,83.6288,1356138540
2205,32.8366,83.6288,1356053100
2205,32.8422,83.9377,1355758320
2205,32.62,83.6508,1355712840
2205,32.5839,83.6355,1355115360
2205,32.5918,83.5865,1354722480
2205,32.6238,83.6476,1354588500
2205,32.6239,83.6473,1354322580
2205,32.6204,83.6439,1354287000
2205,32.6242,83.6474,1353510120
2205,32.8329,83.6509,1353429600
2205,32.62,83.6508,1353299520
2205,32.6241,83.6472,1352739360
2205,32.6239,83.6474,1352692800
2205,32.6239,83.6473,1352648760
2205,32.6239,83.6476,1352298540
2205,32.615,83.6978,1351995060
2205,28.3923,80.6515,1351860720
2205,32.624,83.6475,1351831020
2205,33.5223,86.7957,1351568640
2205,32.6239,83.6475,1351479900
2205,32.6239,83.6476,1351479720
2205,32.624,83.6474,1351479660
2205,33.5115,86.8432,1351479300
2205,33.512,86.8425,1351385400
2205,33.5123,86.8421,1351384800
2205,33.513,86.8432,1351307340
2205,33.5895,86.9221,1351307280
2205,33.5112,86.841,1351246440
2205,33.5893,86.9219,1351222140
2205,33.511,86.8412,1351222020
2205,32.6238,83.6473,1351122540
2205,32.4623,83.7065,1350951360
2205,32.6239,83.6476,1350914400
2205,32.6239,83.6474,1350618540
2205,32.5802,83.6027,1349635260
2205,32.6239,83.6474,1349358900
2205,32.6237,83.6471,1349320380
2205,32.6238,83.6475,1349134860
2205,33.6396,84.7114,1348756200
2205,32.8251,83.7807,1347321060
2205,32.5865,83.6303,1347230160
2205,32.6239,83.6475,1347127800
2205,32.62,83.6508,1347061260
2205,32.62,83.6508,1346902740
2205,32.6449,83.6195,1346885640
2205,32.5781,83.7153,1346775300
2205,32.6239,83.6471,1346762340
2205,33.5889,86.922,1346653680
2205,33.5192,86.8089,1346370120
2205,32.5887,84.3586,1346366820
2205,32.6135,83.6908,1346335920
2205,32.6238,83.6475,1346294760
2205,32.6238,83.6476,1345595160
2205,32.6229,83.6487,1345426560
2205,32.6052,83.687,1345329060
2205,32.62,83.6508,1345264380
2205,32.6224,83.6476,1345160100
2205,32.6239,83.6473,1344810540
2205,32.5795,83.6093,1344657660
2205,32.6203,83.6442,1344539280
2205,32.6203,83.6442,1344539220
2205,32.6353,83.6474,1344300420
2205,33.7615,84.3652,1344127800
2205,32.6228,83.6471,1343967480
2205,32.6203,83.6442,1343744280
2205,32.5894,83.6234,1343584920
2205,32.6241,83.6474,1343449560
2205,32.62,83.6508,1343101860
2205,32.8268,83.7764,1342979520
2205,41.896,87.6898,1342655160
2205,41.792,87.5794,1342549920
2205,41.9001,87.7015,1342541460
2205,41.9001,87.7015,1342503000
2205,46.9202,97.8712,1342454820
2205,46.8671,100.8712,1342396140
2205,46.8222,100.8343,1342382820
2205,46.7973,100.7914,1342314720
2205,46.7628,100.8457,1342036800
2205,46.8047,100.8618,1342034700
2205,46.852,101.4263,1341956520
2205,46.853,101.4262,1341947220
2205,46.8672,100.8743,1341876600
2205,46.9152,100.8992,1341860220
2205,46.8284,100.807,1341675180
2205,46.8481,96.7864,1341627780
2205,46.2137,96.0261,1341623400
2205,41.9102,87.6767,1341596280
2205,41.9103,87.6922,1341518700
2205,41.9105,87.6891,1341518220
2205,32.6121,83.6113,1341263460
2205,32.6124,83.6114,1341251040
2205,32.6123,83.6114,1341229440
2205,32.6122,83.6113,1341228900
2205,32.6122,83.6113,1341188100
2205,32.617,83.6541,1341098700
2205,32.6237,83.6475,1341088440
2205,32.6144,83.6149,1340992680
2205,32.612,83.6113,1340992200
2205,32.6238,83.6475,1340770800
2205,32.624,83.6474,1340764980
2205,32.6244,83.6473,1340481780
2205,32.6238,83.6475,1340346120
2205,32.6238,83.6476,1340256960
2205,32.6237,83.6475,1340253960
2205,32.624,83.6476,1340252460
2205,32.6236,83.6502,1340251440
2205,32.6239,83.6475,1340218080
2205,32.6238,83.6473,1340025960
2205,32.6033,83.6825,1339909740
2205,32.6034,83.6825,1339909500
2205,32.6216,83.6487,1339882140
2205,32.6237,83.6474,1339806240
2205,32.6239,83.6475,1339524420
2205,32.6191,83.6688,1338944100
2205,32.6238,83.6476,1338781860
2205,32.6239,83.6475,1338777900
2205,32.5742,83.625,1338704520
2205,32.6297,83.6461,1338518040
2205,32.6239,83.6472,1338513240
2205,32.6044,83.5844,1338512040
2205,32.6238,83.6476,1338318600
2205,32.624,83.6477,1338062820
2205,32.624,83.6474,1338061140
2205,32.5742,83.6255,1337999220
2205,32.624,83.6474,1337968020
2205,32.6239,83.6475,1337766120
2205,32.6239,83.6476,1337740980
2205,32.6237,83.6473,1337528280
2205,32.5666,83.5749,1337450460
2205,32.8354,83.6258,1337384940
2205,32.6239,83.6474,1337346360
2205,32.6237,83.6475,1337125260
2205,32.6239,83.6474,1337124660
2205,21.3318,157.9502,1336797120
2205,21.2765,157.8277,1336779540
2205,21.2762,157.8269,1336774140
2205,21.3493,157.9425,1336770360
2205,21.349,157.9423,1336717920
2205,21.349,157.9423,1336717860
2205,21.349,157.9423,1336717800
2205,21.3492,157.9424,1336704300
2205,21.349,157.9423,1336701780
2205,21.349,157.9423,1336696680
2205,21.3494,157.9426,1336689360
2205,21.2822,157.6767,1336621140
2205,21.3728,157.7082,1336609140
2205,21.4052,157.8208,1336607280
2205,32.6238,83.6474,1335616380
2205,32.6238,83.6475,1335531840
2205,32.624,83.6476,1335411300
2205,32.6155,83.6565,1335237840
2205,32.6239,83.6475,1335237780
2205,32.555,83.6425,1335204240
2205,33.759,84.3752,1335145920
2205,32.6343,83.6552,1334947200
2205,32.6204,83.6499,1334896980
2205,32.6238,83.6475,1334891460
2205,32.6238,83.6475,1334714580
2205,33.959,84.1358,1334473320
2205,33.958,84.1302,1334458920
2205,33.7587,84.3763,1334360940
2205,32.602,83.5863,1334057700
2205,32.6239,83.6475,1333773420
2205,32.6241,83.6473,1333771560
2205,32.6128,83.623,1333493760
2205,32.3798,86.3136,1333169940
2205,32.3798,86.3136,1333169760
2205,32.3509,86.2854,1333146360
2205,32.3509,86.2854,1333143780
2205,32.3798,86.3136,1333125300
2205,32.3827,86.2662,1333075380
2205,32.3685,86.2912,1332981000
2205,33.405,84.5763,1332819060
2205,32.6238,83.6475,1332734580
2205,32.6241,83.6473,1332727140
2205,32.6241,83.6473,1332387060
2205,32.8298,83.8113,1332220080
2205,32.6239,83.6474,1332220020
2205,32.6241,83.6473,1332042060
2205,32.6213,83.6492,1332027180
2205,31.8259,106.3812,1331925300
2205,31.7806,106.4108,1331870340
2205,31.8247,106.3806,1331846820
2205,31.8246,106.3805,1331846760
2205,31.8243,106.3806,1331841540
2205,31.8245,106.3805,1331837520
2205,32.6175,83.5988,1331759220
2205,32.5889,83.6562,1331759100
2205,32.5938,83.6215,1331577360
2205,32.6212,83.65,1331410980
2205,32.624,83.6475,1331087700
2205,32.6247,83.6478,1330888620
2205,32.618,83.6407,1330659960
2205,32.6238,83.6477,1330637580
2205,32.6378,83.6443,1329780420
2205,32.593,83.6268,1329275220
2205,32.6237,83.6486,1328561700
2205,32.6238,83.6475,1328376600
2205,32.6238,83.6477,1328197020
2205,26.9598,82.0218,1327932120
2205,26.1267,80.1433,1327745100
2205,25.5762,80.3749,1327633680
2205,29.2218,81.0062,1327360740
2205,29.4763,81.2105,1327292340
2205,29.2352,81.0114,1327238160
2205,29.2351,81.0115,1327209240
2205,29.2351,81.0114,1327180860
2205,32.6237,83.6473,1326751800
2205,32.617,83.683,1326589320
2205,32.6238,83.6475,1326238680
2205,32.6188,83.5898,1326213060
2205,32.6234,83.6471,1326049800
2205,32.6238,83.6477,1326049740
2205,32.6203,83.644,1325967660
2205,32.605,83.5787,1325863140
2205,32.6238,83.6478,1325831160
2205,32.6237,83.6483,1325737140
2205,32.6239,83.6475,1325725260
2205,32.624,83.6475,1325724120
2205,33.5314,86.8535,1325634960
2205,33.8004,86.956,1325398200
2205,33.5894,86.9223,1325282580
2205,33.5891,86.9226,1325276820
2205,33.5891,86.9226,1325194260
2205,33.5894,86.9224,1325184660
