2208,40.4285,3.7034,1378049340
2208,42.6782,8.6636,1377900900
2208,42.6783,8.6637,1377727020
2208,42.6783,8.6636,1377286680
2208,40.428,3.708,1377004320
2208,42.6783,8.6636,1376481060
2208,42.6765,8.725,1376056920
2208,42.6765,8.725,1375967460
2208,42.6035,8.7675,1375800600
2208,42.6014,8.7646,1375357680
2208,42.6783,8.6637,1375044120
2208,42.6783,8.6637,1374933840
2208,42.6783,8.6637,1374854760
2208,42.7186,8.6859,1374782100
2208,42.6783,8.6637,1374506520
2208,42.6783,8.6637,1374347820
2208,42.6529,8.6428,1374238380
2208,42.6783,8.6637,1374104580
2208,42.6783,8.6637,1373928000
2208,42.6783,8.6637,1373844600
2208,42.6765,8.725,1373816340
2208,42.6783,8.6637,1373666340
2208,42.6783,8.6637,1373550780
2208,42.6783,8.6637,1373465520
2208,42.6783,8.6637,1373380860
2208,42.6778,8.664,1373143080
2208,42.6781,8.6636,1373119260
2208,42.6778,8.664,1373058660
2208,42.8598,8.552,1372946340
2208,40.4497,3.7099,1372289460
2208,40.4496,3.71,1372080360
2208,40.4292,3.7189,1371949860
2208,40.4496,3.7101,1371929520
2208,40.4495,3.71,1371678120
2208,40.4495,3.7099,1371467220
2208,40.4529,3.6883,1371391560
2208,40.4495,3.71,1371301800
2208,40.4496,3.71,1371161220
2208,40.4496,3.71,1371077400
2208,40.4495,3.7099,1370962560
2208,40.4496,3.7099,1370777400
2208,40.4497,3.7098,1370735280
2208,40.4495,3.71,1369744920
2208,40.2326,3.7664,1369657080
2208,40.4495,3.71,1369391640
2208,40.4496,3.71,1369310400
2208,40.4495,3.71,1369138260
2208,40.4497,3.7098,1369029480
2208,53.3624,2.2743,1368384660
2208,53.4593,2.23,1368358380
2208,53.4649,2.346,1368202980
2208,40.4495,3.7099,1368012000
2208,40.4718,3.9403,1367915520
2208,40.4496,3.7099,1367846040
2208,40.4482,3.7085,1366328940
2208,40.4492,3.7101,1366082760
2208,40.4264,3.7045,1365886260
2208,40.4496,3.71,1365450060
2208,40.4497,3.7099,1362167700
2208,40.4482,3.7089,1361520000
2208,40.4491,3.7106,1360691940
2208,40.4411,3.7288,1360657140
2208,40.4497,3.7099,1360157520
2208,40.4465,3.7036,1360133640
2208,40.4748,3.9401,1360056540
2208,40.4483,3.7085,1359982980
2208,40.4459,3.7127,1359936720
2208,40.4496,3.7099,1358921400
2208,42.8891,8.5262,1356467820
2208,40.4417,3.7066,1356108060
2208,40.473,3.9403,1355835000
2208,40.4496,3.7099,1354151340
2208,40.4497,3.7098,1353886500
2208,40.4496,3.7098,1353462180
2208,40.4496,3.7099,1353258960
2208,40.4681,3.6889,1353160500
2208,40.4496,3.7099,1352940480
2208,40.4496,3.7099,1352838660
2208,40.4498,3.7098,1352124960
2208,40.4498,3.7098,1352011380
2208,40.4498,3.7099,1351908000
2208,40.4499,3.7098,1351628580
2208,40.3247,3.8633,1351245120
2208,40.4499,3.7098,1350987120
2208,40.473,3.9403,1350898740
2208,40.4497,3.7104,1350655020
2208,40.4497,3.7104,1350645180
2208,40.4718,3.94,1350380640
2208,40.472,3.9401,1349697060
2208,40.4364,3.7127,1349528700
2208,40.4496,3.7099,1348203780
2208,40.4496,3.7099,1347917880
2208,40.4466,3.7113,1347794340
2208,42.6968,8.6493,1346013120
2208,42.6987,8.7339,1345506000
2208,42.8891,8.5267,1344280980
2208,42.4041,8.8125,1344003420
2208,42.4012,8.8124,1343934600
2208,42.4033,8.8131,1343915760
2208,42.4012,8.8124,1343843040
2208,42.3993,8.8058,1343819280
2208,42.3993,8.8058,1343757840
2208,40.4722,3.5696,1342549140
2208,42.4013,8.8071,1342356180
2208,42.4005,8.8089,1342356060
2208,42.7126,8.6683,1342213920
2208,42.7371,8.6599,1341901680
2208,39.0076,0.1653,1340860260
2208,39.0062,0.1631,1340757300
2208,42.7371,8.6599,1340047200
2208,39.4668,0.3809,1339436160
2208,39.4602,0.3328,1339341360
2208,39.4756,0.3841,1339280160
2208,40.4196,3.7002,1338905520
2208,40.473,3.9403,1338497520
2208,40.4708,3.9411,1338373560
2208,40.4764,3.9416,1338187260
2208,40.4552,3.6777,1338037380
2208,40.4768,3.7058,1337979660
2208,42.5998,8.7662,1337805540
2208,40.458,3.9362,1337781660
2208,40.4494,3.7171,1337731440
2208,40.4636,3.5703,1337622300
2208,43.3023,8.3805,1337616840
2208,42.7371,8.6599,1337361300
2208,40.473,3.9403,1336413060
2208,40.3973,3.8323,1336371720
2208,40.4714,3.9399,1336358040
2208,40.473,3.9403,1336308900
2208,40.4748,3.9401,1336160340
2208,42.6782,8.6634,1335937800
2208,40.4222,3.7091,1335849960
2208,42.6968,8.6493,1335849600
2208,42.6968,8.6493,1335849180
2208,40.4222,3.7091,1335808020
2208,40.3946,3.7956,1335390420
2208,40.4714,3.9399,1335283380
2208,40.473,3.9403,1335268440
2208,40.4768,3.7058,1335100320
2208,40.473,3.9403,1334788560
2208,40.473,3.9403,1334737080
2208,40.4268,3.6998,1334404080
2208,40.4452,3.6569,1334303580
2208,40.473,3.9403,1334303220
2208,42.6778,8.6638,1334016240
2208,42.6782,8.664,1334002920
2208,42.7026,8.6699,1333943880
2208,42.6779,8.6638,1333912440
2208,42.6783,8.6635,1333912140
2208,42.5989,8.7677,1333908000
2208,42.678,8.6638,1333892340
2208,42.7073,8.7287,1333796220
2208,43.1485,8.4452,1333761480
2208,42.7371,8.6599,1333740660
2208,42.587,8.9303,1333740540
2208,42.7359,8.6602,1333739940
