2211,51.4811,0.0208,1368518580
2211,51.4813,0.0209,1368483300
2211,51.4814,0.0217,1368431700
2211,51.4809,0.0201,1368431580
2211,51.4814,0.0214,1368417600
2211,51.4602,0.0036,1368356580
2211,51.4815,0.0213,1368192540
2211,51.4816,0.0219,1368016620
2211,51.4818,0.0226,1368016500
2211,51.4821,0.0098,1367422440
2211,51.4815,0.0212,1367226300
2211,51.4813,0.021,1367173200
2211,51.4813,0.0211,1366827660
2211,51.4814,0.0213,1366373220
2211,53.4516,2.2016,1365356400
2211,53.4516,2.2013,1365064140
2211,53.4516,2.2013,1365064080
2211,53.4517,2.2016,1364849880
2211,53.4517,2.2015,1364846580
2211,53.4583,2.2599,1364726460
2211,51.4815,0.0109,1364519820
2211,51.4656,0.009,1364497860
2211,51.467,0.0086,1364496780
2211,51.4815,0.0212,1364332680
2211,51.2095,0.7977,1362604560
2211,51.1641,0.8788,1362557280
2211,51.1641,0.8789,1362557100
2211,51.1641,0.8788,1362556860
2211,51.1628,0.8752,1362556740
2211,51.495,0.0506,1362197040
2211,51.4816,0.0199,1361968500
2211,51.4815,0.0212,1361967840
2211,51.4815,0.0212,1361967720
2211,51.4815,0.0212,1361967660
2211,51.4812,0.0213,1361745120
2211,51.4812,0.0213,1361745060
2211,51.4812,0.0213,1361745060
2211,51.4812,0.0213,1361744940
2211,51.4815,0.021,1361562900
2211,51.5006,0.0202,1361527200
2211,51.4805,0.0107,1361396820
2211,51.4805,0.0107,1361396760
2211,51.4807,0.0107,1361396400
2211,51.4807,0.0107,1361396400
2211,51.4849,0.0009,1361395500
2211,51.5165,0.0716,1361282340
2211,51.4811,0.021,1361264400
2211,51.4817,0.0215,1361047020
2211,51.4916,0.015,1360879980
2211,51.4814,0.0227,1360875480
2211,51.4814,0.0227,1360874940
2211,51.5167,0.0723,1360840440
2211,51.4818,0.0203,1360444680
2211,51.4815,0.0211,1360443060
2211,51.4819,0.0093,1360279440
2211,51.4835,0.0073,1360155060
2211,51.4807,0.0079,1360153020
2211,51.482,0.0076,1360152780
2211,51.4811,0.0079,1360149840
2211,51.4841,0.0082,1360144500
2211,51.4834,0.0074,1359897900
2211,51.4815,0.0216,1359859380
2211,51.4815,0.0216,1359859260
2211,51.4815,0.0216,1359859200
2211,51.4814,0.0214,1359859140
2211,51.4813,0.0208,1359633780
2211,51.4814,0.0214,1359452160
2211,51.4816,0.0211,1359409020
2211,51.4856,0.0057,1359375540
2211,51.4854,0.0054,1359375420
2211,51.4873,0.0049,1359375060
2211,51.4815,0.0209,1359302040
2211,51.4815,0.0213,1359230340
2211,51.4809,0.018,1358856540
2211,51.4815,0.0201,1358798640
2211,51.4815,0.0201,1358797980
2211,51.4814,0.021,1358680980
2211,51.4814,0.0213,1358637900
2211,51.4811,0.0186,1358630880
2211,51.4817,0.0213,1358630640
2211,51.4813,0.018,1358520600
2211,51.4815,0.0212,1358449920
2211,51.4756,0.0191,1358428740
2211,51.4814,0.0214,1358417940
2211,51.4813,0.0212,1358417820
2211,51.4814,0.0211,1358372280
2211,51.4814,0.0211,1358372280
2211,51.4833,0.0074,1358356080
2211,51.4808,0.0108,1358350980
2211,51.4834,0.0066,1358342640
2211,53.4569,2.2284,1355243280
2211,53.4523,2.1994,1355230200
2211,53.4518,2.2016,1355177460
2211,53.4517,2.2014,1355176320
2211,53.4517,2.2015,1355174880
2211,53.4517,2.2014,1355136060
2211,53.4518,2.2017,1355078040
2211,53.4518,2.2015,1355077560
2211,53.3768,2.1449,1355068800
2211,53.4518,2.2014,1354978020
2211,53.4517,2.2015,1354896000
2211,53.4517,2.2014,1354744680
2211,53.4518,2.2014,1354728840
2211,53.3768,2.1449,1354727940
2211,51.4835,0.0071,1354100100
2211,51.4814,0.0213,1354062120
2211,51.4814,0.021,1354058700
2211,51.4814,0.0211,1354058640
2211,51.4814,0.0212,1354057440
2211,51.4813,0.0213,1353884460
2211,51.4814,0.0213,1353853440
2211,51.4814,0.0213,1353853380
2211,51.4814,0.0213,1353853380
2211,51.4814,0.0212,1353853320
2211,51.4814,0.0215,1353853260
2211,51.4813,0.0211,1353853140
2211,51.4817,0.021,1353841200
2211,51.4808,0.0092,1353814800
2211,51.4808,0.0092,1353814740
2211,51.4808,0.0092,1353814260
2211,51.4808,0.0092,1353814260
2211,51.4807,0.0091,1353814260
2211,51.4808,0.0092,1353814260
2211,51.4808,0.0092,1353814260
2211,51.4808,0.0092,1353814200
2211,51.4814,0.0211,1353665220
2211,51.4808,0.0233,1353605580
2211,51.4815,0.0215,1353541260
2211,51.4813,0.0212,1353541260
2211,51.4813,0.0211,1353540960
2211,51.4837,0.0058,1353323520
2211,51.4814,0.0212,1353314100
2211,51.4813,0.0215,1353268260
2211,51.4814,0.0212,1353241680
2211,51.4814,0.0212,1353166200
2211,51.4814,0.0212,1353162540
2211,51.4814,0.0212,1352932800
2211,51.4814,0.0213,1352674320
2211,51.4813,0.0209,1352667000
2211,51.4815,0.0211,1352567940
2211,51.4814,0.0213,1352542140
2211,51.4814,0.0213,1352542020
2211,51.4816,0.0212,1352459400
2211,51.4813,0.0212,1352456460
2211,51.4813,0.0209,1352452680
2211,51.4815,0.021,1352357040
2211,51.4814,0.0215,1352326560
2211,51.4816,0.0213,1352320800
2211,51.4838,0.0078,1352286300
2211,51.4643,0.0096,1352210820
2211,51.4627,0.0101,1352194620
2211,51.4813,0.021,1352190660
2211,51.4814,0.0216,1352190540
2211,51.4815,0.0213,1352190540
2211,51.4811,0.021,1352155920
2211,51.4814,0.0212,1352154060
2211,51.4813,0.0211,1352153280
2211,51.4815,0.0184,1352112300
2211,51.4814,0.0208,1352106660
2211,51.4806,0.0192,1352105640
2211,51.4814,0.0219,1352059020
2211,51.4815,0.0227,1352057220
2211,51.4813,0.0208,1352035500
2211,51.4815,0.0209,1352035440
2211,51.4814,0.0217,1352035380
2211,51.4815,0.0215,1352035260
2211,51.4815,0.0216,1352035140
2211,51.4817,0.0212,1352033340
2211,51.4815,0.0214,1351984260
2211,51.4791,0.0207,1351977060
2211,51.4759,0.0172,1351976460
2211,51.4812,0.0212,1351961520
2211,51.4814,0.0214,1351938960
2211,51.4814,0.0208,1351897560
2211,51.4817,0.0209,1351891980
2211,51.4815,0.0212,1351763520
2211,51.4814,0.0213,1351762320
2211,51.4814,0.0212,1351762200
2211,51.4813,0.0213,1351761960
2211,51.4811,0.0187,1351761960
2211,51.4813,0.0211,1351761840
2211,51.481,0.0205,1351761600
2211,51.481,0.0206,1351761300
2211,51.4811,0.0209,1351761180
2211,51.4811,0.021,1351761060
2211,51.4812,0.0211,1351760940
2211,51.4815,0.0209,1351747380
2211,51.4811,0.0224,1351723020
2211,51.4812,0.0222,1351720860
2211,51.4782,0.014,1351638420
2211,51.4814,0.0212,1351597380
2211,51.4814,0.0212,1351505640
2211,51.4813,0.0212,1351505040
2211,51.4814,0.0212,1351504680
2211,51.4985,0.0858,1351359300
2211,51.4731,0.0155,1351237320
2211,51.4959,0.1279,1351174140
2211,51.4958,0.1273,1351174020
2211,51.4958,0.1274,1351173840
2211,51.4958,0.128,1351173600
2211,51.4813,0.0211,1351153740
2211,51.4814,0.0211,1351116240
2211,51.4815,0.0204,1351107060
2211,51.481,0.0208,1351106040
2211,51.4812,0.0212,1351102860
2211,51.4813,0.0212,1351099980
2211,51.4645,0.0098,1351072140
2211,51.4814,0.0214,1351049160
2211,51.4814,0.0219,1351024140
2211,51.4811,0.0205,1351019280
2211,51.4746,0.0138,1351005900
2211,51.4746,0.0137,1351003080
2211,51.4747,0.0141,1351002720
2211,51.4814,0.0213,1350985260
2211,51.4812,0.0228,1350944400
2211,51.4836,0.0071,1350835800
2211,51.4815,0.0209,1350816000
2211,51.4814,0.0212,1350815880
2211,51.4815,0.0209,1350756540
2211,51.4813,0.0212,1350751140
2211,51.4813,0.0218,1350742080
2211,51.4832,0.0073,1350656520
2211,51.4813,0.0217,1350590220
2211,51.4815,0.0211,1350546660
2211,51.4833,0.0076,1350469320
2211,51.4836,0.0058,1350301620
2211,53.4822,2.3469,1350250380
2211,53.4822,2.3469,1350155460
2211,51.4864,0.0056,1349695440
2211,51.4892,0.0039,1349694960
2211,51.4857,0.0061,1349694960
2211,51.4855,0.0062,1349694900
2211,51.4855,0.0062,1349694720
2211,51.4894,0.0038,1349694660
2211,51.4867,0.0055,1349694480
2211,51.4867,0.0055,1349694420
2211,51.4872,0.0056,1349694360
2211,51.4933,0.0015,1349694240
2211,51.4823,0.0209,1349629260
2211,51.4834,0.0052,1349451720
2211,51.4826,0.0067,1349448360
2211,51.505,0.0206,1349121000
2211,51.4812,0.0206,1349079600
2211,51.4814,0.0205,1349079180
2211,51.4812,0.0201,1349031060
2211,51.4813,0.0222,1348912380
2211,51.4813,0.0222,1348912320
2211,51.491,0.015,1348912260
2211,51.4814,0.0212,1348912200
2211,51.4815,0.021,1348911840
2211,51.4815,0.0213,1348911780
2211,51.4815,0.0213,1348911720
2211,51.4815,0.0213,1348911360
2211,51.4815,0.0213,1348911180
2211,51.4815,0.0213,1348910820
2211,51.4815,0.0213,1348910760
2211,51.5044,0.1387,1348910460
2211,51.4813,0.0222,1348865700
2211,51.4814,0.0212,1348864380
2211,51.4814,0.0218,1348861260
2211,51.4813,0.0212,1348830900
2211,51.4814,0.0212,1348820220
2211,51.4815,0.0212,1348768620
2211,51.4834,0.0096,1348765500
2211,51.4813,0.0212,1348613280
2211,51.4813,0.0212,1348608120
2211,51.4814,0.0217,1348336680
2211,51.4811,0.0184,1348181820
2211,51.4811,0.018,1348181340
2211,51.4811,0.0184,1348180020
2211,51.4816,0.0227,1348172700
2211,51.4814,0.0212,1348158780
2211,51.4814,0.0213,1348157040
2211,51.4814,0.0206,1348128360
2211,51.4812,0.0224,1348123980
2211,51.4811,0.021,1348091280
2211,51.4811,0.0184,1348075620
2211,51.481,0.023,1347914520
2211,51.4815,0.0189,1347902760
2211,51.4809,0.0225,1347702540
2211,51.4809,0.0225,1347702480
2211,51.4809,0.0226,1347702420
2211,51.4812,0.0227,1347702240
2211,51.4812,0.023,1347702180
2211,51.4812,0.0227,1347702180
2211,51.4812,0.0231,1347701880
2211,51.4812,0.0231,1347701820
2211,51.4812,0.0231,1347701820
2211,51.4813,0.02,1347701760
2211,51.4815,0.0237,1347701520
2211,51.4813,0.0206,1347526080
2211,51.4815,0.011,1347526020
2211,51.4815,0.011,1347526020
2211,51.4815,0.0212,1347199980
2211,51.4815,0.0212,1347199620
2211,51.4813,0.0214,1347198120
2211,51.4813,0.0219,1347043140
2211,51.4815,0.0218,1347042660
2211,51.4809,0.0211,1347042420
2211,51.4813,0.0219,1347042300
2211,51.4795,0.0081,1346965320
2211,51.4795,0.0081,1346965260
2211,51.4797,0.008,1346964960
2211,51.4797,0.008,1346964720
2211,51.4795,0.0081,1346964240
2211,51.4795,0.008,1346963220
2211,51.4814,0.01,1346922660
2211,51.4814,0.01,1346922480
2211,51.4814,0.01,1346922300
2211,51.4814,0.01,1346922000
2211,51.4815,0.0213,1346921640
2211,51.4816,0.0212,1346921520
2211,51.4814,0.01,1346921220
2211,53.4135,2.3519,1346399040
2211,53.4825,2.3453,1346368020
2211,53.4822,2.3469,1346274480
2211,51.3408,3.239,1346105280
2211,51.3303,3.2054,1346075520
2211,51.3408,3.239,1345971600
2211,51.3408,3.239,1345931400
2211,51.2947,3.0659,1345895160
2211,51.3269,3.1804,1345890540
2211,51.3294,3.2033,1345890300
2211,51.3329,3.217,1345890120
2211,51.3333,3.2186,1345890000
2211,51.3333,3.2186,1345886880
2211,51.3331,3.2455,1345824180
2211,51.332,3.2461,1345823580
2211,51.3321,3.2461,1345823520
2211,51.3331,3.2455,1345823460
2211,51.3331,3.2456,1345823100
2211,51.2073,3.2274,1345807260
2211,51.2074,3.2276,1345807140
2211,51.2072,3.228,1345807020
2211,51.3408,3.239,1345758660
2211,51.3408,3.239,1345758420
2211,51.3436,3.2886,1345741260
2211,51.3497,3.28,1345735800
2211,51.3469,3.2741,1345734360
2211,51.3408,3.2392,1345729140
2211,51.3407,3.2388,1345727760
2211,53.4822,2.3469,1345666740
2211,53.4823,2.3469,1345502520
2211,53.4822,2.3471,1345499040
2211,53.4574,2.2013,1345478280
2211,53.4823,2.347,1345396860
2211,53.4822,2.347,1345396680
2211,53.4823,2.3469,1345395660
2211,53.4804,2.238,1345395300
2211,53.4843,2.2378,1345395060
2211,53.4843,2.2378,1345395000
2211,53.4843,2.2378,1345395000
2211,53.4842,2.2342,1345394520
2211,53.481,2.3503,1345152540
2211,52.4793,1.9051,1342437240
2211,52.4797,1.9028,1342437120
2211,52.4785,1.91,1342437120
2211,52.4797,1.9028,1342436820
2211,53.4701,2.2213,1342431960
2211,53.4732,2.2244,1342429620
