2212,55.7574,37.6609,1378239300
2212,56.8351,35.893,1378229820
2212,46.4849,30.7411,1378108740
2212,59.9437,30.3605,1378101840
2212,59.9437,30.3605,1378101120
2212,59.9275,30.3606,1378053060
2212,60.0339,30.418,1378046280
2212,59.9165,30.3059,1377628860
2212,60.0009,30.4236,1377534480
2212,59.9251,30.3862,1377301020
2212,59.9251,30.3862,1377299280
2212,59.9251,30.3862,1377298500
2212,59.9251,30.3862,1377298320
2212,59.9251,30.3862,1377298260
2212,59.9251,30.3862,1377298140
2212,59.9251,30.3862,1377298080
2212,59.9251,30.3862,1377297780
2212,59.9249,30.3858,1377288840
2212,59.9249,30.3858,1377288720
2212,59.9251,30.3862,1377287820
2212,59.9321,30.322,1377232560
2212,59.9321,30.322,1377232200
2212,59.9321,30.322,1377194040
2212,59.9321,30.322,1377190860
2212,59.9321,30.322,1377190380
2212,59.931,30.3214,1377103860
2212,59.931,30.3214,1377101340
2212,60.0185,30.3929,1377097260
2212,51.2791,6.7652,1376726520
2212,51.2264,7.2156,1376685180
2212,51.2264,7.2156,1376685060
2212,51.2264,7.2156,1376685000
2212,51.2264,7.2156,1376684820
2212,51.2427,7.0973,1376673780
2212,51.4177,7.0727,1376672460
2212,51.4177,7.0727,1376672400
2212,51.4202,7.074,1376672100
2212,51.4177,7.0727,1376671860
2212,51.2568,7.149,1376651280
2212,51.2545,7.1496,1376597640
2212,50.669,7.2067,1376583120
2212,50.669,7.2067,1376583000
2212,50.669,7.2067,1376583000
2212,50.6701,7.206,1376574180
2212,50.6708,7.2038,1376571540
2212,50.6708,7.2038,1376571000
2212,51.2264,7.2156,1376549580
2212,51.2553,7.1504,1376503680
2212,51.2562,7.1582,1376502240
2212,51.2671,7.1814,1376501940
2212,51.2695,7.1978,1376501760
2212,51.2733,7.2136,1376501640
2212,51.2749,7.222,1376500560
2212,51.2565,7.1522,1376478540
2212,51.2565,7.1522,1376477100
2212,51.2314,6.7539,1376412180
2212,51.2179,6.7617,1376411460
2212,51.221,6.7851,1376411280
2212,51.221,6.7851,1376382300
2212,50.9413,6.9581,1376330160
2212,50.9985,6.9952,1376329620
2212,52.2974,4.9599,1376211300
2212,51.8433,5.853,1376208840
2212,52.0234,5.6742,1376208540
2212,51.9854,5.8996,1376208180
2212,51.985,5.9002,1376207940
2212,51.9851,5.8995,1376207640
2212,51.8838,5.8408,1376207160
2212,51.1966,6.4459,1376199840
2212,51.2225,6.7863,1376196120
2212,51.221,6.7851,1376172600
2212,51.221,6.7851,1376171040
2212,51.2201,6.7939,1376163600
2212,51.2242,6.7757,1376163480
2212,51.2246,6.7765,1376163360
2212,51.2246,6.7765,1376163300
2212,51.2246,6.7765,1376163120
2212,51.2261,6.7764,1376162940
2212,51.2261,6.7764,1376162640
2212,51.221,6.7851,1376162280
2212,51.2246,6.7755,1376161860
2212,51.2246,6.7755,1376161740
2212,51.2246,6.7755,1376151660
2212,51.2195,6.7942,1376143320
2212,51.2238,6.796,1376141760
2212,51.281,6.772,1376134980
2212,51.2791,6.7652,1376134800
2212,59.8052,30.3057,1376111400
2212,59.8058,30.308,1376109120
2212,59.8058,30.308,1376109060
2212,59.8058,30.308,1376108760
2212,59.8058,30.308,1376108160
2212,59.8058,30.308,1376105220
2212,59.9295,30.3696,1375991460
2212,59.9295,30.3696,1375991340
2212,57.2482,33.0801,1375549080
2212,57.2475,33.0765,1375528860
2212,57.2475,33.0765,1375528680
2212,57.2455,33.0712,1375452600
2212,57.2475,33.0765,1375431780
2212,57.2475,33.0765,1375431660
2212,57.2475,33.0765,1375427580
2212,57.2475,33.0765,1375427460
2212,57.2482,33.0801,1375424340
2212,57.2488,33.0797,1375423740
2212,57.2482,33.0801,1375418820
2212,57.2482,33.0801,1375418580
2212,57.2475,33.0765,1375417320
2212,57.2475,33.0765,1375379580
2212,57.2475,33.0765,1375370520
2212,57.2475,33.0765,1375368060
2212,57.2475,33.0765,1375367100
2212,57.2475,33.0765,1375367040
2212,57.2482,33.0801,1375356360
2212,57.2443,33.0699,1375346880
2212,57.2475,33.0765,1375333020
2212,57.2475,33.0765,1375331340
2212,57.2475,33.0765,1375331220
2212,57.2475,33.0765,1375331100
2212,57.2475,33.0765,1375330800
2212,57.2475,33.0765,1375290360
2212,57.2475,33.0765,1375290240
2212,57.2475,33.0765,1375290120
2212,57.2475,33.0765,1375290000
2212,57.2475,33.0765,1375289820
2212,57.2449,33.0707,1375289160
2212,57.2449,33.0707,1375288740
2212,57.2475,33.0765,1375279320
2212,57.2449,33.0707,1375279080
2212,57.2475,33.0765,1375260420
2212,57.2437,33.07,1375260420
2212,57.2482,33.0801,1375246500
2212,57.2475,33.0765,1375204020
2212,57.2475,33.0765,1375203660
2212,57.2475,33.0765,1375195200
2212,57.2475,33.0765,1375194900
2212,57.2475,33.0765,1375193520
2212,57.2475,33.0765,1375193160
2212,57.2475,33.0765,1375192980
2212,57.2475,33.0765,1375189500
2212,57.2475,33.0765,1375189020
2212,57.2475,33.0765,1375187400
2212,57.2475,33.0765,1375187160
2212,57.2437,33.07,1375173060
2212,57.2455,33.0712,1375172760
2212,57.2455,33.0712,1375164660
2212,57.2475,33.0765,1375121880
2212,57.2475,33.0765,1375121700
2212,57.2482,33.0801,1375121520
2212,57.2482,33.0801,1375121400
2212,57.2465,33.0745,1375107420
2212,57.2465,33.0745,1375106640
2212,57.2465,33.0745,1375105920
2212,57.2475,33.0765,1375102020
2212,57.2475,33.0765,1375101900
2212,57.2455,33.0712,1375096380
2212,57.2455,33.0712,1375096140
2212,57.2455,33.0712,1375096080
2212,57.2475,33.0765,1375094880
2212,57.2475,33.0765,1375094700
2212,57.2455,33.0712,1375093980
2212,57.2475,33.0765,1375085160
2212,57.2459,33.0724,1375080720
2212,57.2475,33.0765,1375075920
2212,57.2469,33.073,1375034040
2212,57.2482,33.0801,1375031160
2212,57.2482,33.0801,1375030980
2212,57.2482,33.0801,1375030620
2212,57.2475,33.0765,1375028040
2212,57.2475,33.0765,1374988740
2212,57.2483,33.0817,1374988320
2212,57.2475,33.0765,1374988140
2212,59.3521,31.2489,1374952020
2212,59.3953,31.146,1374951600
2212,59.851,30.3219,1374942480
2212,60.0849,30.9737,1374396000
2212,60.0849,30.9737,1374395760
2212,60.0849,30.9737,1374395400
2212,60.0849,30.9737,1374394560
2212,60.0849,30.9737,1374343260
2212,60.0835,30.9851,1374343020
2212,60.0849,30.9737,1374342660
2212,60.0849,30.9737,1374342420
2212,60.0849,30.9737,1374334680
2212,60.0849,30.9737,1374334500
2212,60.0849,30.9737,1374333960
2212,60.0849,30.9737,1374326880
2212,60.0849,30.9737,1374326640
2212,60.0849,30.9737,1374326340
2212,60.0849,30.9737,1374322320
2212,60.0849,30.9737,1374321420
2212,60.0849,30.9737,1374321300
2212,60.0849,30.9737,1374320460
2212,60.0849,30.9737,1374320400
2212,60.0849,30.9737,1374320280
2212,60.0849,30.9737,1374320220
2212,60.0849,30.9737,1374318780
2212,60.0849,30.9737,1374318300
2212,60.0849,30.9737,1374318120
2212,60.0849,30.8859,1374316860
2212,60.0324,30.6324,1374315120
2212,60.0351,30.4292,1374314400
2212,59.9778,30.4384,1374313860
2212,60.0351,30.3607,1374259980
2212,60.0333,30.3674,1374249300
2212,60.0324,30.3772,1374245880
2212,60.0303,30.3841,1374245700
2212,60.0332,30.3671,1374241080
2212,60.0336,30.3675,1374239760
2212,60.0286,30.4055,1373742600
2212,60.0286,30.4055,1373742480
2212,60.0286,30.4055,1373742360
2212,60.0286,30.4055,1373742300
2212,60.0286,30.4055,1373742180
2212,60.0286,30.4055,1373742060
2212,60.0264,30.4199,1373740500
2212,60.0264,30.4199,1373740260
2212,60.0384,30.4096,1373559780
2212,59.9339,30.3391,1373558400
2212,59.9035,30.2646,1373464860
2212,59.9035,30.2646,1373464680
2212,59.9035,30.2646,1373464260
2212,59.9033,30.2623,1373464080
2212,59.9035,30.2646,1373463780
2212,59.9033,30.2623,1373463480
2212,59.9035,30.2646,1373462880
2212,59.9035,30.2646,1373462580
2212,59.9033,30.2623,1373462100
2212,59.928,30.3473,1373191080
2212,59.9557,30.374,1372793280
2212,59.9557,30.374,1372792980
2212,59.9557,30.374,1372792860
2212,59.9557,30.374,1372792560
2212,59.9557,30.374,1372792140
2212,59.9557,30.374,1372791900
2212,59.9533,30.3496,1372788420
2212,59.9361,30.3491,1372783320
2212,59.9359,30.3511,1372783020
2212,59.9359,30.36,1372780140
2212,59.9359,30.36,1372779780
2212,59.9359,30.36,1372779480
2212,59.9359,30.36,1372779120
2212,59.9359,30.36,1372777500
2212,59.9359,30.36,1372777320
2212,60.0849,30.9737,1372764060
2212,60.1262,31.0722,1372763940
2212,60.1262,31.0722,1372763700
2212,59.9938,30.3824,1372610220
2212,60.0849,30.9737,1372597500
2212,60.0849,30.9737,1372597260
2212,60.0849,30.9737,1372597020
2212,60.0964,30.9633,1372594860
2212,60.0443,30.716,1372593600
2212,59.9881,30.4262,1372590120
2212,59.9387,30.3157,1372510800
2212,59.9829,30.2026,1372500420
2212,59.9829,30.2026,1372500240
2212,59.9829,30.2026,1372500000
2212,59.9817,30.2007,1372494660
2212,59.9829,30.2026,1372493640
2212,59.9384,30.3134,1372272120
2212,59.931,30.3214,1372271220
2212,59.931,30.3214,1372271040
2212,59.9387,30.3157,1372270800
2212,59.9219,30.3561,1372178940
2212,59.9463,30.3303,1372062600
2212,59.9438,30.3204,1372062240
2212,59.9461,30.329,1372061880
2212,59.9461,30.329,1372061640
2212,59.9461,30.329,1372061520
2212,59.9463,30.3303,1372061340
2212,59.9461,30.329,1372060920
2212,59.9461,30.329,1372060260
2212,59.9463,30.3303,1372060080
2212,59.9463,30.3303,1372059900
2212,59.9463,30.3303,1372032120
2212,59.9463,30.3303,1372031940
2212,59.9463,30.3303,1372031820
2212,59.9461,30.329,1372031520
2212,59.9461,30.329,1372021800
2212,59.9436,30.3317,1372021440
2212,59.9401,30.3287,1372020900
2212,60.1262,31.0722,1372019460
2212,60.1262,31.0722,1371998940
2212,60.1262,31.0722,1371998760
2212,60.0924,31.0089,1371997800
2212,60.0849,30.9737,1371989520
2212,60.0893,30.9872,1371989280
2212,60.0849,30.9737,1371985440
2212,60.0849,30.9737,1371985380
2212,60.0849,30.9737,1371983820
2212,60.0849,30.9737,1371982800
2212,60.0849,30.9737,1371980580
2212,60.0849,30.9737,1371980280
2212,60.0893,30.9872,1371979620
2212,60.0849,30.9737,1371979500
2212,60.0849,30.9737,1371979200
2212,60.0849,30.9737,1371978540
2212,60.0893,30.9872,1371977940
2212,59.9391,30.3415,1371976020
2212,59.9363,30.3445,1371975900
2212,60.0323,30.4297,1371975420
2212,59.9881,30.4262,1371973860
2212,60.031,30.4164,1371925440
2212,60.031,30.4164,1371925320
2212,60.031,30.4164,1371924180
2212,60.031,30.4164,1371923340
2212,60.0742,30.3031,1371918540
2212,60.0737,30.3037,1371918420
2212,60.0744,30.3034,1371918300
2212,60.0744,30.3034,1371918240
2212,60.0744,30.3034,1371918180
2212,60.0744,30.3034,1371918120
2212,60.0744,30.3034,1371918060
2212,60.0737,30.3037,1371916860
2212,60.0744,30.3034,1371916680
2212,60.0737,30.3037,1371916440
2212,59.9363,30.3445,1371903000
2212,59.933,30.3152,1371898980
2212,59.9314,30.3085,1371898620
2212,59.9282,30.2953,1371898260
2212,59.9282,30.3341,1371897060
2212,59.9403,30.3375,1371896340
2212,59.9481,30.3278,1371896040
2212,59.9386,30.3197,1371895320
2212,59.9363,30.3195,1371895140
2212,60.0349,30.4188,1371886560
2212,60.0017,30.2457,1371845400
2212,60.0012,30.254,1371834000
2212,60.0366,30.4174,1371571320
2212,60.0367,30.4173,1371571260
2212,60.0366,30.4174,1371570960
2212,49.842,24.03,1371138000
2212,49.842,24.03,1371137880
2212,49.842,24.03,1371137640
2212,49.842,24.03,1371137460
2212,49.842,24.0278,1371137160
2212,49.842,24.03,1371137040
2212,49.8419,24.0316,1371136680
2212,49.8414,24.0312,1371136200
2212,49.8419,24.0316,1371135780
2212,46.484,30.7372,1371135540
2212,46.4873,30.7393,1371131160
2212,46.4702,30.7335,1371055260
2212,49.8418,24.0329,1370972820
2212,49.842,24.03,1370963880
2212,49.7947,24.0579,1370956800
2212,49.7947,24.0579,1370956560
2212,49.7947,24.0579,1370956320
2212,49.7947,24.0579,1370956020
2212,49.7737,24.0099,1370946960
2212,49.7736,24.0109,1370946660
2212,49.8419,24.0316,1370885880
2212,49.8416,24.0317,1370885460
2212,49.8416,24.0317,1370885220
2212,49.8416,24.0317,1370884920
2212,49.8416,24.0317,1370884560
2212,49.8414,24.0323,1370872140
2212,49.8414,24.0323,1370871360
2212,49.8414,24.0323,1370870700
2212,49.8419,24.0316,1370869380
2212,49.841,24.0349,1370868480
2212,49.8395,24.0362,1370868060
2212,49.8396,24.0355,1370867820
2212,49.8393,24.0341,1370867580
2212,49.8394,24.0317,1370867460
2212,49.8418,24.0329,1370865360
2212,49.8418,24.0329,1370865060
2212,49.8418,24.0329,1370858280
2212,49.8418,24.0329,1370858100
2212,49.8418,24.0329,1370857860
2212,49.8391,23.9966,1370841720
2212,49.8397,23.9943,1370841600
2212,49.8397,23.9943,1370841480
2212,49.8003,24.0526,1370841180
2212,49.878,24.4475,1370832120
2212,49.8021,24.9062,1370830020
2212,47.3723,29.8556,1370798760
2212,46.469,30.682,1370794560
2212,46.4698,30.7387,1370790180
2212,46.4676,30.7407,1370789880
2212,46.4676,30.7407,1370789520
2212,46.4527,30.6835,1370773920
2212,46.484,30.7372,1370527140
2212,46.4849,30.7346,1370453100
2212,46.4852,30.7373,1370452740
2212,46.4841,30.739,1370451000
2212,46.484,30.7372,1370439840
2212,46.484,30.7372,1370439300
2212,46.4421,30.7656,1370260500
2212,46.442,30.7656,1370259600
2212,46.4421,30.7656,1370255340
2212,46.4432,30.7653,1370255100
2212,46.4513,30.7369,1370253720
2212,46.4849,30.7346,1370099820
2212,46.4849,30.7346,1370099700
2212,46.4849,30.7346,1370099520
2212,46.4849,30.7346,1370098980
2212,46.4855,30.7397,1370098800
2212,46.4849,30.7346,1370098440
2212,46.489,30.7431,1370097120
2212,46.489,30.7431,1370096760
2212,46.488,30.7412,1370096280
2212,46.4884,30.7417,1370095920
2212,46.4852,30.742,1370095020
2212,46.4854,30.7412,1370094840
2212,46.4854,30.7412,1370094600
2212,46.484,30.7372,1370090940
2212,46.4756,30.7404,1370088660
2212,46.4756,30.7404,1370088480
2212,46.4756,30.7404,1370088420
2212,46.4735,30.7395,1370088000
2212,46.4698,30.7378,1370087280
2212,46.4687,30.7409,1370087100
2212,46.4703,30.7412,1370086860
2212,46.4855,30.7365,1370026980
2212,46.4855,30.7365,1370026860
2212,46.4855,30.7365,1370026680
2212,46.4855,30.7365,1370026080
2212,46.4855,30.7365,1370025840
2212,46.4855,30.7365,1370025480
2212,46.4855,30.7365,1370024580
2212,46.4855,30.7365,1370024400
2212,46.4298,30.7129,1369988220
2212,46.4258,30.7077,1369987560
2212,46.4258,30.7077,1369987500
2212,46.4898,30.7381,1369848660
2212,46.4905,30.7373,1369848300
2212,46.4888,30.7389,1369848120
2212,46.4881,30.7411,1369847940
2212,46.4881,30.7411,1369847820
2212,46.488,30.7411,1369847700
2212,46.488,30.7411,1369847400
2212,46.4852,30.7389,1369841520
2212,46.488,30.7411,1369839960
2212,46.488,30.7411,1369839240
2212,46.4874,30.7394,1369839060
2212,46.4874,30.7394,1369838880
2212,46.4874,30.7394,1369838520
2212,46.4828,30.7323,1369833540
2212,46.4505,30.7475,1369816140
2212,46.4833,30.7324,1369749480
2212,46.4807,30.7381,1369747200
2212,46.4792,30.7455,1369600860
2212,46.4757,30.7656,1369599720
2212,46.4757,30.7656,1369599540
2212,46.4757,30.7656,1369599300
2212,46.4751,30.7653,1369599120
2212,46.4757,30.7656,1369598760
2212,46.4757,30.7656,1369598400
2212,46.4757,30.7656,1369598220
2212,46.4757,30.7656,1369598040
2212,46.4757,30.7656,1369597920
2212,46.4757,30.7656,1369597440
2212,46.4803,30.7554,1369585140
2212,46.4757,30.7656,1369584780
2212,46.4787,30.7559,1369584600
2212,46.476,30.7638,1369583160
2212,46.4787,30.7559,1369583040
2212,46.4784,30.7608,1369582920
2212,46.4823,30.7418,1369496460
2212,46.4814,30.7426,1369495260
2212,46.484,30.7372,1369494420
2212,46.4849,30.7346,1369319640
2212,46.4849,30.7346,1369319400
2212,46.4849,30.7346,1369319220
2212,46.4849,30.7346,1369318980
2212,46.4849,30.7346,1369318860
2212,46.4849,30.7346,1369318140
2212,46.4841,30.7328,1369316460
2212,46.4841,30.7328,1369316220
2212,46.4841,30.7328,1369316100
2212,46.484,30.7376,1369299060
2212,46.4702,30.7335,1369298580
2212,46.4702,30.7335,1369298520
2212,46.4702,30.7335,1369298100
2212,46.483,30.7356,1369062780
2212,46.483,30.7356,1369062240
2212,46.483,30.7356,1369062000
2212,46.483,30.7356,1369061700
2212,46.483,30.7356,1369061520
2212,46.483,30.7356,1368806700
2212,46.4642,30.7482,1368806460
2212,46.4757,30.7656,1368805320
2212,46.484,30.7372,1368801780
2212,46.4843,30.7371,1368801540
2212,46.484,30.7372,1368801420
2212,46.4875,30.7392,1368801060
2212,46.484,30.7372,1368801000
2212,46.484,30.7372,1368800940
2212,46.484,30.7372,1368800880
2212,46.484,30.7372,1368798780
2212,46.4791,30.7584,1368796620
2212,46.4757,30.7656,1368794820
2212,46.4786,30.7445,1368720480
2212,46.4524,30.7683,1368715140
2212,46.4524,30.7683,1368714540
2212,46.4507,30.764,1368713400
2212,46.4669,30.7618,1368713100
2212,46.4843,30.7371,1368647400
2212,46.484,30.7372,1368645960
2212,46.4284,30.7672,1368640800
2212,46.4289,30.7673,1368640440
2212,46.4284,30.7672,1368640260
2212,46.428,30.7671,1368640080
2212,46.4314,30.7694,1368639960
2212,46.4284,30.7672,1368639780
2212,46.428,30.7671,1368639480
2212,46.4276,30.7662,1368639180
2212,46.43,30.7651,1368639000
2212,46.4303,30.7624,1368638820
2212,46.4333,30.7613,1368638460
2212,46.4303,30.7624,1368638400
2212,46.4687,30.7409,1368637500
2212,46.4298,30.7129,1368539760
2212,46.487,30.6933,1368465180
2212,46.4883,30.6817,1368462540
2212,46.498,30.6755,1368461220
2212,46.4869,30.6811,1368460860
2212,46.498,30.6755,1368460620
2212,46.4396,30.758,1368384360
2212,46.4399,30.7569,1368384240
2212,46.4399,30.7569,1368384120
2212,46.4399,30.7569,1368382380
2212,46.4399,30.7569,1368382260
2212,46.4399,30.7569,1368382020
2212,46.4399,30.7569,1368381300
2212,46.4399,30.7569,1368380820
2212,46.4379,30.7459,1368380100
2212,46.4841,30.7328,1368364980
2212,46.4847,30.7389,1368359940
2212,46.4847,30.7389,1368359820
2212,46.485,30.739,1368359580
2212,46.4841,30.7328,1368287160
2212,46.484,30.7372,1368117120
2212,46.4699,30.7326,1368116880
2212,50.4629,30.5195,1368007860
2212,50.4597,30.5166,1368007620
2212,50.4629,30.5195,1368007440
2212,50.4629,30.5195,1368007200
2212,50.4414,30.4895,1367995140
2212,50.4414,30.4895,1367992980
2212,50.4411,30.4906,1367990940
2212,50.4404,30.4896,1367990700
2212,47.9913,37.7966,1367864220
2212,48.0048,37.8011,1367854140
2212,48.0083,37.8055,1367849640
2212,48.0112,37.8084,1367849580
2212,48.0087,37.8067,1367849040
2212,48.0083,37.8055,1367848920
2212,48.0094,37.8062,1367846340
2212,48.0094,37.8062,1367844720
2212,48.0094,37.8062,1367844600
2212,48.0094,37.8062,1367844480
2212,48.0094,37.8062,1367844360
2212,48.0094,37.8062,1367844120
2212,48.0094,37.8062,1367844060
2212,48.0094,37.8062,1367844000
2212,48.0094,37.8062,1367843940
2212,48.0094,37.8062,1367843820
2212,48.0086,37.8044,1367843400
2212,50.5952,36.6062,1367479080
2212,50.5932,36.6057,1367477100
2212,50.5942,36.6073,1367476800
2212,51.2204,36.7271,1367472780
2212,55.7582,37.6612,1367439000
2212,55.7584,37.6617,1367438880
2212,55.8378,37.5731,1367437560
2212,59.9659,30.3125,1367243280
2212,59.9659,30.3125,1367242800
2212,59.9659,30.3125,1367242680
2212,59.9581,30.3184,1367240520
2212,59.9581,30.3184,1367240280
2212,59.9503,30.3688,1367144640
2212,59.9618,30.2289,1366724760
2212,59.9618,30.2289,1366722300
2212,59.9599,30.2255,1366722120
2212,59.9487,30.2343,1366719600
2212,60.0122,30.3978,1366299180
2212,60.0081,30.393,1365699300
2212,60.0081,30.393,1365699240
2212,60.0081,30.393,1365699180
2212,60.0081,30.393,1365698880
2212,59.9432,30.2785,1365522600
2212,59.9463,30.2646,1365519300
2212,59.9461,30.2656,1365512220
2212,60.016,30.4062,1365275160
2212,60.0157,30.3984,1365270240
