222,28.0313,82.5644,1378248540
222,28.0102,82.5317,1378240920
222,27.9377,82.4586,1378230120
222,27.9966,82.5339,1378212540
222,28.0313,82.5645,1378208340
222,28.0312,82.5644,1378185540
222,27.9373,82.4599,1378138860
222,27.9376,82.4592,1378136280
222,28.0313,82.5644,1378097520
222,27.979,82.3644,1378051080
222,27.9789,82.3646,1378014840
222,28.0172,82.5625,1377991260
222,27.9724,82.83,1377976140
222,27.9606,82.7557,1377973500
222,28.0657,82.5769,1377908340
222,27.9377,82.459,1377435840
222,28.2482,82.381,1377390660
222,27.9997,82.5632,1377309480
222,28.0314,82.5645,1377302160
222,28.0312,82.5644,1377300120
222,27.9378,82.4593,1377267060
222,28.2482,82.3811,1377207960
222,28.2473,82.3564,1377138960
222,28.2484,82.3809,1377063060
222,28.0313,82.5644,1376862420
222,28.0313,82.5644,1376858460
222,28.0314,82.5644,1376856600
222,28.0313,82.5644,1376852520
222,28.0313,82.5644,1376849760
222,28.0313,82.5644,1376813040
222,28.0313,82.5645,1376781120
222,28.0312,82.5645,1376777700
222,28.0312,82.5646,1376771220
222,28.0313,82.5645,1376764800
222,28.0312,82.5645,1376757900
222,28.0312,82.5644,1376722380
222,28.2481,82.3809,1376714940
222,28.2482,82.381,1376708820
222,28.0002,82.5631,1376696760
222,28.0312,82.5645,1376690580
222,27.9378,82.4584,1376677320
222,27.9377,82.4592,1376662200
222,28.0312,82.5644,1376655720
222,28.0313,82.5645,1376632440
222,28.2483,82.3811,1376617800
222,28.0254,82.5609,1376611500
222,28.0312,82.5644,1376608800
222,27.9378,82.4592,1376586780
222,27.9372,82.4591,1376583120
222,27.9378,82.4592,1376574720
222,27.9381,82.4633,1376572500
222,28.1664,82.3535,1376521380
222,28.1272,82.3681,1376520480
222,28.1949,82.3885,1376519400
222,28.0742,82.4546,1376518680
222,28.0312,82.5645,1376492940
222,28.2481,82.3813,1376454660
222,27.9645,82.4322,1376422440
222,27.9424,82.4639,1376398620
222,28.0326,82.5414,1376396400
222,28.0311,82.5645,1376382660
222,28.0254,82.5609,1376352300
222,28.0312,82.5645,1376347920
222,28.0312,82.5644,1376345160
222,28.0312,82.5643,1376337780
222,27.1827,82.4365,1376270820
222,26.1465,80.6026,1376262000
222,25.8096,80.2234,1376258460
222,25.8788,80.2846,1376177820
222,25.8788,80.2844,1376177340
222,25.879,80.2845,1376172840
222,25.838,80.2062,1376167860
222,25.7672,80.2,1376167140
222,25.7678,80.1916,1376164020
222,25.7682,80.1909,1376157960
222,29.9802,81.988,1374514980
222,29.9385,82.0445,1374419580
222,29.922,82.13,1374417660
222,29.9458,81.9802,1374410940
222,29.9459,81.9802,1374343860
222,29.9458,81.9802,1374237300
222,29.9458,81.9818,1374210840
222,29.9458,81.9817,1374195420
222,29.944,81.985,1374157080
222,29.946,81.9801,1374106620
222,29.946,81.9802,1374095640
222,29.9459,81.9801,1374093240
222,29.9458,81.9802,1374008100
222,29.946,81.9802,1373830920
222,29.9443,81.9811,1373805180
222,29.9928,81.9567,1373735160
222,28.0312,82.5645,1373699580
222,28.0312,82.5644,1373680500
222,28.062,82.5522,1373586960
222,28.0312,82.5644,1373572920
222,28.0312,82.5644,1373565960
222,28.0312,82.5644,1373514780
222,28.0313,82.5645,1373507520
222,28.0312,82.5645,1373414160
222,28.0346,82.555,1373402460
222,27.9374,82.4581,1373391180
222,28.0462,82.5426,1373325060
222,28.0312,82.5645,1373256360
222,28.0313,82.5645,1373241120
222,27.9378,82.4591,1373211120
222,28.0313,82.5644,1373054880
222,28.0312,82.5645,1373045760
222,28.0313,82.5644,1372987140
222,28.0313,82.5644,1372882200
222,28.0314,82.5646,1372871820
222,28.0312,82.5644,1372743120
222,28.0313,82.5645,1372734000
222,27.9378,82.4593,1372685400
222,28.0239,82.5623,1372618020
222,27.7268,82.6802,1370211000
222,28.0313,82.5644,1369929300
222,28.0313,82.5644,1369925460
222,28.0313,82.5645,1369349760
222,28.0312,82.5644,1369103580
222,28.0312,82.5645,1368661620
222,27.5216,82.5729,1367675100
222,28.0312,82.5644,1366890780
222,28.0312,82.5646,1366575180
222,28.0312,82.5645,1365375900
222,28.0314,82.5644,1364587380
222,28.0313,82.5645,1363186800
222,27.9377,82.4592,1362262260
222,28.0313,82.5644,1361737680
222,28.0601,82.5583,1361490780
222,28.0738,82.5763,1360811640
222,28.0313,82.5644,1360643520
222,27.9875,82.5673,1360303500
