2220,40.9417,29.1114,1378113240
2220,38.2389,26.3727,1377955560
2220,38.2295,26.3628,1377907440
2220,38.3268,26.3938,1377794580
2220,38.3376,26.4232,1377716400
2220,38.3376,26.4232,1377712560
2220,37.0798,27.2383,1377700860
2220,37.0545,27.2357,1377605280
2220,37.0369,27.4335,1377599220
2220,37.0517,27.237,1377530880
2220,37.0517,27.237,1377438180
2220,37.0334,27.4361,1377367860
2220,37.0395,27.2668,1377359040
2220,37.0545,27.2357,1377264480
2220,37.0336,27.436,1377238920
2220,40.9075,29.3158,1377188820
2220,40.9903,29.0248,1376937300
2220,41.0192,28.9965,1376929740
2220,41.0454,28.9923,1376838900
2220,41.0454,28.9923,1376832720
2220,41.0252,28.979,1376420100
2220,41.0921,29.0508,1376070180
2220,41.0212,28.9738,1375980720
2220,41.1207,29.069,1375625400
2220,41.0567,29.0157,1375359540
2220,41.0462,28.9902,1375127160
2220,41.1204,29.0691,1375016340
2220,41.0995,29.0542,1375015320
2220,41.0503,29.0524,1374729600
2220,41.0318,28.9818,1374681780
2220,41.0323,28.9833,1374329640
2220,40.97,29.0387,1374254040
2220,41.0318,28.9838,1373795460
2220,40.8847,29.0692,1373733540
2220,40.8808,29.0697,1373728440
2220,40.881,29.0787,1373726160
2220,41.0357,28.9838,1373361180
2220,41.0311,28.9827,1373136840
2220,40.9932,29.022,1372869780
2220,38.3202,26.3042,1372586880
2220,38.2389,26.3727,1372581600
2220,38.338,26.3125,1372501560
2220,38.338,26.3125,1372491540
2220,41.0321,28.9877,1370985780
2220,41.0425,28.9883,1370985660
2220,41.0387,28.984,1370985600
2220,41.0372,28.9875,1370970480
2220,41.0324,28.9874,1370777400
2220,41.0368,28.9873,1370715660
2220,41.0375,28.9875,1370502840
2220,41.0334,28.984,1370371860
2220,41.0342,28.9887,1370180760
2220,41.0312,28.9826,1370098680
2220,41.033,28.9842,1370090100
2220,41.1042,29.0175,1369497900
2220,41.1622,28.9965,1369493820
2220,41.0342,29.045,1369326720
2220,41.0351,28.982,1369285200
2220,41.0329,28.9857,1369243380
2220,36.861,31.048,1368376140
2220,36.8542,31.036,1368298140
2220,36.8577,31.0357,1368287760
2220,36.8568,31.0364,1368228900
2220,36.8331,31.1417,1368185460
2220,41.0508,28.9928,1368040680
2220,41.0436,29.0044,1367075880
2220,41.1913,29.0082,1366544400
2220,41.23,29.1112,1366533240
2220,41.0307,28.9851,1366408620
2220,41.0355,28.9837,1366227420
2220,40.9645,29.106,1365956220
2220,41.0512,28.9823,1365922740
2220,41.0512,28.9823,1365920640
2220,41.185,29.0765,1365845820
2220,41.0318,28.9862,1365575100
2220,41.0343,28.983,1365245520
2220,41.0248,28.9785,1365204240
2220,40.9408,29.1115,1365013620
2220,41.0248,28.9785,1364930640
2220,41.0165,29.0023,1364922420
2220,41.03,28.9485,1364725380
2220,41.1132,29.0613,1364633520
2220,40.9537,29.0948,1364491800
2220,41.0332,28.9852,1364333340
2220,41.0267,28.9753,1364038860
2220,41.0401,28.9923,1363654440
2220,41.0333,28.9807,1363477080
2220,41.0308,28.9725,1363473300
2220,40.9425,29.1093,1363113060
2220,40.9415,29.1113,1363094040
2220,41.1258,29.0708,1362913020
2220,41.0273,28.9758,1361711700
2220,41.032,28.9877,1361421780
2220,41.034,28.9797,1360870800
2220,41.0341,28.9797,1360864920
2220,40.9583,29.0397,1360824000
2220,40.9407,29.1115,1359045180
2220,40.9524,29.0925,1356020280
2220,41.0308,28.9856,1355524800
2220,41.0362,28.981,1355420580
2220,41.027,28.9757,1354466580
2220,41.033,28.9825,1354440960
2220,41.034,28.9798,1354369140
2220,41.0324,28.9874,1354349940
2220,41.0313,28.9752,1354318200
2220,40.9959,29.0194,1354213140
2220,41.0258,28.9813,1353247920
2220,40.9522,29.0932,1353083400
2220,41.0349,28.982,1352916240
2220,41.0312,28.9826,1352748420
2220,41.0333,28.9815,1352648340
