2222,51.5352,0.02,1377454440
2222,51.5107,0.1377,1377385680
2222,51.5323,0.2367,1377204540
2222,38.8878,1.4063,1376445000
2222,51.1557,0.1635,1376423460
2222,51.5449,0.2217,1376409780
2222,51.5449,0.2217,1376382780
2222,51.5408,0.1445,1376249580
2222,51.5135,0.1392,1376237220
2222,51.5226,0.1063,1375996680
2222,51.543,0.1489,1375470120
2222,51.5085,0.1679,1373989800
2222,51.4942,0.1005,1373207340
2222,51.5366,0.192,1373160540
2222,51.4586,0.144,1373125680
2222,51.459,0.1433,1373122740
2222,51.516,0.1201,1372346700
2222,51.5449,0.2217,1371767040
2222,51.5041,0.1009,1371416640
2222,51.5337,0.0677,1371414960
2222,51.5337,0.0677,1371377580
2222,51.5337,0.0677,1371374760
2222,51.5337,0.0677,1371372780
2222,51.5108,0.1316,1371231420
2222,51.5113,0.2244,1370797740
2222,51.3529,0.1065,1370721600
2222,51.3751,0.0837,1370714640
2222,51.5254,0.1469,1370539500
2222,51.5097,0.2224,1369867260
2222,51.5036,0.1425,1369653600
2222,51.5025,0.1388,1369644960
2222,51.504,0.003,1369491660
2222,51.41,0.0251,1368919200
2222,51.5211,0.0727,1367864100
2222,51.5321,0.2434,1367848020
2222,51.5159,0.1281,1367776620
2222,51.5159,0.1281,1367776500
2222,51.5159,0.1281,1367776260
2222,51.5159,0.1281,1367776140
2222,51.5159,0.1281,1367776020
2222,51.4632,0.1333,1367605800
2222,51.5143,0.1347,1367503920
2222,51.5143,0.1406,1367499720
2222,51.4654,0.115,1365899280
2222,51.2139,0.2471,1365288180
2222,51.2139,0.2471,1365279900
2222,51.5244,0.1239,1361293560
2222,51.4726,0.451,1360657620
2222,51.4726,0.451,1359967380
2222,51.4726,0.451,1359963960
2222,51.6765,0.1765,1354136520
2222,55.0059,1.4252,1354092480
2222,55.0069,1.4265,1354052280
2222,55.0069,1.4265,1354052100
2222,51.503,0.0041,1352639760
2222,51.5337,0.2341,1349078280
2222,51.5425,0.1734,1348833360
2222,51.5425,0.1734,1348828680
2222,51.5222,0.1609,1348082880
2222,36.4897,4.962,1347025020
2222,36.4873,4.9706,1347018120
2222,51.5109,0.0782,1346706660
2222,51.5109,0.0782,1346705580
2222,51.5472,0.1915,1346322900
2222,51.5222,0.1609,1346269920
2222,51.5321,0.2368,1346194020
2222,51.5321,0.2366,1346193960
2222,51.5992,0.2613,1345922640
2222,51.5242,0.202,1345652940
2222,51.5322,0.237,1345369920
2222,51.5321,0.2369,1345369800
2222,51.435,0.1039,1345252740
2222,51.5111,0.119,1345251720
2222,51.4615,0.1144,1343333400
2222,51.5394,0.1609,1340449080
2222,51.5372,0.1525,1338049560
2222,51.543,0.1489,1337966940
2222,51.5175,0.1372,1337345880
2222,51.5174,0.1371,1337296560
2222,51.5175,0.1373,1337296380
2222,51.5176,0.1373,1337291940
2222,51.5176,0.1373,1337288160
2222,51.5174,0.1371,1337283060
2222,36.6769,4.4925,1336334700
2222,36.5174,4.9792,1336326600
2222,36.4876,4.9523,1336071600
2222,36.4876,4.9523,1336071480
2222,36.4862,4.9543,1336070820
2222,51.1613,0.1793,1336033440
2222,51.1608,0.1781,1336033260
2222,51.1561,0.1572,1335989400
2222,51.5077,0.2217,1324571820
2222,51.5062,0.219,1324565760
