2233,33.4579,70.63,1378129020
2233,33.4327,70.6375,1377327840
2233,33.4579,70.6303,1377099060
2233,33.4579,70.63,1377091320
2233,33.4579,70.63,1376526600
2233,33.4319,70.6209,1376236440
2233,33.4471,70.6311,1376083800
2233,33.0465,71.6154,1375814400
2233,33.4578,70.63,1375407840
2233,33.4138,70.5846,1375313280
2233,33.4028,70.5785,1375034340
2233,33.4328,70.6372,1374815460
2233,33.4327,70.6375,1374445800
2233,33.4327,70.6375,1374298560
2233,33.4327,70.6375,1374207600
2233,33.4327,70.6375,1374204600
2233,33.4578,70.6303,1374125400
2233,33.4557,70.6299,1374106860
2233,33.3905,70.5456,1373915700
2233,33.4573,70.6294,1373901900
2233,33.458,70.63,1373868240
2233,33.4328,70.6373,1373609640
2233,33.4578,70.6301,1373254620
2233,33.4578,70.6301,1373235900
2233,33.4578,70.6301,1373228040
2233,33.4327,70.6375,1373088480
2233,33.4578,70.6301,1372779180
2233,33.4328,70.6373,1372774380
2233,33.4328,70.6373,1372774260
2233,33.4328,70.6373,1372774200
2233,33.4578,70.6301,1372702440
2233,33.4578,70.6302,1372539600
2233,33.4328,70.6372,1372370580
2233,33.4578,70.6301,1372304400
2233,33.4578,70.6301,1372048620
2233,33.4327,70.6372,1372023420
2233,33.4327,70.6372,1371975540
2233,33.4578,70.6301,1371792060
2233,33.4578,70.6301,1371774360
2233,33.4298,70.6252,1371704280
2233,33.4578,70.6301,1371695100
2233,33.4578,70.6301,1371617400
2233,33.5199,70.5873,1371519720
2233,33.4297,70.6133,1371508740
2233,33.4579,70.6304,1371500820
2233,33.4027,70.5764,1371404760
2233,33.4328,70.6373,1371360120
2233,33.4022,70.5767,1371319500
2233,33.4578,70.6301,1371210960
2233,33.5195,70.5945,1371162060
2233,33.4578,70.6301,1371142020
2233,33.4578,70.6301,1371101100
2233,33.4578,70.6301,1371096060
2233,33.4578,70.6301,1371091800
2233,33.4578,70.6301,1371090000
2233,33.4256,70.6111,1370959740
2233,33.4577,70.6295,1370924340
2233,33.5172,70.5919,1370890260
2233,33.4357,70.6251,1370828760
2233,33.4327,70.6373,1370757900
2233,33.4022,70.5767,1370717760
2233,33.5193,70.5953,1370693820
2233,33.5172,70.5919,1370491320
2233,33.4463,70.6457,1368254160
2233,33.4369,70.6609,1363150440
2233,33.5198,70.5872,1362943740
2233,33.422,70.6096,1355681340
2233,33.4194,70.6107,1354986060
2233,33.4193,70.6109,1354985760
2233,33.4198,70.6111,1354985040
2233,33.4214,70.6108,1354901100
2233,33.4321,70.6163,1354839720
2233,33.5197,70.587,1354681920
2233,33.4501,70.5751,1354678200
2233,33.4213,70.611,1354401780
2233,33.4217,70.6103,1354314840
2233,33.418,70.6036,1354281300
2233,33.5198,70.5873,1354249500
2233,33.4025,70.5793,1354118820
2233,33.4384,70.6447,1353895620
2233,33.4384,70.6447,1353876420
2233,33.4384,70.6447,1353840480
2233,33.4384,70.6447,1353827760
2233,33.4384,70.6447,1353796620
2233,33.439,70.6136,1353786540
2233,33.4502,70.6362,1353125580
2233,33.4233,70.6103,1353093060
2233,33.4148,70.5929,1352999700
2233,33.4209,70.6108,1352832540
2233,33.4385,70.6448,1352675400
2233,33.4385,70.6448,1352669160
2233,33.4385,70.6448,1352614680
2233,33.4385,70.6448,1352613240
2233,33.4218,70.6103,1352590140
2233,33.4364,70.6359,1352563020
2233,33.3851,70.6267,1352539080
2233,33.4559,70.6275,1352513580
2233,33.4218,70.6103,1352486880
2233,33.4037,70.5513,1352343540
2233,33.5169,70.5969,1352172180
2233,33.4385,70.6448,1352075880
2233,33.4313,70.6361,1352002440
2233,33.5198,70.588,1351995960
2233,33.4218,70.6103,1351970520
2233,33.4218,70.6103,1351888500
2233,33.4502,70.6362,1351832640
2233,33.3863,70.562,1351647660
2233,33.4218,70.6103,1351627860
2233,33.5198,70.5871,1351568760
2233,33.5408,70.5783,1351454040
2233,33.4218,70.6104,1351119540
2233,33.4218,70.6102,1351118940
2233,33.4218,70.6104,1351118700
2233,33.4185,70.6069,1351030200
2233,33.4213,70.611,1350927120
2233,33.4341,70.6351,1350697560
2233,33.5198,70.5872,1350360840
2233,33.5198,70.5872,1350360540
2233,33.4338,70.635,1350276720
2233,33.5198,70.5873,1349872980
2233,33.5198,70.5871,1349818320
2233,33.5199,70.5872,1349497380
2233,33.4502,70.6361,1349304420
2233,33.4506,70.6355,1349293500
2233,33.5198,70.5872,1349152140
2233,33.4315,70.6343,1348987740
2233,33.5198,70.5872,1348891260
2233,33.4353,70.6512,1348869540
2233,33.5199,70.5907,1348016460
2233,33.5202,70.5852,1347999000
2233,33.4381,70.6444,1347970440
2233,33.4385,70.6448,1347963660
2233,33.4385,70.6448,1347857520
2233,33.439,70.6448,1347796080
2233,33.4562,70.6499,1347760860
2233,33.413,70.5841,1347661680
2233,33.5199,70.5872,1347627840
2233,33.444,70.645,1347470580
2233,33.4378,70.6457,1347467940
2233,33.5199,70.5874,1347408180
2233,33.5178,70.5886,1347398460
2233,33.4433,70.6518,1347318180
2233,33.5187,70.5992,1347301500
2233,33.5183,70.5959,1347283080
2233,33.52,70.5873,1347247980
2233,33.4338,70.6351,1347229320
2233,33.4012,70.5772,1347203940
2233,33.401,70.5774,1347117840
2233,33.52,70.5872,1346900100
2233,33.52,70.5873,1346822640
2233,33.4359,70.672,1346632980
2233,33.4359,70.672,1346632860
2233,33.4385,70.6708,1346625720
2233,33.4392,70.6686,1346624760
2233,33.5172,70.5919,1346521020
2233,33.4489,70.637,1346351400
2233,33.4503,70.6365,1346272200
2233,33.52,70.5873,1346127660
2233,33.5169,70.5995,1346121180
2233,33.4501,70.6368,1346020140
2233,33.4498,70.6357,1346018580
2233,33.4497,70.6336,1346018460
2233,33.4442,70.6424,1345846860
2233,33.5199,70.5873,1345672500
2233,33.4365,70.6243,1345648620
2233,33.4365,70.6243,1345648620
2233,33.4365,70.6243,1345648560
2233,33.5471,70.6447,1345541460
2233,33.4364,70.6444,1345504680
2233,33.4494,70.6353,1345449480
2233,33.4501,70.6355,1345448580
