2234,35.2783,149.1316,1378022640
2234,35.4093,149.1008,1377874320
2234,35.2785,149.1318,1377864120
2234,35.4088,149.1009,1377778800
2234,35.4091,149.1009,1377523140
2234,35.4094,149.1002,1377514500
2234,35.2764,149.1259,1377403560
2234,35.396,149.1159,1377084660
2234,35.4092,149.1007,1377007440
2234,35.3025,149.1255,1376868780
2234,35.4094,149.1009,1376574360
2234,35.4089,149.1009,1376483400
2234,35.4088,149.1009,1376313060
2234,35.4092,149.1008,1376293980
2234,35.4023,149.0989,1375657320
2234,35.2763,149.1261,1374988080
2234,35.4092,149.1008,1374829140
2234,35.2777,149.1311,1374722160
2234,35.2777,149.1311,1374550920
2234,35.4088,149.1013,1374458580
2234,35.4089,149.101,1374399120
2234,35.4089,149.101,1374144600
2234,35.4091,149.101,1373889180
2234,35.2774,149.1292,1373718540
2234,35.4089,149.1011,1373464380
2234,35.2792,149.1299,1373124420
2234,35.4092,149.101,1372891800
2234,35.4093,149.1008,1372563540
2234,35.4092,149.1007,1372475760
2234,35.4056,149.1021,1372197600
2234,35.4092,149.101,1372160760
2234,35.3368,149.0851,1372156080
2234,35.4092,149.1011,1372139640
2234,35.4094,149.101,1371992100
2234,35.4093,149.1006,1371805740
2234,35.2777,149.1311,1371604680
2234,35.4092,149.1008,1371386100
2234,35.4092,149.101,1371300780
2234,35.2777,149.131,1371102000
2234,35.2777,149.1309,1371008280
2234,35.3368,149.0851,1370996460
2234,35.4088,149.1013,1370950920
2234,35.4089,149.1013,1370950620
2234,35.3957,149.0818,1370905680
2234,35.4093,149.1008,1370767320
2234,35.4093,149.1007,1370432400
2234,35.4092,149.1008,1370175600
2234,35.2777,149.131,1369793940
2234,35.4091,149.1011,1369665600
2234,35.4089,149.1011,1369660020
2234,35.4092,149.1008,1369569600
2234,35.2845,149.1241,1369444080
2234,35.3631,149.0925,1369311000
2234,35.4091,149.1011,1369305780
2234,35.4092,149.1007,1369057380
2234,35.4089,149.1011,1368970860
2234,35.4089,149.1011,1368925800
2234,35.4092,149.1008,1368860100
2234,35.4089,149.1011,1368627600
2234,35.2777,149.1311,1368077220
2234,35.2777,149.1312,1367899380
2234,35.4089,149.1011,1367803740
2234,33.8981,151.2149,1367636280
2234,35.4082,149.1011,1367501280
2234,35.3917,149.0874,1366758540
2234,35.2777,149.1313,1366675080
2234,35.1562,149.1442,1366631460
2234,35.4093,149.1007,1366210260
2234,35.408,149.1006,1366175520
2234,35.4045,149.0986,1366102500
2234,35.4089,149.1012,1366029540
2234,35.4092,149.1008,1365938940
2234,35.4077,149.1005,1365931800
2234,35.4088,149.1012,1365599340
2234,35.4092,149.1008,1365508560
2234,35.4092,149.1007,1365501000
2234,35.4082,149.1004,1365427200
2234,35.4089,149.101,1365424380
2234,35.4092,149.1007,1365125280
2234,35.4079,149.1027,1365058920
2234,35.4092,149.1008,1365037920
2234,35.4088,149.1012,1364974080
2234,35.3465,149.0873,1364959920
2234,35.4081,149.1007,1364898420
2234,35.4088,149.1012,1364811300
2234,35.4088,149.1012,1364799660
2234,35.409,149.1011,1364798460
2234,35.4088,149.1012,1364647440
2234,35.4088,149.1013,1364633280
2234,35.4088,149.1013,1364631900
2234,35.4087,149.1011,1364631600
2234,35.3506,149.0869,1364420220
2234,35.4087,149.1013,1364329080
2234,35.4092,149.1007,1364217240
2234,35.4088,149.1013,1364210700
2234,35.4092,149.1008,1364086140
2234,35.4093,149.1007,1363990500
2234,35.4083,149.1013,1363934340
2234,35.3438,149.0874,1363814640
2234,35.4088,149.1013,1363695600
2234,35.4083,149.1007,1363608600
2234,35.4093,149.1007,1363519680
2234,35.4076,149.1012,1363481520
2234,35.4078,149.1015,1363406580
2234,35.4089,149.1009,1363335180
2234,35.4088,149.1013,1363263060
2234,35.4076,149.1012,1363243980
2234,35.4091,149.1009,1363222080
2234,35.4076,149.1012,1363153800
2234,35.4077,149.1012,1363048800
2234,33.8825,151.2051,1362954420
2234,33.881,151.217,1362946080
2234,33.882,151.206,1362869340
2234,33.9107,151.2313,1362832500
2234,33.8822,151.2058,1362790380
2234,35.4071,149.1011,1362213000
2234,35.409,149.1013,1362210420
2234,35.4087,149.1013,1362124380
2234,35.4088,149.1013,1362095700
2234,33.8813,151.2178,1361741400
2234,33.8851,151.2084,1361672700
2234,33.8647,151.1997,1361599020
2234,33.8978,151.2199,1361571240
2234,33.898,151.2157,1361533860
2234,33.8982,151.2157,1361513640
2234,35.409,149.1011,1361449560
2234,35.3659,149.0924,1361416020
2234,35.2759,149.1296,1361188260
2234,35.3117,149.1338,1360982760
2234,35.3201,149.1338,1360653240
2234,35.4088,149.1013,1360490460
2234,35.4092,149.1008,1360479660
2234,35.4075,149.1011,1360324860
2234,35.4092,149.1007,1360266960
2234,35.4079,149.1009,1360233720
2234,35.4092,149.1007,1359981780
2234,35.3134,149.099,1359945600
2234,35.4086,149.1014,1359619560
2234,35.4088,149.1013,1359619140
2234,35.3185,149.0958,1359511200
2234,35.4077,149.1017,1359372660
2234,35.4088,149.1013,1359280260
2234,35.4091,149.1008,1359059760
2234,35.4087,149.1022,1358892360
2234,35.4092,149.1008,1358852520
2234,35.4093,149.1007,1358680620
2234,35.408,149.1014,1358423940
2234,35.3198,149.0948,1358397660
2234,35.3205,149.093,1358130960
2234,35.4078,149.1017,1357966860
2234,35.4092,149.1007,1357847100
2234,35.3198,149.0946,1357766460
2234,35.3118,149.1332,1357636500
