2250,39.968,0.2603,1377703920
2250,46.1892,6.1386,1374511980
2250,46.2138,6.1728,1374430920
2250,46.1906,6.1365,1374262080
2250,46.1892,6.1386,1374211980
2250,46.1892,6.1386,1373877840
2250,46.1891,6.1385,1373797920
2250,46.2058,6.145,1373723460
2250,46.2062,6.1457,1373723220
2250,46.206,6.1475,1373722980
2250,46.2014,6.2066,1373572800
2250,46.1892,6.1386,1373462760
2250,46.1892,6.1386,1373458680
2250,46.1967,6.1879,1373441520
2250,46.2429,6.0219,1373441400
2250,46.1923,6.2014,1373402160
2250,46.1891,6.1386,1373361780
2250,46.1891,6.1386,1373224560
2250,46.2138,6.1728,1373224200
2250,46.1985,6.2481,1373223600
2250,46.2138,6.1728,1373223240
2250,46.1892,6.1386,1373184540
2250,46.2026,6.1316,1373146620
2250,46.1891,6.1385,1373108460
2250,46.1891,6.1385,1373099880
2250,46.2226,6.1386,1373045280
2250,46.1892,6.1386,1373039580
2250,46.1891,6.1386,1373003160
2250,46.169,6.1264,1373002440
2250,39.968,0.2603,1372671480
2250,39.9703,0.2624,1372263180
2250,39.8653,0.0739,1372253220
2250,39.9701,0.2625,1370873400
2250,39.968,0.2603,1370787060
2250,39.968,0.2603,1370597640
2250,39.9701,0.2624,1370462940
2250,39.968,0.2603,1370348040
2250,39.968,0.2603,1370271120
2250,39.8669,0.0631,1370168100
2250,39.968,0.2603,1367434620
2250,39.9701,0.2625,1367422200
2250,39.9354,0.1016,1366877520
2250,39.9354,0.1016,1364309340
2250,39.968,0.2603,1363695720
2250,39.968,0.2603,1362759720
