2252,29.7148,98.0948,1378012980
2252,29.8623,98.1567,1378002900
2252,29.8621,98.1569,1378002780
2252,29.8255,97.9842,1376812860
2252,29.9011,97.9146,1376681640
2252,29.901,97.9146,1376675100
2252,30.2666,97.7457,1376638560
2252,29.9011,97.9146,1375521480
2252,29.9002,97.913,1375508340
2252,30.2666,97.7457,1375428120
2252,29.9033,97.9146,1375143120
2252,28.886,99.0892,1373682780
2252,29.9035,97.9144,1373274540
2252,29.826,97.9845,1371712200
2252,29.9034,97.9145,1371089220
2252,29.9036,97.9146,1371012240
2252,29.5181,98.4945,1367964360
2252,29.9034,97.9145,1367879580
2252,29.9034,97.9144,1367215620
2252,29.9034,97.9145,1366354320
2252,29.9035,97.9145,1366354140
2252,29.9034,97.9144,1365840120
2252,29.9035,97.9144,1365139860
2252,29.8529,97.9533,1363995840
2252,29.9045,97.914,1363563060
2252,29.9034,97.9144,1363236060
2252,29.9035,97.9145,1362552600
2252,29.9045,97.914,1362190440
2252,29.9034,97.9143,1361258640
2252,29.9035,97.9144,1361145960
2252,29.9034,97.9143,1360464540
2252,29.9034,97.9146,1360297920
2252,29.9035,97.9144,1360129440
2252,29.8849,97.9414,1360039380
2252,29.879,97.932,1358109180
2252,29.8947,97.922,1358061960
2252,29.9035,97.9145,1357971120
2252,28.886,99.0892,1357242960
2252,29.0523,99.008,1356283320
2252,29.9045,97.914,1355609640
2252,29.9045,97.914,1355565720
2252,29.9026,97.9151,1355437500
2252,29.9037,97.9142,1354990500
2252,29.9034,97.9145,1354598460
2252,29.9036,97.9142,1354524840
2252,29.8511,97.9495,1354439400
2252,29.8848,97.9364,1354422540
2252,29.9035,97.9145,1354222740
2252,28.8768,99.0828,1353625500
2252,29.9045,97.914,1353263760
2252,29.9045,97.914,1353203880
2252,29.9034,97.9144,1352630640
2252,29.8498,97.9493,1352626620
2252,29.85,97.949,1352626020
2252,29.85,97.9492,1352622660
2252,29.8498,97.949,1352619060
2252,29.8499,97.9492,1352617200
2252,29.8894,97.9091,1351662060
2252,29.9045,97.914,1351628100
2252,29.8954,97.909,1351453860
2252,30.3259,97.7139,1351450380
2252,29.9035,97.9144,1350668580
2252,29.8913,97.9253,1350168900
2252,29.9035,97.9144,1349575320
2252,28.886,99.0892,1349099340
2252,28.8857,99.0891,1349046960
2252,28.8979,99.0899,1348864740
2252,28.8768,99.0827,1347830820
2252,28.8767,99.0828,1347669540
2252,29.8899,97.9396,1347488520
2252,29.89,97.9313,1347319560
2252,29.9045,97.914,1347168600
2252,29.8945,97.9127,1346716920
2252,29.9033,97.9143,1346578620
2252,29.9043,97.9103,1346372100
2252,29.8871,97.9264,1346115120
2252,29.9043,97.9103,1345960680
2252,29.9043,97.9103,1345779300
2252,29.8879,97.9345,1343516820
2252,29.9043,97.9103,1342120560
2252,28.886,99.0895,1339867620
2252,29.8884,97.94,1339430640
2252,29.9042,97.8999,1339392960
2252,29.8888,97.9427,1338844620
2252,28.886,99.0894,1336950300
2252,29.4379,98.647,1336688280
2252,29.887,97.9437,1336596480
2252,29.887,97.9437,1336252740
2252,29.887,97.9437,1336009200
2252,29.887,97.9437,1336009020
2252,28.8738,99.109,1335658440
2252,29.8888,97.9337,1335495960
2252,29.8839,97.9406,1334285760
2252,29.8744,97.9382,1334205840
2252,29.8871,97.9442,1334029020
2252,29.8866,97.9447,1334023560
2252,28.886,99.0893,1333915920
2252,28.8921,99.0915,1333910340
2252,29.8869,97.9444,1333512240
2252,29.887,97.9449,1333498200
