2261,54.8028,6.3345,1378329120
2261,54.8028,6.3347,1378074420
2261,54.8027,6.3345,1378073820
2261,54.5049,5.8354,1377896580
2261,54.83,6.3265,1377715680
2261,54.8027,6.3346,1377709860
2261,33.8573,151.2151,1377679680
2261,54.8025,6.3348,1377646440
2261,54.8028,6.3347,1377555480
2261,54.8018,6.334,1377370560
2261,54.8028,6.3348,1377304560
2261,54.8642,6.2755,1377277080
2261,51.5037,0.1195,1377111000
2261,51.4665,0.1653,1377023460
2261,55.2052,6.652,1376858760
2261,55.196,6.6707,1376843400
2261,55.1962,6.6697,1376776920
2261,54.803,6.3349,1376603580
2261,54.8027,6.3344,1376520360
2261,54.8661,6.2745,1376399460
2261,54.8026,6.3345,1376327460
2261,54.8026,6.3344,1376253120
2261,54.6013,5.85,1376217180
2261,54.8033,6.334,1376170080
2261,54.6012,5.85,1376125320
2261,55.2078,6.6573,1375050060
2261,33.8698,151.194,1374690480
2261,54.8027,6.335,1374192600
2261,54.8025,6.3348,1374097860
2261,54.8025,6.3343,1374080640
2261,54.8027,6.3352,1373925240
2261,54.8027,6.3345,1373670840
2261,54.8027,6.3345,1373578560
2261,54.803,6.3348,1373565360
2261,54.8027,6.3355,1373316060
2261,25.244,55.3702,1373249700
2261,33.9383,151.1686,1373167560
2261,33.8471,151.0634,1373122500
2261,33.8465,151.0641,1373111820
2261,33.8465,151.0643,1373105040
2261,33.8573,151.2419,1373008980
2261,33.8587,151.2126,1372988820
2261,33.8912,151.2753,1372918920
2261,35.2375,149.1253,1372762620
2261,37.8162,144.957,1372656360
2261,37.82,144.9834,1372583340
2261,37.8169,144.9538,1372508760
2261,37.8179,144.9683,1372491000
2261,37.8073,144.9614,1372481280
2261,37.8495,144.9653,1372384140
2261,35.2277,149.1153,1372314240
2261,28.0043,153.4315,1371986340
2261,27.4647,153.0092,1371904020
2261,27.4647,153.0092,1371903300
2261,27.4646,153.0085,1371903240
2261,27.4706,153.0261,1371880680
2261,27.4711,153.0253,1371808800
2261,27.4716,153.028,1371787860
2261,27.2813,152.981,1371678900
2261,27.4718,153.0222,1371631020
2261,35.2467,149.1033,1371525900
2261,35.2275,149.1153,1371439200
2261,35.2277,149.1154,1371390300
2261,35.2277,149.1153,1371359880
2261,35.3465,149.098,1371283860
2261,35.2275,149.1154,1371192900
2261,35.2497,149.0707,1370955360
2261,35.3173,149.1377,1370775000
2261,35.2277,149.1153,1370614800
2261,33.8704,151.2089,1370507940
2261,33.8471,151.0634,1370442720
2261,33.8573,151.2151,1370441820
2261,35.2277,149.1154,1369810800
2261,35.275,149.1327,1369721700
2261,35.25,149.0688,1369464840
2261,35.2277,149.1155,1368943440
2261,35.2801,149.1333,1368761040
2261,35.2277,149.1156,1368615360
2261,35.2277,149.1153,1368535860
2261,35.2448,149.1005,1368340440
2261,35.2277,149.1154,1368212520
2261,35.2276,149.1155,1368174360
2261,35.1892,149.1265,1368094500
2261,35.2276,149.1154,1368080040
2261,35.1887,149.1257,1367999580
2261,35.25,149.1026,1367743800
2261,35.1767,149.0993,1367654760
2261,35.2276,149.1155,1367636820
2261,35.222,149.104,1367565180
2261,35.2278,149.1154,1367507520
2261,35.2276,149.1156,1367164440
2261,35.25,149.1026,1367063340
2261,35.2276,149.1153,1366963860
2261,35.2311,149.1104,1366948860
2261,35.2277,149.1154,1366621020
2261,35.2382,149.0648,1366607040
2261,35.25,149.1026,1366375440
2261,35.2298,149.1115,1366210200
2261,35.2191,149.1088,1366113480
2261,35.2994,149.0998,1366028700
2261,35.2998,149.102,1365999780
2261,35.2994,149.0998,1365927600
2261,35.25,149.1026,1365854700
2261,35.2495,149.068,1365841140
2261,35.2701,149.1583,1365769980
2261,35.2277,149.1154,1365711660
2261,35.2274,149.1149,1365572880
2261,1.363,103.9895,1365498120
2261,50.0504,8.588,1365451560
2261,50.0488,8.5795,1365450900
2261,54.8028,6.3347,1365369000
2261,54.8026,6.3345,1365347400
2261,54.8368,6.2985,1365189600
2261,54.8075,6.3367,1365097260
2261,54.5557,5.9588,1365018480
2261,54.8028,6.3346,1364934300
2261,55.1985,6.6675,1364744400
2261,54.8777,6.3475,1364684580
2261,54.8777,6.3473,1364683620
2261,53.3333,6.2428,1364411040
2261,54.8647,6.2753,1364222280
2261,54.8028,6.3348,1364083260
2261,54.8163,6.1835,1364046660
2261,54.803,6.335,1364002500
2261,54.8166,6.1834,1363979760
2261,54.5949,5.8671,1363954380
2261,54.8028,6.3347,1363945620
2261,54.8588,6.3435,1363905000
2261,54.8569,6.2848,1363787580
2261,54.8028,6.3347,1363646940
2261,54.8027,6.3345,1363476060
2261,54.8026,6.3348,1363385220
2261,54.8028,6.3347,1363378560
2261,54.8027,6.3353,1363111560
2261,55.1683,6.7598,1363040160
2261,54.8026,6.3348,1362957000
2261,54.8027,6.3347,1362938280
2261,54.8023,6.3343,1362931020
2261,54.8028,6.3345,1362911280
2261,53.3358,6.2278,1362869520
2261,54.8028,6.3347,1362769860
2261,54.8564,6.2864,1362764340
2261,54.5812,5.9452,1362688560
2261,54.8028,6.3346,1362681300
2261,54.8027,6.3348,1362473280
2261,54.8027,6.3345,1362345120
2261,54.8217,6.31,1362338760
2261,54.8025,6.3337,1362271440
2261,54.5768,5.9052,1362169140
2261,54.8027,6.3348,1362129240
2261,54.8026,6.3343,1362076920
2261,54.8646,6.2755,1362054840
2261,54.8362,6.3192,1362009420
2261,54.8028,6.3348,1361903760
2261,52.4533,1.7372,1361822820
2261,54.6595,6.2178,1361774760
2261,54.8027,6.3347,1361470800
2261,54.8647,6.2753,1361383260
2261,54.8027,6.3345,1361221980
2261,54.8026,6.3345,1361211420
2261,54.8322,6.3363,1361193300
2261,54.7152,6.2403,1361143980
2261,54.715,6.2403,1361124720
2261,54.8292,6.3565,1361048760
2261,54.803,6.3353,1361037960
2261,54.5825,5.946,1360978680
2261,54.8689,6.2633,1360876740
2261,54.8688,6.2635,1360876380
2261,54.8643,6.2752,1360857780
2261,54.8028,6.3347,1360707840
2261,54.8028,6.3347,1360610460
2261,54.8028,6.3347,1360532760
2261,54.8028,6.3347,1360443780
2261,54.8027,6.3343,1360411080
2261,54.8558,6.2862,1360343580
2261,54.8555,6.2868,1360252740
2261,54.8337,6.3053,1360143840
2261,54.8025,6.3338,1360052640
2261,54.8026,6.3345,1360001760
2261,54.8028,6.3347,1359933660
2261,54.8585,6.286,1359888660
2261,54.8008,6.3333,1359806760
2261,54.5833,5.896,1359747600
2261,54.8028,6.3346,1359672060
2261,54.8647,6.2753,1359654060
2261,54.8442,6.3004,1359493320
2261,53.93,6.4021,1359474600
2261,54.865,6.2749,1359381900
2261,54.8027,6.3345,1359361200
2261,54.803,6.3343,1359321600
2261,54.8028,6.3347,1359225480
2261,54.8553,6.312,1359155160
2261,54.8644,6.2753,1358953920
2261,54.8028,6.3348,1358901360
2261,54.8027,6.3343,1358810760
2261,54.8027,6.3347,1358694780
2261,54.8617,6.2717,1358535660
2261,54.8028,6.3348,1358463300
2261,54.8029,6.3344,1358111340
2261,54.883,6.3007,1358075520
2261,54.8372,6.3059,1357985160
2261,54.8025,6.3342,1357946820
2261,54.5767,5.9052,1357934520
2261,54.8027,6.3347,1357807740
2261,54.6013,5.915,1357774140
2261,54.6033,5.9155,1357762320
2261,54.8028,6.3347,1357756020
2261,54.85,6.2848,1357744020
2261,54.8025,6.3345,1357673400
2261,54.8027,6.3344,1357489380
2261,54.505,5.8355,1357435020
2261,54.5113,5.8377,1357427640
2261,54.8062,6.3321,1357382760
2261,54.8488,6.3298,1357155300
2261,54.8028,6.3345,1357131840
2261,54.8027,6.3347,1356970200
2261,54.803,6.3348,1356880440
2261,54.8452,6.294,1356728220
2261,54.8028,6.3343,1356722760
2261,54.8028,6.3349,1356648840
2261,54.8748,6.2982,1356542820
2261,54.8028,6.3345,1356534300
2261,54.8028,6.3344,1356529740
2261,54.8025,6.3339,1356521220
2261,54.8028,6.3345,1356480000
2261,54.805,6.3543,1356475260
2261,54.8028,6.3345,1356435660
2261,54.8028,6.3345,1356426660
2261,54.8025,6.3347,1356424740
2261,54.8029,6.3346,1356384000
2261,54.8027,6.3348,1356373740
2261,54.8062,6.3376,1356270960
2261,54.8029,6.3347,1356223080
2261,54.5593,5.892,1356221940
2261,54.5767,5.9043,1356133680
2261,54.5815,5.8982,1356124320
2261,54.8027,6.3345,1356040620
2261,54.8028,6.3346,1356038820
2261,54.8652,6.2757,1355940900
2261,54.8645,6.2752,1355869980
2261,54.8028,6.3347,1355868120
2261,54.8615,6.2783,1355764860
2261,54.8028,6.3348,1355673000
2261,54.825,6.3248,1355658120
2261,54.8028,6.3345,1355652960
2261,54.8027,6.3345,1355472600
2261,54.8592,6.2845,1355429400
2261,54.5768,5.9048,1355352660
2261,54.8028,6.3335,1355253600
2261,54.8027,6.3345,1355180700
2261,54.8027,6.3347,1355127000
2261,54.8028,6.3345,1355086920
2261,54.8026,6.3348,1354966860
2261,54.8028,6.3345,1354818720
2261,54.8028,6.3347,1354657380
2261,54.8647,6.2753,1354612440
2261,54.8028,6.3347,1354609980
2261,54.8727,6.279,1354558020
2261,54.8647,6.2749,1354526400
2261,54.8028,6.3346,1354463340
2261,54.8028,6.3347,1354461660
2261,54.8027,6.3345,1354364520
2261,54.8027,6.3344,1354364160
2261,54.8027,6.3347,1354302480
2261,54.8645,6.2752,1354300620
2261,54.8027,6.335,1354230660
2261,54.8028,6.3348,1354136220
2261,54.8027,6.3345,1354133040
2261,54.8027,6.3347,1354093560
2261,54.8647,6.2752,1354025520
2261,54.8282,6.3238,1354008300
2261,54.8028,6.3348,1353961020
2261,54.8027,6.3344,1353918060
2261,55.196,6.6707,1353862260
2261,54.8787,6.245,1353773940
2261,54.8027,6.3345,1353749460
2261,54.8027,6.3347,1353625380
2261,54.8028,6.3345,1353611040
2261,54.8288,6.3233,1353487140
2261,54.8028,6.3349,1353440460
2261,54.8662,6.2745,1353422820
2261,54.8027,6.3347,1353413160
2261,54.8028,6.3345,1353349380
2261,54.873,6.2803,1353334800
2261,54.8027,6.3345,1353313320
2261,54.8027,6.3348,1353259020
2261,54.8028,6.3352,1353255240
2261,54.803,6.3344,1353172140
2261,54.8565,6.2838,1353093180
2261,54.8637,6.2763,1353090540
2261,54.8027,6.3345,1353053880
2261,54.8031,6.3346,1353013920
2261,54.8028,6.3347,1352926860
2261,54.8028,6.3347,1352923620
2261,54.864,6.2753,1352887320
2261,54.803,6.3345,1352839740
2261,54.7683,6.228,1352757900
2261,54.8027,6.3345,1352708280
2261,54.8027,6.3345,1352659020
2261,54.707,6.2385,1352587200
2261,54.8027,6.3347,1352550900
2261,54.8568,6.286,1352463180
2261,54.8647,6.2753,1352391720
2261,54.803,6.3349,1352328000
2261,54.8028,6.3346,1352151720
2261,54.8027,6.3345,1352149740
2261,54.8027,6.3345,1352102700
2261,54.8028,6.3348,1352065620
2261,54.8029,6.3346,1352059920
2261,54.8028,6.335,1351981920
2261,54.8029,6.3345,1351725300
2261,54.8647,6.2753,1351722600
2261,54.8563,6.2852,1351713060
2261,54.8027,6.3345,1351661820
2261,54.8028,6.3347,1351649460
2261,54.8646,6.2753,1351638000
2261,54.8027,6.3343,1351498680
2261,54.8026,6.3344,1351462980
2261,54.6125,5.9212,1351448040
2261,54.8028,6.3348,1351437300
2261,54.8162,6.3287,1351421220
2261,54.8028,6.3347,1351362420
2261,54.8028,6.3347,1351288140
2261,54.8027,6.3342,1351153440
2261,54.8027,6.3345,1351119720
2261,54.857,6.2943,1351103460
2261,54.8728,6.2808,1351093380
2261,54.8028,6.3346,1351030260
2261,54.8027,6.3344,1351024980
2261,54.8027,6.3343,1350891060
2261,55.9012,4.3173,1350836160
2261,55.901,4.3172,1350820860
2261,55.8873,4.286,1350763500
2261,55.8763,4.2813,1350745860
2261,54.8028,6.3338,1349391120
2261,54.8012,6.3327,1349380320
2261,54.8003,6.3322,1349374020
2261,54.8027,6.3343,1349284560
2261,54.8027,6.3345,1349219940
2261,54.8028,6.3348,1349025840
2261,54.8027,6.3347,1348909020
2261,54.8027,6.3347,1348867320
2261,54.8448,6.2617,1348853880
2261,54.8647,6.2752,1348828140
2261,54.5842,5.9448,1348785540
2261,54.8645,6.2752,1348582980
2261,54.8338,6.3052,1348561860
2261,54.8028,6.335,1348520100
2261,54.8647,6.2755,1348502280
2261,54.8797,6.2432,1348337340
2261,54.8353,6.3028,1348248780
2261,54.8027,6.3345,1348173840
2261,55.1835,6.7185,1338152580
2261,51.4537,0.3412,1337441280
2261,54.577,5.905,1333131900
2261,54.5963,5.9325,1332966540
2261,54.5993,5.9292,1332966480
2261,54.5828,5.9328,1332951720
2261,54.583,5.9335,1332859440
2261,54.5824,5.9327,1332766020
