2282,58.6256,59.8151,1377047820
2282,53.8756,86.6458,1376758740
2282,56.4859,84.9467,1375279860
2282,56.4859,84.9467,1374953280
2282,56.4859,84.9467,1374851580
2282,56.4859,84.9467,1374803400
2282,56.4942,84.9426,1374682140
2282,56.4859,84.9467,1374434760
2282,56.4942,84.9426,1374314160
2282,56.4942,84.9426,1373815620
2282,56.4859,84.9467,1373557860
2282,56.4942,84.9426,1373420460
2282,56.4942,84.9426,1372212180
2282,56.4859,84.9467,1372090020
2282,56.4942,84.9426,1371898200
2282,56.4859,84.9467,1362053340
2282,56.4859,84.9467,1361361420
2282,56.4859,84.9467,1349617440
2282,56.4942,84.9426,1349352720
2282,56.4859,84.9467,1348836780
2282,56.4942,84.9426,1345393560
2282,56.4942,84.9426,1345132860
2282,56.4859,84.9467,1345043880
2282,56.4942,84.9426,1344966600
2282,56.4942,84.9426,1344871020
2282,56.4859,84.9467,1344777120
2282,56.4859,84.9467,1344707100
2282,56.4942,84.9426,1344608640
2282,56.4859,84.9467,1344444480
2282,56.4859,84.9467,1344016380
2282,56.4952,84.9477,1343670240
2282,58.6238,59.8518,1342812240
2282,58.6238,59.8518,1342544280
2282,58.6213,59.8555,1342516560
2282,58.6213,59.8555,1342418400
2282,58.6417,59.841,1342180740
2282,56.4942,84.9426,1341504900
2282,53.8755,86.6458,1314420540
2282,53.8755,86.6458,1314288060
2282,53.8755,86.6458,1313504040
2282,53.8755,86.6458,1313419140
2282,53.8755,86.6458,1313347020
2282,53.8755,86.6458,1313334060
2282,53.8755,86.6458,1313246820
2282,53.8755,86.6458,1313169360
2282,53.8755,86.6458,1313161020
2282,53.8755,86.6458,1312945140
2282,53.8755,86.6458,1312906620
2282,53.8755,86.6458,1312891920
2282,53.8755,86.6458,1312866060
2282,53.8755,86.6458,1312829400
2282,53.8755,86.6458,1312820160
2282,53.8755,86.6458,1312425840
2282,53.8755,86.6458,1312395780
2282,53.8755,86.6458,1312346280
2282,53.8755,86.6457,1312299660
2282,53.8755,86.6458,1312281720
2282,53.8755,86.6458,1312222500
2282,53.8755,86.6458,1312212720
2282,53.8755,86.6458,1312139220
2282,53.8755,86.6458,1312125480
2282,53.8755,86.6458,1312053660
2282,53.8755,86.6458,1312035720
2282,53.8755,86.6458,1311967020
2282,53.8755,86.6458,1311956640
2282,53.8755,86.6458,1311950760
2282,53.8755,86.6458,1311939600
2282,53.8756,86.6457,1311871740
2282,53.8755,86.6463,1311862140
2282,53.8755,86.6463,1311780000
2282,53.8755,86.6463,1311751200
2282,53.8755,86.6463,1311700320
2282,53.8755,86.6463,1311688140
2282,54.0011,86.5438,1311505140
2282,53.8755,86.6458,1311444780
2282,53.8755,86.6458,1311432240
2282,53.8755,86.6463,1311359160
2282,53.8755,86.6463,1311345540
2282,53.8755,86.6463,1311336240
2282,53.8755,86.6463,1311273240
2282,53.8755,86.6459,1311218340
2282,53.8755,86.646,1311176280
2282,53.8755,86.6463,1311103560
2282,53.8755,86.6463,1311075780
2282,53.8755,86.6463,1311012660
2282,53.8755,86.6463,1310992020
2282,54.0011,86.5438,1310126760
2282,53.8755,86.6459,1310099040
2282,53.8755,86.6463,1310056800
2282,53.8755,86.6463,1309970760
2282,53.8755,86.6459,1309926060
2282,53.8755,86.6463,1309887840
2282,53.8755,86.6463,1309818360
2282,53.8755,86.6463,1309803000
2282,53.8755,86.6463,1309793220
2282,53.8755,86.6459,1309764480
2282,53.8755,86.6463,1309721820
2282,53.8755,86.6463,1309711980
2282,53.8755,86.6463,1309620780
2282,53.8755,86.6463,1309579740
2282,53.8755,86.646,1309542360
2282,53.8755,86.6463,1309533180
2282,53.8756,86.6461,1309522980
2282,53.8755,86.6463,1309516260
2282,53.8755,86.6463,1309450140
2282,53.8755,86.6463,1309402560
2282,53.8755,86.6463,1309362180
2282,53.8754,86.6463,1309284060
2282,53.8754,86.6463,1309191060
2282,53.8754,86.6463,1309110180
2282,53.8754,86.6463,1309101000
2282,53.8754,86.6463,1309027200
2282,53.8754,86.6463,1309015320
2282,53.8754,86.6463,1308971340
2282,53.8754,86.6463,1308931560
2282,53.8754,86.6463,1308887280
2282,53.8754,86.6463,1308850620
2282,53.8754,86.6463,1308842400
2282,53.8754,86.6463,1308765660
2282,53.8754,86.6463,1308721500
2282,53.8754,86.6463,1308677820
2282,53.8755,86.6457,1308598380
2282,53.8754,86.6463,1308580020
2282,53.8754,86.6463,1308511860
2282,53.8755,86.646,1308501000
2282,53.8754,86.6463,1308482460
2282,53.8754,86.6462,1308425400
2282,53.8754,86.6462,1308325620
2282,53.8754,86.6462,1308253140
2282,53.8754,86.6462,1308237420
2282,53.8754,86.6462,1308191940
2282,53.8754,86.6462,1308171540
2282,53.8754,86.6462,1308156780
2282,53.8754,86.6461,1308076740
2282,53.8754,86.6462,1308064200
2282,53.8754,86.6462,1308063960
2282,53.8754,86.6461,1308003180
2282,53.8754,86.6461,1307977200
2282,53.8754,86.6461,1307944080
2282,53.8754,86.6461,1307891880
2282,53.8754,86.6462,1307889180
2282,53.8754,86.6462,1307871780
2282,53.8754,86.6461,1307811060
2282,53.8753,86.6446,1307803320
2282,53.8754,86.6462,1307799120
2282,53.8755,86.6463,1307784120
2282,53.8755,86.6463,1307733960
2282,53.8756,86.6457,1307719440
2282,53.8755,86.6463,1307715420
2282,53.8755,86.6463,1307711340
2282,53.8755,86.6463,1307643600
2282,53.8755,86.6463,1307631120
2282,53.8755,86.6463,1307630280
2282,53.8755,86.6463,1307621520
2282,53.8755,86.6463,1307611860
2282,53.8755,86.6463,1307546640
2282,53.8755,86.6463,1307544480
2282,53.8755,86.6463,1307529540
2282,53.8755,86.6463,1307527740
2282,53.8755,86.6463,1307473260
2282,53.8755,86.6463,1307459460
2282,53.8755,86.6463,1307459100
2282,53.8755,86.6463,1307448660
2282,53.8755,86.6463,1307443260
2282,53.8755,86.6463,1307371380
2282,53.8755,86.6463,1307371200
2282,53.8755,86.6463,1307368380
2282,53.8755,86.6462,1307354580
2282,53.8755,86.6462,1307346480
2282,53.8755,86.6462,1307303160
2282,53.8755,86.6462,1307284560
2282,53.8755,86.6462,1307284440
2282,53.8755,86.6462,1307284320
2282,53.8755,86.6462,1307267520
2282,53.8751,86.647,1307265840
2282,53.8751,86.647,1307265120
2282,53.8755,86.6462,1307251260
2282,53.8755,86.6462,1307200920
2282,53.8754,86.6458,1307190600
2282,53.8754,86.6461,1307168820
2282,53.8755,86.6462,1307111880
2282,53.8755,86.6462,1307111400
2282,53.8757,86.6448,1307110680
2282,53.8757,86.6448,1307109900
2282,53.8755,86.6462,1307088060
2282,53.8755,86.6462,1307029980
2282,53.8755,86.6462,1307024040
2282,53.8755,86.6462,1307021280
2282,53.8755,86.6462,1307021040
2282,53.8755,86.6462,1307015100
2282,53.8755,86.6462,1307014920
2282,53.8754,86.6457,1307003220
2282,53.8754,86.6457,1306997400
2282,53.8755,86.6462,1306956060
2282,53.8755,86.6462,1306941480
2282,53.8755,86.6462,1306921080
2282,53.8754,86.6463,1306853640
2282,53.8755,86.6462,1306840620
2282,53.8755,86.6462,1306839120
2282,53.8755,86.6462,1306834440
2282,53.8755,86.6462,1306834080
2282,53.8755,86.6462,1306767360
2282,53.8755,86.6462,1306730760
2282,53.8755,86.6462,1306675980
2282,53.8755,86.6462,1306674060
2282,53.8755,86.6462,1306670760
2282,53.8754,86.6461,1306665300
2282,53.8754,86.6461,1306665120
2282,53.8754,86.6461,1306665000
2282,53.8755,86.6462,1306648740
2282,53.8755,86.6462,1306599780
2282,53.8755,86.6462,1306594320
2282,53.8755,86.6462,1306521000
2282,53.8755,86.6462,1306505220
2282,53.8755,86.6462,1306501020
2282,53.8755,86.6462,1306419420
2282,53.8755,86.6462,1306411260
2282,53.8755,86.6462,1306409580
2282,53.8755,86.6462,1306406520
2282,53.8755,86.6462,1306404900
2282,53.8755,86.6462,1306400760
2282,53.8755,86.6462,1306337100
2282,53.8754,86.6463,1306332000
2282,53.8755,86.6462,1306245360
2282,53.8755,86.6462,1306230840
2282,53.8754,86.646,1306219380
2282,53.8755,86.6462,1306218060
2282,56.4737,84.954,1306149900
2282,53.8755,86.646,1305814500
2282,53.8755,86.646,1305813180
2282,53.8755,86.646,1305801900
2282,53.8755,86.646,1305739920
2282,53.8755,86.646,1305736980
2282,53.8755,86.646,1305726780
2282,53.8755,86.646,1305726360
2282,53.8755,86.646,1305639960
2282,53.8755,86.646,1305639660
2282,53.8755,86.646,1305625200
2282,53.8731,86.6376,1296922800
