2283,13.7391,100.5851,1378169700
2283,13.7391,100.5851,1378095060
2283,13.7391,100.5851,1378007820
2283,13.7459,100.5394,1377964800
2283,13.746,100.534,1377941880
2283,13.7465,100.5391,1377852600
2283,13.7423,100.5336,1377749640
2283,13.7309,100.5815,1377687960
2283,13.7309,100.5815,1377610860
2283,13.8395,100.4601,1377490620
2283,13.8947,100.4003,1377372840
2283,13.7425,100.5338,1377236640
2283,13.8395,100.4601,1377141300
2283,13.7417,100.5347,1377062520
2283,13.7311,100.5416,1376968920
2283,13.7146,100.4011,1376885280
2283,13.7005,100.5,1376820720
2283,13.9799,99.3123,1376797560
2283,14.0403,99.2412,1376753460
2283,14.375,99.1444,1376725500
2283,13.7937,99.9304,1376708340
2283,13.7437,100.5324,1376611500
2283,13.7224,100.5058,1376392380
2283,13.8977,100.403,1376279280
2283,13.7657,100.5693,1376148960
2283,13.7285,100.5273,1376050680
2283,13.7285,100.5273,1375993260
2283,13.7426,100.5718,1375975380
2283,13.7182,100.5325,1375793220
2283,13.7368,100.5425,1375717200
2283,13.7225,100.506,1375633980
2283,13.8978,100.4031,1375540320
2283,13.878,100.4095,1375489740
2283,13.7223,100.5061,1375375440
2283,13.7422,100.5342,1375317180
2283,13.7423,100.5335,1375250580
2283,13.742,100.5342,1375144800
2283,13.8604,100.5118,1374818280
2283,13.8768,100.4445,1374621960
2283,13.8979,100.403,1374554340
2283,13.7457,100.5366,1374500460
2283,13.8731,100.4598,1374466440
2283,13.8978,100.4029,1374422940
2283,13.7306,100.5679,1374310620
2283,13.8978,100.4029,1373724780
2283,13.8979,100.4033,1373693100
2283,13.7423,100.5336,1373607780
2283,13.7423,100.5336,1373595660
2283,13.7224,100.5059,1373554620
2283,13.8979,100.4035,1373087340
2283,13.7312,100.4507,1373032740
2283,13.7412,100.5338,1372989480
2283,13.7219,100.5061,1372950900
2283,13.7223,100.5059,1372779240
2283,13.7473,100.5343,1372395240
2283,13.7237,100.5294,1372296960
2283,13.7382,100.5394,1372206720
2283,13.7412,100.5307,1372046460
2283,13.8978,100.4026,1371977220
2283,13.742,100.5398,1371783120
2283,13.7411,100.5307,1371606720
2283,13.7421,100.5332,1371546960
2283,13.7224,100.5062,1371398220
2283,13.8206,100.4494,1371292920
2283,13.7437,100.5324,1371183600
2283,13.7222,100.5063,1371058260
2283,13.7221,100.5064,1370975280
2283,13.7304,100.5697,1370960220
2283,13.7411,100.5306,1370938020
2283,13.7411,100.5307,1370831400
2283,13.8977,100.4032,1370769960
2283,13.8978,100.4028,1370746680
2283,13.7657,100.5697,1370682000
2283,13.766,100.5701,1370680800
2283,13.8825,100.4097,1370662440
2283,13.7411,100.5307,1370571900
2283,13.7224,100.506,1370535240
2283,13.7411,100.5309,1370307540
2283,13.8979,100.4027,1370147160
2283,13.898,100.403,1369757640
2283,13.8024,100.5536,1369632240
2283,13.8981,100.4032,1369565580
2283,13.8979,100.403,1369548600
2283,13.8979,100.403,1369489980
2283,13.8979,100.403,1369471200
2283,13.898,100.4032,1369375920
2283,13.7429,100.5334,1369299720
2283,13.898,100.4032,1369285680
2283,13.8735,100.4591,1369201980
2283,13.898,100.4032,1369068900
2283,13.8979,100.403,1368923700
2283,48.8383,2.3201,1368859620
2283,48.8637,2.3135,1368814260
2283,48.8737,2.3293,1368809760
2283,48.8385,2.3208,1368774660
2283,48.839,2.3212,1368739200
2283,43.5615,4.0825,1368680160
2283,43.5579,4.0839,1368594480
2283,43.5583,4.0843,1368564240
2283,43.5582,4.0848,1368533520
2283,43.5586,4.0841,1368530700
2283,43.5589,4.0838,1368508980
2283,13.7403,100.51,1368091380
2283,13.8626,100.5025,1367982240
2283,13.746,100.5346,1367673240
2283,13.8603,100.52,1367556900
2283,13.8981,100.4031,1367513160
2283,13.8867,100.409,1367458740
2283,13.8979,100.4026,1367418480
2283,13.7411,100.5485,1367385060
2283,13.8978,100.403,1367312100
2283,13.8979,100.403,1367196720
2283,13.0591,100.9963,1367125020
2283,12.8174,101.0527,1367114580
2283,12.8179,101.0541,1367045400
2283,12.8176,101.0527,1367021880
2283,12.8134,101.0681,1366941780
2283,12.8175,101.0527,1366857840
2283,12.8134,101.0681,1366771080
2283,12.8177,101.0528,1366686240
2283,12.8175,101.0527,1366596840
2283,12.8175,101.0527,1366553640
2283,12.8174,101.0528,1366467600
2283,12.8175,101.0526,1366427340
2283,12.8175,101.0527,1366355280
2283,12.8178,101.0528,1366241220
2283,12.8177,101.0528,1366167660
2283,12.8177,101.0528,1366093920
2283,12.7934,101.0315,1366068060
2283,12.8175,101.0527,1366029780
2283,12.8013,101.0406,1365994980
2283,12.8176,101.0525,1365985800
2283,12.8172,101.0523,1365923340
2283,12.8174,101.0526,1365910260
2283,12.8179,101.0541,1365855060
2283,12.8179,101.0541,1365829320
2283,12.8179,101.0541,1365775500
2283,12.8175,101.0527,1365745200
2283,12.8179,101.0541,1365652320
2283,12.8179,101.0541,1365579180
2283,12.8179,101.0541,1365468420
2283,12.8176,101.0526,1365374340
2283,12.8179,101.0541,1365293100
2283,12.8177,101.0529,1365204960
2283,12.8176,101.0526,1365138840
2283,12.8176,101.0526,1365053160
2283,13.9681,100.4056,1364972700
2283,12.8176,101.0526,1364947860
2283,12.7988,101.0382,1364864220
2283,12.7988,101.0382,1364821020
2283,12.8179,101.0541,1364802360
2283,12.8177,101.0524,1364768100
2283,12.8176,101.0526,1364708220
2283,12.8179,101.0541,1364651220
2283,12.8174,101.0527,1364618460
2283,12.8176,101.0528,1364561580
2283,13.8991,100.4044,1364422800
2283,13.8976,100.403,1364399160
2283,13.8976,100.403,1364342280
2283,13.7446,100.5314,1364290080
2283,13.8977,100.4031,1364276040
2283,13.7472,100.5341,1364205420
2283,13.8976,100.403,1364173320
2283,13.8258,100.5677,1364132040
2283,13.8137,100.5613,1364105400
2283,14.439,101.3724,1363957560
2283,14.4373,101.372,1363822500
2283,14.4371,101.3759,1363822140
2283,14.8523,101.6572,1363756500
2283,14.8511,102.0746,1363687200
2283,14.6332,101.2428,1363655700
2283,13.898,100.4029,1363613400
2283,13.8803,100.4095,1363570080
2283,13.8938,100.4031,1363569120
2283,13.8979,100.4031,1363508940
2283,13.8977,100.4032,1363496280
2283,13.8979,100.4029,1363486320
2283,13.8977,100.4028,1363451580
2283,13.8978,100.4031,1363350780
2283,13.8977,100.4033,1363340880
2283,13.8977,100.403,1363323600
2283,13.8976,100.403,1363312080
2283,13.8978,100.4031,1363279740
2283,13.7336,100.5816,1362729660
2283,13.7336,100.5816,1362729540
2283,13.7184,100.5854,1362727200
2283,13.7463,100.5442,1362056700
2283,13.7461,100.5332,1361798040
2283,13.8977,100.403,1361723160
2283,13.7461,100.5336,1361072880
2283,13.7423,100.5336,1360831680
2283,13.7427,100.5418,1360688220
2283,13.719,100.5853,1360674180
2283,13.7438,100.541,1360407660
2283,13.7464,100.5397,1360398000
2283,13.7717,100.5137,1359193320
2283,13.8976,100.403,1358392320
2283,13.7224,100.5061,1358267040
2283,13.8598,100.5186,1357976700
2283,13.7501,100.5305,1357557600
2283,13.7501,100.5305,1357557060
2283,13.8976,100.403,1357447380
2283,13.862,100.4423,1356942480
2283,13.8618,100.4416,1356941580
2283,13.8976,100.403,1356878820
2283,13.7471,100.5339,1356672060
2283,13.7422,100.5331,1356393360
2283,13.898,100.4033,1356202680
2283,13.8978,100.4032,1356188340
2283,13.7411,100.5328,1356069780
2283,13.8979,100.403,1355657460
2283,13.7441,100.5415,1355321100
2283,13.8168,100.5561,1355044560
2283,13.8979,100.4031,1354709460
2283,13.8977,100.4032,1354693920
2283,13.8978,100.4031,1354415700
2283,13.7453,100.5412,1354274460
2283,13.7439,100.5423,1353747000
2283,13.7439,100.5423,1353746940
2283,13.7447,100.5331,1353494940
2283,13.7309,100.5167,1353408960
2283,13.7443,100.5407,1353408540
2283,13.8978,100.4031,1353212040
2283,13.7362,100.5317,1352967960
2283,13.7362,100.5317,1352864820
2283,13.7433,100.5323,1352797560
2283,13.7456,100.5386,1352115720
2283,13.7462,100.5395,1352115660
2283,13.7466,100.5394,1352115540
2283,13.7466,100.5394,1352115360
2283,13.7225,100.5061,1351699260
2283,13.738,100.5596,1351260720
2283,13.738,100.5596,1351259160
2283,13.738,100.5596,1351257120
2283,13.738,100.5596,1351257060
2283,14.4034,100.587,1350972600
2283,14.4034,100.587,1350972480
2283,14.4034,100.587,1350972420
2283,14.4573,100.461,1350971040
2283,14.4573,100.461,1350970980
2283,13.7373,100.5257,1350630540
2283,13.7373,100.5257,1350615540
2283,13.7373,100.5257,1350615000
2283,13.7464,100.5292,1350576600
2283,13.7373,100.5257,1350527580
2283,13.7373,100.5257,1350524460
2283,13.8314,100.0874,1350308340
2283,13.8181,100.0597,1350301440
2283,13.819,100.0586,1350216780
2283,13.8314,100.0874,1350211140
2283,13.8314,100.0874,1350209820
2283,13.8314,100.0874,1350209700
2283,13.8314,100.0874,1350209580
2283,13.8311,100.088,1350209400
2283,13.7459,100.5394,1350041640
2283,13.7322,100.5378,1350036420
2283,13.7311,100.5416,1350036360
2283,13.7275,100.5391,1350035760
2283,13.8978,100.4032,1349930040
2283,13.8977,100.4032,1349860860
2283,12.7605,100.964,1349589240
2283,12.76,100.9643,1349589120
2283,12.7605,100.964,1349589060
2283,12.7605,100.964,1349588100
2283,12.7605,100.964,1349587980
2283,12.7605,100.964,1349587920
2283,12.7605,100.964,1349587860
2283,12.7605,100.964,1349587740
2283,12.7605,100.9643,1349587680
2283,12.7659,100.9576,1349586360
2283,12.7659,100.9576,1349586300
2283,12.7659,100.9576,1349585640
2283,12.7659,100.9576,1349585580
2283,12.7605,100.964,1349584740
2283,12.6356,100.927,1349582220
2283,12.6356,100.927,1349582160
2283,12.6366,100.926,1349579520
2283,12.6367,100.9262,1349579280
2283,12.6369,100.9261,1349579040
2283,12.6368,100.9263,1349578920
2283,12.6365,100.9264,1349578380
2283,12.6364,100.9264,1349578140
2283,12.6363,100.9266,1349577960
2283,12.8227,100.9365,1349521380
2283,12.823,100.9427,1349521320
2283,12.8232,100.9461,1349521320
2283,12.8235,100.9482,1349521320
2283,13.8588,100.5223,1349449320
2283,13.646,100.681,1349434440
2283,13.646,100.681,1349434260
2283,13.7723,100.5163,1349336340
2283,13.7723,100.5163,1349336220
2283,13.7723,100.5163,1349326500
2283,13.7728,100.5184,1349322360
2283,13.7723,100.5163,1349322060
2283,13.7723,100.5163,1349321220
2283,13.7723,100.5163,1349321100
2283,13.7723,100.5163,1349320440
2283,13.7723,100.5163,1349320260
2283,13.7723,100.5163,1349319840
2283,13.7723,100.5163,1349319600
2283,13.7723,100.5163,1349319540
2283,13.7723,100.5163,1349319180
2283,13.7723,100.5163,1349318880
2283,13.7723,100.5163,1349318700
2283,13.7471,100.5342,1348643040
2283,13.7191,100.5848,1348549740
2283,13.898,100.4032,1348537980
2283,13.7441,100.5412,1348391460
2283,13.898,100.4032,1348306920
2283,13.746,100.5397,1347877680
2283,13.7447,100.5411,1347703320
2283,13.7712,100.4841,1347634800
2283,13.7424,100.5334,1347596820
2283,13.7432,100.5308,1347375600
2283,13.7422,100.5347,1347359160
2283,13.744,100.535,1347342360
2283,13.8979,100.403,1347208680
2283,13.7191,100.5852,1347091680
2283,13.7191,100.5852,1347091620
2283,13.7049,100.5022,1347020640
2283,13.7049,100.5022,1347020280
2283,13.7049,100.5022,1347020220
2283,13.7049,100.5022,1347016860
2283,13.7046,100.502,1347016800
2283,13.7049,100.5022,1347014820
2283,13.7049,100.5022,1347014580
2283,13.7034,100.5032,1347014400
2283,13.7041,100.5023,1347014340
2283,13.7041,100.5023,1347014280
2283,13.7204,100.5076,1346337000
2283,13.7424,100.5349,1346319660
2283,13.7388,100.5307,1346247120
2283,13.7388,100.5306,1346246700
2283,13.7388,100.5306,1346240160
2283,13.7471,100.5313,1346169480
2283,13.8977,100.4032,1345990740
2283,13.7393,100.4975,1345817340
2283,13.7393,100.4975,1345817040
2283,13.7293,100.5359,1345723680
2283,13.7414,100.5305,1345614060
2283,13.7463,100.5315,1345463700
2283,13.7464,100.5314,1345463640
2283,13.898,100.4032,1345373340
2283,13.7477,100.5472,1345267920
2283,13.7431,100.549,1345257600
2283,13.7431,100.549,1345257420
2283,13.7431,100.549,1345257360
2283,13.7455,100.537,1345179780
2283,13.7225,100.506,1345045440
2283,13.7464,100.5292,1345030800
2283,13.7473,100.5351,1345020360
2283,13.7268,100.4934,1344865440
2283,13.7451,100.5334,1344839280
2283,13.7421,100.5346,1344832920
2283,13.9015,100.4013,1344780120
2283,13.9014,100.4012,1344780000
2283,13.7779,100.3541,1344760380
2283,13.8581,100.5306,1344669000
2283,13.7466,100.5395,1344597540
2283,13.7414,100.5307,1344589560
2283,13.7455,100.537,1344503700
2283,13.7226,100.506,1344440580
2283,13.7466,100.5394,1344429300
2283,13.7466,100.5394,1344429240
2283,13.9098,100.3587,1344072480
2283,13.909,100.3505,1344072420
2283,13.9099,100.3367,1344072300
2283,13.9032,100.3389,1344072240
2283,13.8958,100.3413,1344072240
2283,13.893,100.3422,1344072180
2283,13.8905,100.343,1344072180
2283,13.8854,100.3446,1344072120
2283,13.8778,100.347,1344072060
2283,13.8695,100.3543,1344072000
2283,13.848,100.3789,1344071700
2283,13.8433,100.3787,1344071640
2283,13.8414,100.3747,1344071580
2283,13.8398,100.3704,1344071520
2283,13.8414,100.3618,1344071400
2283,13.8411,100.3569,1344071340
2283,13.8402,100.3512,1344071280
2283,13.839,100.3422,1344071220
2283,13.8371,100.3378,1344071160
2283,13.8311,100.3285,1344071100
2283,13.8299,100.3232,1344070980
2283,13.8224,100.3226,1344070920
2283,13.8155,100.3233,1344070860
2283,13.786,100.3807,1344062220
2283,13.8119,100.4118,1344061980
2283,13.8804,100.4256,1343912520
2283,13.8804,100.4256,1343911800
2283,13.8804,100.4256,1343911800
2283,13.8804,100.4256,1343911740
2283,13.8804,100.4256,1343911560
2283,13.7249,100.5796,1343826540
2283,13.7249,100.5796,1343826480
2283,13.7249,100.5796,1343826000
2283,13.7249,100.5796,1343822760
2283,13.7249,100.5796,1343822700
2283,13.7249,100.5796,1343822520
2283,13.7249,100.5796,1343822460
2283,13.7249,100.5796,1343822400
2283,13.7249,100.5796,1343822280
2283,13.7249,100.5796,1343822160
2283,13.7249,100.5796,1343822160
2283,13.7249,100.5796,1343822100
2283,13.7249,100.5796,1343822040
2283,13.7249,100.5796,1343819340
2283,13.7249,100.5796,1343819340
2283,13.7424,100.5334,1343715360
2283,13.7424,100.5334,1343714640
2283,13.7424,100.5334,1343713980
2283,13.7424,100.5332,1343638620
2283,13.7423,100.5333,1343638500
2283,13.7427,100.534,1343638440
2283,13.325,101.2702,1343537280
2283,13.325,101.2702,1343537280
2283,13.325,101.2702,1343537100
2283,13.325,101.2702,1343536500
2283,13.3341,101.2528,1343525580
2283,13.3666,101.2472,1343490780
2283,13.7461,100.5395,1343279520
2283,13.7461,100.5395,1343279100
2283,13.7461,100.5395,1343111880
2283,13.7461,100.5395,1343111700
2283,13.8618,100.4416,1342941180
2283,13.8627,100.452,1342872120
2283,13.8026,100.5538,1342709580
2283,13.7176,100.51,1342184160
2283,13.7176,100.51,1342182300
2283,13.7176,100.51,1342182000
2283,13.7176,100.51,1342181940
2283,13.7473,100.5342,1342101060
2283,13.7473,100.5342,1342098360
2283,13.7461,100.534,1341548940
2283,13.7461,100.534,1341548880
2283,13.7461,100.534,1341548820
2283,13.7461,100.534,1341548760
2283,13.746,100.5346,1341548700
2283,13.746,100.5346,1341548640
2283,13.746,100.5346,1341548580
2283,13.742,100.5337,1341488220
2283,13.8315,100.0878,1341078240
2283,13.7421,100.5332,1340868240
2283,13.7224,100.5059,1340717580
2283,13.7458,100.535,1340622720
2283,13.7458,100.535,1340622240
2283,13.7411,100.5305,1340196120
2283,13.7411,100.5305,1340195580
2283,13.7411,100.5305,1340193900
2283,13.7367,100.5261,1340114280
2283,13.7367,100.5262,1340113860
2283,13.7367,100.526,1340113680
2283,13.7373,100.5257,1340113500
2283,13.7373,100.5257,1340112660
2283,13.7365,100.5261,1340112300
2283,13.7367,100.5262,1340112300
2283,13.7364,100.5261,1340106900
2283,13.7373,100.5257,1340106480
2283,13.7366,100.5261,1340104440
2283,13.7373,100.5257,1340100900
2283,13.736,100.5321,1340098020
2283,13.737,100.5328,1340097900
2283,13.7224,100.5059,1339432260
2283,13.7223,100.5065,1339432140
2283,13.7223,100.5059,1339431360
2283,13.9002,100.4007,1339331820
2283,13.7373,100.5604,1339247100
2283,13.7407,100.558,1339247040
2283,13.7224,100.5061,1339242180
2283,13.73,100.5306,1339156200
2283,13.7346,100.538,1338901800
2283,13.7421,100.5331,1338878220
2283,13.9024,100.5293,1338630120
2283,13.7459,100.5373,1338469980
2283,13.8947,100.4003,1338043500
2283,13.7615,100.5366,1337690160
2283,13.7615,100.5366,1337689920
2283,13.7615,100.5366,1337689740
2283,13.7224,100.5062,1337530140
2283,13.7383,100.5329,1337356620
2283,13.7383,100.5329,1337356440
2283,13.7383,100.5329,1337356320
2283,13.7383,100.5329,1337356260
2283,13.7383,100.5329,1337355840
2283,13.7381,100.5327,1337355840
2283,13.7381,100.5329,1337355840
2283,13.7382,100.5329,1337355780
2283,13.7383,100.5329,1337355660
2283,13.7383,100.5329,1337355480
2283,13.7424,100.5338,1337239620
2283,13.7424,100.5338,1337239440
2283,13.7422,100.5337,1337239380
2283,13.7424,100.5338,1337239320
2283,13.7423,100.5337,1337239200
2283,13.7425,100.5338,1337239200
2283,13.7424,100.5339,1337239140
2283,13.7424,100.5336,1337239080
2283,13.7425,100.5339,1337239020
2283,13.7424,100.5334,1337238960
2283,13.7424,100.5332,1337238900
2283,13.7454,100.5351,1337174040
2283,13.7454,100.5351,1337173980
2283,13.7454,100.5351,1337173920
2283,13.7411,100.5305,1336967280
2283,13.742,100.5352,1336966560
2283,13.7411,100.5305,1336966500
2283,13.7924,100.5515,1336925580
2283,13.7424,100.5332,1336881780
2283,13.8947,100.4003,1336839240
2283,13.8947,100.4003,1336834380
2283,13.8558,100.5421,1336826160
2283,13.7474,100.5343,1336725420
2283,13.7466,100.5314,1336559460
2283,13.7462,100.5308,1336559400
2283,13.7458,100.535,1335957120
2283,13.7501,100.5305,1335956160
2283,13.7474,100.5343,1335951060
2283,13.7474,100.5343,1335950820
2283,13.7223,100.5061,1335895200
2283,13.7469,100.5311,1335868980
2283,13.7459,100.5328,1335866820
2283,13.7444,100.533,1335865020
2283,13.7447,100.5326,1335847620
2283,13.7447,100.5326,1335842040
2283,13.7223,100.5058,1335799080
2283,13.722,100.5059,1335798180
2283,13.7228,100.5056,1335793920
2283,13.7224,100.5059,1335793740
2283,13.7331,100.5305,1335755880
2283,13.7466,100.5389,1335605760
2283,13.7466,100.5389,1335603360
2283,13.7501,100.5378,1335505620
2283,13.7434,100.5314,1335416640
2283,13.7467,100.534,1335412140
2283,13.7439,100.5415,1335178620
2283,13.7439,100.5415,1335178500
2283,13.7224,100.5058,1335104520
2283,13.877,100.452,1335093480
2283,13.8891,100.4086,1335093060
2283,13.8618,100.4416,1335082140
2283,13.8615,100.4417,1335079680
2283,13.7459,100.5394,1335003000
2283,13.7462,100.5395,1334996460
2283,13.7221,100.5062,1334754420
2283,13.7466,100.5303,1334747820
2283,13.8598,100.5186,1334575200
2283,13.8163,100.5596,1334558580
2283,13.8132,100.5618,1334481780
2283,13.7459,100.5328,1334392440
2283,13.7381,100.514,1334308680
2283,13.7381,100.514,1334308620
2283,13.739,100.5126,1334308500
2283,13.7381,100.514,1334308020
2283,13.7381,100.514,1334307900
2283,13.7381,100.514,1334307540
2283,13.7381,100.514,1334307420
2283,13.7381,100.514,1334307120
2283,13.7381,100.514,1334306280
2283,13.7381,100.514,1334306220
2283,13.7381,100.514,1334306220
2283,13.7295,100.5298,1334254020
2283,13.7294,100.5306,1334245860
2283,13.7297,100.53,1334241600
2283,13.7297,100.53,1334232360
2283,13.7299,100.5299,1334232240
2283,13.9038,100.5283,1334133660
2283,13.9034,100.5305,1334133420
2283,13.9038,100.5283,1334133180
2283,13.9038,100.5283,1334132820
2283,13.8238,100.4102,1333969140
2283,13.8026,100.5538,1333795200
2283,13.7545,100.4928,1333786260
2283,13.7551,100.4927,1333786080
2283,13.7545,100.4928,1333785780
2283,13.7545,100.4928,1333785600
2283,13.7552,100.4928,1333785540
2283,13.7552,100.4929,1333785480
2283,13.7554,100.4927,1333785360
2283,13.7555,100.4925,1333785300
2283,13.755,100.492,1333785240
2283,13.7553,100.4882,1333784460
2283,13.7572,100.4849,1333782900
2283,13.7359,100.5287,1333623900
2283,13.7224,100.5059,1333385940
2283,13.7459,100.5367,1333352640
2283,13.7224,100.5061,1333293660
2283,13.7222,100.506,1333293540
2283,13.7462,100.5324,1333191540
2283,13.7461,100.5342,1333184520
2283,13.7464,100.5292,1332941940
2283,13.7459,100.533,1332939300
2283,13.7459,100.533,1332939240
2283,13.7463,100.5336,1332938100
2283,13.7463,100.5336,1332938040
2283,13.7427,100.535,1332405720
2283,13.7486,100.5395,1332241500
2283,13.7225,100.5061,1332177180
2283,13.7326,100.5301,1332133020
2283,13.7224,100.5061,1332025440
2283,13.7224,100.506,1331991180
2283,13.8964,100.4134,1331903280
2283,13.7461,100.5336,1331809860
2283,13.7463,100.5336,1331806560
2283,13.7462,100.5335,1331805180
2283,13.7463,100.5336,1331723940
2283,13.7463,100.5336,1331714760
2283,13.7463,100.5336,1331714700
2283,13.7461,100.5341,1331290320
2283,13.7463,100.5336,1331290080
2283,13.746,100.5338,1331290020
2283,13.7497,100.5305,1331287020
2283,13.7337,100.5295,1331279520
2283,13.7333,100.5295,1331278800
2283,13.7343,100.5298,1331278740
2283,13.7341,100.5297,1331278680
2283,13.7471,100.5306,1331208960
2283,13.7471,100.5306,1331208360
2283,13.7471,100.5306,1331206920
2283,13.742,100.5331,1331204580
2283,13.7429,100.5333,1331204520
2283,13.7424,100.5332,1331204400
2283,13.7424,100.533,1331204400
2283,13.7425,100.5333,1331201520
2283,13.743,100.5338,1331201400
2283,13.7424,100.533,1331200320
2283,13.7491,100.5313,1331128800
2283,13.7458,100.5371,1331128680
2283,13.7491,100.5313,1331128680
2283,13.7459,100.5372,1331128620
2283,13.7461,100.5373,1331128620
2283,13.7459,100.5365,1331127060
2283,13.7423,100.5332,1331026200
2283,13.7423,100.5323,1331025960
2283,13.7492,100.5395,1330766040
2283,13.7461,100.5396,1330758960
2283,13.7461,100.5396,1330758900
2283,13.84,100.4132,1330686180
2283,13.7175,100.5132,1330679640
2283,13.7428,100.5479,1330676880
2283,13.7453,100.53,1330513980
2283,13.7453,100.53,1330513860
2283,13.7453,100.53,1330513740
2283,13.7446,100.5302,1330512780
2283,13.7484,100.5306,1330512480
2283,13.7446,100.5302,1330512420
2283,13.7423,100.534,1330512180
2283,13.8947,100.4003,1330450680
2283,13.7453,100.53,1330430040
2283,13.9055,100.4068,1330258740
2283,13.7459,100.5336,1330169700
2283,13.746,100.5335,1330169580
2283,13.7459,100.5333,1330169520
2283,13.7459,100.5336,1330169400
2283,13.746,100.5336,1330169340
2283,13.7457,100.5263,1330167420
2283,13.7458,100.5261,1330167360
2283,13.7458,100.526,1330167300
2283,13.7457,100.5263,1330167300
2283,13.7457,100.5262,1330167240
2283,13.7458,100.5262,1330167180
2283,13.7456,100.5262,1330160880
2283,13.7454,100.5256,1330159740
2283,13.8542,100.4495,1330151580
2283,13.7457,100.526,1330085640
2283,13.7457,100.526,1330084680
2283,13.746,100.526,1330084020
2283,13.7456,100.5276,1330079160
2283,13.7456,100.5276,1330079040
2283,13.7465,100.5301,1330077960
2283,13.746,100.5302,1330077900
2283,13.7424,100.534,1329903780
2283,13.7451,100.5333,1329902280
2283,13.7468,100.534,1329823500
2283,13.7468,100.534,1329823440
2283,13.7468,100.534,1329823320
2283,13.7348,100.533,1329783960
2283,13.7664,100.5378,1329730200
2283,13.7469,100.5381,1329652560
2283,13.7461,100.5342,1329640200
2283,13.7239,100.4572,1329558540
2283,13.7147,100.4772,1329558300
2283,13.7195,100.4875,1329558240
2283,13.7198,100.5058,1329558180
2283,13.7428,100.5479,1329550440
2283,13.7428,100.5479,1329549780
2283,13.7428,100.5479,1329549660
2283,13.7215,100.5306,1329547260
2283,13.722,100.5299,1329547200
2283,13.723,100.5305,1329546720
2283,13.72,100.5096,1329545160
2283,13.7421,100.5332,1329289920
2283,13.7452,100.5306,1329215700
2283,13.7431,100.5325,1329213360
2283,13.7433,100.5324,1329213240
2283,13.7434,100.5323,1329212340
2283,13.7432,100.5325,1329212160
2283,13.7432,100.5326,1329211980
2283,13.7434,100.5323,1329211860
2283,13.7433,100.5324,1329211740
2283,13.7432,100.5324,1329211680
2283,13.7434,100.5324,1329211560
2283,13.7437,100.5324,1329211440
2283,13.7348,100.533,1329180480
2283,13.8947,100.4003,1329145740
2283,13.7452,100.5356,1329124560
2283,13.745,100.5358,1329124500
2283,13.7342,100.5316,1329112680
2283,13.7338,100.5321,1329112260
2283,13.7447,100.5332,1329093600
2283,13.7446,100.5329,1329092700
2283,13.8132,100.5575,1328873160
2283,13.8132,100.5575,1328872860
2283,13.8132,100.5575,1328872800
2283,13.8132,100.5575,1328872800
2283,13.8132,100.5575,1328872560
2283,13.8132,100.5575,1328872440
2283,13.8132,100.5575,1328872200
2283,13.8132,100.5575,1328871960
2283,13.8132,100.5575,1328871900
2283,13.8132,100.5575,1328871780
2283,13.8132,100.5575,1328867400
2283,13.8132,100.5575,1328867340
2283,13.8182,100.5593,1328867280
2283,13.7777,100.5753,1328799060
2283,13.7569,100.5661,1328784420
2283,13.7724,100.5786,1328708880
2283,13.7723,100.5785,1328708760
2283,13.7723,100.5785,1328708640
2283,13.7724,100.5786,1328708580
2283,13.7723,100.5785,1328708580
2283,13.74,100.5328,1328686140
2283,13.7419,100.5328,1328686020
2283,13.7413,100.5309,1328685960
2283,13.7411,100.5311,1328685660
2283,13.8583,100.5395,1328351460
2283,13.8583,100.5395,1328347140
2283,13.8583,100.5395,1328347140
2283,13.8947,100.4003,1328325240
2283,13.8947,100.4003,1328325060
2283,13.761,100.5363,1328270880
2283,13.7609,100.5364,1328270820
2283,13.7609,100.5355,1328270760
2283,13.7609,100.5364,1328270760
2283,13.7609,100.5364,1328270700
2283,13.7612,100.5363,1328270640
2283,13.7609,100.5364,1328270520
2283,13.7609,100.5364,1328270520
2283,13.7609,100.5364,1328270400
2283,13.761,100.5314,1328270340
2283,13.7609,100.5364,1328270340
2283,13.7609,100.5364,1328270280
2283,13.7609,100.5364,1328270220
2283,13.7439,100.5333,1328086020
2283,13.7414,100.5311,1328085720
2283,13.7444,100.5328,1327896660
2283,13.7448,100.5311,1327644840
2283,13.7449,100.5311,1327644720
2283,13.7467,100.5312,1327581000
2283,13.7501,100.5395,1327579560
2283,13.7501,100.5395,1327579560
2283,13.7501,100.5395,1327579500
2283,13.7501,100.5395,1327579500
2283,13.7475,100.5395,1327578600
2283,13.7478,100.5395,1327578540
2283,13.7474,100.5395,1327578300
2283,13.7501,100.5395,1327577400
2283,13.7463,100.5319,1327576740
2283,13.741,100.5328,1327566780
2283,13.7464,100.5322,1327494480
2283,13.7459,100.5352,1327484400
2283,13.7418,100.5333,1327476540
2283,13.7421,100.5336,1327476420
2283,13.7412,100.5309,1327460640
2283,13.7437,100.5333,1327396080
2283,13.7343,100.5332,1327366380
2283,13.861,100.5076,1327154940
2283,13.7441,100.5324,1326791220
2283,13.7441,100.5323,1326790560
2283,13.8947,100.4003,1326729360
2283,13.8947,100.4003,1326729300
2283,13.734,100.5314,1326697500
2283,13.7438,100.5339,1326684600
2283,13.8947,100.4003,1326627000
2283,13.8165,100.5621,1326551280
2283,13.7457,100.5351,1326376380
2283,13.7457,100.5351,1326376140
2283,13.7457,100.5351,1326376020
2283,13.7457,100.5351,1326375840
2283,13.8947,100.4003,1326300660
2283,13.877,100.4094,1326292440
2283,13.7425,100.5332,1326186540
2283,13.7425,100.5332,1326186480
2283,13.7423,100.533,1326186300
2283,13.7423,100.533,1326186180
2283,13.7424,100.5332,1326186120
2283,13.7422,100.533,1326186060
2283,13.735,100.5339,1326154980
2283,13.7464,100.5321,1326115200
2283,13.7374,100.5602,1326006600
2283,13.737,100.5573,1325912520
2283,13.737,100.5573,1325912100
2283,13.7478,100.5331,1325850120
2283,13.7411,100.5309,1325650920
2283,13.8947,100.4003,1325409300
2283,13.742,100.5327,1325059980
2283,13.7459,100.5394,1324826220
2283,13.7459,100.5394,1324826040
2283,13.7454,100.5403,1324825920
2283,13.7458,100.54,1324824240
2283,13.7463,100.5338,1324737540
2283,13.7462,100.5338,1324737480
2283,13.7458,100.5337,1324737420
2283,13.7455,100.5338,1324737300
2283,13.7449,100.5413,1324736160
2283,13.7451,100.5411,1324736100
2283,13.7449,100.5406,1324736040
2283,13.745,100.5399,1324735980
2283,13.745,100.54,1324735920
2283,13.7448,100.5394,1324735860
2283,13.7448,100.541,1324735740
2283,13.7454,100.5408,1324735680
2283,13.7452,100.5413,1324735620
2283,13.7493,100.5395,1324731240
2283,13.7462,100.5405,1324730820
2283,13.7455,100.5403,1324730580
2283,13.7456,100.5401,1324730400
2283,13.7453,100.5402,1324730280
2283,13.7452,100.5403,1324730220
2283,13.745,100.5398,1324730100
2283,13.7449,100.5401,1324729980
2283,13.7449,100.54,1324729980
2283,13.746,100.5405,1324646760
2283,13.7455,100.5408,1324642800
2283,13.7459,100.5405,1324642680
2283,13.7459,100.5405,1324642680
2283,13.7454,100.5407,1324642620
2283,13.7458,100.5403,1324642560
2283,13.746,100.5407,1324642560
2283,13.7458,100.5403,1324642560
2283,13.7458,100.5403,1324642500
2283,13.7458,100.5403,1324642440
2283,13.75,100.5395,1324641660
2283,13.7493,100.5395,1324641600
2283,13.7501,100.5395,1324641540
2283,13.7501,100.5395,1324641240
2283,13.7496,100.5395,1324632420
2283,13.7496,100.5395,1324631760
2283,13.7594,100.5254,1324373580
2283,13.7584,100.5257,1324373580
2283,13.7535,100.5276,1324373340
2283,13.7496,100.5291,1324373220
2283,13.7464,100.5303,1324373100
2283,13.7468,100.5302,1324373100
2283,13.7472,100.5299,1324373040
2283,13.7458,100.5304,1324372980
2283,13.7428,100.5335,1324267800
2283,13.8947,100.4003,1324250820
2283,13.7443,100.5328,1323920460
2283,13.7444,100.5333,1323918960
2283,13.8758,100.5154,1323870300
2283,13.7406,100.5867,1323775440
2283,13.7406,100.5867,1323775260
2283,13.7406,100.5867,1323775200
2283,13.7406,100.5867,1323593460
2283,13.7411,100.558,1323593340
2283,13.7406,100.5867,1323592860
2283,13.7406,100.5867,1323592500
2283,13.7406,100.5867,1323592380
2283,13.7406,100.5867,1323592140
2283,13.7411,100.558,1323591900
2283,13.7411,100.558,1323591840
2283,13.7411,100.558,1323591780
2283,13.7375,100.5602,1323591600
2283,13.739,100.5588,1323589380
2283,13.7377,100.5614,1323589260
2283,13.7376,100.5613,1323589260
2283,13.737,100.5617,1323589080
2283,13.7346,100.5596,1323589020
2283,13.7501,100.5331,1323493260
2283,13.7467,100.5325,1323490620
2283,8.3653,99.7999,1323156120
2283,8.3653,99.7999,1323155880
2283,8.3653,99.7999,1323155700
2283,8.3688,99.8027,1323155220
2283,8.3583,99.7692,1323155100
2283,8.3586,99.7693,1323155040
2283,8.3586,99.7693,1323154980
2283,8.3586,99.7693,1323154920
2283,8.3586,99.7693,1323154800
2283,8.3586,99.7693,1323154740
2283,8.3653,99.7999,1323154740
2283,8.6977,99.9439,1323154560
2283,8.6979,99.944,1323154440
2283,8.6978,99.9442,1323154440
2283,8.6978,99.9442,1323154200
2283,8.6978,99.9442,1323153900
2283,8.6978,99.9442,1323153720
2283,8.6978,99.9442,1323153600
2283,8.3653,99.7999,1323153540
2283,8.3653,99.7999,1323153480
2283,8.1723,99.687,1321020600
2283,8.1725,99.6871,1321020540
2283,8.4109,99.966,1320729300
2283,8.4111,99.9667,1320729060
2283,8.4109,99.966,1320729060
2283,8.4111,99.9667,1320729000
2283,8.4109,99.966,1320728820
2283,8.4109,99.966,1320728820
2283,8.3992,99.9738,1320728520
2283,8.412,99.9663,1320728340
2283,8.412,99.9663,1320728280
2283,8.412,99.9663,1320728220
2283,8.412,99.9663,1320727980
2283,8.412,99.9663,1320727800
2283,8.4121,99.9666,1320727680
2283,8.412,99.9663,1320727560
2283,8.412,99.9663,1320727500
2283,8.412,99.9663,1320727440
2283,8.412,99.9663,1320727440
2283,8.412,99.9663,1320727380
2283,8.412,99.9663,1320727380
2283,8.412,99.9663,1320727200
2283,8.3583,99.7694,1320314760
2283,8.3489,99.6475,1320314700
2283,8.3434,99.6502,1320314040
2283,8.3583,99.7694,1320313920
2283,8.3583,99.7694,1320313440
2283,8.3583,99.7694,1320313440
2283,8.365,99.7996,1320046980
2283,8.3618,99.7354,1320017340
2283,8.1725,99.6873,1319951820
2283,8.1725,99.6873,1319951700
2283,8.1725,99.6873,1319951520
2283,8.3052,99.4197,1319590320
2283,13.7806,100.4229,1319537460
2283,13.7812,100.4226,1319531880
2283,13.7812,100.4226,1319531880
2283,13.8755,100.4089,1319525820
2283,13.7416,100.5316,1318922220
2283,14.0581,100.6168,1318834080
2283,13.7406,100.5867,1318511820
2283,13.7406,100.5867,1318511280
2283,13.7406,100.5867,1318509180
2283,13.7983,100.5516,1318325580
2283,13.7983,100.5516,1318325040
2283,13.8414,100.5411,1318142040
2283,13.8587,100.5247,1318140420
2283,13.8522,100.5074,1318017420
2283,13.8522,100.5074,1318017360
2283,13.8522,100.5074,1318017180
2283,13.8522,100.5074,1318016280
2283,13.8522,100.5076,1318002420
2283,13.8522,100.5076,1318002360
2283,13.8522,100.5076,1318002360
2283,13.8552,100.5031,1318002300
2283,13.8521,100.5078,1317996540
2283,13.7478,100.5336,1317973800
2283,13.7499,100.5305,1317973740
2283,13.7499,100.5305,1317973680
2283,13.7499,100.5305,1317973620
2283,13.7499,100.5305,1317898980
2283,13.7499,100.5305,1317898800
2283,13.7499,100.5305,1317898320
2283,13.7499,100.5305,1317898320
2283,13.7499,100.5305,1317898140
2283,13.7463,100.5316,1317884940
2283,13.749,100.5395,1317717120
2283,13.749,100.5395,1317713580
2283,13.749,100.5395,1317713340
2283,13.8592,100.5216,1317639360
2283,13.8102,100.5583,1317638040
2283,13.8102,100.5583,1317638040
2283,13.8093,100.5579,1317637980
2283,13.742,100.5305,1317619020
2283,13.742,100.5305,1317618780
2283,13.7632,100.5236,1317617280
2283,13.7632,100.5236,1317616860
2283,13.7425,100.5269,1317615720
2283,13.7425,100.5269,1317615600
2283,13.7437,100.5328,1317614400
2283,13.7437,100.5328,1317613680
2283,13.7437,100.5328,1317613380
2283,13.7437,100.5328,1317613320
2283,13.7437,100.5328,1317613260
2283,13.88,100.5894,1317559080
2283,13.8745,100.4192,1317385320
2283,13.8745,100.4192,1317384720
2283,13.8148,100.5588,1317381420
2283,13.7501,100.5395,1317281820
2283,13.7454,100.5372,1317281760
2283,13.7454,100.5372,1317281700
2283,13.8573,100.5415,1317198480
2283,13.7501,100.5312,1317186540
2283,13.7501,100.5312,1317186480
2283,13.7458,100.5322,1317124860
2283,13.7456,100.5323,1317122040
2283,13.7456,100.5323,1317121140
2283,13.746,100.532,1317097500
2283,13.839,100.5573,1316941680
2283,13.839,100.5573,1316941080
2283,13.7959,100.5489,1316939340
2283,13.7583,100.5352,1316935440
2283,13.7462,100.5396,1316935320
2283,13.8664,100.4962,1316781600
2283,13.8664,100.4962,1316781540
2283,13.8664,100.4962,1316781420
2283,13.8664,100.4962,1316781360
2283,13.8664,100.4962,1316781300
2283,13.8664,100.4962,1316781180
2283,13.7497,100.4915,1316752140
2283,13.7497,100.4915,1316752080
2283,13.7497,100.4915,1316751960
2283,13.7497,100.4915,1316750820
2283,13.7514,100.4931,1316749260
2283,13.7517,100.4926,1316749080
2283,13.7517,100.4926,1316749080
2283,13.7517,100.4926,1316748540
2283,13.7517,100.4926,1316748300
2283,13.7517,100.4926,1316748120
2283,13.7517,100.4926,1316748120
2283,13.7517,100.4926,1316748000
2283,13.7511,100.4916,1316747700
2283,13.7511,100.4916,1316747520
2283,13.7511,100.4916,1316747460
2283,13.7511,100.4916,1316747400
2283,13.7513,100.4914,1316747160
2283,13.7513,100.4914,1316746980
2283,13.7513,100.4914,1316746920
2283,13.7513,100.4914,1316746800
2283,13.7448,100.5422,1316674800
2283,13.7417,100.5333,1316667780
2283,13.748,100.5368,1316166840
2283,13.749,100.5395,1316160180
2283,13.8132,100.561,1316146920
2283,13.7796,100.5444,1316091360
2283,13.7501,100.531,1316085600
2283,13.7359,100.531,1316053140
2283,13.8947,100.4003,1316014020
2283,13.8757,100.4338,1316001600
2283,13.7411,100.5307,1315992120
