2294,43.0805,87.8868,1378154460
2294,43.0805,87.8868,1378088940
2294,43.0672,87.8872,1377902340
2294,43.0671,87.8871,1377806700
2294,43.0648,87.8866,1377788460
2294,43.0649,87.8865,1377787260
2294,43.0647,87.8865,1377439440
2294,41.5818,87.6797,1377367140
2294,43.0647,87.8865,1377364320
2294,43.0647,87.8866,1377186240
2294,43.0648,87.8865,1377159240
2294,43.0587,87.8863,1377157080
2294,43.0649,87.8865,1375563060
2294,43.0613,87.8733,1370987040
2294,43.0394,87.8971,1370903040
2294,43.0648,87.8865,1360092600
2294,44.9343,87.2122,1345686360
2294,45.1627,87.198,1345576260
2294,45.1277,87.2485,1345522140
2294,45.1289,87.2515,1345520760
