2317,43.1841,112.337,1378082580
2317,43.187,112.3485,1378012920
2317,43.1675,112.35,1377833100
2317,43.1678,112.3493,1377566220
2317,43.1774,112.3444,1377481740
2317,43.1749,112.3433,1374158160
2317,43.1844,112.3371,1374030480
2317,43.1749,112.3433,1373859540
2317,43.1858,112.3571,1373851380
2317,43.1749,112.3433,1373770380
2317,43.184,112.3367,1373499180
2317,43.1736,112.348,1373472240
2317,43.1676,112.3495,1373340360
2317,43.1757,112.3452,1373253720
2317,42.8926,112.4527,1373070420
2317,43.184,112.3363,1372886820
2317,43.1842,112.3371,1372826100
2317,43.184,112.3369,1372821660
2317,43.1845,112.3369,1372794000
2317,43.1838,112.3369,1372732320
2317,43.1676,112.3491,1372561620
2317,43.1687,112.3478,1372529940
2317,43.1841,112.337,1372290960
2317,43.1679,112.3496,1372274160
2317,43.1759,112.347,1372210740
2317,43.1717,112.3482,1372197540
2317,43.1674,112.3492,1372046760
2317,43.1669,112.3493,1372016040
2317,43.1678,112.3496,1371956220
2317,43.1677,112.3495,1371893340
2317,43.184,112.3369,1371788460
2317,43.1678,112.3494,1371677580
2317,43.1752,112.3455,1371615360
2317,43.1676,112.3496,1371515760
2317,43.1842,112.337,1371500820
2317,43.1841,112.3368,1371491160
2317,43.184,112.3369,1371450480
2317,43.1678,112.3492,1371339540
2317,42.9044,112.4521,1371335880
2317,43.1676,112.3492,1371262920
2317,43.1843,112.3369,1371251760
2317,43.1841,112.3368,1371238140
2317,43.1755,112.3454,1371079560
2317,43.1976,112.3557,1371061080
2317,43.1955,112.3644,1370838600
2317,40.7606,111.8971,1370824320
