232,51.03,114.1297,1378141200
232,51.0358,114.0873,1378099920
232,51.0452,114.0457,1378052580
232,51.0156,114.0469,1377826860
232,51.0478,114.0785,1377705600
232,51.0358,114.0873,1377653580
232,51.0096,114.1448,1377579240
232,50.5787,113.8678,1377468420
232,51.0481,114.0785,1377269580
232,51.0358,114.0875,1377237600
232,50.938,114.0817,1377207660
232,51.048,114.0759,1377194220
232,51.05,114.0565,1377049800
232,51.0358,114.0873,1377044340
232,51.0095,114.1447,1376753400
232,51.0357,114.0872,1376714700
232,51.0703,114.1201,1376628360
232,51.0703,114.1201,1376624160
232,51.0358,114.0877,1376192760
232,51.0357,114.0877,1376177040
232,50.5787,113.868,1376026260
232,51.0358,114.0873,1376022540
232,45.5152,73.5362,1375803360
232,45.5014,73.5614,1375728060
232,45.5014,73.5614,1375727520
232,45.5108,73.5348,1375668120
232,45.5103,73.5346,1375666440
232,45.5103,73.5332,1375655400
232,45.5108,73.5348,1375654620
232,45.5108,73.5348,1375647420
232,45.5154,73.56,1375585380
232,45.5108,73.5348,1375582920
232,45.5108,73.5348,1375566660
232,45.5102,73.5332,1375490640
232,45.5102,73.5332,1375475640
232,45.5108,73.5348,1375473180
232,45.5112,73.5325,1375462800
232,51.0358,114.0873,1375306800
232,51.0358,114.0874,1375240020
232,51.0481,114.0783,1375197840
232,51.0357,114.0885,1375157220
232,50.9573,114.1,1374995340
232,51.0096,114.1448,1374875280
232,51.0549,114.0699,1374849720
232,50.7191,113.9467,1374717060
232,51.0359,114.0873,1374631080
232,51.0482,114.0782,1374524220
232,51.0097,114.145,1374285420
232,51.0358,114.0873,1374277500
232,51.0359,114.0874,1374192420
232,51.0482,114.0787,1374001440
232,51.1316,114.0108,1373867400
232,50.9617,114.0783,1373774520
232,50.9615,114.0784,1373773920
232,51.0162,114.0385,1373762220
232,51.0162,114.0385,1373758020
232,51.0359,114.0872,1373676720
232,51.04,114.0554,1373598420
232,51.0479,114.0783,1373552880
232,51.041,114.066,1373492040
232,51.0411,114.0661,1373420700
232,51.0409,114.066,1373414040
232,49.1758,118.281,1373320320
232,50.5788,113.8678,1373234700
232,51.0337,114.0549,1373167020
232,50.5789,113.8676,1373122680
232,50.5789,113.8676,1372989180
232,50.5787,113.8678,1372980840
232,50.5789,113.8676,1372970640
232,49.1758,118.281,1372731060
232,50.9057,114.067,1372471740
232,51.0482,114.0782,1372350120
232,53.571,113.4553,1372347240
232,53.5712,113.456,1372308660
232,52.4028,113.8193,1372292640
232,51.0,114.0012,1372283280
232,51.0358,114.0872,1372229220
232,51.0359,114.0874,1372001460
232,51.0358,114.0874,1371820200
232,51.0359,114.0873,1371795060
232,51.0358,114.0877,1371523260
232,51.0357,114.0874,1371518820
232,51.0478,114.0622,1371506520
232,51.0359,114.0872,1371411720
232,51.0456,114.0716,1371224280
232,51.0382,114.0865,1371189840
232,51.0481,114.0783,1370967600
232,51.0478,114.0787,1370536620
232,51.0474,114.0725,1370371080
232,51.0378,114.0842,1370225460
232,51.0379,114.0723,1370059620
232,51.0359,114.0873,1370046480
232,51.0358,114.0874,1369802400
232,51.0379,114.0738,1369606500
232,51.0379,114.0737,1369595040
232,51.0379,114.074,1369206420
232,51.0402,114.0815,1369151040
232,51.0457,114.0723,1368906840
232,51.0358,114.0872,1368659520
232,51.045,114.0632,1368546060
232,51.0358,114.0873,1368493800
232,51.0359,114.0873,1368484560
232,51.0359,114.0874,1368297240
232,51.0358,114.0873,1368115380
232,51.0359,114.0871,1367961480
232,51.0454,114.067,1367874780
232,50.9961,114.0732,1367812500
232,51.0379,114.0785,1367787120
232,51.038,114.0947,1366334040
232,51.0402,114.0815,1365185880
232,51.0376,114.0513,1364707680
232,51.0382,114.0807,1364439060
232,51.0705,114.1046,1363890120
232,51.0549,114.0716,1362955260
232,51.0549,114.0716,1362947580
232,28.4731,81.4726,1361764380
232,28.3727,81.5156,1361676120
232,28.337,81.6307,1361659560
232,28.3356,81.6371,1361508000
232,28.337,81.6307,1361416920
232,51.038,114.0792,1361308500
232,51.0376,114.0879,1361244540
232,50.9961,114.0736,1361077860
232,51.0337,114.0713,1360990140
232,51.0335,114.0714,1360902720
232,51.0433,114.0671,1359795120
232,51.0284,114.0955,1359687300
232,51.0337,114.0713,1359682380
232,51.0382,114.0865,1359276180
232,51.0387,114.1613,1359087900
232,51.0436,114.0783,1359002100
232,51.0379,114.0723,1358723280
232,50.9913,114.0711,1358479920
232,51.0215,114.1429,1358207820
232,51.0307,114.0717,1358138100
232,51.0307,114.0717,1358136780
232,51.0377,114.0883,1358117580
232,51.0379,114.0909,1356861780
232,51.1316,114.0108,1356823440
232,51.0379,114.0909,1355200320
232,51.0459,114.0703,1354165500
232,51.0452,114.1423,1354142580
232,51.0452,114.1423,1354141200
232,51.038,114.0792,1353955800
232,51.0358,114.0871,1353394740
232,51.0494,114.069,1353018900
232,51.0445,114.0648,1352226240
232,51.1805,115.5704,1352019540
232,51.1754,115.5706,1352013900
232,51.1754,115.5706,1352012520
232,51.1754,115.5706,1352005920
232,51.179,115.6025,1351987020
232,51.0124,114.1329,1351885920
232,51.0122,114.1343,1351883400
232,51.036,114.0869,1351875420
232,51.0453,114.0637,1351824960
232,51.0358,114.0871,1351734180
232,51.0309,114.0715,1351716900
232,51.0523,114.0894,1351004400
232,51.042,114.037,1350078000
232,51.0504,114.0657,1350073020
232,51.0127,114.2147,1349983920
232,32.898,97.0409,1349829300
232,40.7119,74.0071,1349722560
232,40.7501,73.9914,1349711280
232,40.7502,73.9911,1349662740
232,40.759,73.9852,1349462160
232,35.22,80.944,1349369160
232,33.7705,84.3973,1349284440
232,33.7711,84.396,1349224020
232,33.771,84.396,1349202960
232,33.7713,84.3959,1349127840
232,33.771,84.396,1349039280
232,51.1303,114.0092,1348923600
232,51.0388,114.1611,1348889040
232,51.0358,114.0872,1348883640
232,50.7174,113.9484,1348102140
232,50.9542,114.5655,1348070760
232,51.0617,113.4037,1347138540
232,49.3426,113.6989,1346623860
232,49.453,113.4994,1346542500
232,50.5795,113.8731,1346528100
232,50.3459,113.7725,1346514840
232,51.0377,114.0816,1346296260
232,51.0356,114.0874,1346202060
232,51.0319,114.0713,1346125140
232,51.0455,114.0617,1345481280
232,51.0354,113.9444,1345348260
232,51.0375,113.9437,1345345320
232,51.0452,114.0308,1345324440
232,50.3269,119.3528,1344925020
232,49.4959,119.6122,1344905940
232,49.581,119.5852,1344897540
232,50.3243,119.346,1344829920
232,50.3267,119.3535,1344751020
232,50.3243,119.346,1344740400
232,50.1979,119.3929,1344638580
232,51.024,114.1088,1342752060
232,51.0124,114.1329,1342630860
232,51.1303,114.0092,1342508400
232,50.3459,113.7714,1341689640
232,51.0363,114.0565,1341639960
232,50.9179,113.9617,1341591300
232,51.0124,114.1329,1341436260
232,51.038,114.0742,1341184140
232,51.0545,114.0859,1339274640
232,34.0138,118.4965,1336192680
232,33.9868,118.4736,1336112580
232,34.0818,118.3617,1335765240
232,34.1028,118.3422,1335764100
232,34.0818,118.3617,1335750720
232,34.0817,118.3617,1335744540
232,34.0817,118.3618,1335665280
232,51.1316,114.0108,1335620580
232,51.0494,114.0709,1335208440
232,50.5794,113.8731,1335119460
232,50.5784,113.8678,1333817820
232,50.9922,114.071,1332988680
232,51.1303,114.0092,1328854440
232,51.0434,114.069,1326939780
232,51.0307,114.0717,1324614000
232,50.9179,113.9617,1324449780
232,51.0375,114.0517,1324352880
232,51.0434,114.069,1323487320
232,50.9179,113.9617,1322958360
232,51.0419,114.0749,1322778660
232,50.5789,113.8676,1322448300
232,50.5784,113.8678,1322281440
232,50.9131,113.9505,1322183460
232,50.9179,113.9617,1321944780
232,50.9179,113.9618,1321940640
232,50.9178,113.9618,1321939020
232,50.9178,113.9619,1321738320
232,50.9179,113.9617,1321721520
232,50.9179,113.9617,1321502640
232,50.9179,113.9617,1321120440
232,50.9179,113.9617,1320109620
232,50.9133,113.9505,1319769120
232,50.9132,113.9504,1319765760
232,50.9177,113.9619,1319067540
232,50.9178,113.9618,1318992360
232,50.9173,113.9615,1318992300
