2320,40.7246,73.7633,1378303440
2320,40.7166,73.7692,1378301100
2320,33.641,84.4421,1378288080
2320,33.7334,84.1361,1378268100
2320,33.7335,84.1361,1378261560
2320,33.7334,84.1361,1378224300
2320,33.7176,84.1894,1378184820
2320,33.7175,84.1893,1378175400
2320,33.7293,84.1342,1378139340
2320,33.5708,84.5343,1378086000
2320,33.7183,84.4918,1377982260
2320,33.9353,84.3801,1377961200
2320,33.8414,84.3299,1377931860
2320,33.8414,84.3285,1377924720
2320,33.8193,84.3638,1377924000
2320,33.8745,84.334,1377909360
2320,33.873,84.3326,1377908220
2320,33.873,84.332,1377903420
2320,33.7296,84.1309,1377878760
2320,33.7334,84.1362,1377878580
2320,33.7123,84.2807,1377803880
2320,33.7053,84.2806,1377793260
2320,33.7334,84.1361,1377786420
2320,34.7472,86.5815,1377746160
2320,33.696,84.0902,1377725280
2320,33.7335,84.1362,1377659820
2320,33.7508,84.3828,1377628560
2320,33.7933,84.3962,1377625980
2320,33.7334,84.1361,1377046860
2320,34.7308,86.5852,1376962680
2320,34.74,86.558,1376951940
2320,34.7401,86.5581,1376951760
2320,34.7434,86.6442,1376712000
2320,34.7434,86.6431,1376704920
2320,34.6825,86.5813,1376632680
2320,34.6994,86.589,1376612460
2320,34.74,86.5579,1376596140
2320,34.74,86.5579,1376596080
2320,34.7401,86.5579,1376594220
2320,34.7401,86.558,1376592540
2320,34.74,86.558,1376590800
2320,34.7278,86.627,1376498940
2320,34.7279,86.627,1376495580
2320,34.74,86.558,1376413080
2320,34.7433,86.6441,1376362680
2320,34.7399,86.558,1376326740
2320,34.7615,86.6101,1376315580
2320,34.7691,86.6155,1376261460
2320,34.9386,86.5643,1376247000
2320,34.74,86.558,1376156100
2320,34.74,86.558,1376152080
2320,34.74,86.558,1376151300
2320,33.7456,84.3428,1376085240
2320,33.7335,84.1362,1376056740
2320,33.7334,84.1362,1376020560
2320,33.7078,84.2703,1375991700
2320,33.7344,84.2134,1375979160
2320,33.7335,84.1361,1375971000
2320,33.7334,84.1361,1375970700
2320,33.7334,84.1359,1375970220
2320,33.7334,84.1361,1375930440
2320,33.6599,84.3509,1375913940
2320,33.5783,84.6331,1375903200
2320,33.7334,84.1362,1375892580
2320,33.7334,84.1362,1375851960
2320,33.7618,84.1969,1375822260
2320,33.7124,84.2254,1375809600
2320,33.6543,84.3651,1375809060
2320,33.6417,84.4422,1375807860
2320,33.6425,84.4423,1375807380
2320,40.7755,73.8741,1375798320
2320,40.7754,73.8744,1375795740
2320,40.7243,73.7632,1375715340
2320,40.7243,73.7631,1375705860
2320,40.7242,73.7632,1375671540
2320,40.7246,73.7633,1375670340
2320,40.6677,74.0459,1375661700
2320,40.7122,74.013,1375655160
2320,40.7089,74.0114,1375650060
2320,40.7244,73.7632,1375629300
2320,40.7243,73.7631,1375628760
2320,40.7242,73.7633,1375587780
2320,40.7243,73.7634,1375586520
2320,40.7553,73.9838,1375584780
2320,40.7589,73.9849,1375580100
2320,40.6949,73.9525,1375576020
2320,40.6937,73.9644,1375571580
2320,40.6935,73.9645,1375568700
2320,40.6884,73.9689,1375565940
2320,40.7294,73.9103,1375564620
2320,40.7243,73.7632,1375550460
2320,40.7244,73.7631,1375544580
2320,40.7239,73.7602,1375540440
2320,40.7245,73.7631,1375506480
2320,40.7243,73.7632,1375504020
2320,40.7237,73.7604,1375502760
2320,40.7244,73.7631,1375491720
2320,40.7619,73.9607,1375463640
2320,40.7654,73.9641,1375462440
2320,40.7246,73.7631,1375396380
2320,40.7306,73.7434,1375383720
2320,40.7306,73.7434,1375382280
2320,40.7305,73.7432,1375381140
2320,40.7244,73.763,1375285500
2320,40.7583,73.9863,1375141980
2320,40.7243,73.7632,1375113600
2320,40.7243,73.7632,1375111440
2320,40.7434,74.0039,1375110540
2320,40.7439,74.0064,1375077240
2320,40.7438,74.007,1375074540
2320,40.7412,74.0062,1375073400
2320,40.7607,73.9991,1375072200
2320,40.7608,73.9991,1375069560
2320,40.7607,73.9991,1375066620
2320,40.7607,73.9991,1375040160
2320,40.7243,73.7632,1375022880
2320,40.7243,73.7632,1375022520
2320,40.7243,73.7632,1375022280
2320,40.7245,73.7631,1375022040
2320,40.7244,73.7632,1375021560
2320,40.7561,73.9862,1374976020
2320,40.7594,73.9946,1374974040
2320,40.7594,73.9953,1374973500
2320,40.7595,73.9951,1374971940
2320,40.7597,73.9949,1374965700
2320,40.7603,73.9957,1374959760
2320,40.7603,73.9957,1374959340
2320,40.7603,73.9957,1374959040
2320,40.7603,73.9957,1374948780
2320,40.7244,73.763,1374938640
2320,40.7243,73.7632,1374938160
2320,40.7243,73.7634,1374852960
2320,40.7276,74.0034,1374806700
2320,40.726,74.0053,1374803100
2320,40.7264,74.0055,1374798180
2320,40.7631,73.9985,1374785700
2320,40.7549,73.9842,1374778200
2320,40.7583,73.9925,1374776700
2320,40.7244,73.7631,1374766320
2320,40.7493,73.9846,1374723060
2320,40.7494,73.9846,1374722640
2320,40.7243,73.7632,1374672060
2320,40.7243,73.7633,1374634800
2320,40.7244,73.7631,1374633480
2320,40.7243,73.7632,1374631260
2320,40.7244,73.7632,1374595500
2320,25.7805,80.13,1374536040
2320,26.0739,80.1433,1374525360
2320,26.074,80.1435,1374525000
2320,26.074,80.1434,1374523560
2320,26.0734,80.1433,1374521640
2320,26.0734,80.1432,1374520620
2320,26.0733,80.1432,1374520080
2320,26.0734,80.1432,1374519420
2320,26.0733,80.1432,1374519000
2320,26.0733,80.1432,1374517620
2320,26.0731,80.1432,1374514200
2320,26.0732,80.1433,1374513360
2320,25.9826,80.1653,1374456840
2320,25.7929,80.13,1374453540
2320,25.7929,80.13,1374436500
2320,25.7929,80.1299,1374435540
2320,25.7927,80.1297,1374422280
2320,25.7938,80.1278,1374417240
2320,25.7929,80.1298,1374416700
2320,25.7934,80.1275,1374406320
2320,25.7922,80.1264,1374402900
2320,25.7933,80.1302,1374379920
2320,25.7932,80.1297,1374379620
2320,25.7929,80.1299,1374357180
2320,25.7929,80.1298,1374335280
2320,25.7939,80.1271,1374328860
2320,25.7922,80.1271,1374328440
2320,25.7929,80.1299,1374295440
2320,25.7929,80.1299,1374288240
2320,25.7929,80.1299,1374286680
2320,25.7853,80.2265,1374279360
2320,25.7854,80.2267,1374279300
2320,25.7855,80.2258,1374278280
2320,25.7849,80.2258,1374274500
2320,25.7936,80.1301,1374259920
2320,25.7929,80.1299,1374190500
2320,25.7929,80.1299,1374187560
2320,25.7928,80.13,1374177060
2320,25.9806,80.1202,1374157380
2320,40.7701,73.8641,1374066240
2320,40.7712,73.8635,1374064920
2320,40.7563,73.9838,1373996760
2320,40.7242,73.7632,1373982420
2320,40.7243,73.7632,1373979420
2320,40.7242,73.7633,1373944920
2320,40.7242,73.7629,1373854080
2320,40.7247,73.7632,1373842860
2320,40.7243,73.7629,1373825040
2320,40.7244,73.7631,1373815200
2320,40.7244,73.7629,1373809680
2320,40.7241,73.7633,1373773380
2320,40.8241,73.8594,1373762880
2320,40.824,73.8594,1373762400
2320,40.8265,73.9563,1373754780
2320,40.8262,73.9568,1373753460
2320,40.8267,73.9564,1373750640
2320,40.8263,73.9559,1373747220
2320,40.825,73.9563,1373746200
2320,40.826,73.9569,1373737620
2320,40.8261,73.956,1373732100
2320,40.7277,74.0165,1373697720
2320,40.7274,74.0,1373693280
2320,40.6833,73.9762,1372563120
2320,40.6831,73.9759,1372558920
2320,40.6826,73.9763,1372558440
2320,40.6812,73.9652,1372558140
2320,40.6822,73.9689,1372557840
2320,40.6822,73.9689,1372557720
2320,40.6811,73.9652,1372557600
2320,40.6843,73.9764,1372557420
2320,40.6817,73.9672,1372556640
2320,40.7096,74.0148,1372555080
2320,40.7618,73.979,1372532220
2320,40.7544,73.9847,1372530720
2320,40.7434,73.9856,1372380240
2320,40.7627,73.9993,1372363920
2320,40.763,74.0003,1372355940
2320,40.7631,73.9977,1372309380
2320,40.7229,73.7613,1372271880
2320,40.7303,74.0401,1372265460
2320,40.7437,73.986,1372222560
2320,40.7433,73.9856,1372218420
2320,40.7434,73.993,1372217100
2320,40.7531,73.9853,1372196940
2320,40.7126,73.7834,1372194120
2320,40.7609,73.9568,1372095480
2320,40.7243,73.7631,1372085760
2320,40.7244,73.7633,1372034340
2320,40.7243,73.7632,1372008480
2320,40.7128,73.7833,1371999360
2320,40.7598,73.9844,1371940620
2320,40.7628,73.9813,1371935340
2320,40.7413,73.9873,1371787380
2320,40.7429,73.9857,1371786540
2320,40.7436,73.9858,1371777480
2320,40.7623,73.9607,1371755700
2320,40.7613,73.9762,1371750120
2320,40.7137,73.7803,1371741480
2320,40.7638,73.9672,1371648900
2320,40.7431,73.9892,1371610320
2320,40.7448,73.986,1371606600
2320,40.7243,73.763,1371592440
2320,40.6901,73.982,1371519660
2320,40.6598,73.9468,1371516240
2320,40.7241,73.763,1371489600
2320,40.7246,73.7633,1371479640
2320,40.7243,73.763,1371477720
2320,40.7243,73.7633,1371397680
2320,40.7248,73.7634,1371395280
2320,40.7245,73.7632,1371394440
2320,40.7552,73.9876,1371343680
2320,40.823,73.956,1371340140
2320,40.7243,73.7633,1371256560
2320,40.7215,73.7597,1371254100
2320,40.6911,73.7783,1371231120
2320,40.7244,73.7634,1371218820
2320,40.7237,73.7627,1371182040
2320,40.7237,73.7529,1371175380
2320,40.7244,73.7629,1371150060
2320,40.7244,73.763,1371148560
2320,40.7244,73.7628,1371145380
2320,40.7246,73.7631,1371135420
2320,40.7237,73.7526,1371088500
2320,40.7668,73.9831,1371081900
2320,40.7643,73.9572,1371064920
2320,40.7244,73.7632,1371006060
2320,40.7242,73.7632,1371000180
2320,40.7646,73.9658,1370967300
2320,40.7246,73.7632,1370891700
2320,40.7244,73.7632,1370831460
2320,40.7243,73.7632,1370829240
2320,40.7239,73.7566,1370823300
2320,40.7191,73.7905,1370820240
2320,40.7292,74.0351,1370817660
2320,40.7594,74.2093,1370815620
2320,40.7503,74.2443,1370811960
2320,40.7497,74.2452,1370788020
2320,40.7495,73.9922,1370782500
2320,40.7243,73.7633,1370751600
2320,40.753,73.9927,1370721420
2320,40.6795,73.755,1370705280
2320,40.8025,73.9448,1370661240
2320,40.7242,73.7588,1370620560
2320,40.7607,73.9591,1370544900
2320,40.7242,73.7632,1370525700
2320,40.7242,73.763,1370484780
2320,40.7364,73.9933,1370461620
2320,40.7632,73.9576,1370450040
2320,40.7243,73.7631,1370439540
2320,40.7097,73.8302,1370385540
2320,40.7655,73.958,1370376060
2320,40.7417,73.9911,1370360460
2320,40.7244,73.7629,1370351520
2320,40.7244,73.7629,1370351400
2320,40.7245,73.7628,1370316720
2320,40.7247,73.7633,1370316240
2320,40.7243,73.7631,1370306040
2320,40.7243,73.7625,1370298420
2320,40.7643,73.9583,1370289300
2320,40.7244,73.7631,1370276520
2320,40.7243,73.7632,1370269860
2320,40.7243,73.7629,1370222280
2320,40.7244,73.7631,1370215620
2320,40.7242,73.763,1370214900
2320,40.739,73.9934,1370198220
2320,40.7242,73.7632,1370182080
2320,40.6899,73.8405,1370134860
2320,40.692,73.8236,1370123820
2320,40.6921,73.8237,1370114160
2320,40.7215,73.7597,1370110560
2320,40.7242,73.7633,1370091960
2320,40.7572,73.986,1370058240
2320,40.7565,73.9863,1370056440
2320,40.7243,73.7632,1370048100
2320,40.7656,73.9576,1370037000
2320,40.8578,74.1338,1369946100
2320,40.7565,73.9863,1369940580
2320,40.6628,73.7177,1369872420
2320,40.7742,73.8726,1369867380
2320,33.6417,84.4431,1369855200
2320,33.6499,84.3688,1369849740
2320,33.6599,84.3508,1369847700
2320,33.7792,84.3872,1369782300
2320,33.7792,84.3878,1369779240
2320,33.7704,84.1901,1369771560
2320,33.7704,84.19,1369765620
2320,33.7335,84.1361,1369760940
2320,33.7512,84.1361,1369724940
2320,33.6872,84.3058,1369707180
2320,33.7624,84.2158,1369705080
2320,33.8788,83.9698,1369701000
2320,33.7929,84.3965,1369690140
2320,33.7335,84.1363,1369666860
2320,33.7334,84.1362,1369664460
2320,33.7705,84.1902,1369624200
2320,33.7705,84.1901,1369615500
2320,33.7704,84.1904,1369610040
2320,33.7704,84.19,1369607700
2320,33.7703,84.19,1369606740
2320,33.7334,84.1362,1369580520
2320,33.7335,84.1361,1369578660
2320,34.7558,86.6392,1369515480
2320,34.708,86.5888,1369498560
2320,34.708,86.5889,1369496520
2320,34.7686,86.5708,1369435140
2320,34.7436,86.6438,1369409460
2320,34.7518,86.5819,1369404300
2320,34.7517,86.5819,1369400100
2320,34.7409,86.6657,1369333560
2320,34.7279,86.627,1369325760
2320,34.7279,86.6265,1369322340
2320,34.7446,86.5803,1369317300
2320,34.7687,86.5707,1369280220
2320,34.7551,86.567,1369189200
2320,34.7435,86.6437,1369182960
2320,34.742,86.6501,1369179660
2320,34.7433,86.6442,1369145880
2320,34.7685,86.571,1369100700
2320,34.7831,86.5708,1369088100
2320,34.7433,86.6442,1369018140
2320,33.7072,84.169,1369001400
2320,33.5868,84.3739,1368983340
2320,33.7465,84.365,1368975420
2320,33.6616,84.3523,1368974220
2320,33.5875,84.3755,1368932040
2320,33.6599,84.3544,1368931020
2320,33.7465,84.3648,1368928140
2320,33.7466,84.365,1368927540
2320,33.748,84.3681,1368925260
2320,33.748,84.368,1368923400
2320,33.748,84.3681,1368922620
2320,34.8868,85.811,1368877620
2320,34.7686,86.5708,1368846300
2320,34.7645,86.5881,1368838440
2320,34.7645,86.5881,1368834960
2320,34.7278,86.6273,1368814200
2320,34.7689,86.5706,1368799560
2320,34.7686,86.5708,1368799320
2320,34.7733,86.5722,1368796260
2320,35.2278,86.8876,1368756780
2320,34.7373,86.6499,1368752160
2320,34.7433,86.6442,1368748080
2320,34.7278,86.6272,1368714840
2320,34.7685,86.5708,1368706920
2320,34.7639,86.5699,1368706500
2320,34.7308,86.5851,1368669420
2320,34.7892,86.5725,1368663180
2320,34.7156,86.6558,1368659280
2320,34.7276,86.6272,1368640740
2320,34.7432,86.6442,1368628260
2320,34.7432,86.6439,1368588360
2320,34.7433,86.644,1368587400
2320,34.7433,86.6442,1368577860
2320,34.7395,86.601,1368540060
2320,34.7435,86.6434,1368509940
2320,34.7435,86.6433,1368500220
2320,34.6932,86.5697,1368494940
2320,33.7634,84.3949,1367971020
2320,33.7634,84.3949,1367966940
2320,33.7634,84.3949,1367960460
2320,34.7308,86.5848,1367811480
2320,34.7201,86.6281,1365530520
2320,34.7347,86.5925,1365448800
2320,34.7347,86.5925,1365444120
2320,34.769,86.5706,1364306640
2320,34.7689,86.5706,1364300100
2320,33.9355,84.5047,1364238900
2320,33.7766,84.2997,1364227680
2320,34.6941,86.7217,1363822440
2320,34.7549,86.7316,1363812720
2320,34.769,86.5706,1363752180
2320,34.7153,86.6732,1363733520
2320,34.7277,86.6274,1363533600
2320,34.7127,86.6632,1363486980
2320,34.6932,86.5696,1363483560
2320,34.6932,86.5696,1363481820
