2327,39.4575,119.7803,1376590320
2327,39.4777,119.7503,1376494620
2327,39.4777,119.7504,1376399760
2327,39.4572,119.7803,1376069580
2327,38.6209,121.5144,1375556880
2327,39.4733,119.7639,1375200780
2327,39.474,119.7824,1374097140
2327,39.4235,119.7497,1374029400
2327,39.4715,119.7832,1374026640
2327,39.4875,119.7467,1374014880
2327,39.4875,119.7467,1374014340
2327,39.4066,119.7504,1361740680
2327,39.4818,119.7965,1361684940
2327,39.5101,119.8036,1361666400
2327,39.4066,119.7504,1361311080
2327,39.4776,119.7504,1361241840
2327,39.4776,119.7503,1361232660
2327,39.4776,119.7504,1360977780
2327,39.4178,119.7432,1360363200
2327,39.4776,119.7503,1360109760
2327,39.4069,119.7502,1360023240
2327,39.4776,119.7505,1356466500
2327,39.4812,119.7902,1356322020
2327,39.4738,119.783,1346799780
2327,39.5347,119.7557,1346626200
2327,39.4237,119.7395,1346286600
2327,39.4037,119.7488,1346185620
2327,39.4716,119.7653,1346123460
2327,38.947,119.9683,1346086140
2327,39.4776,119.7503,1346013120
2327,39.1318,119.7699,1345823700
2327,39.199,119.7756,1345822920
2327,39.4034,119.7484,1345750740
2327,39.4925,119.7847,1345668420
2327,39.4224,119.7564,1345491660
2327,39.1999,119.9312,1345311600
2327,39.0439,119.9483,1344812520
2327,39.0439,119.9483,1344801960
2327,39.4028,119.7463,1344476640
2327,39.2393,120.0421,1344271440
2327,39.4032,119.7487,1343885400
2327,39.4192,119.7556,1343881740
2327,39.5254,119.8022,1343844240
2327,39.5179,119.8093,1343789040
2327,39.4035,119.749,1343702580
2327,39.4812,119.7902,1343186280
2327,39.1833,119.9266,1342663500
2327,39.5307,119.7218,1342580460
2327,39.5307,119.7218,1342578780
2327,39.5265,119.8131,1342572960
2327,38.936,120.0035,1342473480
2327,38.9561,119.944,1341707100
2327,38.947,119.9683,1341696660
2327,39.419,119.7318,1341616020
2327,39.4772,119.7943,1341524760
2327,39.1801,119.9253,1341448080
2327,39.5378,119.7532,1341195060
2327,39.5016,119.8051,1341186720
2327,39.4875,119.7467,1340839020
2327,39.455,119.7788,1340656320
2327,39.561,119.7103,1340505600
2327,39.5378,119.7532,1340489880
2327,39.5281,119.8441,1340327640
2327,39.4782,119.7891,1340315640
2327,39.006,119.9489,1340143560
2327,39.4163,119.7238,1339989960
2327,39.4158,119.7313,1339989600
2327,39.5284,119.8083,1339903860
2327,39.5027,119.7979,1339879500
2327,39.4798,119.7477,1339827060
2327,39.4834,119.7484,1339826580
2327,39.4834,119.7484,1339826280
2327,39.423,119.72,1339813020
2327,39.423,119.7199,1339811940
2327,39.4778,119.7595,1339718220
2327,39.4814,119.7902,1339646100
2327,39.4812,119.7902,1339644540
2327,39.4783,119.7546,1339640880
2327,39.4231,119.7387,1339612860
2327,39.4508,119.7648,1339553880
2327,39.4507,119.7633,1339553820
2327,39.4507,119.7633,1339552560
2327,39.4257,119.7505,1339549020
2327,39.4379,119.758,1339526940
2327,39.4182,119.7212,1339442100
2327,39.561,119.7102,1339376040
2327,39.5612,119.71,1339375560
2327,39.5615,119.709,1339365240
2327,39.6424,119.8346,1339033320
2327,39.5464,119.76,1338787920
2327,39.5464,119.76,1338785220
2327,39.4814,119.7942,1338521940
2327,39.1889,120.835,1338515100
2327,38.2392,122.0788,1338508560
2327,38.2389,122.0789,1338497760
2327,38.4774,121.8182,1338490200
2327,38.6376,121.5005,1338484680
2327,38.3262,122.0234,1338425100
2327,38.1397,122.2379,1338419220
2327,38.1384,122.2328,1338411240
2327,38.1386,122.2355,1338409860
2327,39.3359,120.3052,1338387360
2327,39.5243,119.8123,1338382800
2327,39.4227,119.7566,1338151860
2327,39.4186,119.7212,1337564040
2327,39.4186,119.7212,1337562720
2327,39.4184,119.7212,1337479800
2327,39.3418,119.8716,1337470920
2327,39.1999,119.9312,1337467980
2327,39.1999,119.9315,1337467380
2327,39.2,119.9315,1337467200
2327,39.1999,119.9312,1337466900
2327,39.0962,119.9431,1337378040
2327,39.09,119.9507,1337377620
2327,39.09,119.9507,1337370720
2327,39.09,119.9507,1337370060
2327,39.4664,119.7878,1337365080
2327,39.4184,119.7212,1337360280
2327,39.476,119.7475,1337045940
2327,38.9488,120.1091,1336869900
2327,38.9604,119.9458,1336867800
2327,39.455,119.7788,1336781160
2327,39.4224,119.7564,1336713660
2327,39.4227,119.7566,1336711980
2327,39.4209,119.7536,1336710540
2327,39.4664,119.7878,1336681740
2327,39.4776,119.7506,1336450080
2327,39.5331,119.7123,1336446780
2327,39.5331,119.7122,1336444560
2327,39.5331,119.7123,1336443120
2327,39.4933,119.7886,1336170000
2327,39.4373,119.7575,1336105140
2327,39.4983,119.7999,1336093740
2327,39.4922,119.7482,1335921660
2327,39.4243,119.7482,1335841320
2327,39.4775,119.7505,1335656340
2327,39.2019,119.7833,1335583800
2327,39.2022,119.7843,1335582420
2327,39.4741,119.8104,1335498720
2327,39.4739,119.8104,1335419880
2327,38.6909,121.3144,1335137100
2327,38.6909,121.3144,1335128040
2327,38.6534,121.3543,1335124140
2327,38.5771,121.5057,1335123000
2327,38.6111,121.3818,1335122460
2327,38.6378,121.5009,1335051540
2327,38.6376,121.5005,1335050460
2327,38.6377,121.5003,1335041640
2327,39.4182,119.7211,1334966700
2327,39.4228,119.7566,1334807940
2327,39.4775,119.7503,1334728680
2327,39.4847,119.7478,1334632320
2327,39.4732,119.7838,1334443200
2327,39.4182,119.7212,1334341440
2327,39.4776,119.7504,1334215260
2327,39.4813,119.7905,1334198940
2327,39.4822,119.7474,1334194560
2327,39.5721,119.7977,1334176920
2327,39.5721,119.7977,1334173620
2327,39.4183,119.7212,1334101560
2327,39.4185,119.7212,1333745280
2327,39.4237,119.7423,1333586460
2327,39.4235,119.7422,1333430640
2327,39.4223,119.756,1333419360
2327,39.5255,119.8022,1333226460
2327,39.4774,119.785,1333154760
2327,39.5277,119.7462,1332885960
2327,38.5412,121.404,1332369060
2327,39.4227,119.7567,1331959680
2327,39.4729,119.7882,1331331600
2327,39.4775,119.7505,1331188560
2327,39.5648,119.802,1331144220
2327,39.572,119.7973,1331141040
2327,39.5196,119.8274,1330583880
2327,39.5253,119.8175,1330579920
2327,39.4778,119.7503,1329723240
2327,39.4773,119.7499,1329719460
2327,39.4837,119.7478,1329609360
2327,39.5113,119.7517,1329343620
2327,39.4181,119.7215,1329277140
2327,39.4719,119.7851,1329103560
2327,39.4775,119.7505,1329073800
2327,39.4776,119.7504,1329032340
2327,39.4518,119.7772,1329028680
2327,39.4777,119.7504,1329002760
2327,39.4035,119.7487,1328925780
2327,39.4729,119.7839,1328910360
2327,39.4183,119.7213,1328752980
2327,39.5214,119.8107,1328649540
2327,39.4713,119.7865,1328426700
2327,39.5415,119.7342,1328331720
2327,39.4205,119.7542,1328298600
2327,39.4812,119.7902,1328234640
2327,39.4188,119.7206,1328226300
2327,39.4182,119.7214,1328128260
2327,39.4775,119.7505,1328034780
2327,39.474,119.7947,1327887360
2327,39.476,119.7935,1327803000
2327,39.473,119.7839,1327785060
2327,39.4671,119.7847,1327721340
2327,39.4777,119.7504,1327651560
2327,39.5283,119.8297,1327442760
2327,39.4744,119.7816,1327281900
2327,39.5266,119.8132,1327003680
2327,39.4776,119.7505,1326996540
2327,39.4729,119.7839,1326930240
2327,39.485,119.8528,1326906840
2327,39.4795,119.7517,1326772860
2327,39.4777,119.7503,1326611700
2327,39.5256,119.8119,1326256680
2327,39.4185,119.7327,1326123000
2327,39.4808,119.7982,1326082380
2327,39.4732,119.7838,1325720880
2327,39.5285,119.8296,1325631660
2327,39.4822,119.7478,1325572380
2327,39.5098,119.806,1325566200
2327,39.4775,119.7505,1325547180
2327,39.5212,119.885,1325370480
2327,39.4775,119.7503,1325370300
2327,39.521,119.885,1325317800
2327,39.4805,119.7608,1325132940
2327,39.4805,119.7612,1325131920
2327,39.4792,119.7188,1324706700
2327,39.4841,119.7499,1324526040
2327,39.4777,119.7503,1324520700
2327,39.5263,119.8128,1324102800
2327,39.4205,119.7562,1324012440
2327,39.5262,119.8169,1324006200
