235,20.3382,40.2895,1378253280
235,20.3355,40.2891,1378078440
235,20.257,40.2891,1378045260
235,20.3924,40.3181,1377982500
235,20.348,40.295,1377968640
235,20.3462,40.2857,1377917820
235,20.3356,40.2891,1377651900
235,20.3352,40.2852,1377365400
235,20.3358,40.2891,1377358380
235,20.3343,40.2836,1377116880
235,20.3355,40.289,1376875320
235,20.3393,40.2841,1376780940
235,20.3392,40.2838,1376764860
235,20.3357,40.2889,1376231040
235,20.3354,40.2893,1376139360
235,20.3355,40.2891,1375618260
235,20.3355,40.2888,1375478040
235,20.3359,40.2892,1374986640
235,20.3496,40.3181,1374922140
235,20.3385,40.2867,1374881760
235,20.3357,40.2891,1374708540
235,20.3355,40.289,1374376620
235,20.3356,40.2892,1373750940
235,20.3355,40.289,1373418720
235,20.3353,40.2891,1373075580
235,20.3355,40.2891,1372378620
235,20.3356,40.2892,1371946980
235,20.3357,40.2893,1371840060
235,20.3355,40.289,1371510120
235,20.3386,40.2839,1371327840
235,20.3368,40.2905,1371308100
235,20.341,40.2873,1371255900
235,20.3357,40.2892,1370735880
235,20.3355,40.2892,1370656800
235,20.3356,40.2892,1370392500
235,20.3355,40.2892,1370125740
235,22.9079,43.103,1369512900
235,22.9076,43.1029,1369496340
235,22.9044,43.1741,1369408800
235,22.9125,43.1664,1369333680
235,22.9052,43.1788,1369328100
235,22.9052,43.1788,1369327980
235,20.3357,40.289,1369246320
235,20.3357,40.2892,1368928860
235,20.3355,40.289,1368834180
235,20.3354,40.2891,1368284520
235,20.3355,40.2891,1367090520
235,20.3357,40.2892,1366938360
235,20.3394,40.2838,1366670340
235,20.3355,40.2891,1366423800
235,20.3365,40.2908,1366418160
235,20.3355,40.2893,1366324800
235,20.3357,40.2892,1366224660
235,20.3417,40.2847,1365807960
235,18.8863,41.9336,1365389400
235,18.8868,41.9158,1365274980
235,18.8864,41.9158,1365273780
235,20.3385,40.2863,1364846820
235,20.335,40.2892,1364684040
235,20.3657,40.3225,1364674620
235,20.3353,40.2893,1364508780
235,20.3355,40.2891,1364380380
235,20.3322,40.2822,1364071560
235,20.3325,40.2818,1364061060
235,20.3356,40.289,1364053020
235,20.3357,40.2889,1363655880
235,20.3356,40.2892,1363566660
235,20.3169,40.2987,1363483320
235,20.3358,40.2892,1363437660
235,20.3352,40.289,1362588540
235,20.3426,40.2964,1362584520
235,20.3357,40.289,1362276480
235,20.3368,40.2905,1362199860
235,20.3363,40.2883,1362174600
235,20.3355,40.2892,1362005400
235,20.3355,40.2892,1361840040
235,20.3355,40.2888,1361574420
235,20.3357,40.2892,1361379000
235,20.345,40.3063,1361059260
235,20.3354,40.2891,1360531800
235,20.3353,40.2893,1360531560
235,20.3357,40.289,1360515780
235,20.3354,40.2887,1360453980
235,20.3355,40.2891,1360379400
235,20.3357,40.2891,1359753720
235,20.3354,40.2892,1359685020
235,20.3353,40.2894,1359584880
235,20.3352,40.289,1359192600
235,20.3357,40.289,1358991600
235,22.7422,41.8754,1357428480
235,22.7558,41.8881,1357428360
235,20.3368,40.2905,1349809620
235,20.3354,40.289,1347750180
235,20.3355,40.2892,1347559800
235,20.3356,40.2892,1347473940
235,20.3448,40.2864,1347408360
235,20.3356,40.2891,1347121920
235,20.3411,40.289,1346977440
235,20.3502,40.2847,1346965920
235,20.3355,40.2891,1346897640
235,20.3357,40.2893,1346869800
235,20.3355,40.2892,1346588340
235,20.3355,40.289,1346346960
235,20.3355,40.2892,1346273400
235,20.3355,40.2892,1346118840
235,20.3352,40.2892,1345989600
235,20.3353,40.2891,1345909260
235,20.3354,40.2892,1345909140
235,20.3376,40.2896,1345667040
235,20.3354,40.2891,1345585680
235,20.3651,40.3218,1345422180
235,20.3652,40.3219,1345419960
235,20.3412,40.2844,1345256700
235,20.3357,40.2894,1345225800
235,20.3353,40.2891,1345161000
235,20.3353,40.2891,1345144320
235,20.3354,40.2891,1344904620
235,20.3355,40.2891,1344826440
235,20.3355,40.2891,1344809400
235,20.3355,40.2892,1344564480
235,20.3335,40.2807,1344547980
235,20.3354,40.2891,1344355500
235,48.8394,2.3217,1344094980
235,20.3356,40.2892,1344089220
235,48.8041,2.1224,1343827080
235,48.8394,2.3217,1343826780
235,48.8382,2.3223,1343776800
235,48.8738,2.295,1343687820
235,48.8384,2.3229,1343687700
235,53.4266,6.2418,1343622480
235,53.3461,6.2592,1343569620
235,53.3437,6.4498,1343518080
235,53.1847,6.1892,1343487480
235,53.3437,6.4499,1343425440
