2352,30.7618,98.2154,1378166700
2352,30.8106,97.6122,1378052460
2352,30.7778,98.2253,1377646020
2352,30.7617,98.2155,1377283620
2352,30.7617,98.2155,1376761260
2352,30.7617,98.2155,1376251200
2352,30.4533,97.8274,1376074620
2352,30.7617,98.2155,1375652940
2352,30.7617,98.2155,1375562820
2352,30.7617,98.2155,1375481340
2352,30.7636,98.217,1375291200
2352,30.7616,98.2155,1375037280
2352,30.7617,98.2155,1374716460
2352,30.7617,98.2155,1374702240
2352,30.4675,97.7947,1374641640
2352,30.7204,98.34,1374435660
2352,30.7618,98.2155,1371531840
2352,30.7615,98.2153,1371062040
2352,30.7617,98.2155,1370875380
2352,30.7616,98.2155,1370807280
2352,30.7616,98.2155,1370631540
2352,30.7613,98.2296,1370540280
2352,30.7616,98.2156,1370474700
2352,30.7787,98.226,1370265300
2352,30.6502,98.2571,1370137260
2352,30.759,98.2235,1370034780
2352,30.7617,98.2157,1369963080
2352,30.7617,98.2154,1369686000
2352,30.7616,98.2156,1369363080
2352,30.7617,98.2155,1368754800
2352,30.7617,98.2154,1368489900
2352,30.685,97.9626,1368380040
2352,30.7617,98.2154,1368137760
2352,30.7619,98.2156,1367888280
2352,30.7693,98.2232,1367446680
2352,30.7616,98.2154,1365724620
2352,26.0893,97.1609,1365373920
2352,26.0783,97.2068,1365303300
2352,30.7618,98.2156,1364954280
2352,30.7594,98.2205,1364679240
2352,30.7788,98.226,1364475840
2352,30.7785,98.2261,1363957680
2352,30.7601,98.2243,1363558500
2352,30.7617,98.2155,1362332160
2352,30.7617,98.2156,1361632740
2352,30.3059,97.7443,1361385660
2352,30.7616,98.2154,1361128920
2352,30.6108,98.2677,1360898640
2352,30.7617,98.2153,1360204440
2352,31.4307,97.7232,1360020600
2352,30.2955,97.7843,1359935700
2352,30.7685,98.2325,1359916320
2352,30.7612,98.2469,1359677340
2352,29.4249,98.4999,1358737080
2352,29.5985,98.6132,1336232940
2352,30.7617,98.2154,1335665880
2352,30.7617,98.2154,1335114120
2352,30.7615,98.2153,1334422980
2352,30.7618,98.2154,1333499820
2352,26.093,97.1648,1333378920
2352,26.104,97.1681,1333318920
2352,30.7632,98.2175,1332609480
2352,30.7633,98.2173,1332292080
2352,30.7632,98.2175,1332282300
2352,30.7632,98.2175,1332282240
2352,30.774,98.2303,1331477160
2352,30.7617,98.2154,1330661940
2352,30.7603,98.2157,1329698520
2352,30.5977,98.2717,1328988300
2352,30.7482,98.3588,1328132820
2352,30.7751,98.2305,1328112060
2352,30.7638,98.2143,1327450920
2352,30.7617,98.2155,1327257720
2352,30.7617,98.2155,1327257600
