2363,1.4377,48.4555,1378372200
2363,1.4371,48.455,1378176180
2363,1.449,48.4878,1378071180
2363,1.4368,48.4547,1378049040
2363,1.437,48.4549,1377856380
2363,1.4357,48.4562,1377508440
2363,1.436,48.4552,1377471900
2363,1.1343,48.4642,1377444960
2363,1.4366,48.4553,1376844480
2363,1.4393,48.4659,1376241180
2363,1.4367,48.4547,1376180340
2363,1.4384,48.4547,1376064600
2363,1.4368,48.4547,1376013960
2363,1.4369,48.4551,1375063020
2363,1.4374,48.4547,1374774120
2363,1.4367,48.4546,1374444840
2363,1.4368,48.4547,1373949120
2363,1.4368,48.4538,1373762880
2363,1.437,48.4547,1373507700
2363,1.4369,48.4546,1373253900
2363,1.4366,48.455,1372762800
2363,1.4375,48.4555,1372674900
2363,1.4368,48.455,1372651020
2363,1.4368,48.4548,1372591260
2363,1.4565,48.4717,1372452900
2363,1.4369,48.4548,1372032180
2363,1.4368,48.4548,1372004700
2363,1.4368,48.4547,1371955860
2363,1.4558,48.4723,1371754440
2363,1.4369,48.4547,1371590580
2363,1.437,48.4551,1371518940
2363,1.4375,48.4551,1371461640
2363,1.4368,48.4547,1371434040
2363,1.4368,48.4548,1371256200
2363,1.4371,48.4546,1371203640
2363,1.437,48.4547,1371083640
2363,1.4371,48.4546,1370793060
2363,1.4367,48.4551,1370689320
2363,1.4368,48.4547,1370655780
2363,1.4368,48.4548,1370596500
2363,1.4565,48.4714,1370546220
2363,1.4368,48.4547,1370481360
2363,1.4368,48.4545,1370397540
2363,1.4369,48.4547,1370109660
2363,1.4369,48.4547,1370026020
2363,1.4369,48.4546,1369912380
2363,1.4368,48.4551,1369861740
2363,1.4371,48.4551,1369643340
2363,1.437,48.4546,1369601520
2363,1.4368,48.4549,1369440660
2363,1.3753,48.4143,1369014000
2363,1.3753,48.4143,1368945780
2363,1.4369,48.4549,1368850140
2363,1.437,48.4548,1368568320
2363,1.4393,48.4658,1368376920
2363,1.4368,48.4547,1368288540
2363,1.4379,48.4559,1367547600
2363,1.4378,48.456,1367486340
2363,1.437,48.4548,1367282760
2363,1.4368,48.4546,1366855380
2363,1.437,48.4546,1366475400
2363,1.4371,48.4552,1366434360
2363,1.4383,48.4558,1366165680
2363,1.4368,48.455,1365991260
2363,1.4394,48.4558,1365875640
2363,1.4367,48.4548,1365554820
2363,1.4369,48.4551,1365377040
2363,1.4575,48.4685,1365304920
2363,1.4371,48.4552,1364766360
2363,1.437,48.4547,1364495460
2363,1.4369,48.4546,1364258040
2363,1.4371,48.4547,1364089200
2363,1.4368,48.4548,1364077800
2363,1.4369,48.4547,1363918320
2363,1.4575,48.4685,1363445460
2363,1.4492,48.4981,1363274940
2363,1.4374,48.4558,1362899220
2363,1.4368,48.4548,1362798540
2363,1.4393,48.4658,1362343560
2363,1.4398,48.4568,1362274260
2363,1.4374,48.4555,1362257460
2363,1.4443,48.4847,1362200280
2363,1.4367,48.4549,1362104280
2363,1.4365,48.4549,1362004860
2363,1.4368,48.4549,1361503020
2363,1.4378,48.4559,1360809780
2363,1.4363,48.4549,1359926100
2363,1.4368,48.4549,1359902640
2363,1.4367,48.4549,1359823980
2363,1.4367,48.4549,1358902800
2363,1.4362,48.4554,1358710140
2363,1.4369,48.4548,1358418180
2363,1.4365,48.4557,1358349540
2363,1.4363,48.4549,1358199960
2363,1.4368,48.455,1357819080
2363,1.4368,48.455,1357783860
2363,1.4368,48.455,1357486740
2363,1.4369,48.4549,1357434480
2363,1.4368,48.4548,1357364220
2363,1.4373,48.4551,1356957060
2363,1.4575,48.4685,1356411420
2363,1.4366,48.4549,1356287700
2363,1.4365,48.4554,1356115440
2363,1.4364,48.455,1356070440
2363,1.4371,48.4551,1356022320
2363,1.4369,48.4548,1355962920
2363,1.4367,48.4549,1355858940
2363,1.1643,48.4727,1355829780
2363,1.4369,48.454,1355576940
2363,1.4367,48.4553,1355360940
2363,1.4743,48.4795,1355002740
2363,1.4692,48.4687,1354995480
2363,1.4365,48.4548,1354927620
2363,1.4368,48.4548,1354846680
2363,1.4567,48.4717,1354735680
2363,1.4368,48.4548,1354590600
2363,1.4367,48.4554,1354459020
2363,1.4368,48.455,1354416480
2363,1.4365,48.4548,1354408560
2363,1.4394,48.4558,1354388520
2363,1.4364,48.4549,1354297140
2363,1.4575,48.4685,1354281960
2363,1.4369,48.4548,1354161000
2363,1.4368,48.4547,1354155240
2363,1.4356,48.4558,1354067940
2363,1.4617,48.5017,1353874140
2363,1.4618,48.502,1353864960
2363,1.4366,48.455,1353805140
2363,1.439,48.4663,1353774960
2363,1.4368,48.455,1353769200
2363,1.4368,48.4553,1353633420
2363,1.4393,48.4557,1353629640
2363,1.62,47.483,1353120720
2363,1.4368,48.4548,1353014160
2363,1.437,48.4548,1352983980
2363,1.4444,48.4944,1352769120
2363,1.4393,48.4658,1352670900
2363,1.4367,48.4548,1352643240
2363,1.4577,48.4685,1352592960
2363,1.4393,48.4558,1352580720
2363,1.4368,48.4548,1352565780
2363,1.4568,48.4725,1352476920
2363,1.4368,48.4545,1352456760
2363,1.436,48.4557,1352162160
2363,1.4371,48.4552,1351949100
2363,1.4369,48.4549,1351890300
2363,1.4369,48.4549,1351654440
2363,1.4368,48.4548,1351510380
2363,1.4368,48.4549,1351373640
2363,1.4369,48.4547,1351314840
2363,1.4369,48.4548,1351217100
2363,1.4376,48.4557,1351158840
2363,1.4368,48.4548,1350158220
2363,1.4368,48.4548,1349585820
2363,1.4369,48.4546,1349152680
2363,1.4369,48.4549,1349046060
2363,1.4371,48.455,1349009520
2363,1.4368,48.4548,1347847320
2363,1.4368,48.4548,1347834600
2363,1.437,48.4548,1347831720
2363,1.4368,48.4548,1347727620
2363,1.4367,48.4548,1347721380
2363,1.437,48.4548,1347719580
2363,1.4364,48.4547,1347505020
2363,1.437,48.4547,1346900220
2363,1.4368,48.4551,1346814420
2363,1.4368,48.4548,1346458980
2363,1.4366,48.4548,1346078880
2363,1.4369,48.4549,1346032260
2363,1.4369,48.4547,1345717320
2363,1.4362,48.4562,1345678200
2363,1.4364,48.455,1345519980
2363,1.4368,48.4547,1345393260
2363,1.4369,48.4548,1345385940
2363,1.4366,48.4549,1345249980
2363,1.4372,48.4548,1345030260
2363,1.4485,48.4879,1344639420
2363,1.4369,48.4548,1344636660
2363,1.437,48.4548,1344247620
2363,1.4367,48.455,1344164820
2363,1.4363,48.4549,1344127860
2363,1.4363,48.4548,1344091500
2363,1.4368,48.4547,1343781960
2363,1.4347,48.4538,1343609100
2363,1.4472,48.4877,1343260980
2363,1.4368,48.4548,1343212500
2363,1.4368,48.4548,1343108220
2363,1.4368,48.4548,1342753020
2363,1.4378,48.4562,1342287240
2363,1.4488,48.488,1342261380
2363,1.4488,48.488,1342260000
2363,1.4365,48.4549,1341452760
2363,1.4366,48.4549,1341174720
2363,1.4362,48.4551,1341149520
2363,1.4364,48.4553,1340562180
2363,1.4367,48.4548,1340559060
2363,1.4377,48.4558,1340556960
2363,1.4395,48.4586,1340553600
2363,1.4365,48.4549,1340552400
2363,1.4368,48.4548,1340063220
2363,1.4363,48.4549,1339982700
2363,1.436,48.4553,1339899360
2363,1.4498,48.4961,1339803960
2363,1.4365,48.4549,1339725420
2363,1.4314,48.4835,1339718400
2363,1.4365,48.4549,1339633920
2363,1.4365,48.4549,1339631220
2363,1.4366,48.4549,1338746220
2363,1.4375,48.4558,1338671880
2363,1.4365,48.4549,1338258840
2363,1.4367,48.4548,1338043980
2363,1.4368,48.4548,1337766480
2363,1.4373,48.4545,1337418900
2363,1.4367,48.4553,1337418420
