2376,32.4663,99.7062,1378433460
2376,32.4663,99.7063,1378227840
2376,32.4663,99.7061,1378164120
2376,32.4663,99.7064,1378145640
2376,32.4662,99.7061,1378057980
2376,32.4808,99.6962,1378001160
2376,32.4713,99.7078,1377820680
2376,32.4663,99.7062,1377808860
2376,32.4664,99.7062,1377634680
2376,32.4663,99.706,1377564960
2376,32.4663,99.7061,1377547140
2376,32.4662,99.706,1377485820
2376,32.4662,99.7062,1377404400
2376,32.517,97.3705,1377305940
2376,32.5156,97.3704,1377223560
2376,32.5155,97.3704,1377212520
2376,32.5156,97.3704,1377128820
2376,32.523,97.3485,1377117480
2376,32.5156,97.3704,1377054480
2376,32.5156,97.3703,1376968440
2376,32.7467,97.3247,1376947560
2376,32.5155,97.3704,1376503260
2376,32.5155,97.3703,1376495700
2376,32.5156,97.3703,1376083440
2376,32.5156,97.3703,1376013600
2376,32.5156,97.3704,1375994160
2376,32.5156,97.3703,1375907340
2376,32.5155,97.3704,1375899300
2376,32.5155,97.3704,1375898940
2376,32.775,96.7561,1375834080
2376,32.5155,97.3704,1375799640
2376,32.8865,97.0485,1375641240
2376,33.9403,118.4065,1375625460
2376,33.8039,117.9169,1375578360
2376,33.8037,117.9169,1375577880
2376,33.8,117.9205,1375562700
2376,33.8037,117.9168,1375494240
2376,33.8041,117.9171,1375493280
2376,33.804,117.9167,1375492980
2376,33.8038,117.9168,1375492260
2376,33.7998,117.9197,1375466580
2376,33.8037,117.9168,1375412040
2376,33.8006,117.9197,1375410420
2376,33.8,117.9205,1375404120
2376,33.8134,117.919,1375398420
2376,33.8096,117.919,1375305540
2376,33.8062,117.9203,1375242960
2376,33.808,117.919,1375221660
2376,33.9869,118.4736,1375149780
2376,34.2746,118.5453,1375125780
2376,33.8281,117.9893,1375067400
2376,34.0566,118.4511,1375045200
2376,34.0718,118.3593,1375036920
2376,32.898,97.0409,1375012740
2376,32.5154,97.3703,1374776940
2376,32.5156,97.3704,1374714240
2376,32.5156,97.3703,1374690240
2376,32.906,97.0366,1374554700
2376,32.5157,97.3703,1374548580
2376,32.5155,97.3704,1374513360
2376,32.5157,97.3703,1374461160
2376,32.5156,97.3704,1374422220
2376,32.5156,97.3704,1374269880
2376,32.5155,97.3704,1374184920
2376,32.5155,97.3704,1374176760
2376,32.7514,97.3587,1374167580
2376,32.5266,97.3424,1374159420
2376,32.5156,97.3703,1374103380
2376,32.5155,97.3702,1374089280
2376,32.5209,97.3492,1374000780
2376,32.5156,97.3704,1373997060
2376,32.5155,97.3704,1373942040
2376,32.5156,97.3703,1373868960
2376,32.5156,97.3703,1373659260
2376,32.5156,97.3703,1373652660
2376,32.5158,97.3703,1373639280
2376,32.5156,97.3704,1373591520
2376,32.5156,97.3704,1373586180
2376,32.5155,97.3703,1373565420
2376,32.5155,97.3704,1373557560
2376,32.5156,97.3704,1373429100
2376,32.5156,97.3704,1373413260
2376,32.5156,97.3704,1373405580
2376,32.87,96.7683,1373388720
2376,32.87,96.7683,1373387640
2376,32.5157,97.3704,1373381100
2376,32.5156,97.3704,1373024760
2376,32.3424,97.4215,1372981740
2376,32.5156,97.3704,1372688880
2376,32.5236,97.3491,1372641720
2376,32.5156,97.3703,1372609440
2376,32.5011,97.2935,1372552560
2376,32.5155,97.3703,1372544100
2376,32.336,97.4191,1372379640
2376,32.5156,97.3704,1372365420
2376,32.5155,97.3703,1372303800
2376,32.568,97.3546,1372186380
2376,32.5155,97.3703,1372036980
2376,32.5155,97.3704,1371936180
2376,32.5155,97.3703,1371924240
2376,32.5156,97.3704,1371831480
2376,32.5156,97.3703,1371772200
2376,32.5155,97.3704,1371746940
2376,32.809,96.7958,1371687060
2376,32.8683,96.7736,1371668520
2376,32.5156,97.3703,1371520560
2376,32.5155,97.3704,1371482280
2376,32.5274,97.295,1371434040
2376,32.7515,97.0829,1371410700
2376,32.5454,97.331,1371397680
2376,32.5155,97.3704,1371155400
2376,32.6704,97.3994,1371152160
2376,32.5157,97.3703,1371141060
2376,32.5156,97.3704,1370896800
2376,32.3423,97.4215,1370712600
2376,32.3424,97.4214,1370638500
2376,32.5156,97.3703,1370285460
2376,32.7848,96.8082,1370100420
2376,32.7844,96.8076,1370059620
2376,32.7852,96.8084,1370045940
2376,32.5158,97.3703,1370019060
2376,32.6345,97.3215,1369949520
2376,32.4983,97.3018,1369855440
2376,32.5155,97.3703,1369787040
2376,32.5156,97.3704,1369616460
2376,32.7305,97.3327,1369510800
2376,32.5155,97.3703,1369409280
2376,32.5154,97.3703,1369363500
2376,32.5157,97.3705,1369100400
2376,32.5156,97.3705,1369061400
2376,32.5768,97.2908,1369016760
2376,32.5157,97.3703,1369004160
2376,32.4923,97.2818,1368994980
2376,32.5766,97.0748,1368905520
2376,32.5155,97.3703,1368895140
2376,32.5155,97.3703,1368842040
2376,32.3425,97.4215,1368756120
2376,32.5155,97.3703,1368738960
2376,32.5155,97.3703,1368574260
2376,32.5155,97.3704,1368480240
2376,32.8154,98.0387,1368395400
2376,32.8167,98.0179,1368391740
2376,32.5155,97.3703,1368314460
2376,32.5216,97.3468,1368222660
2376,32.463,99.7042,1368134820
2376,32.4665,99.7091,1368034320
2376,32.4667,99.709,1367982360
2376,32.4628,99.7044,1367642280
2376,32.4668,99.7087,1367530740
2376,32.4631,99.7051,1367529900
2376,32.466,99.7081,1367435400
2376,32.4505,99.7327,1367081220
2376,32.471,99.7117,1366909200
2376,32.4665,99.709,1366669740
2376,32.4664,99.7091,1366572420
2376,32.4294,99.7841,1366420680
2376,32.4666,99.709,1366383480
2376,32.4666,99.7091,1366320300
2376,32.4691,99.7078,1366306080
2376,32.4665,99.709,1366220520
2376,32.4691,99.7078,1366135320
2376,32.4668,99.7087,1366065480
2376,32.5215,97.3468,1365974580
2376,32.5095,97.3597,1365971580
2376,32.5155,97.3703,1365904560
2376,32.7687,96.7982,1365881640
2376,32.4994,97.3635,1365838260
2376,32.769,96.7975,1365834780
2376,32.7687,96.7978,1365834660
2376,32.5156,97.3705,1365834240
2376,32.7687,96.7978,1365822360
2376,32.7687,96.7981,1365813000
2376,32.4666,99.7089,1365708600
2376,32.4665,99.709,1365636120
2376,32.4667,99.7089,1365204900
2376,32.4667,99.7088,1365116520
2376,32.4665,99.7089,1365101100
2376,32.4688,99.7085,1364944440
2376,32.4666,99.7089,1364843520
2376,32.5155,97.3703,1364758860
2376,32.506,97.3576,1364691360
2376,32.5156,97.3703,1364665800
2376,32.5155,97.3703,1364654340
2376,32.7505,97.3587,1364590260
2376,32.5156,97.3706,1364509560
2376,32.726,97.5848,1364487240
2376,32.4666,99.709,1364145480
2376,32.4663,99.709,1363989960
2376,32.4666,99.709,1363905720
2376,32.4667,99.709,1363899420
2376,32.4665,99.709,1363891200
2376,32.4665,99.7089,1363649160
2376,33.095,96.8194,1363535220
2376,32.7682,96.9873,1363476960
2376,32.7869,96.9192,1363476660
2376,33.1054,96.8155,1363466880
2376,32.8662,96.765,1363385760
2376,32.7669,96.7516,1363196760
2376,32.4661,99.709,1362687060
2376,32.463,99.7053,1362682020
2376,32.4665,99.709,1362668400
2376,32.4665,99.709,1362520860
2376,32.4631,99.7048,1362443400
2376,32.4665,99.709,1362430440
2376,32.5155,97.3702,1362326280
2376,32.5154,97.3703,1362272040
2376,32.5155,97.3703,1362241440
2376,32.5155,97.3703,1362190020
2376,32.469,99.7077,1362074280
2376,32.4668,99.709,1361502060
2376,32.4648,99.707,1361475660
2376,32.4633,99.7051,1361402460
2376,32.4667,99.7088,1361310960
2376,32.4637,99.7055,1361254680
2376,32.4665,99.7089,1361211060
2376,32.4666,99.7089,1361150400
2376,32.4264,99.7875,1361052300
2376,32.4665,99.709,1360546140
2376,32.4666,99.709,1360267500
2376,32.4666,99.709,1360266480
2376,32.5156,97.3703,1359853740
2376,32.4665,99.709,1359670920
2376,32.4666,99.7089,1359607560
2376,32.4666,99.709,1359502260
2376,32.5217,97.3467,1359323760
2376,32.5155,97.3703,1359318060
2376,32.5156,97.3703,1359317760
2376,32.4666,99.709,1359057900
2376,32.4662,99.7084,1358984640
2376,32.4627,99.7053,1358790300
2376,32.4665,99.709,1358646420
2376,32.4632,99.7039,1358556540
2376,32.4666,99.7088,1358482680
2376,32.4667,99.709,1358373300
2376,32.4665,99.709,1358278380
2376,32.5155,97.3703,1357861800
2376,32.5155,97.3703,1357847340
2376,32.5156,97.3703,1357338780
2376,32.3425,97.4215,1357189020
2376,32.5155,97.3703,1356916500
2376,32.5156,97.3703,1356663120
2376,32.5163,97.347,1356473520
2376,32.5155,97.3703,1356470760
2376,32.5465,97.3268,1356389520
2376,32.7553,97.3313,1356300240
2376,32.7549,97.3301,1356292320
2376,32.5273,97.2951,1356223860
2376,32.5155,97.3705,1356148920
2376,32.5156,97.3703,1356129360
2376,32.5965,97.3,1356057060
2376,32.5155,97.3704,1356036720
2376,32.5156,97.3703,1355978160
2376,32.68,97.1268,1355611080
2376,32.5155,97.3703,1355598480
2376,32.5155,97.3703,1355534820
2376,32.5157,97.3703,1355515680
2376,32.4667,99.709,1355442780
2376,32.4666,99.709,1355431260
2376,32.4634,99.7042,1355348520
2376,32.4666,99.7091,1355184720
2376,32.4666,99.7091,1355172000
2376,32.4665,99.709,1355156820
2376,32.4662,99.7088,1354850520
2376,32.4666,99.7088,1354497240
2376,32.4665,99.709,1353987240
2376,32.4666,99.709,1353970560
2376,32.5155,97.3703,1353726000
2376,32.5156,97.3702,1353619020
2376,32.7511,97.3581,1353265200
2376,32.5562,97.297,1353125580
2376,32.5155,97.3703,1353114420
2376,32.4665,99.709,1352863740
2376,32.4667,99.7088,1352772120
2376,32.4677,99.7071,1352736000
2376,32.4666,99.709,1352684580
2376,32.466,99.7091,1352415780
2376,32.4666,99.7089,1352411460
2376,32.785,96.8083,1352402100
2376,32.7848,96.8082,1352357940
2376,32.7845,96.8095,1352331420
2376,32.4666,99.709,1352295960
2376,32.3501,99.776,1351728900
2376,32.4685,99.7085,1351639260
2376,32.5157,97.3703,1351380960
2376,32.449,97.3792,1351305780
2376,32.4664,99.7089,1350960240
2376,32.4665,99.7089,1350744780
2376,32.4058,99.7656,1350686100
2376,32.4665,99.709,1350661200
2376,32.4696,99.7098,1350589860
2376,32.4668,99.7085,1350512760
2376,32.4665,99.709,1350332220
2376,32.4666,99.7085,1350159120
2376,32.4665,99.709,1350070320
2376,32.4666,99.7088,1349987220
2376,32.4325,99.7585,1349628960
2376,32.4665,99.7092,1349494620
2376,32.4665,99.709,1349412240
2376,32.4666,99.709,1349401560
2376,32.4666,99.709,1349230560
2376,32.7549,97.3301,1349027340
