2401,33.8096,117.919,1378181220
2401,34.2081,118.3411,1378082940
2401,33.8758,118.2931,1377919980
2401,33.8602,118.3471,1377656400
2401,33.8809,118.295,1377477960
2401,34.2095,118.3426,1377324600
2401,33.8096,117.919,1376959560
2401,33.7925,118.3289,1376716020
2401,33.8474,118.0362,1376693940
2401,33.8619,118.4013,1376426940
2401,33.8808,118.2946,1376173800
2401,34.1431,118.3973,1376080500
2401,33.8744,118.291,1375660980
2401,36.1129,115.17,1375411620
2401,32.8567,117.0066,1375159140
2401,33.2211,117.3874,1375041540
2401,34.0859,118.3023,1374992340
2401,33.8351,118.3162,1374788100
2401,33.8841,118.4126,1374622740
2401,34.0981,118.325,1374289860
2401,34.1389,118.3648,1374201540
2401,33.8841,118.4126,1374121860
2401,33.8926,118.3127,1374092520
2401,33.8926,118.3127,1373945520
2401,33.8325,118.1712,1373844300
2401,33.8927,118.3125,1373775420
2401,33.8386,118.3553,1373409120
2401,33.808,117.919,1373230440
2401,33.8926,118.3131,1372997160
2401,36.099,115.1753,1372611480
2401,36.0414,115.1838,1372532820
2401,36.0993,115.1755,1372397040
2401,34.1631,118.1122,1372212600
2401,33.8926,118.3127,1372119060
2401,33.8408,118.1572,1371595800
2401,34.0853,118.3185,1371491640
2401,33.8926,118.3131,1371339000
2401,33.8326,117.9411,1371249060
2401,33.7477,117.8275,1371240180
2401,33.8807,118.322,1371175980
2401,33.8,118.301,1371022560
2401,33.8408,118.1572,1370937360
2401,33.8278,118.286,1370797200
2401,34.1468,118.3407,1370485800
2401,33.8433,118.1471,1370204640
2401,33.8361,118.1422,1369786140
2401,33.8152,118.2883,1369635840
2401,33.8096,117.919,1369332480
2401,34.1022,118.321,1368683880
2401,34.134,118.3218,1368673380
2401,34.134,118.3218,1368671760
2401,34.0446,118.2652,1368589800
2401,33.8324,118.1641,1368473400
2401,33.8096,117.919,1368386460
2401,32.5884,117.0071,1368249360
2401,32.5884,117.0071,1368246060
2401,33.354,117.5277,1368230160
2401,34.0983,118.292,1368139980
2401,33.8127,117.919,1368137340
2401,34.0972,118.3282,1367905500
2401,34.0957,118.371,1367816220
2401,34.0431,118.2672,1367651940
2401,33.9582,118.2773,1367632800
2401,34.0608,118.3058,1367474460
2401,34.0933,118.2864,1367370240
2401,33.7895,118.1432,1367012700
2401,34.0696,118.406,1366701180
2401,34.0012,118.4815,1366586100
2401,34.1266,118.2633,1366505940
2401,34.0903,118.3338,1366149900
2401,33.8665,118.3268,1365984480
2401,34.0905,118.3343,1365807720
2401,34.0896,118.3361,1365736980
2401,33.8351,118.3162,1365475980
2401,33.8623,118.1686,1365397440
2401,33.8639,118.2616,1365048900
2401,34.086,118.3219,1365033600
2401,34.086,118.322,1365016260
2401,34.0617,118.3543,1364939100
2401,34.0617,118.3543,1364928180
2401,34.0617,118.3543,1364917860
2401,33.8301,118.0852,1364852400
2401,33.7524,118.4125,1364782080
2401,33.843,117.9441,1364588940
2401,33.7524,118.4125,1364511300
2401,34.129,118.3655,1364452800
2401,34.0813,118.3838,1364275680
2401,34.1394,118.3673,1364091480
2401,34.1483,118.3524,1363650420
2401,33.8324,118.1434,1363475340
2401,34.1394,118.3673,1363383720
2401,34.1055,118.2828,1362954120
2401,34.0945,118.3735,1362894540
2401,33.8986,118.1826,1362804720
2401,33.8408,118.1572,1362782760
2401,33.8408,118.1571,1362590340
2401,33.8354,118.3163,1362450720
2401,34.0864,118.3219,1362163020
2401,34.2317,118.429,1361694540
2401,34.1823,118.3126,1361680800
2401,33.8607,118.1512,1361575560
2401,33.8471,118.1436,1361561520
2401,33.747,118.2922,1361237460
2401,34.1288,118.3648,1361076900
2401,34.3112,118.4258,1361073660
2401,34.0896,118.3361,1360947600
2401,33.8408,118.1572,1360902420
2401,33.841,118.1572,1360901160
2401,34.0904,118.3342,1360876920
2401,33.8329,118.1415,1360716900
2401,33.8328,118.1344,1360615740
2401,34.1202,118.3002,1360380240
2401,34.0837,118.3468,1360279800
2401,33.8409,118.1572,1360267620
2401,34.0727,118.2783,1360111200
2401,34.0858,118.3216,1360004100
2401,34.0495,118.2526,1359849300
2401,34.0853,118.3185,1359507480
2401,33.8351,118.3162,1359429540
2401,33.8401,118.1558,1359383220
2401,33.8407,118.1572,1359350640
2401,33.8409,118.1572,1359261300
2401,33.8296,118.3146,1358999760
2401,33.8351,118.3162,1358995920
2401,33.8128,118.1816,1358567520
2401,34.0862,118.3215,1358466420
2401,34.0853,118.3185,1358449020
2401,34.0864,118.322,1358350800
2401,33.8341,118.1854,1358200740
2401,34.0779,118.2873,1358184600
2401,34.0704,118.4468,1358053380
2401,33.8408,118.1572,1357974000
2401,34.0853,118.3185,1357939560
2401,34.0675,118.3872,1357845300
2401,33.8504,118.1389,1357686000
2401,33.841,118.1572,1357676940
2401,34.0682,118.3765,1357627020
2401,34.1129,118.2779,1357499040
2401,36.104,115.1727,1357427220
2401,33.8351,118.3159,1357409400
2401,36.1041,115.1725,1357371240
2401,36.1041,115.1725,1357334160
2401,34.0818,117.7056,1357319640
2401,34.1481,118.3524,1357249020
2401,34.1483,118.3524,1357248840
2401,33.8409,118.1572,1357010520
2401,33.8408,118.1572,1356818220
2401,33.7605,118.1147,1356562740
2401,33.7825,118.1477,1356560040
2401,33.8407,117.9492,1356486540
2401,33.8408,118.1572,1356468240
2401,33.8409,118.1572,1356455940
2401,33.8408,118.1572,1356455880
2401,33.8408,118.1573,1356454320
2401,34.0819,118.3616,1356317820
2401,34.0558,118.3648,1356317700
2401,34.0345,118.3344,1356310080
2401,34.0819,118.3616,1356231540
2401,34.0819,118.3616,1356231420
2401,34.4316,118.5769,1356067500
2401,33.8096,117.919,1356047760
2401,33.8277,118.1648,1355951880
2401,34.0558,118.3647,1355724180
2401,34.0982,118.3562,1355721960
2401,33.854,118.1605,1355711880
2401,33.8423,118.1584,1355683140
2401,34.0907,118.3857,1355560800
2401,34.0907,118.3857,1355555340
2401,33.7524,118.4125,1355515080
2401,33.7542,118.4072,1355514480
2401,33.7825,118.1478,1355464980
2401,33.8336,118.1412,1355459940
2401,33.8409,118.157,1355332920
2401,34.1868,118.3166,1355210640
2401,33.834,118.1855,1355182200
2401,33.8408,118.1571,1354680720
2401,33.8974,118.3959,1354417680
2401,33.8409,118.1571,1354397400
2401,33.8419,118.1575,1354308240
2401,34.1019,118.3256,1354076940
2401,34.1019,118.3256,1354075560
2401,34.2987,118.4605,1353910620
2401,33.8408,118.1571,1353893760
2401,33.8408,118.1572,1353726780
2401,33.8404,118.1579,1352848920
2401,34.1122,118.3386,1352619120
2401,34.1122,118.3386,1352616420
2401,33.8408,118.1572,1352595420
2401,33.8745,118.3251,1352435640
2401,33.804,118.1595,1352261280
2401,33.8336,118.1349,1352178480
2401,33.7517,118.4143,1352141580
2401,33.7971,118.1676,1352093520
2401,33.8409,118.157,1352087340
2401,33.8096,117.919,1352078820
2401,33.7921,118.155,1351997340
2401,33.873,118.3784,1351930740
2401,33.8093,117.9234,1351912440
2401,33.8464,118.1175,1351909560
2401,34.0906,118.3882,1351829820
2401,33.8409,118.1572,1351795020
2401,34.147,118.3563,1351794540
2401,34.1524,118.3458,1351745880
2401,33.8408,118.1572,1351726980
2401,33.8409,118.1572,1351711800
2401,34.3082,118.3929,1351675080
2401,34.1833,118.3108,1351672980
2401,33.8408,118.1571,1351662360
2401,33.8408,118.1571,1351656720
2401,33.8819,118.0233,1351574760
2401,33.8351,118.316,1351295340
2401,34.1432,118.3958,1351279860
2401,33.8327,118.16,1351203600
2401,33.8408,118.1572,1351194420
2401,32.7618,117.2268,1350778080
2401,32.7618,117.2268,1350778020
2401,32.7647,117.2292,1350777960
2401,33.0915,117.2642,1350753180
2401,33.0912,117.2661,1350753120
2401,33.0912,117.2661,1350706320
2401,33.0927,117.2659,1350693420
2401,33.8605,118.1249,1350626340
2401,34.433,118.5764,1350523320
2401,34.433,118.5763,1350522780
2401,34.038,118.2172,1350427740
2401,34.0837,118.3468,1350420900
2401,33.7514,118.4137,1350324000
2401,34.038,118.2172,1350237600
2401,33.8408,118.1572,1350189720
2401,33.8408,118.1572,1350188580
2401,34.038,118.2173,1350187140
2401,34.0384,118.217,1350168600
2401,33.8322,118.1629,1350099420
2401,33.8194,118.1677,1350079320
2401,33.8336,118.135,1349928840
2401,33.8351,118.3162,1349827980
2401,33.8407,118.1571,1349798340
2401,34.1183,118.3003,1349672280
2401,34.0671,118.3872,1349656440
2401,34.0633,118.359,1349655360
2401,34.0633,118.359,1349655240
2401,34.0633,118.359,1349655180
2401,34.0633,118.359,1349655060
2401,34.0588,118.4136,1349645520
2401,34.0588,118.4136,1349645400
2401,34.1524,118.3461,1349638680
2401,34.1525,118.346,1349634420
2401,34.1183,118.3003,1349582460
2401,34.1183,118.3003,1349582400
2401,33.8352,118.3162,1349564520
2401,34.2598,118.3062,1349509560
2401,34.0431,118.2672,1349502060
2401,34.0431,118.2672,1349495040
2401,34.0446,118.2661,1349494200
2401,33.8409,118.1572,1349307540
2401,33.7243,118.0758,1349070660
2401,33.8312,118.1623,1349061840
2401,33.8408,118.1572,1349053860
2401,33.8408,118.1572,1349041380
2401,33.8408,118.1572,1349033100
2401,33.8408,118.1571,1349022960
2401,33.8408,118.1572,1348972380
2401,33.8411,118.1573,1348688820
2401,33.8408,118.157,1348606980
2401,34.212,119.034,1348441260
2401,33.8408,118.1572,1348167180
2401,34.1406,118.3756,1347940920
2401,33.8408,118.1574,1347852300
2401,34.1764,118.3322,1347761820
2401,34.1612,118.3435,1347686940
2401,33.8406,118.157,1347598680
2401,34.0981,118.3416,1347426600
2401,33.8408,118.1572,1347400020
2401,33.8411,118.1571,1347398580
2401,33.8322,118.1598,1347314100
2401,34.1324,118.3415,1347148380
2401,33.8482,118.2845,1347135300
2401,33.8157,117.9146,1347082860
2401,33.807,117.9171,1347082800
2401,33.807,117.9169,1347065580
2401,33.8096,117.919,1347065340
2401,33.8067,117.9197,1347058080
2401,33.8096,117.919,1347038760
2401,33.8748,118.3251,1347000420
2401,34.0437,118.266,1346999700
2401,34.0437,118.2662,1346987940
2401,34.1195,118.2964,1346824620
2401,34.1195,118.2964,1346820240
2401,34.1195,118.2964,1346820060
2401,34.1317,118.3444,1346814060
2401,33.8407,118.1571,1346705880
2401,33.8459,118.0983,1346646840
2401,34.6479,117.2161,1346634360
2401,35.6974,115.3704,1346627160
2401,35.7201,115.362,1346626500
2401,36.1354,115.1611,1346562600
2401,36.1349,115.1628,1346555700
2401,36.1354,115.1609,1346546100
2401,36.1349,115.1595,1346482980
2401,34.1817,118.3096,1346382480
2401,34.0594,118.2523,1346379720
2401,33.8408,118.1571,1346362020
2401,33.841,118.1571,1346361900
2401,34.0539,118.2346,1346350140
2401,33.8319,118.1658,1346347680
2401,33.8409,118.1572,1346218740
2401,33.841,118.1573,1346213820
2401,33.8409,118.1572,1346213700
2401,33.8336,118.1349,1346123700
2401,33.8491,118.143,1346107380
2401,33.831,118.0906,1346035020
2401,33.8287,118.0864,1346034840
2401,33.7758,118.0101,1346000400
2401,33.842,118.2928,1345911300
2401,34.1418,118.3549,1345875000
2401,34.1389,118.3612,1345874460
2401,34.1363,118.3534,1345864320
2401,34.1816,118.3095,1345700460
2401,33.8352,118.3164,1345573800
2401,34.2362,118.5354,1345437780
2401,33.8352,118.3161,1345143900
2401,33.8352,118.3164,1345139220
2401,34.0427,118.2553,1345073880
2401,33.8352,118.3161,1344986280
2401,33.8409,118.1572,1344963600
2401,33.8217,118.1681,1344897180
2401,19.6385,155.9936,1344396420
2401,19.6317,155.9899,1344385260
2401,19.8508,155.9319,1344377820
2401,19.4264,155.2814,1344317760
2401,19.6318,155.9902,1344304980
2401,19.6461,155.9884,1344275520
2401,19.6304,155.9768,1344147300
2401,19.451,155.8797,1344136020
2401,19.4753,155.9196,1344135840
2401,20.0222,155.6747,1344036360
2401,19.959,155.8246,1344030720
2401,19.644,155.9887,1344015840
2401,19.6311,155.9902,1344008820
2401,19.6289,155.9756,1343976240
2401,19.6318,155.9902,1343968980
2401,19.6405,155.9967,1343967900
2401,33.9413,118.4037,1343936460
2401,33.9331,118.3582,1343930400
2401,34.1768,118.8698,1343687160
2401,34.0351,118.6851,1343678580
2401,35.6471,120.6782,1343526060
2401,35.6262,120.6848,1343506620
2401,35.6426,120.6865,1343506380
2401,35.6418,120.6857,1343492760
2401,35.6426,120.6865,1343464980
2401,33.8407,118.1573,1343439900
2401,33.8541,118.1403,1343421180
2401,34.1678,118.5841,1343110500
2401,34.1441,118.7551,1343109480
2401,34.1441,118.7551,1343107560
2401,34.1441,118.7551,1343100720
2401,33.8409,118.1572,1343022240
2401,33.8409,118.1572,1343021940
2401,34.2108,117.4043,1342922100
2401,33.8408,118.1572,1342806660
2401,33.8408,118.1572,1342659480
2401,33.8362,118.1598,1342652820
2401,33.7127,117.9252,1342505400
2401,33.8276,118.1597,1342244760
2401,34.0981,118.325,1342022220
2401,33.8301,118.0868,1341982380
2401,33.842,118.2902,1341971280
2401,34.0696,118.406,1341959640
2401,34.0756,118.38,1341953340
2401,34.0755,118.3777,1341951900
2401,35.647,120.6782,1341712680
2401,33.841,118.1575,1341469680
2401,33.8405,118.1571,1341459120
2401,33.8409,118.1571,1341280140
2401,33.8408,118.1572,1341246420
2401,34.1199,118.3507,1341097740
2401,33.6909,117.9228,1341083940
2401,33.8406,118.1573,1341001800
2401,34.2755,119.3018,1340725020
2401,33.8321,118.1663,1340643300
2401,34.2759,119.301,1340566080
2401,34.2759,119.3011,1340566020
2401,34.0837,118.3468,1340501520
2401,33.8404,118.1572,1340476140
2401,33.804,118.1595,1340327400
2401,33.8352,118.3164,1340322780
2401,33.8351,118.3158,1340061840
2401,33.8409,118.1571,1339900680
2401,33.6718,117.8349,1339849200
2401,33.826,118.1426,1339803780
2401,34.037,118.2737,1339698000
2401,33.8604,118.1334,1339528260
2401,33.8407,118.1572,1339465320
2401,34.0836,118.3467,1339461000
2401,34.0267,118.2298,1339203000
2401,33.8207,118.2067,1338863520
2401,33.6866,118.1977,1338863280
2401,33.7774,118.2061,1338863280
2401,33.3758,118.327,1338860460
2401,33.3443,118.3222,1338829800
2401,33.8708,118.1035,1338818760
2401,34.5401,117.2723,1338696360
2401,34.0164,118.2491,1338508860
2401,33.654,118.0051,1338211440
2401,33.8409,118.1572,1337997240
2401,33.8716,118.1033,1337706600
2401,33.7243,118.0758,1337661960
2401,33.7243,118.0757,1337661540
2401,33.7243,118.0758,1337660940
2401,34.1134,118.2769,1337565540
2401,34.0468,118.2634,1337558160
2401,34.1824,118.2773,1337544240
2401,34.1764,118.2781,1337543520
2401,33.8719,118.1025,1337365140
2401,33.8723,118.107,1337359440
2401,33.8708,118.1035,1337275860
2401,34.1136,118.2782,1336972560
2401,34.097,118.3232,1336683480
2401,34.0969,118.3231,1336683180
2401,34.0985,118.3246,1336680240
2401,34.0981,118.325,1336581540
2401,34.1004,118.3265,1336576680
2401,33.8132,118.1771,1336361760
2401,33.8408,118.0013,1336158120
2401,33.8874,117.8887,1336156080
2401,34.0294,118.2743,1336096200
2401,34.02,118.2789,1336096140
2401,33.8409,118.1572,1335796380
2401,33.8222,118.1672,1335304320
2401,33.8409,118.1572,1335161940
2401,33.7394,118.1067,1334883900
2401,34.1669,118.3082,1334784420
2401,34.1725,118.3161,1334784360
2401,33.8718,118.1029,1334685840
2401,33.8718,118.103,1334684040
2401,33.8708,118.1035,1334679540
2401,33.847,118.129,1334362380
2401,34.1861,118.3167,1334202540
2401,34.0227,118.2771,1334095140
2401,33.7183,118.0571,1333917960
2401,34.1713,118.5035,1333849920
2401,33.7548,118.1318,1333746180
2401,33.7547,118.1319,1333742940
2401,33.8465,118.1175,1333659660
2401,33.8467,118.1175,1333659480
2401,33.8418,118.1636,1333414440
2401,34.9397,116.6988,1333332660
2401,36.1163,115.1871,1333308960
2401,36.1169,115.1864,1333307340
2401,36.1447,115.1567,1333171560
2401,36.1448,115.1566,1333171140
2401,36.1571,115.1488,1333166640
2401,34.9096,116.8358,1333133340
2401,33.8409,118.1572,1333088280
2401,34.0274,118.4304,1333067580
2401,34.0021,118.4104,1333066680
2401,33.8407,118.157,1332907260
2401,33.8406,118.1572,1332906660
2401,33.8464,118.1749,1332906240
2401,33.8468,118.1768,1332800940
2401,34.1447,118.4088,1332722280
2401,33.8404,118.1577,1332455340
2401,33.8701,118.1045,1332447720
2401,33.8406,118.1571,1332280620
2401,33.8407,118.1573,1332279720
2401,33.8407,118.1572,1332279600
2401,33.8408,118.1571,1332279360
2401,33.8407,118.1573,1332279240
2401,33.8407,118.1573,1332279180
2401,33.8407,118.1572,1332279000
2401,33.8407,118.1572,1332278940
2401,33.8408,118.1572,1332278700
2401,33.8353,118.3163,1332277140
2401,33.8408,118.1572,1332189360
2401,34.1548,118.6445,1332189360
2401,34.1553,118.643,1332118020
2401,33.8396,118.1544,1331514360
2401,34.0977,118.325,1331231580
2401,33.8409,118.1571,1330816260
2401,33.8409,118.1572,1330751940
2401,33.8138,117.918,1330600020
2401,33.8114,117.9207,1330599960
2401,33.8114,117.9208,1330599960
2401,33.8095,117.9187,1330599720
2401,33.8114,117.9208,1330599720
2401,33.8137,117.9182,1330599600
2401,33.8127,117.9201,1330599000
2401,33.6815,117.9797,1330505880
2401,33.6555,118.0035,1330493880
2401,34.1432,118.3952,1330302240
2401,34.1432,118.3953,1330302120
2401,34.1117,118.3368,1330230720
2401,34.112,118.3382,1330226640
2401,33.8543,118.1374,1330211940
2401,34.0979,118.3305,1330157100
2401,33.8526,118.1301,1330143420
2401,33.848,118.1367,1330141080
2401,33.8407,118.1571,1330139520
2401,33.8352,118.3163,1330131480
2401,33.8409,118.1572,1330062180
2401,34.1024,118.3398,1329889020
2401,34.1015,118.3405,1329885780
2401,34.1015,118.3404,1329885000
2401,34.0933,118.2864,1329859740
2401,33.841,118.1572,1329859620
2401,33.8407,118.1572,1329785460
2401,34.1559,118.2989,1329730080
2401,34.0908,118.3831,1329720060
2401,34.0906,118.3851,1329719280
2401,33.8526,118.1298,1329707580
2401,33.8347,118.1657,1329702180
2401,33.8402,118.1577,1329701460
2401,33.8402,118.1577,1329697980
2401,34.0536,118.231,1329687480
2401,33.7512,118.4135,1329612000
2401,33.7513,118.4136,1329611880
2401,33.7512,118.4135,1329611760
2401,34.0877,118.397,1329547260
2401,34.1264,118.3264,1329547200
2401,34.128,118.3317,1329547200
2401,33.8408,118.1572,1329432720
2401,33.8352,118.3169,1329263700
2401,33.8405,118.1576,1329261300
2401,33.8711,118.1035,1329244980
2401,34.097,118.3161,1329163920
2401,34.0973,118.3163,1329154980
2401,34.0975,118.3168,1329143640
2401,34.1554,118.361,1329110700
2401,34.1496,118.3526,1329107100
2401,34.1525,118.3459,1329097440
2401,33.8468,118.193,1329069000
2401,34.1599,118.372,1329022380
2401,33.8352,118.3161,1328990820
2401,33.8408,118.157,1328887020
2401,33.8353,118.317,1328845020
2401,34.1553,118.3611,1328441220
2401,34.1221,118.3676,1328438160
2401,33.8408,118.1572,1328416320
2401,33.8526,118.13,1328160120
2401,34.0943,118.3763,1327912020
2401,34.0944,118.3736,1327903320
2401,34.0529,118.2277,1327886520
2401,33.8405,118.1577,1327866540
2401,34.098,118.3359,1327830300
2401,33.8422,118.1582,1327804920
2401,33.8403,118.1578,1327804860
2401,33.8031,118.2887,1327797840
2401,33.779,118.2805,1327797780
2401,33.7786,118.2818,1327797660
2401,33.7804,118.299,1327797600
2401,34.1012,118.3417,1327736700
2401,33.832,118.1598,1327641900
2401,33.7231,118.0758,1327614120
2401,33.8407,118.1572,1327513680
2401,33.8408,118.1572,1327470540
2401,33.8409,118.1571,1327470360
2401,33.8407,118.1573,1327437240
2401,33.8526,118.1301,1326859320
2401,33.8525,118.1301,1326858060
2401,33.8382,118.2624,1326680760
2401,33.8144,118.1713,1326680460
2401,33.8409,118.1572,1326679620
2401,33.8408,118.1571,1326679560
2401,33.8074,118.1112,1326656580
2401,33.8073,118.1111,1326655440
2401,33.8083,118.1108,1326651000
2401,33.8083,118.111,1326650340
2401,33.8029,118.1152,1326649260
2401,33.8092,118.1092,1326637860
2401,34.1521,118.344,1326603660
2401,34.1521,118.3462,1326603600
2401,33.8092,118.1104,1326590760
2401,33.8408,118.1572,1326522780
2401,34.0907,118.3879,1326428940
2401,34.0907,118.3879,1326428880
2401,33.8408,118.1572,1325887080
2401,33.8408,118.1571,1325832180
2401,33.8408,118.1571,1325832000
2401,34.1459,118.1557,1325529600
2401,34.1487,118.1501,1325515320
2401,34.2614,116.819,1325317080
2401,34.2614,116.8188,1325313360
2401,34.2615,116.8191,1325296020
2401,34.2614,116.819,1325295960
2401,34.2616,116.819,1325259420
2401,34.2615,116.8191,1325259300
2401,34.2617,116.8191,1325201100
2401,33.8505,118.1357,1325186160
2401,33.8408,118.1572,1325149380
2401,33.841,118.1571,1325146800
2401,33.8466,118.175,1325113680
2401,33.8464,118.1749,1325109900
2401,33.8465,118.1749,1325109780
2401,33.8463,118.175,1325109780
2401,33.8465,118.1749,1325109600
2401,34.0448,118.2672,1325094780
2401,33.9877,118.4727,1325030460
2401,33.867,118.3351,1324959600
2401,33.8768,118.1866,1324882020
2401,34.0115,118.1726,1324881480
2401,34.0201,118.1824,1324870980
2401,33.8408,118.1572,1324867920
2401,33.8403,118.1576,1324860840
2401,33.8464,118.1749,1324860780
2401,33.8527,118.1298,1324704420
2401,33.8527,118.1299,1324680300
2401,33.86,118.1247,1324622340
2401,33.8408,118.1571,1324586820
2401,33.8326,118.1601,1324487040
2401,33.8408,118.1571,1324322940
2401,33.833,118.1428,1324275600
