2404,33.8484,116.4589,1377667080
2404,34.1554,117.4518,1375514520
2404,33.7408,116.4094,1374558120
2404,33.7394,116.4099,1374473520
2404,33.6978,116.2445,1372651320
2404,33.8214,116.5081,1368223860
2404,33.9603,116.528,1365978420
2404,33.8234,116.5468,1365922920
2404,33.7879,116.4822,1362358320
2404,34.093,117.6918,1361763120
2404,33.8158,116.4014,1361600460
2404,33.7408,116.4094,1361072100
2404,33.9605,116.528,1359321660
2404,33.8156,116.456,1359046500
2404,33.8162,116.4574,1358530500
2404,33.8014,116.3923,1358057820
2404,33.823,116.5468,1357535040
2404,33.7169,116.2966,1356756660
2404,33.8092,117.9244,1356316740
2404,33.7475,117.8676,1356292260
2404,33.7382,116.4091,1353901860
2404,33.8192,116.4942,1353648360
2404,33.9452,116.5017,1353620820
2404,33.9604,116.5275,1352677980
2404,33.9604,116.5275,1351833120
2404,33.9604,116.5275,1351479840
2404,33.8147,116.4917,1351136940
2404,33.9604,116.5275,1350958980
2404,33.9559,116.5105,1350863280
2404,33.9604,116.5275,1350527280
2404,33.8218,116.4913,1350355080
2404,33.8207,116.5466,1350105900
2404,33.9604,116.5275,1350015120
2404,33.9613,116.507,1349931480
2404,33.8162,116.4574,1349915160
2404,33.7408,116.4094,1349657640
2404,33.8156,116.456,1349572500
2404,33.7808,116.4674,1349235600
2404,33.8166,116.4925,1349146380
2404,33.7418,116.223,1349036400
2404,33.9638,116.5169,1348796820
2404,33.7065,116.2784,1348540440
2404,33.7394,116.4099,1348447560
2404,33.8211,116.5466,1348374660
2404,34.138,118.3535,1348199100
2404,34.1462,118.1524,1348189800
2404,33.9552,116.512,1347849960
