2430,32.803,117.2356,1378072740
2430,32.791,117.2543,1377124020
2430,39.7302,121.8421,1376796060
2430,37.7783,122.3894,1375926960
2430,37.2871,121.9464,1375594140
2430,36.9974,121.586,1374955140
2430,36.9974,121.586,1374954660
2430,37.2324,121.9776,1374723840
2430,37.2323,121.978,1374721680
2430,37.2865,121.944,1374392700
2430,37.817,122.4782,1373849100
2430,37.4799,122.152,1373663040
2430,37.3434,121.9285,1373515080
2430,37.3854,122.1126,1373311980
2430,36.9667,122.0026,1373161440
2430,37.3191,121.9235,1372533660
2430,37.3853,122.1124,1372449720
2430,37.4289,122.1698,1372372800
2430,37.4265,122.0801,1371955260
2430,37.4265,122.0801,1371933840
2430,37.3228,121.9479,1371867900
2430,37.3192,121.9235,1371091080
2430,37.3991,122.1105,1371064560
2430,37.2941,121.9955,1370960700
2430,37.3083,121.9816,1370720460
2430,37.2929,121.9913,1370639520
2430,37.3191,121.9236,1370578080
2430,37.4423,122.1731,1370480040
2430,37.2941,121.9955,1370443800
2430,37.3316,121.9053,1370018400
2430,37.3161,121.9189,1369588620
2430,37.3161,121.9189,1368986820
2430,37.2871,121.9464,1368840660
2430,32.7985,117.2524,1368649380
2430,32.7968,117.2555,1368510600
2430,32.802,117.2397,1368417720
2430,32.7927,117.2564,1367981640
2430,32.7647,117.197,1367730240
2430,32.7968,117.2555,1367720880
2430,32.7471,117.2513,1367374500
2430,32.7927,117.2564,1366339440
2430,32.7974,117.2376,1365790920
2430,32.8018,117.2397,1365652920
