2432,45.5941,8.4225,1372522560
2432,45.5941,8.4225,1372522200
2432,45.5941,8.4225,1372504740
2432,45.5942,8.4217,1372198440
2432,45.5991,8.4196,1372019520
2432,45.5991,8.4196,1372019040
2432,45.5941,8.4225,1370448420
2432,45.5943,8.4218,1346919900
2432,45.5943,8.4218,1345391160
2432,45.5943,8.4218,1345290660
2432,40.2698,17.8949,1345290480
2432,40.2692,17.8924,1344350280
2432,45.5943,8.4217,1343746740
2432,45.5943,8.4217,1343746620
2432,45.5942,8.4219,1343746320
2432,45.5986,8.4217,1343155560
2432,45.5942,8.4222,1342960380
2432,45.5942,8.4222,1342958400
2432,45.5942,8.4222,1342958400
2432,45.5942,8.4222,1342958400
