2445,41.251,73.7526,1378098780
2445,41.2512,73.7526,1378098480
2445,41.2509,73.7526,1378098300
2445,41.1881,73.803,1377825180
2445,41.2512,73.7522,1377822780
2445,40.9644,72.1877,1377380460
2445,40.9755,72.1395,1377375540
2445,40.9729,72.147,1377371520
2445,40.7176,73.2406,1376852580
2445,40.7176,73.2406,1376852400
2445,40.7176,73.2406,1376850060
2445,40.9743,72.1411,1376766720
2445,40.9465,72.2508,1376608080
2445,41.0016,72.2954,1376420280
2445,40.9568,72.2966,1376267340
2445,40.9568,72.2966,1376267280
2445,40.9568,72.2966,1376267160
2445,40.9376,72.3003,1376267040
2445,40.9376,72.3003,1376263440
2445,40.9021,72.3021,1376262780
2445,40.7128,73.2665,1376186700
2445,40.7145,73.2637,1376183100
2445,41.0013,72.2956,1376096640
2445,41.2511,73.7524,1375749480
2445,40.7614,73.9717,1375742460
2445,40.7541,73.9747,1375742400
2445,40.6783,73.7953,1375741500
2445,43.6947,7.258,1375487100
2445,43.6333,7.1238,1375229340
2445,43.6333,7.1238,1375229040
2445,43.6953,7.2588,1375137300
2445,43.6978,7.1217,1375091760
2445,43.5138,6.8276,1375089660
2445,43.5138,6.8276,1375089420
2445,43.6976,7.1217,1375089360
2445,43.6978,7.1217,1374919800
2445,43.6978,7.1217,1374881580
2445,43.686,7.227,1374881340
2445,43.697,7.2655,1374881280
2445,39.9326,83.5961,1374696240
2445,40.7941,73.9445,1373892060
2445,40.8165,73.9267,1373891760
2445,41.2515,73.7529,1373835780
2445,42.6394,74.9621,1373754900
2445,41.2512,73.7527,1373726700
2445,41.0503,73.7728,1373670360
2445,41.0016,72.2954,1373240700
2445,40.7176,73.2406,1372637760
2445,40.9568,72.2967,1372627740
2445,40.9565,72.2961,1372627440
2445,41.1866,73.8056,1372461540
2445,40.887,72.3897,1371941820
2445,41.2511,73.7523,1371120720
2445,41.2509,73.7526,1370834160
2445,41.2484,73.7429,1370211060
2445,41.2511,73.7525,1370101740
2445,41.2511,73.7525,1370101680
2445,41.2512,73.7526,1370101560
2445,41.2511,73.7523,1370092980
2445,41.251,73.7525,1370092800
2445,40.9945,73.8061,1369915860
2445,41.018,73.7887,1369915740
2445,40.9374,72.3013,1369596660
2445,40.9376,72.3003,1369592100
2445,40.9021,72.3021,1369425000
2445,41.1884,73.8033,1368402240
2445,41.1885,73.8031,1368402180
2445,41.251,73.7529,1368296640
2445,41.2577,73.7434,1368296460
2445,41.2435,73.7537,1368293520
2445,41.251,73.7525,1367807520
2445,41.2512,73.7525,1367807400
2445,41.2511,73.7526,1367543580
2445,41.251,73.7525,1367543580
2445,41.2196,73.7719,1367233980
2445,40.7637,73.9676,1367171640
2445,40.7638,73.9676,1367170440
2445,40.7637,73.9676,1367168340
2445,40.7521,73.9753,1367085060
2445,41.3334,73.751,1366574400
2445,40.7817,73.9803,1366570920
2445,40.7794,73.9679,1366565280
2445,40.7805,73.9687,1366564080
2445,40.7809,73.9669,1366562460
2445,41.2507,73.7525,1366468980
2445,40.0484,82.9119,1366085700
2445,41.0268,73.626,1365965100
2445,41.2165,73.7225,1365896280
2445,41.2511,73.7524,1365890940
2445,34.0081,118.4904,1365696960
2445,34.0082,118.4904,1365695760
2445,34.0113,118.4968,1365646680
2445,34.0082,118.4904,1365643260
2445,33.9986,118.4728,1365627660
2445,33.9986,118.4728,1365626220
2445,34.0725,118.3584,1365563100
2445,34.0722,118.3581,1365561240
2445,34.0151,118.4938,1365556800
2445,34.0082,118.4904,1365455940
2445,34.0082,118.4904,1365455820
2445,39.984,82.7722,1364850360
2445,41.5041,72.9029,1364774460
2445,41.5041,72.9029,1364772480
2445,41.2163,73.7358,1364747160
2445,41.2163,73.7358,1364747100
2445,41.2163,73.7358,1364747040
2445,41.251,73.7528,1364746740
2445,41.251,73.7527,1364669880
2445,41.251,73.7527,1364669700
2445,41.2511,73.7525,1364616420
2445,41.2512,73.7527,1364165040
2445,41.2194,73.6268,1364146920
2445,41.2194,73.6268,1364146800
2445,41.2193,73.6269,1364146500
2445,41.2511,73.7526,1364130840
2445,41.1017,73.7959,1363867200
2445,41.251,73.7524,1363537800
2445,41.2511,73.7525,1363140780
2445,41.2511,73.7525,1363140720
2445,30.2602,97.7511,1363019520
2445,41.2465,73.7548,1362959400
2445,30.2617,97.7423,1362957420
2445,30.2617,97.7423,1362957300
2445,30.2641,97.7403,1362881640
2445,30.2912,97.722,1362844560
2445,30.2666,97.7377,1362801900
2445,41.2449,73.7568,1362266160
2445,40.8018,74.273,1362181380
2445,40.0483,82.9135,1362102480
2445,40.049,82.9121,1361942160
2445,40.0503,82.9234,1361942160
2445,40.0498,82.9192,1361942160
2445,40.0498,82.9192,1361942160
2445,40.049,82.9121,1361942160
2445,39.984,82.7722,1361828820
2445,41.1418,73.3619,1361741340
2445,41.1874,73.8054,1361676120
2445,40.865,73.9336,1361497500
2445,40.765,73.9823,1361385000
2445,40.8086,73.9339,1361367120
2445,41.2511,73.7522,1361291400
2445,41.2511,73.7524,1361249880
2445,40.7478,73.1793,1361153760
2445,40.9331,72.3137,1361135400
2445,41.2783,73.7792,1361065800
2445,41.2783,73.7792,1361062140
2445,41.2783,73.7791,1361061960
2445,41.3451,73.7546,1361037360
2445,41.3451,73.7546,1361037240
2445,41.251,73.7524,1361032740
2445,41.2513,73.7528,1360894260
2445,40.9286,73.8422,1360880700
2445,40.8245,73.919,1360879860
2445,41.2514,73.7525,1360841700
2445,41.1233,73.7817,1360770660
2445,41.2051,73.7326,1360770060
2445,41.2509,73.7527,1360765140
2445,40.8442,74.0051,1360714080
2445,40.8545,74.0416,1360713660
2445,40.8555,74.0462,1360713660
2445,40.9824,73.8665,1360586820
2445,41.2511,73.7522,1360532160
2445,41.2508,73.7531,1360508160
2445,41.2508,73.7531,1360508100
2445,41.2508,73.7531,1360507980
2445,41.2508,73.7531,1360507920
2445,41.2508,73.7531,1360507860
2445,41.2508,73.7531,1360507740
2445,41.2509,73.753,1360453980
2445,41.2378,73.7178,1360451460
2445,41.2403,73.7569,1360442040
2445,41.2438,73.7514,1360441980
2445,41.2512,73.7522,1360432020
2445,41.2511,73.7525,1360431660
2445,41.2512,73.7522,1360431480
2445,41.2509,73.7531,1360394340
2445,41.2429,73.7312,1360384080
2445,41.2509,73.7527,1360376760
2445,41.0499,73.7728,1360245360
2445,41.0533,73.7704,1360245300
2445,41.251,73.7522,1359933600
2445,41.2307,73.7218,1359903060
2445,40.8027,73.9415,1359726180
2445,40.8027,73.9415,1359725760
2445,41.2509,73.7526,1359638940
2445,41.251,73.7524,1359339300
2445,41.251,73.7524,1359339240
2445,41.2749,73.7103,1359213600
2445,41.2511,73.7523,1359212160
2445,40.7647,73.9822,1359146160
2445,39.971,83.0025,1358946900
2445,40.7573,73.9859,1358629500
2445,41.2512,73.7527,1358613780
2445,40.7867,111.9821,1358193480
2445,40.6851,111.5566,1358111580
2445,40.678,111.5774,1358103600
2445,40.6509,111.5041,1357938660
2445,40.6851,111.5566,1357938600
2445,40.6856,111.5569,1357933920
2445,40.6851,111.5566,1357922580
2445,40.6867,111.5557,1357922520
2445,40.6867,111.5557,1357922460
2445,40.6909,111.5494,1357889700
2445,40.6909,111.5494,1357889640
2445,40.6909,111.5494,1357889460
2445,40.7597,111.9444,1357885680
2445,41.2512,73.7524,1357534200
2445,40.969,73.807,1357506960
2445,41.3334,73.751,1357429860
2445,41.1889,73.7317,1357402260
2445,26.2085,81.816,1356979500
2445,26.1683,81.7929,1356900720
2445,26.2085,81.816,1356888300
2445,26.2022,81.8146,1356808800
2445,26.2022,81.8146,1356808800
2445,26.2022,81.8146,1356808740
2445,26.2022,81.8146,1356808740
2445,26.1979,81.8019,1356656940
2445,26.2022,81.8146,1356636480
2445,26.2022,81.8146,1356636360
2445,26.1419,81.7917,1356636240
2445,40.7686,73.8618,1356532860
2445,40.811,73.8327,1356532860
2445,40.811,73.8327,1356532800
2445,40.811,73.8327,1356532800
2445,40.8412,73.8387,1356532140
2445,40.8412,73.8387,1356532140
2445,40.8412,73.8387,1356532080
2445,40.8412,73.8387,1356532020
2445,40.8412,73.8387,1356531960
2445,40.8452,73.8388,1356531900
2445,41.251,73.7525,1356483240
2445,40.9338,72.3156,1356294720
2445,40.9339,72.3156,1356294660
2445,41.2511,73.7522,1356148440
2445,41.2512,73.7526,1356115500
2445,41.239,73.7185,1356062100
2445,41.2502,73.7503,1356062040
2445,41.2502,73.7503,1356061980
2445,41.2572,73.6841,1356048060
2445,41.257,73.6841,1356047940
2445,40.7649,73.9823,1356024600
2445,40.8238,72.7946,1355608260
2445,40.8915,72.3928,1355592000
2445,40.8943,72.4113,1355591940
2445,40.8944,72.4114,1355591880
2445,40.8945,72.4114,1355591880
2445,40.8685,73.5312,1354993020
2445,40.7499,73.9876,1354223220
2445,40.9644,73.8565,1353882360
2445,41.2512,73.7524,1353864000
2445,40.7133,73.2668,1353644340
2445,40.713,73.2669,1353633180
2445,40.7649,73.9824,1353445620
2445,41.1972,73.7198,1353213840
2445,41.2512,73.7523,1353166200
2445,41.251,73.7527,1352653800
2445,41.2506,73.7521,1352529600
2445,41.251,73.7524,1352511900
2445,41.2354,73.7177,1352254200
2445,40.7645,73.9821,1352070000
2445,40.7869,72.9669,1351990800
2445,40.7914,72.9277,1351990740
2445,40.7965,72.9119,1351990680
2445,40.8015,72.8947,1351990620
2445,41.5267,72.871,1351643520
2445,41.2514,73.7528,1351389960
2445,33.7386,118.3978,1351016100
2445,33.7375,118.3976,1351000320
2445,33.7373,118.3974,1350882540
2445,33.738,118.3977,1350882480
2445,33.7373,118.3974,1350882480
2445,33.7374,118.3974,1350882240
2445,41.0797,73.8577,1350769740
2445,41.2511,73.7523,1350740520
2445,41.2511,73.7525,1350268980
2445,41.251,73.7524,1350268500
2445,40.9563,72.2962,1348922520
2445,41.2512,73.7526,1348922460
2445,41.2511,73.7523,1348423680
2445,40.9855,72.1833,1347905040
2445,40.9013,72.3028,1347736860
2445,40.9013,72.3021,1347736080
2445,41.2403,73.7571,1347673020
2445,40.049,82.9121,1347587160
2445,40.049,82.9121,1347587160
2445,41.2511,73.7522,1347361860
2445,41.2511,73.7526,1347249840
2445,41.0718,73.8678,1347233820
2445,41.0718,73.8677,1347233820
2445,41.0718,73.8677,1347233760
2445,41.1879,73.8032,1347213240
2445,41.1514,73.7812,1347059940
2445,41.1392,73.7923,1347059640
2445,41.0134,73.7938,1347058800
2445,40.7559,73.9777,1347055800
2445,40.7571,73.9786,1347055680
2445,40.7571,73.9795,1347055620
2445,40.7623,73.9829,1347055380
2445,40.7648,73.9823,1347054180
2445,40.9568,72.2958,1346720100
2445,40.9567,72.2961,1346719800
2445,40.9569,72.2186,1346719620
2445,40.9744,72.142,1346689680
2445,40.8741,72.6,1346638620
2445,40.8229,72.8113,1346637900
2445,40.8194,72.8381,1346637780
2445,40.9387,72.3183,1346637780
2445,40.9393,72.3173,1346637720
2445,40.7134,73.2669,1346631060
2445,40.9382,72.3187,1346618760
2445,40.9376,72.3003,1346439600
2445,40.7683,73.7486,1346376240
2445,40.7656,73.7539,1346376000
2445,40.7384,73.8931,1346374980
2445,41.2511,73.7525,1346297820
2445,41.2511,73.7522,1346210100
2445,40.8153,73.9274,1346107440
2445,40.7652,73.9821,1346081160
2445,41.2511,73.7525,1346039760
2445,40.7242,73.2335,1346019780
2445,40.9013,72.3021,1346001660
2445,40.9567,72.296,1345992720
2445,40.9567,72.2961,1345992180
2445,40.9376,72.3003,1345989120
2445,40.9376,72.3003,1345986960
2445,40.9729,72.147,1345922640
2445,40.9738,72.1452,1345922220
2445,40.9972,72.0472,1345852200
2445,40.9972,72.0472,1345851960
2445,40.9376,72.3003,1345668120
2445,41.0379,71.9432,1345662300
2445,41.0379,71.9432,1345662240
2445,40.9566,72.2961,1345511700
2445,40.9565,72.2961,1345511280
2445,40.9567,72.2961,1345511160
2445,40.9171,72.71,1345500060
2445,40.9171,72.71,1345499940
2445,40.9173,72.7101,1345499820
2445,40.9433,72.3,1345436520
2445,40.9376,72.3003,1345436400
2445,43.083,79.0348,1309134900
2445,43.083,79.0348,1309134780
2445,43.0905,79.072,1309124760
2445,41.9706,75.0253,1309046040
