2499,57.6712,11.8596,1378029480
2499,14.066,100.6091,1376072520
2499,13.7324,100.5711,1374486180
2499,14.0757,100.6004,1373654400
2499,13.7572,100.4899,1368959580
2499,13.7568,100.4907,1368958140
2499,13.7568,100.4907,1368953400
2499,14.0661,100.609,1361357100
2499,14.0662,100.609,1361108280
2499,13.7292,100.5328,1360565880
2499,13.7298,100.5333,1360565520
2499,14.0658,100.6092,1358174640
2499,14.0661,100.5967,1356707400
2499,14.0659,100.609,1356707340
2499,13.9876,100.616,1354096440
2499,14.0659,100.609,1353593580
2499,14.0661,100.609,1353586080
2499,13.7411,100.5506,1351322340
2499,13.7411,100.5506,1351318020
2499,14.0662,100.6089,1349886540
2499,14.0662,100.6089,1349886360
2499,14.3378,100.9984,1349596500
2499,14.0726,100.608,1348842600
2499,14.0725,100.6078,1348842360
2499,13.9801,100.5553,1343202900
2499,14.0657,100.6049,1342183140
2499,14.0655,100.5969,1341751980
2499,13.9033,100.5305,1341498720
2499,12.5446,99.9663,1340278740
2499,12.5446,99.9663,1340278320
2499,12.526,99.7055,1340278080
2499,12.5446,99.9664,1340278080
2499,12.526,99.7055,1340259960
2499,12.5447,99.9663,1340197140
2499,12.5818,99.9565,1340177280
2499,13.7321,100.5806,1339673700
2499,14.0667,100.6092,1338382920
2499,14.0668,100.609,1335449460
