272,39.0972,84.5048,1378089180
272,40.0526,82.9272,1377871980
272,40.029,82.8854,1377740400
272,40.0815,82.908,1377692220
272,40.0526,82.9272,1377687540
272,40.0525,82.9272,1377524700
272,40.0637,83.0553,1377453960
272,39.9577,83.1328,1377393900
272,39.9577,83.1328,1377392340
272,39.9577,83.1328,1377392220
272,40.0533,82.9263,1377346440
272,40.0532,82.9262,1377346320
272,40.0745,82.9005,1377346260
272,40.0527,82.9273,1377192900
272,40.0525,82.9273,1377192840
272,39.969,83.0115,1376867880
272,39.9588,83.1361,1376853300
272,40.8685,84.2783,1376783160
272,40.9178,84.3473,1376774040
272,40.9178,84.3475,1376773500
272,40.904,84.2945,1376770500
272,40.9048,84.299,1376760360
272,40.9027,84.2943,1376759460
272,40.9053,84.2987,1376713920
272,39.9535,83.1285,1376690460
272,40.0532,82.9262,1376678880
272,40.0532,82.9273,1376678160
272,40.0532,82.9267,1376678160
272,40.1081,82.8816,1376594400
272,40.0643,83.0568,1376519340
272,40.0526,82.9272,1376510460
272,40.0525,82.9272,1376488320
272,29.9169,81.2918,1376415180
272,40.0525,82.9272,1376415060
272,39.951,83.1447,1376321280
272,39.9512,83.144,1376255040
272,39.9513,83.144,1376254800
272,39.9513,83.1443,1376242260
272,39.9513,83.1443,1376242200
272,39.9513,83.1442,1376241900
272,40.0525,82.9273,1376170500
272,40.0525,82.9273,1376170020
272,40.0567,82.9221,1376081100
272,29.891,81.3102,1375616220
272,29.8847,81.3274,1375581960
272,29.8905,81.311,1375547580
272,29.9169,81.2918,1375537620
272,29.9294,81.4308,1375533540
272,29.8945,81.3143,1375487340
272,29.8506,81.2673,1375451040
272,29.9037,81.3203,1375448040
272,29.9038,81.3203,1375447680
272,29.8913,81.3212,1375387140
272,29.8783,81.3245,1375387080
272,29.8947,81.3143,1375314960
272,29.4811,81.1277,1375293840
272,29.9118,81.4153,1375218360
272,29.9167,81.2989,1375191360
272,29.8913,81.3188,1375124220
272,29.8913,81.3188,1375123260
272,29.8918,81.3116,1375103520
272,29.7119,81.2304,1375024920
272,33.3392,80.5698,1374942240
272,33.763,80.9588,1374938760
272,35.9872,80.8397,1374928920
272,37.1478,81.1397,1374923220
272,38.6278,81.9818,1374922020
272,40.0526,82.9272,1374864600
272,40.0525,82.9273,1374772860
272,40.0522,82.9275,1374678060
272,39.938,82.9443,1374629820
272,40.0525,82.9272,1374519840
272,40.0527,82.9273,1374500940
272,40.1383,83.0703,1374449400
272,40.1385,83.0703,1374449340
272,39.978,83.1503,1374335940
272,40.0488,82.9142,1374246660
272,40.0526,82.9269,1374151380
272,39.9523,83.1268,1374057960
272,39.9533,83.1253,1374019440
272,39.9532,83.1298,1374019320
272,39.953,83.125,1374018720
272,39.9942,83.2541,1373810340
272,39.9522,83.1355,1373805000
272,40.0103,82.9077,1373367060
272,39.195,84.3797,1373249520
272,39.1665,84.4202,1373249220
272,39.1152,84.5197,1373221080
272,39.116,84.5192,1373218980
272,39.1092,84.5117,1373210520
272,39.1102,84.5118,1373163180
272,39.1075,84.5102,1373139060
272,39.1087,84.5148,1373137020
272,39.5414,83.7678,1373127120
272,39.7523,83.316,1373125860
272,40.0526,82.9273,1373027700
272,39.9893,83.0183,1372984560
272,40.0488,82.909,1372797180
272,40.0525,82.9273,1372431300
272,40.0526,82.9273,1372431120
272,40.0526,82.9273,1372430760
272,40.0525,82.9273,1372427580
272,39.5905,82.5301,1371928020
272,39.5896,82.5264,1371927840
272,40.0644,83.0609,1371779880
272,40.0509,82.915,1371727500
272,40.0527,82.9272,1371669420
272,40.0537,82.918,1371555780
272,40.0526,82.9273,1371492480
272,40.0525,82.9273,1371485880
272,40.0434,82.916,1371484020
272,40.0642,83.0607,1371426840
272,39.9831,83.1518,1371426780
272,40.0642,83.0607,1371352500
272,40.0643,83.061,1371350760
272,40.0642,83.0555,1371338400
272,39.9492,83.0013,1371225480
272,39.9497,83.0013,1371225420
272,40.0525,82.9272,1371130620
272,40.1527,82.8503,1370967300
272,39.9465,82.9168,1370829600
272,40.0032,83.2554,1370793840
272,40.0032,83.2554,1370793840
272,39.876,82.8662,1370737320
272,39.9732,83.0047,1370726820
272,39.9436,83.103,1370649480
272,40.0522,82.919,1370625060
272,40.0525,82.9272,1370455560
272,40.0525,82.9273,1370453100
272,40.0525,82.9272,1370444100
272,40.0527,82.927,1370444040
272,40.0525,82.9272,1370437680
272,40.0528,82.9273,1370282760
272,39.8698,83.3738,1370199480
272,40.0526,82.9272,1370003880
272,39.9613,83.1465,1369996200
272,39.929,83.1251,1369777920
272,40.0526,82.9272,1369764780
272,39.9732,83.0052,1369761600
272,39.9523,83.133,1369012980
272,39.9547,82.918,1368876840
272,40.0523,82.9273,1368816720
272,40.0532,82.9205,1368550260
272,39.8863,83.4503,1368535500
272,39.9552,83.1438,1368378360
272,39.9525,83.1261,1368298080
272,39.9523,83.1258,1368297900
272,39.9527,83.126,1368297840
272,40.0526,82.9266,1368136440
272,40.053,82.9268,1368121380
272,40.0526,82.9272,1368121320
272,39.769,83.0972,1368059820
272,40.0575,82.9238,1367982420
272,39.969,83.0115,1367881920
272,39.969,83.0115,1367881500
272,39.9713,83.0062,1367732340
272,39.9705,83.0445,1367623680
272,40.0737,82.7915,1367583240
272,40.0548,82.8022,1367583180
272,39.9562,83.1297,1367363940
272,40.0528,82.9275,1367348280
272,40.0528,82.9268,1367348220
272,40.1172,83.093,1367176140
272,39.965,83.0337,1366886880
272,40.117,83.092,1366849200
272,40.1173,83.0926,1366846080
272,39.9423,83.1059,1366418160
272,39.9437,83.106,1366418040
272,40.0526,82.9272,1366406580
272,40.052,82.909,1366119660
272,40.0646,83.0573,1365914760
272,41.5077,87.3342,1365707460
272,41.7855,88.1375,1365646080
272,41.8031,88.1717,1365643740
272,41.7855,88.1377,1365643080
272,41.7855,88.1375,1365637620
272,41.8747,87.6457,1365605040
272,41.9488,87.6562,1365563820
272,41.9483,87.6555,1365555480
272,41.9485,87.6557,1365554880
272,41.9483,87.6555,1365552180
272,41.9483,87.6555,1365551340
272,41.773,88.151,1365479820
272,41.7731,88.1508,1365478020
272,41.8007,88.1673,1365466800
272,41.5817,87.708,1365457980
272,40.5984,86.9744,1365453180
272,40.4743,86.8533,1365452880
272,39.8208,85.7918,1365447660
272,39.8448,85.5143,1365446940
272,39.8317,84.815,1365446880
272,39.9393,83.5567,1365441480
272,40.0528,82.927,1364841480
272,40.1173,83.0928,1364749440
272,40.0653,82.8618,1364696160
272,40.081,83.0348,1364664240
272,40.0525,82.9272,1364334180
272,40.05,82.9168,1364334120
272,40.1173,83.0928,1364158320
272,39.9542,83.1363,1363862760
272,39.985,83.0392,1363550160
272,39.985,83.0387,1363543500
272,39.9793,83.0358,1363534980
272,39.9506,83.1453,1363493400
272,39.9722,83.0012,1363486560
272,40.0187,82.8723,1363482180
272,39.9723,83.0013,1363466760
272,39.9718,83.0018,1363464600
272,39.9722,83.0012,1363463940
272,40.0527,82.9272,1363282620
272,40.0525,82.9272,1363282620
272,40.0525,82.9272,1363282560
272,40.053,82.9268,1363270680
272,40.0508,82.9152,1362847860
272,40.0522,82.9272,1362837060
272,40.0525,82.9272,1362758160
272,40.0525,82.9271,1362667200
272,40.0447,82.9381,1362666900
272,40.0646,83.0573,1362617700
272,40.0525,82.9272,1362604320
272,39.9694,83.0062,1362580620
272,39.9694,83.0062,1362540420
272,39.969,83.0063,1362532800
272,39.9694,83.0062,1362529800
272,39.9655,83.119,1362529500
272,40.0498,82.9171,1362517440
272,40.053,82.9268,1362402720
272,40.0202,82.8667,1362155880
272,40.0528,82.9268,1362153240
272,40.0038,82.9193,1361972340
272,40.0525,82.9271,1361970300
272,27.983,82.5321,1361830680
272,27.9731,82.5248,1361825940
272,27.9779,82.5508,1361812500
272,27.9811,82.534,1361809620
272,27.9463,82.4444,1361806380
272,27.9481,82.4473,1361804160
272,27.9509,82.4369,1361803680
272,27.9442,82.4417,1361803020
272,24.5602,81.8113,1361571300
272,24.5542,81.8113,1361571000
272,24.561,81.802,1361561220
272,24.5609,81.8019,1361560380
272,24.5609,81.8019,1361559840
272,24.5589,81.8054,1361553060
272,24.5468,81.8146,1361547180
272,24.5467,81.8147,1361547120
272,27.9458,82.4435,1361467440
272,27.9452,82.448,1361466480
272,27.9623,82.4392,1361460660
272,27.9662,82.4375,1361416140
272,27.9799,82.5346,1361404980
272,39.998,82.8855,1361392560
272,39.9493,83.121,1361319000
272,39.9497,83.1213,1361319000
272,40.0526,82.9206,1361207940
272,40.0526,82.9272,1361191500
272,39.1092,84.5116,1361118060
272,39.102,84.5135,1361117940
272,39.101,84.5168,1361117820
272,39.1033,84.512,1360991220
272,39.101,84.5175,1360975020
272,39.9526,83.1225,1360964040
272,40.0523,82.9272,1360942680
272,40.0525,82.9272,1360942440
272,40.0525,82.9272,1360689240
272,40.0525,82.9272,1360677540
272,40.053,82.9268,1360674420
272,40.0525,82.9271,1360590840
272,40.0559,82.919,1360460940
272,40.0526,82.9272,1360418340
272,40.1112,82.9945,1360358640
272,40.0526,82.927,1359985200
272,40.0525,82.9272,1359851940
272,39.9688,83.0062,1359677760
272,40.0978,83.0946,1359670860
272,40.0529,82.9268,1359386520
272,40.0467,82.7848,1359220260
272,40.0467,82.7848,1359220260
272,40.0468,82.7847,1359220200
272,39.9567,83.145,1359158940
272,39.9568,83.145,1359158160
272,40.0545,82.9268,1359155700
272,40.053,82.9268,1359138180
272,40.0528,82.9275,1359136440
272,40.0527,82.9273,1358783460
272,40.0532,82.9267,1358782920
272,40.0525,82.9271,1358782200
272,39.1192,84.521,1358636760
272,39.1228,84.5098,1358633580
272,39.1225,84.5098,1358633460
272,39.1952,84.5423,1358625600
272,39.1043,84.5062,1358625540
272,39.1065,84.5043,1358622600
272,39.1099,84.5368,1358618400
272,39.1074,84.5124,1358613540
272,39.2908,84.4545,1358539020
272,39.9742,83.0937,1358377200
272,40.006,82.9157,1358376540
272,40.0529,82.9268,1358348580
272,40.0526,82.9271,1358252640
272,40.1046,83.1635,1358103060
272,40.1045,83.1635,1358100900
272,40.1049,83.1629,1358099640
272,39.9523,83.1275,1357999620
272,40.0525,82.9272,1357830660
272,39.9525,82.9936,1357613040
272,39.1125,84.5115,1357489080
272,39.9567,83.145,1357488540
272,39.9567,83.145,1357488480
272,39.9568,83.1453,1357417080
272,39.9531,83.125,1357416900
272,39.951,83.1479,1357412940
272,40.0525,82.9272,1357139820
272,40.0525,82.9272,1357139760
272,39.1127,84.5115,1357139520
272,39.1127,84.5118,1357139220
272,39.1127,84.5115,1357139160
272,39.1123,84.5117,1357139100
272,39.1127,84.5117,1357138920
272,39.9567,83.145,1356739380
272,40.0865,82.8393,1356312000
272,40.0525,82.9271,1356035340
272,40.0497,82.9175,1355953560
272,40.0519,82.921,1355953440
272,40.0493,82.9157,1355543520
272,40.0527,82.9272,1355495220
272,40.0525,82.9272,1355416860
272,40.0526,82.9269,1355338500
272,40.0532,82.9267,1355330100
272,40.0525,82.9272,1355236740
272,39.9825,82.8102,1355010600
272,39.9395,82.9911,1354938840
272,39.9605,82.9913,1354710420
272,39.9848,83.0445,1354579080
272,40.0528,82.9277,1354556220
272,39.9518,83.1388,1354409220
272,39.9523,83.1255,1354409220
272,40.1418,82.5315,1354386480
272,40.1418,82.5265,1354381260
272,40.0525,82.9272,1354283100
272,40.0528,82.9268,1354282380
272,39.9742,83.0928,1354141860
272,40.053,82.9272,1354124820
272,40.0525,82.9272,1354113420
272,40.053,82.9268,1354060680
272,40.0527,82.9272,1354040100
272,40.0527,82.9272,1353961800
272,40.0527,82.9272,1353945960
272,40.0527,82.9271,1353942900
272,40.0526,82.9272,1353938940
272,40.0825,82.8371,1353790140
272,40.0825,82.8371,1353789180
272,39.9732,83.0808,1353362220
272,40.0526,82.9272,1353332820
272,40.0525,82.9272,1352994060
272,40.0527,82.9268,1352895180
272,40.0533,82.8669,1352513460
272,40.0321,83.1304,1352422260
272,39.9685,83.1065,1352412900
272,39.9683,83.07,1352412720
272,40.0526,82.9272,1352398140
272,40.0526,82.9271,1352321040
272,39.9525,83.1242,1352202420
272,39.1112,84.512,1352140980
272,39.9702,83.0203,1352140860
272,39.1088,84.515,1352074440
272,39.1113,84.5123,1352066580
272,39.1092,84.5116,1352052120
272,39.1037,84.513,1351998240
272,40.0526,82.9272,1351961820
272,39.9839,83.063,1351806660
272,40.0577,82.9236,1351708860
272,40.0098,82.8998,1351549260
272,40.0614,82.6645,1351449540
272,40.0573,82.6618,1351383360
272,40.0614,82.6645,1351383120
272,39.9517,83.3819,1351366680
272,39.9552,82.7427,1351312800
272,39.9554,82.7428,1351312740
272,40.0527,82.9272,1351258200
272,40.0525,82.9275,1351258080
272,40.0527,82.9272,1351171380
272,39.5754,82.5217,1351111560
272,40.0526,82.9272,1351000440
272,40.0035,82.8603,1350921660
272,39.4087,82.5391,1350860700
272,39.4087,82.5391,1350860340
272,39.4359,82.5409,1350860220
272,39.4087,82.539,1350860100
272,39.98,82.9652,1350766500
272,40.0526,82.9272,1350680880
272,39.9966,82.9528,1350680700
272,40.0523,82.9275,1350515760
272,40.0525,82.9272,1349984280
272,40.9178,84.3473,1349626440
272,40.9177,84.3473,1349563380
272,40.9178,84.3473,1349562660
272,39.9838,83.1535,1349486520
272,40.0082,82.883,1349463120
272,40.0526,82.9272,1349190540
272,40.0525,82.9273,1349092200
272,39.982,83.0308,1348969260
272,40.0498,82.9138,1348868520
272,40.0523,82.9268,1348840080
272,40.0525,82.927,1348840020
272,40.0525,82.9271,1348761660
272,40.0528,82.927,1348663200
272,40.1148,82.8307,1348488420
272,40.1148,82.8305,1348488360
272,40.1148,82.8307,1348488300
272,40.1148,82.8307,1348488240
272,39.9766,83.1504,1348437600
272,39.967,83.0978,1348263000
272,40.0584,82.9139,1348155540
272,40.0525,82.9272,1348069020
272,40.0526,82.9272,1348068120
272,40.0527,82.927,1347918540
272,40.0525,82.9272,1347916440
272,24.66,81.2741,1347891540
272,39.7308,83.3695,1347796800
272,31.6012,83.562,1347756360
272,24.664,81.5015,1347708180
272,24.5522,81.793,1347652560
272,24.5596,81.8067,1347584760
272,24.5595,81.8061,1347583920
272,24.5596,81.8067,1347583860
272,24.5595,81.8061,1347579780
272,24.56,81.7953,1347573360
272,24.6638,81.5015,1347493620
272,24.6638,81.5015,1347493500
272,24.664,81.5015,1347491340
272,24.5927,81.6663,1347398580
272,24.664,81.5014,1347376260
272,24.695,81.4997,1347375900
272,24.6952,81.5023,1347375720
272,24.5643,81.7503,1347375600
272,24.6653,81.4927,1347319560
272,24.66,81.2741,1347318780
272,24.6558,81.2775,1347307560
272,24.6627,81.5133,1347282840
272,24.5585,81.8083,1347235680
272,24.559,81.8052,1347235440
272,24.5591,81.8051,1347234780
272,24.5589,81.8081,1347233940
272,24.5584,81.8083,1347233460
272,24.5589,81.8081,1347233220
272,24.5589,81.8081,1347232860
272,24.5584,81.8084,1347232680
272,24.5584,81.808,1347232260
272,24.5583,81.8068,1347232140
272,24.664,81.5015,1347198000
272,24.664,81.5013,1347146880
272,24.664,81.5015,1347127860
272,24.6638,81.5013,1347121560
272,25.1921,80.4041,1347113880
272,25.8875,80.389,1347112980
272,25.907,80.3832,1347107940
272,26.8151,80.1311,1347104280
272,40.0526,82.9272,1346967000
272,39.9525,83.1339,1346929680
272,40.0526,82.9268,1346877060
272,40.0525,82.9272,1346866020
272,40.0525,82.9272,1346796060
272,40.0503,82.9183,1346793960
272,40.0497,82.9168,1346793300
272,39.1136,84.5065,1346684400
272,39.969,83.0115,1346632140
272,39.1136,84.5065,1346585820
272,39.1136,84.5065,1346558100
272,39.1128,84.5115,1346557560
272,39.113,84.5115,1346549100
272,39.1128,84.5115,1346543580
272,39.1128,84.5115,1346532660
272,40.0509,82.915,1346450280
272,39.9692,83.011,1346373900
272,39.969,83.0115,1346370000
272,40.0584,82.9139,1346342520
272,40.0593,82.9135,1346342400
272,40.0526,82.9272,1346265600
272,40.0305,83.1612,1346021700
272,39.8881,83.2654,1346006220
272,39.9846,83.1495,1345996140
272,39.9822,83.0637,1345778040
272,39.9783,83.0573,1345777860
272,40.0526,82.9272,1345777560
272,40.0895,82.954,1345492500
272,39.9422,82.8802,1345492320
272,39.9674,83.0136,1345253160
272,40.0525,82.9272,1345041420
272,40.0528,82.9268,1344906180
272,39.9747,83.0973,1344806640
272,39.9583,83.1152,1344806640
272,40.002,83.2548,1344787800
272,40.0018,83.2529,1344787500
272,40.0018,83.2529,1344787140
272,40.081,82.8958,1344565260
272,39.9197,83.1265,1344474600
272,40.0508,82.9288,1344474480
272,39.9831,83.1521,1344388800
272,40.0525,82.9272,1344376980
272,40.0526,82.9272,1344359760
272,40.0097,82.9907,1344251820
272,40.0096,82.9906,1344251520
272,40.0095,82.9912,1344206100
272,40.0075,82.993,1344191700
272,39.9943,82.9892,1344127320
272,39.9948,82.9886,1344127200
272,39.9979,82.9933,1344123420
272,40.0034,82.9909,1344118680
272,39.9525,83.1283,1344098280
272,39.9558,83.122,1343956440
272,39.9198,83.1172,1343956320
272,40.0526,82.9272,1343935260
272,39.929,83.1251,1343698620
272,39.112,84.5173,1343618040
272,39.104,84.5103,1343617320
272,39.0838,84.4918,1343607600
272,38.7803,84.9394,1343254260
272,38.7799,84.9413,1343227800
272,39.111,84.5155,1343218980
272,39.1074,84.5124,1343218500
272,39.1087,84.5148,1343186220
272,39.1113,84.5038,1343175480
272,39.9498,83.1222,1343002140
272,39.9475,82.0047,1342903680
272,39.9458,82.0111,1342895100
272,40.1173,83.0928,1342803840
272,40.0498,82.9138,1342803720
272,40.108,82.9317,1342647660
272,40.0377,82.903,1342563240
272,40.0558,82.9162,1342563180
272,39.9534,83.1285,1342385280
272,39.9534,83.1285,1342384920
272,39.952,83.1465,1342239900
272,39.9519,83.1307,1342216500
272,40.0523,82.9102,1341934260
272,40.0584,82.9139,1341934200
272,39.9773,83.0615,1341876300
272,39.6217,83.2386,1341785280
272,39.6217,83.2386,1341776160
272,40.0525,82.9272,1341593160
272,40.0525,82.9272,1341592680
272,39.9522,83.1516,1341544020
272,40.0273,82.8807,1341456540
272,40.0273,82.8807,1341456480
272,40.0273,82.8807,1341456420
272,40.0187,82.8762,1341427980
272,40.0187,82.8762,1341427800
272,40.0187,82.8762,1341426360
272,40.0187,82.8762,1341426360
272,40.0183,82.8758,1341426300
272,39.9677,83.0465,1341370920
272,39.9677,83.0465,1341370260
272,39.9677,83.0465,1341370200
272,40.0525,82.9277,1341010260
272,40.0525,82.9273,1341010140
272,40.0526,82.9272,1340918760
272,40.0692,82.52,1340751120
272,40.0705,82.524,1340750880
272,40.071,82.5209,1340750580
272,40.0692,82.52,1340750460
272,40.0525,82.9272,1340629140
272,39.6177,83.2268,1340576580
272,39.6177,83.2268,1340562420
272,39.6074,83.243,1340562360
272,39.6177,83.2268,1340562300
272,39.9436,82.9846,1340502000
272,39.9515,83.1447,1340472540
272,40.0328,83.1432,1340472180
272,40.0526,82.9272,1340396280
272,39.951,83.1479,1340238120
272,39.9993,82.9268,1339869240
272,40.081,83.1272,1339816920
272,40.1064,83.0903,1339725300
272,40.0527,82.9272,1339694340
272,40.0089,83.0577,1339633980
272,29.8589,81.2674,1339554660
272,36.1312,86.6694,1339554240
272,39.9982,83.1643,1339372140
272,39.9978,83.1645,1339362660
272,39.9689,83.0097,1339289700
272,39.969,83.0115,1339284600
272,39.969,83.0115,1339280220
272,39.969,83.0115,1339280100
272,39.11,84.512,1339200600
272,39.1127,84.5122,1339200540
272,39.9801,83.2117,1339188960
272,40.0526,82.9271,1339081080
272,40.0525,82.9272,1339067880
272,40.0526,82.9272,1339015560
272,40.05,82.9202,1338928560
272,39.971,83.0922,1338845700
272,40.0526,82.9272,1338836820
272,40.0525,82.9272,1338817080
272,40.47,81.9097,1338694380
272,40.47,81.9097,1338681540
272,39.9786,82.9844,1338670260
272,40.0039,83.1546,1338611340
272,40.0535,82.9212,1338482040
272,40.0525,82.9272,1338481980
272,40.1385,83.0702,1338435480
272,40.1387,83.0703,1338435360
272,40.0526,82.9272,1338394320
272,39.9694,83.0062,1338139620
272,39.9728,83.0053,1338058080
272,39.9713,83.0063,1338055620
272,39.9715,83.0053,1338055620
272,39.9714,83.0063,1338054600
272,39.9717,83.0053,1338053640
272,40.0209,82.8669,1337981460
272,39.9534,83.1285,1337805660
272,40.0524,82.9272,1337615460
272,40.0499,82.9164,1337389320
272,40.0526,82.9272,1337349840
272,40.1064,83.0903,1337306220
272,39.9887,83.0466,1336864800
272,39.9998,82.8975,1336862040
272,40.0001,82.8969,1336861800
272,39.9833,83.15,1336710780
272,40.0526,82.9272,1336674960
272,40.7728,82.5147,1336582680
272,40.0017,83.0197,1336328820
272,40.0017,83.0198,1336328760
272,40.0017,83.0197,1336328700
272,40.001,83.0202,1336328640
272,40.0342,83.1201,1336176180
272,40.0525,82.9241,1336068360
272,40.0526,82.9272,1335984840
272,39.969,83.0115,1335829440
272,40.0529,82.9273,1335801540
272,40.0526,82.9271,1335793980
272,39.9704,83.0444,1335725700
272,40.2098,83.1268,1335651600
272,39.9762,83.1192,1335571500
272,39.9862,83.0447,1335408060
272,39.9862,83.0447,1335407940
272,39.9862,83.0447,1335407880
272,40.0526,82.9272,1335286320
272,39.964,83.1195,1335215760
272,40.0525,82.9272,1335205560
272,40.0526,82.9272,1335183960
272,40.0526,82.9272,1335129420
272,40.0526,82.9272,1334857320
272,40.0526,82.9272,1334778000
272,39.4178,83.8,1334531340
272,39.4178,83.7995,1334518080
