282,33.5972,117.2021,1378156920
282,33.5974,117.2019,1378156680
282,34.1125,117.5352,1378019460
282,33.9634,118.0659,1377815280
282,33.7229,117.367,1377708720
282,33.5975,117.202,1377582000
282,33.5973,117.202,1377543960
282,33.8255,118.1772,1377237240
282,33.8254,118.1773,1377237060
282,33.5958,117.2418,1377061260
282,33.6076,117.2386,1377048120
282,33.9634,118.066,1377029280
282,33.6076,117.2387,1376889300
282,33.6076,117.2385,1376887620
282,36.9902,111.4801,1376793420
282,36.9902,111.4802,1376792940
282,36.9723,111.4836,1376781420
282,33.6076,117.2387,1376061600
282,33.6075,117.2387,1375638660
282,33.6076,117.2387,1375596120
282,33.8253,118.1773,1375502100
282,33.9633,118.0657,1375390260
282,33.9667,118.0383,1375304820
282,33.9663,118.0381,1375302000
282,33.9632,118.0658,1375300140
282,33.8541,117.9476,1374709260
282,33.9634,118.066,1374704400
282,33.9634,118.0661,1374704220
282,33.8802,117.5655,1374596760
282,33.6219,117.2795,1374446820
282,33.9632,118.0658,1374258900
282,33.5505,117.2753,1373942820
282,33.6073,117.2386,1373849940
282,34.9192,116.705,1373739720
282,34.9273,116.7128,1373657280
282,34.9278,116.7092,1373657040
282,34.9083,116.8605,1373608800
282,33.6073,117.2388,1373176440
282,33.6077,117.2387,1373148540
282,33.6077,117.2387,1373140500
282,33.6075,117.2387,1373062260
282,33.6077,117.2387,1373061780
282,33.6073,117.2387,1372998000
282,33.6077,117.2387,1372956540
282,33.9635,118.0657,1372892100
282,33.9635,118.0658,1372876680
282,33.8255,118.1773,1372794180
282,33.9631,118.0661,1372709280
282,34.901,116.902,1372472400
282,34.4686,117.351,1372469820
282,33.8477,117.852,1372435740
282,33.9302,118.113,1372379700
282,33.9635,118.066,1372362120
282,33.9632,118.0662,1372265940
282,33.8804,117.5726,1372260420
282,33.8255,118.1773,1371973320
282,33.9632,118.066,1371679080
282,33.6075,117.2387,1371621780
282,33.5973,117.202,1371444420
282,33.8255,118.1775,1371365580
282,33.9633,118.0658,1371167820
282,33.8619,118.4013,1370923500
282,33.8619,118.4013,1370923320
282,33.8619,118.4013,1370923080
282,33.9634,118.0656,1370897820
282,33.5972,117.202,1370824320
282,33.5971,117.1669,1370757480
282,33.5971,117.1669,1370756760
282,33.5971,117.1669,1370755380
282,33.6075,117.2386,1370488500
282,33.8148,118.2882,1370399100
282,33.6077,117.2386,1370242860
282,34.6903,117.3393,1370242440
282,33.6077,117.2386,1370242260
282,34.9017,116.8837,1370216400
282,34.9292,116.7152,1370215560
282,34.9275,116.7131,1370069280
282,34.9275,116.713,1370054760
282,34.6903,117.3397,1370042880
282,34.5983,117.3367,1370042580
282,34.9287,116.712,1370042340
282,33.8255,118.1772,1369761060
282,33.6076,117.2385,1369495860
282,33.6076,117.2386,1369376280
282,33.9633,118.0658,1369322700
282,33.8255,118.1773,1368993780
282,33.8255,118.1773,1368992220
282,33.8255,118.1772,1368931620
282,33.8255,118.1772,1368931260
282,33.8637,118.2622,1368902340
282,33.8635,118.2615,1368899460
282,33.8253,118.1772,1368896640
282,33.9633,118.0657,1368734400
282,34.5955,120.1406,1368654360
282,34.6159,120.0793,1368653520
282,33.9591,118.0506,1368560220
282,33.9633,118.066,1368488160
282,33.6075,117.2386,1368385140
282,33.8408,117.5358,1368333300
282,33.6077,117.2387,1368166560
282,33.6075,117.2388,1368134100
282,33.9633,118.066,1367955780
282,33.6057,117.2305,1367891220
282,33.6075,117.2386,1367734980
282,33.8253,118.1773,1367633400
282,33.8255,118.1772,1367633220
282,33.9634,118.0659,1367525040
282,33.9695,118.056,1367516040
282,34.0072,118.4928,1367475720
282,34.0102,118.4805,1367461020
282,33.5973,117.202,1367211180
282,33.5962,117.2438,1367112300
282,33.5867,117.036,1367040300
282,33.9632,118.0662,1366330680
282,33.9631,118.0658,1366319340
282,33.5975,117.2017,1366258380
282,33.9633,118.0658,1366242840
282,33.5889,117.2152,1366002840
282,33.8115,118.1377,1365449160
282,33.6075,117.2388,1365218760
282,33.9633,118.0658,1364581680
282,33.9633,118.0658,1363902480
282,33.6075,117.2387,1363665780
282,33.7475,117.8655,1363416600
282,34.0092,118.4945,1363323180
282,34.0092,118.4945,1363245240
282,34.0167,118.4976,1363240740
282,33.9635,118.0658,1362784800
282,33.9633,118.066,1362772680
282,33.9693,118.0554,1362686520
282,33.9632,118.0659,1362686400
282,33.6075,117.2387,1362364260
282,33.9646,118.0615,1362181500
282,33.5975,117.2019,1362114180
282,33.9418,118.0629,1362098700
282,34.0704,118.4468,1362036240
282,33.5972,117.2023,1361253180
282,33.5565,117.1975,1361221200
282,33.6077,117.2387,1361142600
282,33.9633,118.0658,1360971540
282,33.5973,117.202,1360551240
282,33.5966,117.247,1360455300
282,33.5966,117.247,1360455180
282,33.983,118.096,1360438440
282,33.9633,118.066,1360346220
282,33.9633,118.0657,1359761760
282,34.0704,118.4468,1359604980
282,34.0704,118.4468,1359600660
282,34.0705,118.4468,1359599940
282,33.5973,117.2017,1359239400
282,33.5972,117.2015,1359185880
282,33.588,117.2162,1359098340
282,33.5973,117.202,1359086640
282,33.8254,118.1774,1358741340
282,33.8255,118.1772,1358741220
282,33.5974,117.2019,1357932600
282,32.6803,117.0188,1357522500
282,32.662,117.0825,1357517820
282,32.6803,117.0188,1357453200
282,32.6805,117.0188,1357441320
282,34.009,118.4945,1357184460
282,33.5972,117.202,1357027380
282,32.7831,117.1196,1356659160
282,32.7831,117.1196,1356658260
282,32.7831,117.1196,1356657540
282,32.7831,117.1196,1356656160
282,33.5973,117.2018,1355285580
282,33.6147,117.1697,1354844760
282,33.5973,117.202,1354329540
282,34.0094,118.4941,1354254060
282,21.6398,157.9208,1353962940
282,34.0868,117.9412,1353707820
282,33.8796,117.5573,1353428280
282,21.6455,157.92,1353305100
282,21.648,157.9225,1353269160
282,21.6832,157.9604,1353213720
282,21.6403,157.9209,1353129180
282,21.6394,157.9204,1353128280
282,21.4218,157.8044,1353118860
282,21.4218,157.8044,1353118680
282,21.5876,158.1033,1353026760
282,33.9365,118.402,1352940540
282,33.9393,118.0471,1352755980
282,34.016,118.0202,1352701320
282,34.0704,118.4468,1352528520
282,34.0704,118.4468,1352525460
282,33.5972,117.2018,1352442960
282,33.8817,117.5505,1352392380
282,33.5971,117.202,1352189820
282,33.5526,117.1957,1352187360
282,34.2794,118.5056,1351979160
282,34.2768,118.5205,1351975260
282,33.9634,118.0659,1351802280
282,33.8491,118.143,1351796040
282,33.597,117.202,1351755600
282,33.5972,117.2019,1351740420
282,33.5972,117.202,1351739640
282,33.5975,117.2023,1351717980
282,33.592,117.2375,1351466040
282,33.5973,117.202,1351463220
282,33.9634,118.0659,1351287180
282,33.9634,118.0659,1351279740
282,33.8067,118.2727,1351218060
282,33.9634,118.0659,1351185900
282,33.9634,118.066,1351022700
282,33.9634,118.0659,1350925740
282,33.5975,117.202,1350885480
282,33.5972,117.2019,1350783900
282,33.9636,118.066,1350602520
282,33.7423,117.4368,1350572520
282,33.8321,118.2685,1350512640
282,32.6807,117.0184,1350275220
282,34.1616,118.1676,1350152460
282,33.5011,117.6601,1349995080
282,32.9045,97.0357,1349977320
282,32.8949,97.0367,1349973900
282,35.4434,97.6019,1349900220
282,35.4523,97.5549,1349831940
282,35.4523,97.5549,1349831580
282,35.4523,97.5549,1349828940
282,35.4432,97.602,1349821500
282,35.4427,97.602,1349748420
282,32.8999,97.0355,1349734560
282,33.6797,117.8623,1349724060
282,33.6801,117.8616,1349718780
282,33.8257,118.1774,1349319300
282,33.7258,117.3718,1349276340
282,33.9634,118.0659,1348866420
282,33.9634,118.066,1348850400
282,33.5973,117.2019,1348463820
282,33.2828,111.8749,1348432800
282,33.2827,111.875,1348431600
282,33.2827,111.8749,1348431240
282,33.2829,111.8751,1348430100
282,33.3347,111.8811,1348370340
282,33.6713,114.1518,1348338780
282,34.0091,118.4945,1348298700
282,34.0092,118.4945,1348298100
282,34.0093,118.4944,1348297980
282,34.0092,118.4946,1348297860
282,34.0093,118.4944,1348297800
282,34.0092,118.4945,1348296840
282,34.0094,118.4948,1348278240
282,33.7526,118.1865,1347918900
282,33.7514,118.1871,1347918840
282,34.0094,118.4873,1347913380
282,34.1616,118.1676,1347758760
282,33.5016,117.111,1347678720
282,33.9172,117.2669,1347588720
282,33.5967,117.2469,1347425640
282,33.5975,117.2018,1347331860
282,41.5095,124.0793,1347233700
282,33.5954,117.1974,1347173520
282,34.1314,118.0571,1347169020
282,34.1064,118.1345,1347166320
282,34.1611,118.1683,1347157080
282,34.161,118.1684,1347151140
282,34.1036,118.0737,1347087960
282,34.1038,118.0739,1347086880
282,33.8255,118.1774,1346464260
282,33.8256,118.1773,1346464080
282,33.5978,117.2186,1346164980
282,34.9274,116.713,1346044200
282,34.929,116.712,1346039880
282,34.9277,116.713,1346034300
282,34.9277,116.713,1346034060
282,34.929,116.712,1346031360
282,34.9275,116.713,1346022960
282,34.929,116.712,1346014500
282,34.9276,116.7129,1346012520
282,34.9274,116.713,1346012520
282,34.9275,116.713,1345951560
282,34.929,116.712,1345945680
282,34.9273,116.7127,1345944780
282,34.4272,117.3774,1345867380
282,34.0093,118.4943,1344960420
282,33.8319,118.2497,1344952320
282,33.9632,118.0659,1344885840
282,33.5973,117.202,1344748800
282,33.5974,117.202,1344748380
282,33.9265,118.0639,1344529320
282,33.5973,117.2019,1344476760
282,33.9689,118.0714,1344367800
282,33.5972,117.202,1344297660
282,33.5973,117.2021,1344284820
282,33.5973,117.202,1343969460
282,33.5977,117.2116,1343918340
282,33.5889,117.2002,1343717280
282,33.5974,117.2019,1343698920
282,33.5974,117.2021,1343623440
282,33.8255,118.1772,1343458320
282,33.7706,118.1942,1343370000
282,33.7706,118.1942,1343359680
282,33.7706,118.1938,1343359440
282,33.849,118.1432,1343355240
282,33.9636,118.0653,1343339580
282,33.7705,118.1944,1343239620
282,33.9714,118.069,1343085000
282,33.5972,117.202,1343025360
282,33.5973,117.202,1342841880
282,33.7705,118.1942,1342685700
282,34.0317,118.4825,1342674840
282,34.0134,118.4941,1342670220
282,34.0583,118.4446,1342656360
282,33.5972,117.202,1342333620
282,33.5974,117.202,1342325520
282,33.5975,117.2019,1342318500
282,33.5037,117.1477,1342315080
282,33.5037,117.1477,1342314180
282,33.5037,117.1477,1342313760
282,33.9634,118.0658,1341962940
282,33.5974,117.2019,1341778380
282,33.5605,117.2032,1341695160
282,33.5975,117.2021,1341682860
282,33.5973,117.202,1341682740
282,32.6805,117.0194,1341459540
282,32.6803,117.0187,1341454560
282,32.6803,117.0186,1341454380
282,32.6806,117.0189,1341416460
282,33.8255,118.1772,1341381780
282,33.9634,118.0659,1341343560
282,34.9289,116.712,1341281400
282,34.9274,116.7131,1341257160
282,34.9274,116.7131,1341256860
282,34.9275,116.713,1341256560
282,34.9285,116.7119,1341252360
282,34.9289,116.712,1341251100
282,34.9289,116.712,1341249480
282,34.9275,116.7132,1341246060
282,34.9287,116.7119,1341188940
282,34.9289,116.712,1341168780
282,34.9455,116.6706,1341165240
282,34.9275,116.713,1341107940
282,34.9289,116.712,1341105840
282,34.9274,116.7129,1341100080
282,34.9276,116.7129,1341082500
282,34.9277,116.7129,1341082020
282,34.9289,116.712,1341081420
282,34.9275,116.7129,1341080700
282,34.9275,116.7129,1341079920
282,34.927,116.7133,1341079740
282,34.9272,116.7133,1341079680
282,33.9843,118.0626,1340931480
282,33.9634,118.0659,1340904240
282,33.9634,118.0659,1340827200
282,33.9633,118.066,1340824800
282,34.1119,117.5353,1340770620
282,33.9634,118.0659,1340726040
282,33.7641,118.1961,1340723160
282,33.7706,118.1941,1340670480
282,33.9692,118.0599,1340652540
282,34.0161,118.4967,1340501700
282,34.0151,118.4954,1340497860
282,34.0153,118.4958,1340497320
282,34.0164,118.497,1340495040
282,34.0164,118.497,1340490120
282,33.8255,118.1774,1340428080
282,33.9635,118.066,1340318040
282,33.9634,118.0659,1340306640
282,33.9634,118.0659,1340236980
282,33.9634,118.066,1340233020
282,33.9634,118.0659,1340232540
282,33.9634,118.0659,1340136120
282,33.9693,118.071,1340048460
282,33.5959,117.2012,1340003160
282,33.7706,118.1942,1339953060
282,33.7706,118.1942,1339864440
282,33.7706,118.1945,1339863540
282,33.9632,118.0659,1339708080
282,33.7706,118.1942,1339555560
282,33.809,118.187,1339532820
282,33.5973,117.202,1339279980
282,33.8427,118.1295,1339205820
282,33.9631,118.0656,1339195020
282,33.9636,118.0657,1339175400
282,33.8255,118.1773,1339118640
282,33.8254,118.1773,1339118160
282,33.8254,118.1773,1339117800
282,33.8254,118.1773,1339116060
282,33.8247,118.1798,1338960480
282,33.7705,118.1941,1338949080
282,33.7711,118.1945,1338945840
282,33.7706,118.1942,1338945780
282,33.7706,118.1942,1338945720
282,33.7706,118.1942,1338945540
282,33.7706,118.1942,1338945180
282,33.7705,118.1941,1338945060
282,33.9643,118.0617,1338923580
282,33.413,111.8203,1338667140
282,33.4129,111.8201,1338608940
282,33.2905,111.7378,1338589140
282,33.3812,111.7573,1338585960
282,33.381,111.7572,1338585480
282,33.3346,111.881,1338538980
282,33.8148,117.507,1338519300
282,33.8149,117.507,1338518100
282,33.9631,118.065,1338492180
282,33.9822,118.052,1338422880
282,33.9635,118.0659,1338418500
282,33.572,117.2033,1338351900
282,33.5877,117.2176,1338343920
282,33.5974,117.2019,1338343560
282,33.5974,117.202,1338340440
282,33.8254,118.1772,1338168300
282,33.8255,118.1772,1338160260
282,33.8255,118.1771,1338159240
282,33.8255,118.1771,1338159120
282,33.8255,118.1772,1338156900
282,33.8254,118.1772,1338156600
282,33.8255,118.1773,1338153600
282,33.8255,118.1772,1338153060
282,33.8255,118.1772,1338152580
282,33.8255,118.1772,1338152460
282,33.8254,118.1772,1338152160
282,33.8255,118.1772,1338148200
282,33.8255,118.1769,1338144300
282,33.8255,118.1772,1338138780
282,33.8254,118.1771,1338105060
282,33.8254,118.1772,1338104400
282,33.8254,118.1771,1338104100
282,33.8254,118.1772,1338102960
282,33.8255,118.1772,1338094560
282,33.8255,118.1772,1338094380
282,33.8255,118.1773,1338093960
282,33.8255,118.1774,1338079980
282,33.8255,118.1773,1338079320
282,33.8255,118.1775,1338077880
282,33.8255,118.1772,1338077100
282,33.8255,118.1774,1338076680
282,33.8255,118.1773,1338076260
282,33.8594,118.2595,1338065580
282,33.8592,118.2596,1338058740
282,33.9633,118.066,1337988840
282,33.9634,118.066,1337982060
282,33.9632,118.0654,1337972040
282,33.8255,118.1772,1337962620
282,33.8255,118.1772,1337962500
282,33.7703,118.1943,1337847600
282,34.0626,118.447,1337836680
282,34.0631,118.447,1337835480
282,34.0631,118.4471,1337834820
282,33.9566,118.0531,1337801040
282,33.9285,118.0578,1337796900
282,33.9285,118.0578,1337794680
282,34.0527,118.4324,1337747520
282,34.0477,118.4287,1337738520
282,33.7706,118.1942,1337670660
282,33.7705,118.1941,1337669520
282,33.5975,117.2018,1337565540
282,33.5973,117.2019,1337564880
282,33.5972,117.2018,1337564760
282,33.577,117.1823,1337537280
282,33.8254,118.1773,1337487660
282,33.8255,118.1772,1337484000
282,33.8256,118.1772,1337482020
282,33.8318,118.177,1337467560
282,33.7706,118.1942,1337441220
282,33.8325,118.1407,1337439420
282,33.8255,118.1775,1337402280
282,33.8255,118.1772,1337401860
282,33.8255,118.1772,1337401560
282,33.9634,118.0657,1337377380
282,33.8131,118.1394,1337351040
282,33.7706,118.1942,1337320980
282,33.7705,118.1942,1337320920
282,33.9636,118.0657,1337219100
282,33.9633,118.0656,1337204880
282,33.8231,118.1773,1337056980
282,33.5866,117.2197,1336966440
282,33.5973,117.202,1336962300
282,33.5974,117.2018,1336922400
282,33.5973,117.2018,1336919940
282,34.0089,118.0293,1336863180
282,34.0089,118.0294,1336858740
282,34.0088,118.0295,1336857360
282,34.0089,118.0294,1336854420
282,33.8382,118.2424,1336849140
282,33.8376,118.2419,1336848240
282,33.7706,118.1942,1336722720
282,33.6949,117.8536,1336715040
282,33.7706,118.1942,1336668360
282,33.8422,118.2621,1336620360
282,33.8078,118.2725,1336529520
282,33.8076,118.2717,1336527420
282,34.0164,118.4971,1336440780
282,33.9631,118.0656,1336427280
282,33.5973,117.202,1336365600
282,34.1143,117.7642,1336349220
282,34.1525,118.1014,1336347240
282,34.1514,118.1496,1336347000
282,34.1582,118.1674,1336346760
282,34.161,118.1673,1336343760
282,34.16,118.1682,1336338660
282,33.5973,117.202,1336277820
282,33.5973,117.202,1336245780
282,33.5973,117.202,1336245660
282,33.7704,118.1943,1336240440
282,33.7705,118.1944,1336240260
282,33.8376,118.2419,1336236720
282,33.8376,118.2419,1336236660
282,33.9633,118.0659,1335916800
282,33.5974,117.2018,1335756900
282,33.5973,117.2019,1335753420
282,33.5974,117.202,1335668100
282,33.5974,117.202,1335667740
282,33.9633,118.0659,1335570960
282,33.7984,118.0021,1335560100
282,33.8493,118.1442,1335492060
282,33.7705,118.1941,1335464340
282,33.7705,118.1941,1335400860
282,33.9669,118.049,1335365640
282,33.9633,118.0659,1335285660
282,33.5972,117.202,1335163380
282,33.5974,117.202,1335069840
282,33.5973,117.2019,1335053340
282,33.7704,118.1944,1335002280
282,33.7704,118.1941,1335001980
282,34.0395,118.4307,1334998440
282,34.0383,118.4326,1334997900
282,34.0383,118.4326,1334997180
282,34.0383,118.4327,1334997120
282,34.0383,118.4326,1334996760
282,34.0946,118.3736,1334993280
282,34.0945,118.3735,1334992080
282,34.0945,118.3735,1334982240
282,33.9633,118.0659,1334966100
282,33.7704,118.1941,1334937180
282,33.8254,118.1773,1334907540
282,33.8253,118.1774,1334907420
282,34.0336,118.3024,1334904120
282,34.0356,118.3028,1334903040
282,33.9355,118.1193,1334884440
282,33.9634,118.066,1334878020
282,33.9412,118.0458,1334862780
282,33.7706,118.1942,1334850660
282,33.7705,118.1941,1334811900
282,33.9264,117.428,1334798820
282,33.9634,118.0658,1334776620
282,33.957,118.07,1334730720
282,34.0511,118.4325,1334708040
282,33.9166,118.1042,1334677620
282,33.7693,118.1946,1334674260
282,33.7705,118.1941,1334632560
282,33.7706,118.1943,1334623080
282,33.5155,117.1135,1334568300
282,33.5974,117.2018,1334535780
282,33.7704,118.1941,1334476080
282,33.7705,118.1941,1334437680
282,33.9633,118.066,1334358720
282,33.7706,118.1944,1334296860
282,33.7705,118.1941,1334288700
282,33.7668,118.1947,1334281980
282,33.7704,118.194,1334274960
282,33.8629,118.03,1334272920
282,33.7706,118.1943,1334127420
282,33.77,118.1948,1334127000
282,33.8254,118.1774,1334124600
282,33.8254,118.1772,1334118660
282,33.8254,118.1772,1334117820
282,33.8254,118.1772,1334117640
282,33.9633,118.066,1334100780
282,34.1452,118.0313,1334091420
282,33.7707,118.1943,1334034600
282,33.7704,118.1941,1334018760
282,33.7705,118.1941,1334017680
282,33.7705,118.1941,1334017140
282,33.9633,118.066,1334010960
282,33.5973,117.202,1333938420
282,33.5973,117.202,1333938060
282,33.5974,117.2018,1333933440
282,33.5974,117.2019,1333916640
282,33.5974,117.2019,1333916460
282,33.5972,117.202,1333914720
282,33.7705,118.1943,1333817160
282,33.849,118.1429,1333680300
282,33.7706,118.1942,1333674960
282,33.7714,118.1926,1333673880
282,33.9634,118.0659,1333668420
282,33.9634,118.0659,1333666680
282,33.9689,118.0499,1333662900
282,34.0092,118.4944,1333611480
282,33.7704,118.1941,1333593660
282,33.9791,118.037,1333569420
282,33.8255,118.1773,1333515600
282,33.8254,118.1772,1333511700
282,33.8254,118.1772,1333506840
282,33.8254,118.1772,1333506300
282,33.8254,118.1771,1333458300
282,33.7704,118.1942,1333439460
282,33.8254,118.1771,1333423560
282,33.8254,118.1771,1333423140
282,33.5978,117.2007,1333342920
282,33.5876,117.2186,1333341720
282,33.5945,117.2028,1333335600
282,33.5974,117.2019,1333239900
282,33.5974,117.202,1333238700
282,33.5973,117.202,1333238460
282,33.5972,117.202,1333184700
282,33.5683,117.2164,1333169580
282,33.5557,117.2151,1333163100
282,34.1482,118.0328,1333140120
282,33.7704,118.1942,1333091280
282,33.9634,118.066,1333052040
282,33.7709,118.1945,1332923640
282,33.7705,118.1942,1332923280
282,33.7705,118.1941,1332893400
282,33.7704,118.1941,1332892320
282,33.7705,118.1941,1332891600
282,33.4647,117.6911,1332799980
282,33.4639,117.6908,1332786360
282,33.4644,117.6913,1332778920
282,33.4639,117.6908,1332778620
282,33.4639,117.6908,1332778440
282,33.4644,117.6914,1332778080
282,33.4622,117.7083,1332732540
282,33.4644,117.6914,1332693600
282,33.595,117.2124,1332608400
282,33.595,117.2125,1332605880
282,33.5952,117.2126,1332574200
282,33.585,117.2212,1332492060
282,33.5973,117.2021,1332491700
282,33.9634,118.0659,1332454020
282,33.9634,118.0659,1332446520
282,33.5972,117.2021,1332400680
282,33.7704,118.1941,1332377640
282,33.9677,118.0837,1332365220
282,33.9634,118.066,1332363660
282,33.8338,118.3469,1332298440
282,33.8338,118.3469,1332297060
282,33.7722,118.191,1332290040
282,33.7719,118.1813,1332285660
282,33.7702,118.1943,1332279000
282,33.7705,118.1942,1332277500
282,33.7702,118.195,1332224220
282,33.7706,118.1942,1332211560
282,33.7704,118.1941,1332210720
282,33.7705,118.1941,1332209280
282,33.7703,118.1941,1332202620
282,33.5973,117.2019,1332125820
282,33.5955,117.2022,1332115260
282,33.5973,117.202,1332114300
282,33.8293,118.3494,1332009360
282,33.7705,118.1942,1331996040
282,33.7705,118.1942,1331968500
282,33.7707,118.1941,1331958540
282,33.9633,118.066,1331942820
282,33.7704,118.1942,1331914500
282,33.8322,118.1772,1331844180
282,33.8254,118.1772,1331797920
282,33.8255,118.1772,1331785020
282,33.9633,118.066,1331766300
282,33.8255,118.1771,1331737740
282,33.8255,118.1772,1331701500
282,33.8255,118.1772,1331695260
282,33.9633,118.066,1331675760
282,33.9791,118.0368,1331667720
282,33.8255,118.1771,1331626920
282,33.8255,118.1772,1331625660
282,33.9633,118.066,1331604600
282,33.8416,118.2626,1331582220
282,33.5858,117.2198,1331526000
282,33.5972,117.202,1331514780
282,33.5972,117.2019,1331441640
282,33.5904,117.2238,1331436600
282,33.5935,117.2464,1331422800
282,33.5935,117.2464,1331422740
282,33.7704,118.1941,1331362620
282,33.8254,118.1773,1331356860
282,33.8322,118.2686,1331343360
282,33.9633,118.066,1331339460
282,33.9633,118.066,1331328480
282,33.7704,118.194,1331279580
282,33.7706,118.1919,1331272080
282,33.7705,118.1941,1331258880
282,33.9634,118.0657,1331236800
282,33.7704,118.1942,1331199120
282,33.9371,118.1276,1331153220
282,33.5973,117.2019,1330882740
282,33.5972,117.2021,1330839660
282,33.5971,117.2021,1330762980
282,33.967,118.0586,1330757640
282,33.968,118.0818,1330757460
282,34.0431,118.2672,1330757160
282,34.0432,118.2671,1330750440
282,34.0395,118.2652,1330750080
282,33.8419,118.2588,1330653780
282,33.9016,118.38,1330646820
282,33.9292,118.3707,1330642680
282,34.009,118.4946,1330621560
282,34.009,118.4945,1330619940
282,34.009,118.4945,1330616820
282,34.0089,118.4945,1330599300
282,33.9675,118.0568,1330570620
282,33.9676,118.0566,1330546560
282,33.7705,118.1942,1330503420
282,33.8308,118.264,1330488720
282,33.8307,118.2638,1330487700
282,33.9633,118.0658,1330472340
282,33.7706,118.194,1330406280
282,33.8071,118.2891,1330396920
282,33.5972,117.2022,1330328700
282,33.5973,117.202,1330300560
282,33.5975,117.2018,1330218360
282,33.5974,117.202,1330212960
282,33.597,117.202,1330203600
282,33.9636,118.066,1330134960
282,33.7705,118.1941,1330085640
282,33.971,118.0653,1330029840
282,33.7692,118.1946,1330012260
282,33.7704,118.1941,1329984300
282,33.9419,118.0519,1329933000
282,33.7713,118.1952,1329894000
282,33.8258,118.1851,1329718680
282,33.8255,118.1773,1329712200
282,33.8254,118.1772,1329712080
282,33.8255,118.1775,1329709440
282,32.6814,117.0199,1329696000
282,32.6806,117.0188,1329681240
282,32.6808,117.0195,1329671400
282,32.6806,117.0188,1329668220
282,32.6805,117.019,1329665520
282,32.682,117.0168,1329664500
282,32.6804,117.0188,1329663900
282,32.6806,117.0188,1329663900
282,32.678,117.0086,1329642900
282,33.7704,118.1943,1329597060
282,33.7705,118.1941,1329494340
282,33.953,118.0628,1329354360
282,33.8258,118.181,1329114120
282,33.9202,118.1025,1328906040
282,33.9202,118.1022,1328905800
282,33.9633,118.0659,1328819040
282,33.7706,118.1942,1328802900
282,33.7705,118.1942,1328802180
282,33.7707,118.1943,1328801040
282,33.7702,118.1942,1328800920
282,33.9634,118.066,1328724120
282,33.9633,118.0657,1328578140
282,33.5972,117.2021,1328490300
282,33.7707,118.1942,1328362200
282,33.7705,118.1942,1328035620
282,33.5765,117.1828,1327875720
282,34.0135,118.2848,1327641600
282,34.0502,118.2593,1327632720
282,34.0464,118.2629,1327631340
282,34.0464,118.2629,1327630920
282,33.5973,117.2021,1327328040
282,33.5924,117.2103,1327201740
282,33.9633,118.0657,1326747360
282,33.763,117.2217,1326577080
282,33.8621,118.4009,1326523440
282,33.8323,118.1772,1326236700
282,33.9632,118.0654,1326143940
282,33.9729,118.073,1326137940
282,33.9503,118.0272,1325796120
282,33.9634,118.0656,1325715900
282,33.9708,118.0436,1325621700
282,33.8254,118.1773,1325567880
282,34.0639,118.3555,1325546700
282,34.0638,118.3555,1325546520
282,34.0653,118.3554,1325546340
282,33.5973,117.2019,1325463540
282,33.9674,118.0485,1325017020
282,33.5974,117.202,1324841760
282,33.5972,117.2018,1324835580
282,33.5974,117.2019,1324149420
282,34.1485,117.6303,1323747420
282,33.7707,118.1942,1323685740
282,33.543,117.2186,1323664440
282,33.7704,118.1941,1323637260
282,33.7709,118.1946,1323559620
282,33.7705,118.1941,1323558600
282,33.9635,118.0661,1323454140
282,33.9634,118.0659,1323450120
282,33.8254,118.1776,1323416700
282,33.8255,118.1773,1323416160
282,33.9634,118.0659,1323388680
282,34.1066,117.7237,1323325680
282,34.1079,117.7227,1323320940
282,34.1083,117.7219,1323315780
282,34.1083,117.7219,1323315720
282,34.1072,117.7237,1323315600
282,34.1057,117.7261,1323315540
282,33.9395,118.0468,1323117240
282,33.5972,117.2019,1323066420
282,33.5974,117.2019,1323053220
282,33.5974,117.2019,1323053040
282,32.6794,117.0143,1323039240
282,32.6619,116.9716,1323033360
282,32.6808,117.0187,1323018240
282,32.6803,117.0169,1322980740
282,32.6818,117.0189,1322964540
282,32.6805,117.019,1322953560
282,32.6797,117.0158,1322952900
282,32.6816,117.019,1322932380
282,32.6805,117.019,1322902920
282,32.6803,117.0187,1322901840
282,32.6803,117.0187,1322901600
282,32.8017,116.9342,1322897160
282,33.9635,118.066,1322855460
282,33.7708,118.1943,1322672100
282,33.7685,118.1964,1322670540
282,33.9634,118.0659,1322586420
282,33.9649,118.062,1322586300
282,33.5762,117.1833,1322430600
282,32.6799,117.016,1322368080
282,32.6804,117.0189,1322367840
282,32.6578,117.09,1322360400
282,32.658,117.0904,1322359860
282,33.5977,117.2021,1322273220
282,33.517,117.1619,1322269500
282,33.5973,117.2018,1322258340
282,33.5974,117.2018,1322209260
282,33.5974,117.202,1322207340
282,33.5974,117.202,1322199180
282,33.5973,117.202,1322194260
282,33.5973,117.202,1322192820
282,33.5973,117.202,1322192640
282,33.5973,117.2019,1322190780
