29,40.7495,73.9725,1378075020
29,40.7955,73.926,1377956880
29,40.7252,73.3701,1377562080
29,40.7443,74.0064,1377535920
29,40.6831,73.976,1377523500
29,40.6831,73.976,1377490740
29,40.6831,73.976,1377476040
29,40.7252,73.3701,1377364500
29,40.7358,73.9757,1377356760
29,40.7238,74.0085,1377283200
29,40.7238,74.0085,1377266100
29,40.741,74.0082,1377093600
29,40.741,74.0082,1377052860
29,40.7287,74.0085,1377003840
29,40.7229,73.9988,1376682540
29,40.7252,73.3702,1376265600
29,40.7282,74.0077,1376068200
29,40.7269,73.9954,1375920720
29,40.6131,74.124,1375641120
29,40.7269,73.9998,1375561080
29,40.7269,73.9998,1375485120
29,40.7282,74.0076,1375465920
29,40.7285,74.0075,1375456320
29,40.7252,73.3702,1375403160
29,40.761,73.9672,1375283820
29,40.631,73.5812,1375226280
29,40.631,73.5813,1375187160
29,40.631,73.5813,1375142640
29,40.631,73.5813,1375117620
29,40.631,73.5813,1375056720
29,40.5969,73.6584,1374972420
29,40.7455,73.9777,1374808140
29,40.7144,73.7492,1374707700
29,40.7604,73.9912,1374604140
29,40.7397,73.4783,1374581100
29,40.7523,74.0088,1374538440
29,40.7617,73.9677,1374524700
29,40.5969,73.6584,1374510480
29,40.5969,73.6584,1374452820
29,40.6949,73.8208,1374439680
29,40.7602,73.9898,1374343080
29,40.8295,73.9269,1374294600
29,40.7528,73.9772,1374263940
29,40.7403,73.9832,1374158160
29,40.7447,73.6756,1373760180
29,40.7453,73.6742,1373752740
29,40.7282,74.0076,1373560500
29,40.7252,73.37,1373374260
29,40.5733,73.9803,1373242920
29,40.5733,73.9803,1373228400
29,39.354,74.4367,1373061120
29,39.3592,74.4188,1373038620
29,39.3538,74.4361,1372972140
29,40.7432,73.9892,1372474560
29,40.7282,74.0076,1372445880
29,40.7111,74.005,1372332360
29,40.7439,74.007,1372295280
29,40.7303,73.984,1372269660
29,40.7281,74.0077,1372262280
29,40.7353,73.9904,1372209300
29,40.7513,73.9937,1372121460
29,40.744,73.9857,1372003560
29,40.7565,73.9863,1371874500
29,40.7331,74.0122,1371859080
29,40.5576,74.2628,1371735060
29,40.7421,74.0074,1371656340
29,40.7115,73.993,1371613140
29,40.7421,74.0074,1371602100
29,36.1294,115.1658,1371469140
29,36.1243,115.1686,1371419880
29,36.1014,115.1722,1371411900
29,36.1014,115.1722,1371370620
29,36.1055,115.1659,1371334740
29,40.7453,73.9462,1370957460
29,40.7545,73.3598,1370865360
29,40.7452,73.9457,1370836020
29,40.7503,73.9915,1370797920
29,40.7071,74.0032,1370742120
29,40.7452,73.9457,1370725380
29,40.7346,74.0021,1370700660
29,40.7452,73.9457,1370446380
29,40.7452,73.9457,1370386380
29,40.7547,73.3597,1370345280
29,40.7408,74.0079,1370309280
29,40.7408,74.0079,1370220120
29,40.7587,73.9785,1370186820
29,40.7471,74.0052,1370156160
29,40.7588,73.9786,1370128440
29,40.7252,73.3702,1370098440
29,40.6938,73.8285,1370051940
29,40.7282,74.0078,1369924140
29,40.7204,74.0051,1369750260
29,40.6092,74.1327,1369696260
29,40.5893,74.1107,1369684260
29,43.0779,79.0762,1369615440
29,43.7825,79.5383,1369553760
29,43.6458,79.4195,1369506060
29,43.0943,75.9478,1369422720
29,40.7134,74.0061,1369348020
29,40.7543,73.3598,1369310160
29,40.7634,73.9837,1369137780
29,40.7635,73.9842,1369119360
29,40.5893,74.1107,1369052940
29,40.746,73.5948,1369016880
29,40.6523,74.0097,1368896220
29,40.7686,73.9825,1368849900
29,40.751,73.991,1368746880
29,40.7508,73.9936,1368741060
29,40.7287,74.0078,1368627420
29,40.7505,73.9825,1368569040
29,40.7292,74.0093,1368469380
29,40.7272,74.005,1368451380
29,40.7498,73.988,1368319380
29,40.7068,74.0107,1368156120
29,40.7252,73.3702,1368141180
29,40.683,73.9917,1367989980
29,40.7408,74.0079,1367927160
29,40.712,73.7237,1367897520
29,40.8022,73.9534,1367885580
29,40.7408,74.0079,1367881020
29,40.716,73.3855,1367776980
29,40.712,73.7237,1367701020
29,40.7332,73.99,1367622060
29,40.7289,74.0093,1367505000
29,40.7252,73.3702,1367278620
29,40.7656,73.5183,1367235480
29,40.8295,73.9269,1366931580
29,40.7282,74.0076,1366895820
29,40.7344,73.9909,1366757040
29,40.6888,73.6277,1366725180
29,40.7302,74.0022,1366392540
29,40.7564,73.9891,1366376580
29,40.744,73.9857,1365923820
29,40.744,73.9857,1365874740
29,40.7288,74.008,1365802920
29,40.7282,74.0078,1365772440
29,40.7585,73.9787,1365740160
29,40.7445,73.4044,1365508860
29,40.753,73.9935,1365425640
29,40.7259,73.3689,1365381060
29,40.7213,73.3718,1365351840
29,40.7287,74.0047,1365259680
29,40.7288,74.008,1365183780
29,40.7543,73.361,1365161520
29,40.7282,74.0076,1365086040
29,40.748,73.3872,1365074940
29,40.7282,74.0077,1364993460
29,40.7355,73.4428,1364902080
29,40.7545,73.3597,1364815200
29,40.7308,73.6811,1364770980
29,42.3511,71.0666,1364756520
29,42.3504,71.0797,1364685540
29,40.7422,73.7062,1364662440
29,40.7285,74.0079,1364482260
29,40.6836,73.834,1364472840
29,40.686,73.3531,1364352660
29,40.7283,74.0075,1364215620
29,40.6939,73.8284,1364178480
29,40.7252,73.3702,1364049060
29,40.711,74.0061,1364003640
29,40.7287,74.008,1363873560
29,40.7253,73.3703,1363776060
29,40.7252,73.3701,1363748340
29,40.7288,74.008,1363730280
29,40.7331,73.6837,1363404000
29,40.7459,73.7143,1363398600
29,40.7616,73.4958,1363269120
29,40.7608,73.4956,1363093740
29,42.3355,71.1691,1362954900
29,41.1604,73.2429,1362941040
29,40.5893,74.1107,1362934500
29,40.6987,73.8193,1362931560
29,40.6131,74.124,1362886440
29,40.7615,73.4957,1362695520
29,40.7612,73.496,1362668700
29,40.7252,73.3701,1362366960
29,40.7253,73.3702,1362327540
29,40.7252,73.3701,1362325860
29,40.7252,73.3702,1362109800
29,40.7616,73.4958,1362063300
29,40.7613,73.4945,1361992200
29,40.7252,73.3702,1361977740
29,40.686,73.3531,1361842680
29,40.7252,73.37,1361801520
29,40.7614,73.4954,1361478300
29,40.7613,73.4961,1361300760
29,40.7588,73.9786,1361157060
29,40.7446,73.9843,1361148420
29,40.7388,73.6133,1361049780
29,40.686,73.5961,1361047140
29,40.5925,73.9082,1360971300
29,40.7252,73.37,1360886460
29,40.7615,73.4957,1360856640
29,40.7252,73.3702,1360818180
29,40.7251,73.37,1360420140
29,40.7613,73.496,1360339200
29,40.7433,73.6138,1360301160
29,40.7687,73.5124,1360275660
29,40.7615,73.4957,1360246080
29,40.7613,73.496,1360158480
29,40.7227,73.3825,1359952860
29,40.718,73.9853,1359831780
29,40.5892,74.1107,1359214920
29,40.526,74.3607,1359084660
29,40.7616,73.4956,1359037860
29,40.7615,73.4958,1358951280
29,40.759,73.4863,1358877300
29,40.7148,73.3745,1358866980
29,40.7237,73.3789,1358827680
29,40.7252,73.37,1358799360
29,40.7723,73.8933,1358781480
29,40.7252,73.37,1358709720
29,40.7442,73.9857,1358699100
29,40.7252,73.3702,1358629920
29,40.7253,73.37,1358613960
29,40.7615,73.4962,1358530020
29,40.7615,73.4958,1358456280
29,40.7699,73.5013,1358444580
29,40.7253,73.3702,1358344380
29,40.7615,73.4957,1358287380
29,40.7615,73.4958,1358172840
29,40.5893,74.1105,1358116920
29,40.5893,74.1107,1358056560
29,40.6127,73.9582,1358039160
29,40.5895,74.1108,1358009100
29,40.4325,74.129,1357960680
29,40.76,73.4833,1357928700
29,40.7615,73.4958,1357913940
29,40.686,73.3531,1357869300
29,40.7629,73.4825,1357839540
29,40.7615,73.4958,1357827120
29,40.7253,73.3702,1357741500
29,40.7615,73.4957,1357654980
29,40.6131,74.124,1357516740
29,40.7252,73.3701,1356216360
29,40.7767,73.9427,1356211140
29,40.7615,73.4962,1356110460
29,40.7615,73.4958,1356101160
29,40.7615,73.4959,1356014760
29,40.7252,73.3702,1355926140
29,40.7615,73.4957,1355840580
29,40.7615,73.4957,1355776260
29,40.7615,73.4958,1355753280
29,40.7289,73.3642,1355748600
29,40.7252,73.37,1355681280
29,40.7252,73.3702,1355494080
29,40.6843,73.3523,1355453460
29,40.7615,73.4957,1355436660
29,40.7615,73.4958,1355416560
29,40.7615,73.4958,1355255100
29,40.7398,73.7198,1354937220
29,40.7252,73.3702,1354883820
29,40.7252,73.3702,1354853100
29,40.7252,73.3702,1354848000
29,40.7615,73.4958,1354807860
29,40.6647,73.7222,1354663680
29,40.7253,73.37,1354631580
29,40.7252,73.37,1354541100
29,40.7322,73.3423,1354403880
29,40.7455,73.708,1354338540
29,40.7453,73.708,1354323780
29,40.7615,73.4958,1354284420
29,40.7615,73.4957,1354213860
29,40.7615,73.4957,1354201320
29,40.7615,73.4957,1354140360
29,40.7615,73.4962,1354133220
29,40.7615,73.4957,1354110540
29,40.762,73.4952,1354060200
29,40.6873,73.353,1353991980
29,40.7613,73.496,1353952920
29,40.7615,73.4958,1353940020
29,40.7352,73.7145,1353815160
29,40.5894,74.111,1353633540
29,40.7253,73.37,1353559800
29,30.2542,81.5635,1353351120
29,25.7809,80.1309,1353273240
29,25.7794,80.131,1353263640
29,25.81,80.1297,1353263460
29,25.81,80.1295,1353219120
29,25.7862,80.1952,1353196320
29,30.2542,81.5635,1353172680
29,30.2465,81.5713,1353164880
29,30.2542,81.5635,1353164520
29,30.2542,81.5635,1353113640
29,30.2452,81.5978,1353085620
29,40.7615,73.4957,1353001800
29,40.7292,73.4498,1352988420
29,40.7253,73.3702,1352948340
29,40.7615,73.4958,1352908320
29,40.7615,73.4958,1352902080
29,40.7615,73.4957,1352816220
29,40.7252,73.3702,1352777400
29,40.6874,73.353,1352772360
29,40.7252,73.3702,1352761020
29,40.7615,73.4958,1352731800
29,40.7615,73.4958,1352731140
29,40.7565,73.9863,1352652480
29,40.7398,73.7198,1352600820
29,40.7398,73.7195,1352588580
29,40.7398,73.7198,1352512200
29,40.7615,73.4958,1352477160
29,40.6862,73.3532,1352421900
29,40.7615,73.4957,1352409360
29,40.7616,73.4956,1352393100
29,40.7313,73.4595,1352340540
29,40.7618,73.4955,1352323200
29,40.7237,73.3591,1352210040
29,40.7252,73.3702,1352084160
29,40.7402,73.7193,1352062500
29,40.7398,73.7199,1352056860
29,40.7397,73.7202,1352055180
29,40.7335,73.744,1351993860
29,40.7397,73.7198,1351966740
29,40.7399,73.7196,1351953240
29,40.7397,73.7198,1351903980
29,40.7397,73.7198,1351901700
29,40.7398,73.7199,1351896540
29,40.7252,73.3701,1351809660
29,40.7615,73.4957,1351801260
