290,33.7984,84.1813,1344282660
290,33.7989,84.1816,1344044220
290,33.7987,84.1816,1344026760
290,33.8073,84.1854,1343876280
290,33.7986,84.1813,1343852820
290,43.1787,77.631,1339468020
290,43.1729,77.6322,1338041700
290,43.173,77.6321,1337287680
290,43.173,77.6321,1337287560
290,43.173,77.6321,1337287500
290,43.173,77.6321,1337287320
290,43.173,77.6324,1336341780
290,43.1729,77.6325,1336230720
290,43.173,77.632,1335134040
290,43.173,77.6315,1335032040
290,43.173,77.6318,1334880780
290,43.173,77.632,1334801640
290,43.1787,77.631,1334527740
290,43.173,77.632,1334450700
290,43.1729,77.6312,1334447640
290,43.173,77.632,1334447640
290,43.1731,77.632,1334365320
290,43.173,77.6313,1334365200
290,43.173,77.6312,1334346060
290,43.1732,77.632,1334286900
290,43.173,77.6317,1334286660
290,43.1731,77.6313,1334127240
290,43.173,77.632,1334077200
290,43.1732,77.6322,1334016420
290,43.173,77.6321,1333917000
290,43.1731,77.6321,1333916880
290,43.173,77.6321,1333567620
290,43.1733,77.6322,1333419240
290,43.1733,77.6321,1333142520
290,43.1732,77.6322,1332805440
290,43.1731,77.632,1332805140
290,43.1731,77.6321,1332721620
290,43.1732,77.6319,1332701220
290,43.173,77.632,1332553140
290,43.1731,77.6321,1332464100
290,43.1731,77.6321,1332455520
290,43.1731,77.6318,1332455400
290,43.1787,77.631,1332454620
290,43.173,77.631,1332452580
290,43.1732,77.6312,1332366780
290,43.181,77.6317,1332210720
290,43.1733,77.6321,1332203400
290,43.1733,77.6321,1332010680
290,43.1733,77.6321,1331783760
290,43.1732,77.6322,1331781840
290,43.1733,77.6319,1331606400
290,43.1716,77.6281,1331591100
290,43.1731,77.632,1331430540
290,43.1731,77.6321,1331430480
290,43.1732,77.632,1331425620
290,43.1733,77.6314,1331416920
290,43.1732,77.6322,1331255640
290,43.1202,77.5932,1331240400
290,43.173,77.6314,1331089320
290,43.1732,77.632,1331082000
290,43.1729,77.6316,1331079780
290,43.1732,77.6321,1331075940
290,43.1731,77.632,1331065440
290,43.173,77.6327,1331064240
290,43.173,77.632,1331062680
290,43.1731,77.632,1331054820
290,43.1731,77.6321,1330969620
290,43.1731,77.6321,1330968720
290,43.1731,77.6321,1330967100
290,43.1787,77.631,1330961640
290,43.1731,77.632,1330920900
290,43.1731,77.6321,1330920600
290,43.1732,77.6321,1330915200
290,43.1731,77.6318,1330908660
290,43.173,77.632,1330899180
290,43.1731,77.6323,1330898640
290,43.173,77.6318,1330829760
290,43.1731,77.632,1330822560
290,43.1787,77.631,1330821000
290,43.1732,77.6322,1330820340
290,43.1731,77.6322,1330816800
290,43.1732,77.6321,1330812420
290,43.1731,77.6323,1330797000
290,43.173,77.6324,1330751820
290,43.1731,77.632,1330751520
290,43.1731,77.632,1330751460
290,43.1732,77.6317,1330749360
290,43.1732,77.6322,1330725720
290,43.173,77.632,1330725540
290,43.173,77.632,1330725480
290,43.1738,77.6322,1330725420
290,43.1732,77.6322,1330654800
290,43.1731,77.6321,1330654500
290,43.1729,77.6313,1330636680
290,43.1731,77.6322,1330604040
290,43.1731,77.6321,1330568100
290,43.1732,77.6321,1330568040
290,43.1731,77.632,1330567380
290,43.173,77.6325,1330567320
290,43.1731,77.632,1330564500
290,43.1731,77.6321,1330562880
290,43.1732,77.632,1330560360
290,43.1732,77.6314,1330465020
290,43.1732,77.6322,1330395780
290,43.1732,77.6321,1330290540
290,43.1732,77.632,1330289880
290,43.1731,77.6321,1330225140
290,43.1732,77.632,1330132080
290,43.1523,77.5886,1330117200
290,43.1729,77.6332,1330043280
290,43.1732,77.6321,1330035720
290,43.1732,77.632,1329968040
290,43.1732,77.6317,1329950160
290,43.1733,77.6317,1329949980
290,43.1732,77.6319,1329949260
290,43.173,77.6317,1329949200
290,43.1732,77.6316,1329949080
290,43.1733,77.6318,1329949020
290,43.1731,77.6314,1329948960
290,43.1731,77.6313,1329948840
290,43.173,77.632,1329928140
290,43.1732,77.6319,1329927480
290,43.1732,77.632,1329927240
290,43.1733,77.6321,1329926880
290,43.1731,77.6322,1329926220
290,43.1729,77.6315,1329864960
290,43.1732,77.632,1329791280
290,43.1732,77.6322,1329789300
290,39.8281,74.9761,1329785760
290,43.1804,77.625,1329775620
290,43.1699,77.6126,1329774900
290,43.1289,77.5906,1329764160
290,43.1729,77.6315,1329709500
290,43.1728,77.6325,1329709320
290,43.173,77.632,1329709260
290,43.1731,77.6315,1329709260
290,43.1731,77.6313,1329709200
290,43.1733,77.6315,1329709080
290,43.1731,77.6316,1329709080
290,43.173,77.632,1329709020
290,43.173,77.6314,1329708840
290,43.1731,77.6325,1329707700
290,43.1732,77.6322,1329681120
290,43.0839,77.6693,1329673440
290,43.173,77.6319,1329618300
290,43.1731,77.632,1329618300
290,43.1704,77.6274,1329617460
290,43.1545,77.6117,1329590280
290,43.19,77.625,1329580080
290,43.1601,77.6135,1329579840
290,43.1671,77.5906,1329579780
290,43.1576,77.5906,1329579720
290,43.1469,77.5579,1329537180
290,43.1306,77.6107,1329537000
290,43.173,77.6317,1329526320
290,43.1534,77.6205,1329445680
290,43.1809,77.6318,1329344880
290,43.116,77.5705,1329342480
290,43.1541,77.584,1329332580
290,43.1178,77.7509,1329092160
290,43.1601,77.6135,1329086880
290,43.1545,77.4759,1329076620
290,43.1804,77.625,1329076560
290,43.1722,77.6364,1329074040
290,43.1722,77.6364,1329073920
290,43.1796,77.6311,1329063780
290,43.1809,77.6318,1329063660
290,43.1397,77.6021,1329062520
290,43.1911,77.6254,1329023880
290,43.173,77.6319,1329021180
290,43.1268,77.6673,1329015900
290,43.1543,77.6479,1329015540
290,43.173,77.6322,1329015480
290,43.1448,77.5863,1329014880
290,43.2116,77.6479,1329013560
290,43.173,77.6322,1329012780
290,43.1729,77.6318,1328992560
290,43.173,77.6314,1328941740
290,43.173,77.6317,1328941200
290,43.0862,77.6364,1328941140
290,43.1337,77.6892,1328941080
290,43.1731,77.632,1328897220
290,43.1731,77.6315,1328835840
290,43.1731,77.6322,1328821860
290,43.1732,77.6317,1328749500
290,43.1732,77.6313,1328749440
290,43.1515,77.5885,1328749080
290,43.1732,77.632,1328663280
290,43.1785,77.6319,1328582400
290,43.1732,77.632,1328582220
290,43.1733,77.6316,1328476440
290,43.1731,77.632,1328475180
290,43.1731,77.6321,1328475120
290,43.173,77.6317,1328475000
290,43.1733,77.6328,1328404500
290,43.1726,77.6329,1328342400
290,43.173,77.6324,1328341680
290,43.1729,77.6326,1328341620
