303,16.4831,99.5231,1369564020
303,17.8661,102.722,1365856620
303,22.1434,113.5688,1365742200
303,16.6669,99.5901,1358424180
303,16.6818,99.5979,1358388900
303,16.6817,99.598,1358386560
303,16.667,99.5902,1358334060
303,16.6669,99.5901,1358301240
303,16.6671,99.5902,1358268600
303,16.6817,99.598,1358222520
303,16.6817,99.598,1358218440
303,16.6817,99.598,1358218260
303,16.6817,99.598,1358218020
303,16.6669,99.5903,1358163900
303,16.6668,99.5902,1358049120
303,16.667,99.5901,1357989300
303,16.6817,99.598,1357884780
303,16.6819,99.5976,1357800060
303,16.667,99.5901,1357778820
303,16.6671,99.5902,1357725060
303,16.6671,99.5902,1357665000
303,16.6669,99.5901,1357642560
303,16.6818,99.5971,1357622220
303,16.6818,99.5971,1357622100
303,16.6818,99.5971,1357622040
303,16.6669,99.5902,1357558980
303,16.6669,99.5902,1357558320
303,16.667,99.5903,1357556220
303,16.6669,99.5902,1357539540
303,16.6671,99.5902,1357486320
303,16.667,99.5903,1357450740
303,16.6669,99.5902,1357449540
303,16.6671,99.5902,1357404960
303,16.6671,99.5902,1357366080
303,16.6669,99.5902,1357358700
303,16.6668,99.5902,1357309080
303,16.6669,99.5902,1357308180
303,16.667,99.5901,1357307700
303,16.6819,99.5971,1357284000
303,16.6671,99.5902,1357226280
303,15.7013,100.1185,1357210020
303,16.667,99.5901,1357137120
303,16.6671,99.5902,1357053780
303,16.6668,99.5901,1357046220
303,16.6628,99.5881,1356993480
303,16.6669,99.5902,1356946740
303,16.6669,99.5902,1356946680
303,16.6669,99.5902,1356946560
303,16.6669,99.5902,1356946440
303,16.6669,99.5902,1356946260
303,16.6669,99.5902,1356946200
303,16.6669,99.5901,1356927180
303,16.6669,99.5901,1356927120
303,16.6669,99.5901,1356927060
303,16.667,99.5902,1356844680
303,16.667,99.5901,1356792780
303,16.6669,99.5903,1356781320
303,16.6672,99.5902,1356742980
303,16.6669,99.5902,1356685140
303,16.6819,99.5974,1356416160
303,16.6819,99.5971,1356324720
303,16.667,99.5901,1356187680
303,16.667,99.5903,1356090540
303,16.6671,99.5902,1355929620
303,16.667,99.5902,1355910180
303,16.682,99.5979,1355891580
303,16.6671,99.5902,1355845320
303,16.6817,99.5978,1355800800
303,16.6817,99.5975,1355800380
303,16.6819,99.5972,1355718600
303,16.6819,99.5972,1355716500
303,16.6672,99.5902,1355704800
303,16.667,99.5902,1355636880
303,16.6671,99.5902,1355587920
303,16.6813,99.5982,1355548440
303,16.6671,99.5902,1355534640
303,16.6819,99.5978,1355472180
303,16.6818,99.5972,1355457660
303,16.6819,99.5978,1355384760
303,16.6671,99.5902,1355358840
303,16.6819,99.5978,1355286420
303,16.6817,99.5973,1355228220
303,16.6818,99.5974,1355215140
303,16.6671,99.5902,1355142060
303,16.6818,99.5971,1354762680
303,16.6671,99.5902,1354702560
303,16.6669,99.5902,1354431060
303,16.6817,99.598,1354249560
303,16.6669,99.5901,1354201740
303,16.6819,99.598,1353899460
303,16.6817,99.5972,1353645780
303,16.667,99.5902,1353599760
303,16.6818,99.5973,1353561000
303,16.6819,99.5978,1353056280
303,16.6818,99.5972,1352872140
303,16.6671,99.5902,1352821080
303,16.6671,99.5902,1352815260
303,16.667,99.5902,1352774100
303,16.6819,99.5971,1352696460
303,16.6671,99.5902,1352617200
303,16.667,99.5902,1352541720
303,16.6819,99.5976,1352430660
303,16.6819,99.5973,1351665420
303,16.6818,99.5972,1351661580
303,16.6819,99.5976,1351563480
303,16.6671,99.5902,1351439220
303,16.667,99.5903,1351306560
303,16.667,99.5903,1351051320
303,16.6767,99.5904,1350912180
303,16.6669,99.5902,1350895560
303,16.6671,99.5902,1349089800
303,16.6669,99.5902,1349081460
303,16.667,99.5903,1349069460
303,16.6671,99.5902,1349017680
303,16.667,99.5903,1349005560
303,16.6671,99.5902,1348974240
303,16.667,99.5903,1348921380
303,16.6671,99.5902,1348848480
303,16.682,99.5978,1348810140
303,16.6819,99.5976,1348802100
303,16.6819,99.5976,1348802040
303,16.682,99.5979,1348801980
303,16.6819,99.5976,1348716480
303,16.6819,99.5976,1348716420
303,16.6818,99.5976,1348715640
303,16.682,99.5979,1348629780
303,16.682,99.5979,1348628700
303,16.682,99.5979,1348628340
303,16.667,99.5903,1348578600
303,16.667,99.5903,1348578360
303,16.667,99.5903,1348578300
303,16.6636,99.5888,1348573560
303,16.6636,99.5888,1348573440
303,16.667,99.5903,1348542600
303,16.667,99.5903,1348481760
303,16.667,99.5903,1348481760
303,16.6669,99.5902,1348481700
303,16.667,99.5903,1348398120
303,16.6671,99.5902,1348394700
303,16.6671,99.5902,1348394640
303,16.667,99.5903,1348286160
303,16.667,99.5903,1348286100
303,16.6669,99.5902,1348205700
303,16.6669,99.5902,1348205640
303,16.667,99.5903,1348137660
303,16.667,99.5903,1348137660
303,16.6819,99.5979,1347951720
303,16.6818,99.598,1347950100
303,16.6818,99.5977,1347949740
303,16.6818,99.5977,1347949620
303,16.6671,99.5902,1347894540
303,16.6671,99.5902,1347894480
303,16.6671,99.5902,1347894420
303,16.6671,99.5902,1347633060
303,16.6819,99.5971,1347597480
303,16.6819,99.5971,1347597360
303,16.6671,99.5902,1347555540
303,16.6668,99.5902,1347544560
303,16.667,99.5903,1347531000
303,16.667,99.5903,1347530820
303,16.6671,99.5902,1347466560
303,16.6669,99.5903,1347450720
303,16.6669,99.5903,1347449580
303,16.6671,99.5902,1347444720
303,16.667,99.5903,1347444600
303,16.667,99.5903,1347444480
303,16.667,99.5903,1347444480
303,16.6819,99.5981,1347416760
303,16.6819,99.5981,1347416640
303,16.6671,99.5902,1347378000
303,16.6671,99.5902,1347377820
303,16.667,99.5903,1347368940
303,16.6818,99.5973,1347339300
303,16.6819,99.5972,1347332520
303,16.6818,99.5972,1347332460
303,16.6671,99.5902,1347289260
303,16.6669,99.5902,1347286560
303,16.667,99.5902,1347285240
303,16.6669,99.5903,1347275640
303,16.6669,99.5903,1347275580
303,16.667,99.5902,1347269700
303,16.667,99.5903,1347173520
303,16.6669,99.5904,1347073080
303,16.6667,99.5901,1347022440
303,16.6818,99.5974,1346924820
303,16.6818,99.5973,1346908920
303,16.6818,99.5972,1346908920
303,16.6669,99.5902,1346853900
303,16.6669,99.5904,1346843580
303,16.6819,99.5976,1346813100
303,16.6817,99.5972,1346733300
303,16.667,99.5903,1346724780
303,16.6668,99.5902,1346606160
303,16.667,99.5903,1346573160
303,16.667,99.5902,1346489640
303,16.6819,99.5976,1346475120
303,16.6819,99.5974,1346413800
303,16.6819,99.5976,1346406060
303,16.682,99.5979,1346384820
303,16.6821,99.5978,1346384760
303,16.6818,99.598,1346382720
303,16.6819,99.5982,1346382660
303,16.6671,99.5903,1346342580
303,16.6669,99.5902,1346340780
303,16.667,99.5903,1346330940
303,16.6818,99.5974,1346224380
303,16.6667,99.5902,1346168880
303,16.6818,99.5973,1346151960
303,16.6818,99.5973,1346151960
303,16.6818,99.5973,1346142000
303,16.6818,99.5974,1346130720
303,16.6818,99.5975,1346123340
303,16.667,99.5903,1345984860
303,16.6668,99.5902,1345973760
303,16.6669,99.5902,1345973700
303,16.667,99.5903,1345900260
303,16.6668,99.5902,1345900140
303,16.667,99.5903,1345883580
303,16.6671,99.5903,1345825980
303,16.6818,99.5977,1345801980
303,16.6818,99.5977,1345801920
303,16.6818,99.5978,1345801260
303,16.6818,99.5977,1345801200
303,16.6818,99.5974,1345801200
303,16.6818,99.5973,1345800300
303,16.6818,99.5973,1345800300
303,16.6818,99.5973,1345785180
303,16.6818,99.598,1345778700
303,16.667,99.5902,1345714080
303,16.6819,99.5974,1345711440
303,16.682,99.5973,1345711380
303,16.6819,99.5974,1345710840
303,16.6818,99.5973,1345710720
303,16.6818,99.5976,1345693020
303,16.6818,99.5974,1345693020
303,16.6817,99.5972,1345603800
303,16.6818,99.5972,1345603740
303,16.667,99.5903,1345559940
303,16.667,99.5903,1345559760
303,16.667,99.5903,1345559640
303,16.667,99.5903,1345559400
303,16.667,99.5903,1345559340
303,16.667,99.5903,1345559340
303,16.667,99.5903,1345559280
303,16.667,99.5903,1345559160
303,16.667,99.5903,1345559100
303,16.6819,99.5976,1345516920
303,16.667,99.5903,1345464840
303,16.6669,99.5902,1345464660
303,16.6818,99.5972,1345445940
303,16.6669,99.5904,1345367640
303,16.667,99.5903,1345283340
303,16.6819,99.5976,1345185720
303,16.682,99.5977,1345185360
303,16.682,99.598,1345185000
303,16.6818,99.5973,1345178820
303,16.6818,99.5973,1345175640
303,16.6818,99.5973,1345174560
303,16.6818,99.5972,1345174320
303,16.6817,99.5973,1345174020
303,16.6819,99.5979,1345169580
303,16.6668,99.5903,1345120380
303,16.682,99.598,1345096920
303,16.682,99.598,1345096920
303,16.682,99.598,1345096800
303,16.682,99.598,1345096680
303,16.6817,99.5972,1345096680
303,16.667,99.5903,1345032600
303,16.6819,99.598,1344997560
303,16.667,99.5903,1344940980
303,16.667,99.5903,1344940920
303,16.6669,99.5902,1344874200
303,16.667,99.5903,1344873720
303,16.667,99.5902,1344849960
303,16.6671,99.5902,1344844740
303,16.6671,99.5902,1344842340
303,16.667,99.5903,1344841860
303,16.667,99.5903,1344835920
303,16.667,99.5903,1344789120
303,16.667,99.5903,1344788580
303,16.667,99.5903,1344780360
303,16.667,99.5903,1344779760
303,16.667,99.5903,1344779640
303,16.667,99.5903,1344779520
303,16.6669,99.5904,1344779280
303,16.667,99.5903,1344769980
303,16.6669,99.5903,1344769620
303,16.667,99.5903,1344769560
303,16.6819,99.5976,1344769140
303,16.6669,99.5902,1344765720
303,16.6668,99.5902,1344765120
303,16.6669,99.5902,1344765120
303,16.6671,99.5902,1344765060
303,16.6658,99.5937,1344760860
303,16.6819,99.5976,1344658200
303,16.6666,99.5902,1344654060
303,16.667,99.5903,1344610200
303,16.667,99.5903,1344607140
303,16.667,99.5903,1344606840
303,16.667,99.5903,1344606360
303,16.667,99.5903,1344525720
303,16.667,99.5903,1344524160
303,16.667,99.5903,1344514980
303,16.667,99.5903,1344349140
303,16.667,99.5903,1344346920
303,16.667,99.5903,1344261960
303,16.667,99.5903,1344251160
303,16.667,99.5903,1344245400
303,16.667,99.5903,1344187620
303,16.667,99.5903,1344161880
303,16.667,99.5903,1344156660
303,16.667,99.5903,1344102900
303,16.6668,99.5902,1344085740
303,16.6669,99.5903,1344085380
303,16.667,99.5903,1343975460
303,16.667,99.5903,1343965620
303,16.667,99.5903,1343891220
303,16.667,99.5903,1343891100
303,16.667,99.5903,1343820060
303,16.667,99.5903,1343643120
303,16.6668,99.5903,1343543220
303,16.667,99.5903,1343458680
303,16.667,99.5903,1343376960
303,16.667,99.5903,1343305140
303,16.667,99.5903,1343215140
303,16.667,99.5903,1343024880
303,16.667,99.5903,1342958880
303,16.667,99.5903,1342926600
303,16.667,99.5903,1342864260
303,16.667,99.5903,1342700040
303,16.667,99.5903,1342620660
303,16.667,99.5903,1342539420
303,16.667,99.5903,1342430040
303,16.667,99.5903,1342362180
303,16.667,99.5903,1342330140
303,16.667,99.5903,1341837120
303,16.667,99.5903,1341499740
303,16.667,99.5903,1341233400
303,16.667,99.5903,1341154800
303,16.667,99.5903,1341135060
303,16.6669,99.5903,1340804700
303,16.6534,99.5771,1340532600
303,16.6534,99.5771,1340532420
303,16.6636,99.5888,1340521920
303,16.6534,99.5771,1340444640
303,16.6534,99.5771,1340444640
303,16.6658,99.5937,1340434380
303,16.667,99.5903,1340199240
303,16.6818,99.5972,1340009700
303,16.6658,99.5937,1339859880
303,16.6658,99.5937,1339859820
303,16.6658,99.5937,1339859700
303,16.6658,99.5937,1339859640
303,16.6658,99.5937,1339855440
303,16.6658,99.5937,1339854720
303,16.6658,99.5937,1339854420
303,16.6658,99.5937,1339854300
303,16.6658,99.5937,1339854180
303,16.6658,99.5937,1339853580
303,16.6767,99.5904,1339848240
303,16.6767,99.5904,1339848120
303,16.6767,99.5904,1339848060
303,16.6818,99.5972,1339816920
303,16.6817,99.5985,1339738260
303,16.667,99.5903,1339652220
303,16.6818,99.5972,1339649400
303,16.6668,99.5903,1339592220
303,16.5187,99.512,1339570980
303,16.6818,99.5972,1339479900
303,16.6818,99.5972,1339470120
303,16.6669,99.5903,1339421400
303,16.6669,99.5902,1339421220
303,16.6667,99.5902,1339421100
303,16.6667,99.5902,1339420980
303,16.7324,99.616,1339415340
303,16.667,99.5903,1339323480
303,16.6669,99.5903,1339323180
303,16.6669,99.5904,1339323120
303,16.667,99.5903,1339304400
303,16.667,99.5903,1339240440
303,16.4752,99.5411,1339227240
303,16.4752,99.5411,1339227120
303,16.4753,99.5412,1339227060
303,16.667,99.5903,1339163400
303,16.6818,99.5972,1339037040
303,16.6818,99.5972,1339036560
303,16.6818,99.5972,1339033920
303,16.667,99.5903,1338997500
303,16.6818,99.5972,1338964740
303,16.667,99.5903,1338906180
303,16.6769,99.5901,1338903960
303,16.6769,99.5901,1338903840
303,16.6769,99.5901,1338903480
303,16.6769,99.5901,1338903300
303,16.6818,99.5972,1338865020
303,16.6818,99.5972,1338864840
303,16.6818,99.5972,1338864000
303,16.6818,99.5972,1338863040
303,16.6818,99.5972,1338862740
303,16.6818,99.5972,1338862620
303,16.667,99.5903,1338823200
303,16.667,99.5903,1338808080
303,16.667,99.5903,1338805800
303,16.667,99.5903,1338784740
303,16.667,99.5903,1338784260
303,16.667,99.5903,1338740880
303,16.667,99.5903,1338719580
303,16.667,99.5903,1338717540
303,16.667,99.5903,1338637320
303,16.6671,99.5902,1338623160
303,16.6818,99.5972,1338538560
303,16.6818,99.5972,1338530880
303,16.6818,99.5972,1338529320
303,16.6818,99.5972,1338523260
303,16.667,99.5903,1338458100
303,16.6818,99.5972,1338454080
303,16.6818,99.5972,1338452580
303,16.6818,99.5972,1338434340
303,16.6818,99.5972,1338428520
303,16.6658,99.5937,1338379560
303,16.6658,99.5937,1338379260
303,16.6818,99.5972,1338357120
303,16.667,99.5903,1338306540
303,16.6818,99.5972,1338194100
303,16.6658,99.5937,1338116280
303,16.6636,99.5888,1338110340
303,16.6636,99.5888,1338109080
303,16.6668,99.5902,1338038460
303,16.667,99.5903,1338030180
303,16.667,99.5903,1338029220
303,16.667,99.5903,1338015180
303,16.667,99.5903,1338014760
303,16.667,99.5903,1337940180
303,16.6818,99.5972,1337849520
303,16.667,99.5903,1337783220
303,16.667,99.5903,1337688660
303,16.667,99.5903,1337686980
303,16.667,99.5903,1337686740
303,16.667,99.5903,1337602500
303,16.667,99.5903,1337514240
303,16.6674,99.5902,1337503020
303,16.6637,99.5888,1337501880
303,16.6636,99.5888,1337500980
303,16.6636,99.5888,1337500320
303,16.6668,99.5902,1337445000
303,16.6669,99.5903,1337433360
303,16.6667,99.5902,1337347140
303,16.6657,99.5937,1337342100
303,16.6819,99.5976,1337153400
303,16.682,99.5972,1337083440
303,16.6669,99.5904,1336893780
303,16.6668,99.5903,1336803240
303,16.667,99.5904,1336747560
303,16.6669,99.5904,1336736520
303,16.6668,99.5903,1336653480
