314,33.9739,118.0791,1377331380
314,34.0553,118.2499,1376684640
314,33.9853,118.3345,1376373360
314,47.6215,122.3481,1376109180
314,47.6205,122.3494,1376088060
314,47.6002,122.3243,1376022900
314,45.5189,122.6794,1375971600
314,39.8267,123.779,1375922940
314,40.6802,124.0393,1375894560
314,36.0203,121.551,1375584960
314,34.4204,119.6017,1375540620
314,46.1696,8.7959,1375004760
314,46.0113,8.666,1374553800
314,46.0112,8.6662,1374532380
314,46.1683,8.7975,1374208920
314,45.9313,8.5447,1373790360
314,46.0197,8.6787,1373477280
314,46.0189,8.6825,1373398800
314,46.0117,8.6658,1373194800
314,46.0113,8.666,1373134200
314,46.1832,8.8332,1372801680
314,46.0195,8.6903,1372627980
314,45.0418,7.6501,1372499640
314,46.0201,8.6824,1372355520
314,45.4644,9.1899,1372281780
314,45.922,8.5511,1372106820
314,46.0112,8.6662,1372089300
314,46.016,8.6708,1371860640
314,46.1696,8.7959,1371661020
314,46.1696,8.7959,1371502860
314,46.1547,8.7702,1371416040
314,46.0188,8.6825,1371151740
314,46.0201,8.6824,1371066420
314,46.1701,8.8007,1370975700
314,46.1547,8.7702,1370708940
314,46.0112,8.6662,1370380920
314,46.0118,8.6652,1370208600
314,43.2291,6.5855,1369958160
314,46.178,8.8298,1369689060
314,45.921,8.5523,1369592160
314,45.921,8.5525,1369579560
314,46.1701,8.8007,1369343520
314,45.9509,8.5512,1368904980
314,46.0201,8.6824,1368787620
314,46.0113,8.6657,1368736440
314,46.1701,8.8007,1368653700
314,43.5289,6.8406,1368480480
314,43.2687,6.6346,1368215700
314,46.1678,8.8019,1367962740
314,46.0115,8.6655,1367875260
314,46.1733,8.7888,1367442600
314,46.1713,8.7913,1367442120
314,46.0113,8.6665,1367266500
314,46.0113,8.6658,1366915560
314,46.1373,8.7225,1366837200
314,46.1672,8.799,1366666320
314,46.1672,8.799,1366233180
314,46.1678,8.8019,1366059720
314,45.5205,9.0783,1365850740
314,46.1701,8.8007,1365789660
314,46.0113,8.6657,1365369300
314,46.1668,8.7968,1365022500
314,46.0113,8.6657,1364755260
314,45.9298,8.5421,1364160420
314,46.2063,8.8802,1364052060
314,45.951,8.5512,1363532400
314,45.951,8.5512,1363382640
314,46.2063,8.8802,1363196340
314,46.0113,8.6657,1362682860
314,46.0203,8.6792,1362377880
314,45.9373,8.5798,1362267480
314,46.0166,8.6785,1362084060
314,46.0113,8.6657,1361122200
314,45.951,8.5513,1361107500
314,46.1678,8.8019,1360780080
314,46.1605,8.8097,1360427100
314,46.0113,8.6657,1360188540
314,46.013,8.6637,1360002540
314,46.0125,8.6613,1359931980
314,46.0112,8.6662,1359884340
314,46.1701,8.8007,1359486540
314,46.0114,8.6658,1359399780
314,46.018,8.6798,1358895000
314,45.9509,8.5512,1358638860
314,46.0113,8.6657,1358356860
314,46.0112,8.6662,1358270640
314,46.0114,8.666,1358104380
314,46.0111,8.6655,1357676820
314,45.9572,8.6177,1357407840
314,45.9509,8.5512,1357253580
314,46.0225,8.6757,1356882720
314,46.0201,8.6824,1356877620
314,46.0111,8.6656,1356780840
314,46.0111,8.6656,1356702540
314,45.8938,8.5831,1356695940
314,46.0112,8.6662,1356442800
314,46.0112,8.6662,1355698680
314,46.1696,8.7953,1355439120
314,46.0415,8.656,1355088960
314,46.1701,8.8007,1354904940
314,46.0075,8.749,1354827240
314,46.1701,8.8007,1354661580
314,46.171,8.8018,1354563000
314,46.0259,8.9621,1354090080
314,46.0265,8.962,1354089900
314,46.0268,8.9616,1353620820
314,46.0193,8.6792,1353175320
314,46.0192,8.6812,1353112680
314,46.0037,8.9507,1352923680
314,46.0201,8.6824,1352763780
314,45.9509,8.5512,1352486220
314,46.023,8.9604,1352416260
314,46.0115,8.9603,1351009500
314,45.936,8.5745,1350837060
314,46.0113,8.6657,1350753780
314,46.1512,8.9512,1350664320
314,46.1755,8.8855,1350594180
314,46.0113,8.6658,1350118320
314,46.0117,8.6657,1349818500
314,51.4779,0.0015,1348528080
314,51.5058,0.0753,1348173960
314,51.5008,0.1218,1347905580
314,51.5218,0.1289,1347741000
314,51.5321,0.1247,1347695580
314,46.0113,8.6657,1347367020
314,46.0228,8.6783,1347353400
314,46.0114,8.6655,1346794500
314,46.0111,8.6653,1346666820
314,45.9312,8.5396,1346454420
314,45.9344,8.5503,1345978980
314,45.9509,8.5513,1345918680
314,45.9352,8.5738,1345911300
314,46.0113,8.6657,1345758900
314,45.9382,8.4928,1345116480
314,45.9472,8.4927,1345030200
314,45.951,8.5514,1344995040
314,47.3757,8.5358,1344785760
314,46.0113,8.6662,1344616500
314,46.3483,8.784,1344528720
314,46.0001,8.6606,1344423960
314,46.3482,8.7847,1344380460
314,45.9314,8.5395,1343941500
314,46.0225,8.6758,1343931420
314,46.0205,8.6819,1343757540
314,46.0035,8.953,1343600460
314,46.0034,8.9526,1343600220
314,46.0157,8.6768,1343524080
314,45.9313,8.5397,1343312280
314,46.0113,8.6657,1343302980
314,46.1667,8.8028,1342943700
314,45.9892,8.6452,1342890960
314,46.022,8.677,1342737600
314,45.93,8.5408,1342659480
314,46.0112,8.666,1342290300
314,46.0113,8.6658,1342175280
314,46.0109,8.666,1342078020
314,46.0198,8.6837,1341788100
314,45.9613,8.458,1341785940
314,46.0113,8.6654,1341705060
314,46.0188,8.6823,1341704880
314,46.0114,8.6658,1341515340
314,46.0113,8.6658,1341473100
314,44.1518,8.291,1341269400
314,44.1738,8.3665,1341269280
314,44.1735,8.3665,1341171720
314,45.9342,8.5732,1340928300
314,46.0115,8.6658,1340788500
314,46.0115,8.6657,1340612820
314,46.0114,8.6657,1340407800
314,45.9914,8.649,1340379360
314,46.0115,8.6658,1340319180
314,46.0115,8.6655,1340312940
314,45.924,8.565,1340312820
314,46.0112,8.6661,1340312640
314,46.0367,8.6785,1340312160
314,46.0049,8.72,1340311980
314,46.0113,8.666,1340311140
314,46.0113,8.6657,1340310900
314,45.9913,8.6497,1340285460
314,46.0115,8.6655,1340268360
314,46.0114,8.6652,1340267820
314,46.0113,8.6653,1340235180
314,46.0145,8.6795,1340232840
314,46.0627,8.6958,1340232660
314,46.0114,8.6655,1340102160
314,46.0115,8.6658,1340098440
314,46.0192,8.6807,1339946760
314,46.0113,8.6657,1339757340
314,46.0114,8.6657,1339690080
314,46.0113,8.6658,1339668240
314,46.0113,8.6657,1339575720
314,46.0114,8.6653,1338597780
314,46.0115,8.6658,1337819040
314,46.019,8.68,1337818140
314,46.0115,8.6657,1337728680
314,46.0113,8.6657,1337613600
314,46.0113,8.666,1337608140
314,45.924,8.565,1337553600
314,46.0116,8.6654,1337553480
314,46.0091,8.6724,1336935900
314,46.0113,8.6657,1336344720
314,46.0109,8.6651,1336344600
314,46.0111,8.6654,1336344480
314,45.9895,8.3517,1336344420
314,45.9442,8.5632,1336089240
314,46.0224,8.6823,1335263400
314,46.0115,8.6655,1335220560
314,46.0115,8.6658,1334659020
314,46.0115,8.6662,1334621040
314,46.0113,8.6657,1333676040
314,46.0117,8.6658,1333591860
314,46.0114,8.6654,1333591740
314,46.0115,8.6655,1333591500
314,46.0115,8.6655,1333591440
314,46.0113,8.6657,1333591380
314,45.8805,8.5463,1333591320
314,45.8797,8.5512,1333591200
314,45.9418,8.4253,1332387720
314,46.0113,8.6659,1331989800
314,46.2365,6.1062,1331769900
314,46.0114,8.6657,1331666460
314,46.0115,8.6655,1331666220
314,46.0223,8.6813,1331645700
314,46.0673,8.6987,1331645520
314,46.021,8.6757,1331645400
314,45.9375,8.5783,1330524600
314,46.0113,8.6657,1330300140
314,46.0188,8.6797,1329737460
314,45.919,8.5518,1329349020
314,46.0112,8.6655,1329348900
314,46.0115,8.6656,1329348840
314,46.0113,8.666,1329348660
314,46.0116,8.6654,1329348540
314,45.9832,8.6677,1329348240
314,46.0113,8.6652,1329348000
314,46.0113,8.6656,1328744640
314,46.0114,8.6656,1326764400
314,45.9312,8.5397,1326764340
314,46.2637,7.7533,1326764280
314,46.4118,8.1013,1326764100
314,46.2645,7.7338,1326764100
314,46.4223,8.0868,1326763980
314,46.0113,8.6657,1326763860
314,46.0115,8.6657,1324079520
314,46.0115,8.6657,1324078260
