351,34.2854,70.8208,1378175880
351,34.1741,70.7424,1378080180
351,34.2855,70.8211,1378055580
351,34.2856,70.821,1377976320
351,34.2855,70.821,1377968880
351,34.2857,70.8209,1377834900
351,34.2857,70.821,1377827100
351,34.2856,70.821,1377826800
351,34.2807,70.8176,1377775260
351,33.9145,70.7242,1377516720
351,34.1821,70.7373,1377515280
351,34.2855,70.821,1377474900
351,34.2857,70.821,1377457140
351,34.2857,70.8209,1377451200
351,34.2836,70.8196,1377136200
351,34.2814,70.8162,1376865240
351,34.1816,70.7106,1376787720
351,34.2855,70.8213,1376763540
351,34.2811,70.8182,1376587200
351,34.2834,70.8196,1376586840
351,34.2856,70.8211,1376535360
351,34.2856,70.821,1376255760
351,34.3012,70.6753,1376255760
351,34.1628,70.7333,1376255700
351,34.2683,70.652,1376238000
351,34.3017,70.6732,1376232360
351,34.3021,70.6651,1376232360
351,34.2855,70.821,1376149380
351,33.4543,70.6881,1375968480
351,34.2856,70.8208,1375926540
351,33.4199,70.6095,1375823760
351,34.2856,70.821,1375756140
351,34.2815,70.8163,1375633560
351,34.2814,70.8162,1375591140
351,34.2814,70.8162,1375591140
351,34.2815,70.8163,1375575300
351,34.2857,70.8209,1375499220
351,34.286,70.8186,1375487580
351,34.2856,70.8209,1375235640
351,34.2837,70.8197,1375145520
351,34.2814,70.8162,1375048620
351,34.2857,70.8208,1374891300
351,34.2856,70.821,1374890640
351,34.2855,70.8212,1374690660
351,34.2855,70.8211,1374682560
351,34.2121,70.7697,1374453480
351,33.4196,70.6096,1374268380
351,33.4197,70.6095,1374255840
351,33.4362,70.633,1374249180
351,34.2856,70.8209,1374204780
351,34.2856,70.8209,1374204780
351,34.2856,70.8209,1374204780
351,34.2856,70.8208,1374204720
351,34.2856,70.821,1373939700
351,34.2856,70.8209,1373938620
351,34.2856,70.8209,1373843580
351,34.2856,70.821,1373821380
351,34.2856,70.8209,1373759160
351,33.4223,70.6118,1373391000
351,34.2855,70.8207,1373333100
351,34.2814,70.8162,1373167620
351,34.2815,70.8162,1373167080
351,34.1693,70.7499,1373146740
351,34.1862,70.7263,1373140200
351,34.2856,70.8205,1373121060
351,34.2857,70.8205,1373118060
351,34.2855,70.8207,1373071920
351,33.4195,70.6097,1372954800
351,33.5066,70.6061,1372864320
351,33.5047,70.6105,1372857780
351,33.4559,70.627,1372855500
351,34.2841,70.82,1372847880
351,33.4196,70.6094,1372769700
351,33.4361,70.6316,1372457700
351,34.2855,70.821,1372216380
351,33.4664,70.6582,1371924240
351,34.2857,70.8209,1371860460
351,33.423,70.6125,1371787260
351,33.423,70.6126,1371781680
351,33.423,70.6127,1371777420
351,33.4197,70.6096,1371667140
351,33.4475,70.655,1371648360
351,33.921,70.7205,1371644820
351,34.2833,70.8196,1371642120
351,34.283,70.8193,1371606120
351,33.4201,70.609,1371578940
351,34.0266,70.7045,1371553800
351,34.2822,70.8189,1371552060
351,34.0137,70.7033,1371487080
351,34.4042,70.8572,1371338700
351,33.4196,70.6094,1371168480
351,34.283,70.8193,1371035520
351,34.2821,70.8188,1371001560
351,34.2856,70.821,1370808360
351,34.2857,70.8208,1370749500
351,34.2856,70.821,1370728980
351,34.2848,70.8221,1370727900
351,34.2854,70.8214,1370727840
351,34.2857,70.821,1370725800
351,34.2857,70.821,1370725800
351,34.2856,70.821,1370725740
351,34.2857,70.8213,1370711820
351,34.2854,70.8212,1370705280
351,34.2857,70.8208,1370700900
351,34.2856,70.8209,1370693400
351,34.2853,70.8204,1370653260
351,33.4191,70.6073,1370628060
351,33.4256,70.6133,1370617620
351,33.4437,70.6506,1370617260
351,34.2808,70.8177,1370611860
351,34.2823,70.819,1370611620
351,34.0004,70.702,1370566800
351,33.378,70.527,1370565120
351,33.5327,70.7065,1370564220
351,33.4197,70.6095,1370473140
351,33.42,70.6115,1370470740
351,33.419,70.6102,1370444040
351,34.2835,70.8192,1369825740
351,34.2856,70.8206,1369708440
351,34.1512,70.7418,1369616160
351,34.2872,70.8177,1369595820
351,34.2815,70.8152,1369584420
351,33.4197,70.6096,1369349580
351,33.42,70.609,1369349280
351,34.2815,70.8162,1369155600
351,34.2815,70.8162,1369155480
351,34.2815,70.8162,1369155420
351,34.2815,70.8163,1369154580
351,34.2813,70.816,1369154580
351,34.2857,70.821,1369153620
351,34.2857,70.8208,1369103460
351,34.2856,70.8211,1369101480
351,33.4196,70.6095,1369087860
351,33.4198,70.6097,1369074180
351,34.2815,70.8162,1368986460
351,33.4347,70.6064,1368979920
351,33.3544,70.7024,1368940080
351,33.3547,70.7035,1368938700
351,33.4393,70.6065,1368938400
351,34.2814,70.8162,1368915840
351,34.2857,70.8209,1368911940
351,34.2856,70.8211,1368894420
351,34.2858,70.8206,1368894420
351,34.2857,70.8208,1368886800
351,34.2857,70.8208,1368837060
351,34.2856,70.8208,1368835920
351,34.2836,70.8196,1368673560
351,33.5066,70.6061,1368624720
351,33.4197,70.6096,1368570660
351,34.0415,70.712,1368494040
351,33.5291,70.706,1368491220
351,34.2815,70.8162,1368399840
351,34.2815,70.8162,1368399600
351,34.2815,70.8163,1368383040
351,34.2857,70.8208,1368328800
351,34.1512,70.7417,1368314040
351,34.2815,70.8162,1368299040
351,34.2815,70.8161,1368296520
351,34.2856,70.8214,1368224760
351,33.4196,70.6096,1368204360
351,34.281,70.8179,1368189540
351,34.2807,70.8175,1368096060
351,33.4444,70.6467,1367976840
351,33.4442,70.6467,1367976180
351,33.4197,70.6096,1367950560
351,34.281,70.8177,1367930940
351,33.4584,70.726,1367858160
351,34.2856,70.821,1367721000
351,33.4408,70.6362,1367707260
351,33.4408,70.6371,1367707080
351,33.4411,70.636,1367706300
351,33.4416,70.6374,1367704920
351,33.4409,70.6358,1367704200
351,33.441,70.6361,1367704140
351,33.4409,70.636,1367703900
351,33.4416,70.6352,1367703300
351,34.2856,70.8207,1367375400
351,34.2856,70.8207,1367198100
351,34.2857,70.8209,1367197500
351,34.2856,70.8207,1367194740
351,34.2856,70.8206,1367194620
351,34.2856,70.8206,1367186940
351,34.2812,70.8159,1367095740
351,34.2854,70.8205,1367094960
351,34.2857,70.8209,1367094900
351,34.2856,70.8207,1367026080
351,34.2856,70.821,1367025960
351,33.4197,70.6098,1366845900
351,33.5083,70.6111,1366806720
351,33.4196,70.6096,1366723140
351,33.4195,70.6096,1366723140
351,34.2856,70.8208,1366680540
351,34.2814,70.8162,1366579440
351,34.2816,70.8162,1366575720
351,34.2856,70.8208,1366466400
351,33.4197,70.6098,1366404780
351,33.4197,70.6098,1366404720
351,34.2856,70.8208,1366361280
351,34.7661,72.0746,1365969060
351,34.7537,72.0857,1365960240
351,34.7539,72.0854,1365958200
351,34.9241,72.1788,1365951060
351,34.8319,72.0598,1365882540
351,34.8432,72.055,1365882360
351,34.8435,72.0558,1365882240
351,34.9409,72.1841,1365867360
351,33.4196,70.6097,1365707160
351,33.4196,70.6097,1365702120
351,34.283,70.8193,1365468540
351,33.4196,70.6094,1365458460
351,34.2852,70.8206,1365373740
351,34.2857,70.8209,1365366600
351,34.2857,70.8209,1365359640
351,34.2857,70.8209,1365359580
351,34.2857,70.8209,1365291120
351,34.2862,70.8194,1365279480
351,34.2862,70.8195,1365279060
351,34.2861,70.8196,1365278940
351,34.2856,70.8208,1365268680
351,34.2857,70.821,1365268080
351,34.226,70.7768,1365206160
351,33.393,70.5574,1364397240
351,33.4197,70.6098,1364338440
351,33.4546,70.6886,1363986000
351,34.2855,70.821,1363826280
351,34.2857,70.8208,1363458060
351,34.2857,70.8209,1363170420
351,34.2855,70.8209,1362930540
351,33.5066,70.6061,1362573180
351,34.2866,70.8184,1362342240
351,33.4213,70.6089,1362092700
351,33.4534,70.6866,1362059940
351,34.2862,70.8178,1361721900
351,34.2808,70.8159,1361633700
351,34.2846,70.8179,1361575320
351,33.4544,70.6881,1361403600
351,33.4198,70.6096,1361373540
351,34.2856,70.8209,1361331300
351,34.2854,70.8209,1361328000
351,33.4197,70.6096,1360694040
351,33.4197,70.6095,1360616700
351,34.2825,70.8178,1360278240
351,34.2855,70.8212,1360090920
351,34.2858,70.821,1359829020
351,34.2858,70.821,1359828960
351,33.4326,70.6288,1359559020
351,34.2859,70.8207,1359338880
351,33.4238,70.613,1359048960
351,33.4207,70.6102,1358868420
351,33.4318,70.6197,1358537580
351,33.4224,70.6119,1358529840
351,34.2807,70.8176,1358419200
351,34.2857,70.8206,1357519620
351,34.2812,70.8161,1356803160
351,34.2807,70.8177,1356695700
351,34.2807,70.8177,1356695640
351,34.2804,70.8171,1356695520
351,34.2821,70.8187,1356695340
351,34.2857,70.8209,1356463320
351,34.2857,70.821,1356459780
351,34.2859,70.8208,1356414480
351,33.8652,70.908,1356124980
351,33.4229,70.6088,1355937120
351,34.2866,70.8209,1355585700
351,34.2855,70.821,1355089020
351,34.2826,70.818,1354981320
351,34.286,70.8207,1354845360
351,33.4199,70.6098,1354813500
351,34.2857,70.8211,1354750440
351,34.1127,70.7806,1354667760
351,34.2856,70.8208,1354552440
351,34.2835,70.8144,1354493400
351,34.2828,70.8143,1354483500
351,34.2813,70.8163,1354417500
351,34.2856,70.8208,1354374000
351,34.2862,70.8215,1354335240
351,34.2857,70.8209,1354326420
351,34.2856,70.821,1354323240
351,34.2848,70.8179,1354319220
351,34.2854,70.8207,1354317480
351,34.2815,70.8161,1353865560
351,34.2816,70.8162,1353865020
351,34.2809,70.8168,1353851820
351,34.2809,70.8176,1353851760
351,33.4396,70.6432,1353845160
351,34.2829,70.8157,1353771360
351,33.4204,70.6081,1353691620
351,33.4195,70.6097,1353687900
351,34.2859,70.8208,1353460800
351,34.2856,70.8211,1353292320
351,34.2856,70.8209,1353177480
351,34.2874,70.8172,1353177300
351,34.2858,70.8208,1352680980
351,34.2856,70.8211,1352657400
351,34.2856,70.821,1352650740
351,34.2855,70.8212,1352423760
351,33.4196,70.6096,1352403480
351,34.2857,70.821,1352035140
351,33.0342,71.5674,1351827480
351,33.4226,70.6069,1351269120
351,33.6803,70.726,1351165440
351,33.4195,70.6095,1351014840
351,33.4183,70.603,1350667800
351,34.2857,70.8208,1350345660
351,34.1512,70.742,1350165780
351,34.1511,70.7416,1350152460
351,33.6292,70.7137,1350081480
351,33.4546,70.6876,1350043920
351,34.2858,70.8208,1349746200
351,34.2807,70.8177,1349440740
351,34.2855,70.8208,1349400300
351,33.4195,70.6066,1349373900
351,34.1662,70.7372,1349264880
351,34.2855,70.8212,1349022000
351,34.2863,70.8205,1348936200
351,34.2858,70.8207,1348884360
351,33.422,70.6113,1348856340
351,33.4198,70.6097,1348849440
351,34.2807,70.8175,1348835040
351,34.286,70.821,1348657740
351,34.2857,70.8209,1348420080
351,34.2815,70.8162,1347834960
351,34.2856,70.821,1347734160
351,34.2856,70.8209,1347733980
351,34.2857,70.821,1347728580
351,34.3361,70.767,1347726000
351,34.2858,70.8207,1347723120
351,33.4198,70.6096,1347483720
351,34.2857,70.8211,1347414900
351,33.4198,70.6097,1347294720
351,33.4212,70.6093,1347023640
351,34.1691,70.7932,1347016920
351,33.4198,70.6096,1346770020
351,33.4197,70.6096,1346701860
351,34.2807,70.8176,1346677920
351,34.2815,70.8162,1346624460
351,33.4198,70.6099,1346274480
351,33.4458,70.6535,1346034360
351,34.2858,70.8173,1345912980
351,33.4197,70.6096,1345824060
351,33.458,70.6894,1345814280
351,33.4258,70.6187,1345751160
351,33.9722,70.7065,1345638060
351,34.2858,70.8208,1345410420
351,33.4539,70.688,1345207920
351,34.2857,70.821,1345070280
351,34.2856,70.821,1344997500
351,34.2862,70.8208,1344637980
351,34.2857,70.8208,1344620880
351,33.8607,70.7472,1344429180
351,34.2854,70.8212,1343968140
351,33.518,70.7032,1343658840
351,34.2856,70.8209,1343441280
351,33.4196,70.6096,1343337360
351,33.4207,70.6099,1342810560
351,33.4207,70.6099,1342809840
351,33.4207,70.6099,1342808760
351,23.6784,70.4066,1342494660
351,23.5007,70.427,1342476000
351,23.6722,70.4112,1342403880
351,23.6722,70.411,1342403820
351,23.6725,70.4115,1342375440
351,23.6714,70.4092,1342338600
351,23.6697,70.4093,1342202760
351,34.2859,70.8208,1341370260
351,34.2865,70.8213,1341257700
351,34.2856,70.821,1341255600
351,34.2856,70.821,1341255240
351,34.2863,70.8207,1341198480
351,34.2857,70.8207,1341111420
351,34.0479,70.7325,1340972400
351,34.2874,70.8172,1340970660
351,34.1252,70.7822,1340883180
351,33.4196,70.6096,1340817540
351,34.1679,70.7278,1340368200
351,34.2856,70.821,1340332200
351,34.2874,70.8172,1339868820
351,34.2856,70.8208,1339807560
351,34.2874,70.8172,1339501380
351,34.2857,70.8209,1339468800
351,33.4198,70.6096,1339430700
351,34.2299,70.7847,1339416540
351,34.2848,70.8147,1339260000
351,33.9212,70.7218,1339197180
351,34.1677,70.7298,1339073100
351,34.2796,70.8167,1339070520
351,33.4203,70.6059,1339009020
351,34.2855,70.8211,1338895260
351,34.2857,70.821,1338764400
351,34.2856,70.8209,1338746820
351,34.2856,70.8206,1338733440
351,34.2856,70.8209,1338671760
351,34.2856,70.8209,1338661860
351,34.2856,70.821,1338660900
351,34.2874,70.8172,1338465840
351,33.4243,70.609,1338403440
351,33.4232,70.6108,1338403320
351,33.424,70.6093,1338403200
351,34.2856,70.8209,1338091860
351,34.2856,70.8209,1338038760
351,33.4196,70.6096,1337968980
351,34.0801,70.7147,1337857740
351,34.2851,70.8203,1337772660
351,34.2856,70.8211,1337591400
351,34.4507,71.1082,1337591280
351,34.2856,70.821,1337541300
351,34.2857,70.821,1337525760
351,34.2856,70.821,1337483640
351,34.1545,70.7301,1337463360
351,33.4569,70.6342,1337315760
351,34.2858,70.8209,1337218800
351,34.2853,70.8202,1337218380
351,34.2808,70.8177,1337083560
351,34.2807,70.8177,1337083020
351,34.281,70.8179,1337082420
351,34.2832,70.8192,1337082120
351,34.2807,70.8176,1337003880
351,34.2858,70.8209,1336525680
351,34.2856,70.821,1336524180
351,33.4197,70.6097,1336486320
351,34.2861,70.8209,1336263120
351,34.2856,70.8209,1336246620
351,34.2856,70.821,1336233780
351,33.4386,70.6081,1336153320
351,33.4203,70.6059,1336071720
351,33.4338,70.6265,1336063380
351,33.4424,70.626,1336060620
351,34.2856,70.821,1336011180
351,33.4275,70.648,1336000620
351,34.2857,70.8209,1335909600
351,34.2856,70.8211,1335908220
351,34.2857,70.821,1335908160
351,34.286,70.8207,1335908160
351,34.2857,70.821,1335908100
351,34.2857,70.8209,1335908040
351,34.2862,70.8207,1335908040
351,34.2856,70.821,1335635520
351,34.2856,70.821,1335635220
351,34.4042,70.8572,1335627360
351,34.2857,70.821,1335567060
351,33.8933,70.7348,1335562260
351,33.421,70.61,1335461100
351,33.4209,70.61,1335461040
351,33.4196,70.6096,1335388860
351,33.4227,70.6092,1335271980
351,34.2862,70.8208,1335032160
351,33.4209,70.6103,1334941620
351,34.1815,70.7364,1334919900
351,34.2504,70.8002,1334829720
351,33.4215,70.6171,1334753640
351,34.2857,70.8212,1334745060
351,33.4197,70.6097,1334744940
351,34.2856,70.821,1334531880
351,34.2848,70.8152,1334503260
351,34.2856,70.8211,1334500800
351,33.4202,70.6089,1334180880
351,33.3832,70.6411,1333997700
351,33.4196,70.6096,1333988640
351,34.2815,70.8162,1333924560
351,34.2815,70.8162,1333924560
351,34.2815,70.8162,1333923000
351,34.2815,70.8163,1333921800
351,34.2856,70.8206,1333907400
351,34.2855,70.8209,1333818720
351,34.2856,70.8212,1333725840
351,34.2857,70.821,1333665780
351,33.4203,70.6059,1333661940
351,33.4203,70.6059,1333479360
351,34.2857,70.821,1333307700
351,34.2814,70.8161,1333240620
351,33.9578,70.6283,1333230240
351,34.2856,70.8209,1333140000
351,34.2856,70.821,1333137900
351,33.4199,70.6096,1332888000
351,33.4198,70.6096,1332855840
351,33.4183,70.6042,1332782400
351,34.1646,70.7371,1332689280
351,34.2856,70.821,1332551400
351,34.2862,70.8207,1332548760
351,34.2836,70.8173,1332545700
351,34.2856,70.8211,1332542400
351,33.4238,70.6129,1332540780
351,34.2856,70.821,1332464280
351,33.4164,70.6051,1332458880
351,33.4168,70.6056,1332442980
351,33.4197,70.6093,1332427440
351,33.4198,70.6097,1332366540
351,33.4197,70.6096,1332362040
351,33.4234,70.6125,1332355320
351,33.4196,70.6096,1332268080
351,33.4198,70.6097,1332259440
351,33.4199,70.6098,1332174600
351,33.4198,70.6098,1332174540
351,34.0526,70.7072,1332153660
351,34.0729,70.7127,1332153600
351,34.2806,70.8176,1331897520
351,34.2857,70.821,1331853240
351,33.4238,70.6128,1331849220
351,34.2857,70.821,1331402700
351,34.2857,70.821,1331394060
351,34.2855,70.8207,1331338560
351,33.42,70.6095,1331309820
351,34.2817,70.8185,1331296320
351,33.4258,70.6195,1330534260
351,33.4533,70.5738,1330009320
351,34.2857,70.8212,1329579900
351,33.4419,70.6465,1329309120
351,34.2808,70.8176,1329302460
351,33.4198,70.6098,1329243540
351,32.9947,71.5488,1329165840
351,33.0313,71.6312,1329142320
351,34.2838,70.8195,1328013060
351,34.1677,70.7279,1327578000
351,33.4198,70.6093,1327536840
351,34.2856,70.8211,1327490460
351,34.2843,70.821,1327326180
351,34.2813,70.8162,1326582600
351,33.4199,70.6094,1326126900
351,33.9212,70.7218,1326114960
351,34.1576,70.7482,1326034680
351,34.2915,70.818,1325951160
351,33.3961,70.5056,1325858880
351,34.281,70.8181,1325807460
351,34.2812,70.8182,1325807340
351,33.422,70.6088,1325801520
351,33.421,70.6066,1325780340
351,33.4189,70.6104,1325775120
351,34.2431,70.7966,1325760000
351,34.2874,70.8172,1325719440
351,34.1358,70.7862,1325671680
351,33.4207,70.6093,1325609760
351,33.4546,70.6886,1325550180
351,34.168,70.7415,1325297220
351,33.901,70.7348,1325156880
351,33.9149,70.7241,1325156820
351,34.2807,70.8176,1325154180
351,33.4208,70.6102,1324958820
351,34.2855,70.8211,1324581060
351,34.2749,70.8137,1324378440
351,33.4208,70.6102,1324326720
351,34.2804,70.8301,1324244280
351,34.4048,70.8564,1324158780
351,34.1692,70.735,1323900420
351,34.1689,70.7326,1323900240
351,34.1681,70.7322,1323900120
351,33.4207,70.6083,1323794820
351,33.4197,70.6095,1323730260
351,34.2855,70.8212,1323385380
351,34.2857,70.8208,1323351480
351,34.2855,70.8212,1323351480
351,33.4196,70.6096,1322860500
351,33.4247,70.6157,1322780040
351,34.2855,70.821,1322736540
351,33.4308,70.6178,1322567400
351,34.2813,70.8183,1322560680
351,34.2855,70.821,1322416560
351,33.4283,70.6093,1322155920
351,34.3475,70.8408,1321581420
351,33.4143,70.5962,1321321920
351,34.2853,70.8215,1321118700
351,34.2855,70.821,1320974580
351,33.0323,71.5902,1320534540
351,33.0323,71.5902,1320534480
351,34.2858,70.8208,1320366720
351,34.2855,70.821,1320191940
351,34.285,70.8203,1320188160
351,34.2855,70.821,1320188100
351,34.2855,70.8213,1320178800
351,34.2862,70.8211,1320000660
351,34.2855,70.821,1319908500
351,34.2898,70.8225,1319627220
351,34.2855,70.8207,1319452080
351,34.2855,70.8207,1319072220
351,33.4195,70.6095,1318956900
351,33.4198,70.6095,1318947600
351,33.4197,70.6095,1318867980
351,34.2855,70.821,1318557000
351,34.2857,70.8212,1318555260
351,33.4196,70.6096,1318522020
351,34.2852,70.8207,1318257360
351,34.283,70.8142,1318200300
351,34.283,70.8142,1318198440
351,34.283,70.8141,1318195800
351,34.2833,70.814,1318195560
351,34.151,70.7418,1318126860
351,34.2856,70.8211,1318109400
351,34.2855,70.8212,1318080600
351,33.9337,70.714,1318027320
351,33.9337,70.714,1318027200
351,34.2858,70.8217,1317948360
351,33.4212,70.6067,1317921660
351,33.9479,70.7124,1317896940
351,34.1374,70.7294,1317724620
351,34.2474,70.7962,1317724560
351,34.1441,70.7301,1317724500
351,33.4199,70.6091,1317678480
351,33.4196,70.6096,1317648180
351,34.2808,70.8167,1317637860
351,34.2814,70.8163,1317587040
351,34.2814,70.8163,1317586740
351,34.281,70.8158,1317586200
351,34.281,70.8158,1317574020
351,34.2856,70.8211,1317481920
351,34.2814,70.8163,1317435300
351,34.2814,70.8163,1317435300
351,33.42,70.6092,1317417840
351,33.4159,70.6073,1317385020
351,34.2855,70.8211,1317347700
351,34.0846,70.7156,1317293880
351,33.4196,70.6096,1317159900
351,33.4196,70.6096,1317135120
351,33.9124,70.7259,1317120900
351,34.207,70.7851,1317120240
351,34.207,70.7851,1317120180
351,34.207,70.7851,1317119820
351,33.4195,70.6094,1317078240
351,33.4194,70.6096,1317049680
351,34.2323,70.7891,1317034020
351,34.2856,70.8211,1316980260
351,34.2864,70.8168,1316970600
351,34.2864,70.8168,1316970480
351,34.2864,70.8168,1316970240
351,34.2855,70.8211,1316892000
351,34.2855,70.8211,1316884560
351,33.4189,70.6089,1316793600
351,34.2855,70.8211,1316742120
351,34.2855,70.8211,1316742060
351,34.1854,70.7888,1316687940
351,34.2833,70.8197,1316600940
351,33.4542,70.6886,1316559960
351,33.4416,70.6517,1316558160
351,34.2846,70.8196,1316523840
351,34.2816,70.8162,1316472780
351,34.2811,70.8161,1316469360
351,34.2811,70.8161,1316469300
351,34.2811,70.8161,1316467980
351,34.2791,70.8536,1316391180
351,34.2884,70.8255,1316385300
351,34.2828,70.8145,1316371500
351,34.2855,70.8211,1316363220
351,34.2811,70.8161,1316284440
351,34.1688,70.7351,1316274540
351,34.1688,70.7351,1316274240
351,34.2856,70.821,1316209200
351,34.286,70.8191,1316205000
351,33.6656,70.7201,1316198760
351,33.6656,70.7201,1316198580
351,34.2817,70.8183,1316170860
351,34.2856,70.8211,1316079960
351,33.5857,70.7144,1316043300
351,33.5817,70.7153,1316043180
351,33.4562,70.6178,1316027760
351,33.4562,70.6178,1316026740
351,33.4568,70.6345,1316020080
351,33.4568,70.6345,1316019060
351,34.2855,70.8211,1315874760
351,33.674,70.7233,1315868700
351,33.4197,70.6094,1315832760
351,34.2855,70.8211,1315781040
351,34.2855,70.8211,1315780980
351,34.2855,70.8211,1315780140
351,34.2855,70.8211,1315764660
351,34.2855,70.8211,1315753440
351,34.2855,70.8211,1315701120
351,34.2855,70.8211,1315664820
351,33.4316,70.6258,1315571700
351,33.4322,70.6237,1315531380
351,33.4323,70.6278,1315527120
351,33.4199,70.609,1315510980
351,33.4323,70.6278,1315482480
351,33.422,70.6159,1315435320
351,33.4197,70.6095,1315428840
351,33.433,70.6291,1315341420
351,33.433,70.629,1315334160
351,33.4542,70.6877,1315307820
351,34.2855,70.8211,1315267980
351,33.4575,70.6717,1315224960
351,33.8039,70.7486,1315221120
351,33.8039,70.7486,1315221060
351,33.8039,70.7486,1315221000
351,33.4281,70.674,1315103580
351,33.4195,70.6094,1314999120
351,33.4195,70.6094,1314999000
351,33.4202,70.6062,1314969000
351,34.1708,70.7269,1314963540
351,34.1708,70.7269,1314963060
351,34.2806,70.8175,1314961140
351,34.2806,70.8175,1314961080
351,34.2855,70.8211,1314958680
351,33.4196,70.6095,1314886320
351,34.2855,70.8211,1314755520
351,34.2855,70.8211,1314755460
351,34.2855,70.8211,1314755460
351,33.4206,70.6079,1314734220
351,33.4176,70.6086,1314733680
351,34.2855,70.8211,1314665040
351,34.2855,70.8211,1314664260
351,34.2855,70.8211,1314562980
351,34.2855,70.8211,1314539280
351,34.2855,70.8211,1314498480
351,34.2855,70.8211,1314498480
351,34.2855,70.8211,1314498360
351,34.2856,70.8211,1314406980
351,33.4194,70.6096,1314387240
351,34.2855,70.8211,1314322680
351,33.4208,70.6102,1314123960
351,33.4194,70.6095,1314118680
351,33.4196,70.6097,1314053400
351,33.4208,70.6079,1314033180
351,33.4394,70.6137,1314025140
351,34.2806,70.8176,1314016260
351,34.1512,70.7416,1313968980
351,34.1644,70.747,1313939460
351,34.2855,70.8211,1313806080
351,33.424,70.6107,1313785020
351,33.4238,70.6108,1313781180
351,33.4196,70.6092,1313768040
351,33.4196,70.6092,1313767680
351,33.4196,70.6092,1313767500
351,33.4196,70.6094,1313679660
351,34.2855,70.8211,1313546460
351,34.2855,70.8211,1313545740
351,33.036,71.6265,1313432220
351,33.036,71.6265,1313431500
351,33.039,71.5996,1313423760
351,33.0306,71.5901,1313346600
351,33.0294,71.5874,1313346540
351,33.0341,71.5679,1313282940
351,34.2855,70.8211,1313243040
351,33.4195,70.6096,1313172000
351,33.4195,70.6096,1313161260
351,33.4193,70.6095,1312989600
351,34.2855,70.8211,1312737300
351,34.2855,70.8211,1312732380
351,34.2855,70.8211,1312726800
351,34.2855,70.8211,1312681080
351,34.2855,70.8211,1312680960
351,34.2855,70.8211,1312680840
351,34.212,70.7879,1312464180
351,34.212,70.7879,1312463880
351,34.212,70.7879,1312463580
351,34.2856,70.8209,1312413660
351,34.2856,70.8209,1312413540
351,34.2855,70.8211,1312387020
351,34.2855,70.8211,1312033020
351,33.4197,70.6095,1311971100
351,34.2815,70.8163,1311940620
351,34.2815,70.8163,1311940560
351,33.4208,70.6094,1311797400
351,34.2858,70.8204,1311735000
351,34.2858,70.8204,1311733440
351,33.3905,70.5456,1311718320
351,33.4205,70.6088,1311701880
351,33.4196,70.6097,1311686820
351,34.2806,70.8175,1311604740
351,34.2856,70.8211,1311549060
351,34.2856,70.8211,1311548580
351,34.1689,70.7509,1311458040
351,34.167,70.7487,1311456360
351,34.2853,70.8163,1311439140
351,34.2814,70.8162,1311388080
351,34.2734,70.8135,1311252600
351,34.2734,70.8135,1311251580
351,33.4283,70.6094,1311188280
351,33.4277,70.6102,1311186180
351,33.4184,70.6007,1311185940
351,34.0239,70.704,1311076080
351,34.1305,70.7316,1311004020
351,34.2859,70.8204,1310839920
351,34.2861,70.8233,1310836620
351,34.2856,70.8211,1310824560
351,34.2863,70.8202,1310792760
351,33.4209,70.6081,1310757420
351,33.4209,70.6081,1310757300
351,33.4189,70.6093,1310738880
351,33.4197,70.6096,1310735820
351,34.2856,70.8211,1310728440
351,34.2856,70.8211,1310727780
351,34.2856,70.8211,1310694900
351,34.2868,70.8202,1310613540
351,34.2868,70.8202,1310612340
351,34.281,70.8163,1310572680
351,33.4198,70.6097,1310149560
351,34.3521,70.8514,1305494760
351,34.2054,70.5324,1305491100
351,34.2813,70.8162,1305395940
351,34.2814,70.8162,1305333660
351,33.4203,70.6093,1304527680
351,33.4377,70.6214,1304451600
351,33.4377,70.6214,1304363940
351,33.4347,70.6231,1304356800
351,34.2864,70.82,1304266320
351,34.3,70.8229,1304261340
351,34.2851,70.8217,1304218860
351,33.4418,70.6372,1304021100
351,33.4361,70.6226,1303820640
351,34.285,70.8217,1303586880
351,34.2856,70.8211,1303522980
351,34.2856,70.8211,1303513080
351,34.3,70.8229,1303171200
351,34.2861,70.8201,1303089660
351,34.2813,70.8162,1303086360
351,34.2856,70.8211,1302994140
351,34.288,70.8219,1302976320
351,34.2864,70.82,1302976200
351,34.2856,70.821,1301718000
351,33.4399,70.6397,1301486880
351,34.5872,58.4233,1301400660
351,34.5888,58.4295,1301073360
351,34.5861,58.4176,1301028840
351,34.2749,70.8137,1300550220
351,34.2749,70.8137,1299837300
351,33.4377,70.6214,1299773160
351,33.4347,70.6231,1299259200
351,33.4377,70.6214,1299181020
351,34.2749,70.8137,1299154440
351,33.4377,70.6214,1299075720
351,33.4377,70.6214,1299000780
351,33.4462,70.6603,1298901540
351,34.2749,70.8137,1298732640
351,34.2749,70.8137,1298517780
351,33.4,70.5333,1298470500
351,33.392,70.5011,1298466600
351,33.4347,70.6231,1298389620
351,33.9212,70.7218,1298356320
351,33.4377,70.6214,1298302920
351,33.4259,70.6542,1298134200
351,33.4267,70.6537,1298133420
351,33.4439,70.616,1298084940
351,34.1675,70.7278,1298028360
351,34.2749,70.8137,1297991940
351,33.4349,70.6166,1297877820
351,33.4356,70.6192,1297875480
351,33.4377,70.6214,1297873140
351,33.4377,70.6214,1297872600
351,33.6019,70.7165,1297863540
351,34.9853,71.2394,1297726980
351,41.22,72.7296,1297548480
351,41.22,72.7296,1297546500
351,41.139,73.0253,1297464120
351,41.1403,73.0256,1297463760
351,41.1305,73.0228,1297463400
351,41.1342,73.0275,1297462860
351,40.9947,72.8756,1297458240
351,40.9947,72.8756,1297454640
351,41.3178,72.9828,1297357140
351,41.3185,72.981,1297293480
351,41.3185,72.981,1297289880
351,42.47,73.4908,1297200720
351,42.483,73.7588,1297191000
351,42.4823,73.7642,1297181100
351,42.4823,73.7642,1297177620
351,42.4776,73.77,1297175820
351,41.8123,73.4795,1297171680
351,41.8123,73.4795,1297171140
351,41.4859,72.963,1297117320
351,41.3179,72.9909,1296783120
351,41.3179,72.9909,1296767760
351,40.3214,72.478,1296758040
351,39.3676,72.6311,1296757860
351,33.454,70.6882,1296689100
351,33.4377,70.6214,1296657480
351,33.648,70.7103,1296603000
