353,29.4193,98.4412,1376859000
353,29.4002,98.4092,1376666520
353,29.5312,98.5739,1376594400
353,29.5312,98.5739,1376578680
353,29.3994,98.4088,1376530320
353,29.5311,98.5739,1376508180
353,29.5308,98.5739,1376502240
353,29.5308,98.5739,1376502060
353,29.5314,98.5739,1376501880
353,29.5314,98.5739,1376501820
353,29.5314,98.5739,1376501640
353,29.5309,98.5739,1376501100
353,29.5309,98.5739,1376348460
353,29.5039,98.3439,1376014380
353,29.5308,98.574,1375996560
353,29.531,98.5739,1375977720
353,29.5039,98.3438,1375662900
353,29.504,98.3437,1375584060
353,29.71,98.1343,1374983640
353,29.3954,98.4043,1371952560
353,29.3954,98.4043,1371952020
353,29.5308,98.574,1366917540
353,29.5308,98.574,1366899540
353,29.5018,98.3987,1366833360
353,29.5316,98.5739,1355956500
353,29.5316,98.5739,1355942220
353,29.5316,98.5739,1355942160
353,29.5315,98.574,1355935440
353,29.5313,98.5741,1355930940
353,29.5315,98.5741,1355856900
353,29.504,98.3437,1355679420
353,29.5043,98.3437,1355620860
353,29.5041,98.3438,1355617380
353,29.504,98.3437,1355609400
353,29.504,98.3438,1355592660
353,29.5317,98.5739,1355503440
353,29.5316,98.574,1355503380
353,29.504,98.3437,1355456160
353,29.4908,98.5522,1355445840
353,29.5261,98.575,1355444340
353,29.5315,98.5739,1355442900
353,29.5315,98.574,1355442420
353,29.5315,98.5743,1355441940
353,29.5315,98.5743,1355441820
353,29.5315,98.5743,1355441700
353,29.5311,98.5744,1355441580
353,29.5311,98.5744,1355441460
353,29.5311,98.5744,1355441400
353,29.5311,98.5743,1355411580
353,29.504,98.3438,1355370240
353,29.5039,98.3438,1355369640
353,29.5246,98.392,1355277240
353,29.4942,98.5481,1355274060
353,29.4941,98.548,1355273700
353,29.5314,98.5739,1355265120
353,29.5492,98.5837,1355251260
353,29.759,95.3684,1350234480
353,29.4032,98.4054,1346337180
353,29.4054,98.4058,1346332080
353,29.4951,98.343,1345933320
353,29.5347,98.5747,1345396980
353,29.4985,98.3476,1345158240
353,29.4951,98.343,1345157580
353,29.5347,98.5747,1337085300
