360,56.4618,2.9891,1377344400
360,56.4618,2.9891,1377344220
360,56.4618,2.9891,1377344100
360,56.4617,2.9891,1376241660
360,53.4693,2.2817,1376163240
360,53.464,2.2927,1376126460
360,56.9453,2.2017,1371317340
360,56.4617,2.9892,1370005380
360,56.4617,2.9893,1370002440
360,56.4652,2.9873,1367494320
360,56.4617,2.9891,1367438700
360,56.4617,2.989,1365701160
360,56.4835,2.989,1364828940
360,56.4617,2.9889,1364646240
360,56.4617,2.9892,1364557680
360,56.4617,2.9891,1364338500
360,56.4617,2.989,1363372320
360,56.4615,2.9885,1362987240
360,56.4617,2.9891,1362925260
360,56.4616,2.989,1362836460
360,56.4613,2.9892,1362759300
360,56.4617,2.9892,1362674220
360,56.4616,2.989,1362521580
360,56.4617,2.9892,1362353340
360,56.4615,2.9888,1360772580
360,56.462,2.9773,1360761840
360,56.4617,2.9891,1360272840
360,56.4745,2.9688,1359820860
360,56.4617,2.9891,1359478320
360,56.4617,2.9889,1359295020
360,56.462,2.9773,1359102720
360,56.4617,2.989,1358958960
360,56.462,2.977,1358640900
360,56.4618,2.977,1358514900
360,56.4618,2.9775,1358498400
360,56.4608,2.9822,1358496300
360,56.4617,2.9892,1358034000
360,56.4617,2.9891,1358022660
360,56.4617,2.9891,1357508760
360,56.4616,2.989,1357507800
360,56.4616,2.989,1357507680
360,56.4616,2.989,1357507500
360,56.4616,2.989,1357507320
360,56.4616,2.989,1357507020
360,56.4616,2.989,1356973740
360,56.4617,2.9892,1356875760
360,56.4617,2.9892,1356875520
360,56.4617,2.989,1356717240
360,56.4617,2.9891,1356460380
360,56.4617,2.9891,1356459960
360,56.4617,2.9891,1356443640
360,56.4617,2.9891,1356183720
360,56.4617,2.9891,1356180120
360,56.4616,2.989,1356037260
360,56.4617,2.9892,1356027900
360,56.4617,2.9892,1355587440
360,56.4617,2.989,1355261220
360,56.4617,2.9892,1355067720
360,56.4617,2.989,1355065500
360,56.4617,2.9892,1354981980
360,56.4617,2.9891,1354889580
360,56.4617,2.989,1354831560
360,56.4617,2.989,1354358280
360,56.4617,2.989,1354357620
360,56.4618,2.9888,1354033380
360,56.4617,2.9891,1353676440
360,56.4615,2.9892,1353665940
360,56.4617,2.9892,1353146400
360,56.4622,2.9765,1353054720
360,56.4616,2.989,1353020520
360,56.4616,2.989,1352732940
360,56.4583,2.9742,1352402280
360,56.4617,2.9892,1352305920
360,56.4617,2.9892,1352237940
360,56.4608,2.9822,1352220600
360,56.4617,2.9892,1352162160
360,56.4622,2.9765,1352112000
360,56.4617,2.989,1351993500
360,56.4617,2.989,1351942500
360,56.462,2.9773,1351583580
360,56.4573,2.9765,1351290900
360,56.4612,2.9868,1350974100
360,56.4617,2.989,1350914220
360,56.4617,2.9891,1350140700
360,56.4617,2.9892,1349890440
360,56.4617,2.989,1349626440
360,56.4615,2.9892,1349533860
360,56.4617,2.9892,1349372820
360,56.4712,2.976,1349092620
360,56.4617,2.989,1348944660
360,56.4617,2.9891,1348915620
360,56.4616,2.989,1348906680
360,56.4615,2.9892,1348834200
360,56.4617,2.989,1348358580
360,56.4613,2.9872,1348312320
360,56.4617,2.9892,1347795900
360,56.4747,2.9695,1347664500
360,56.4743,2.9695,1347657660
360,56.4617,2.9892,1347291660
360,56.4616,2.989,1347053880
360,56.4615,2.989,1347019200
360,56.4616,2.9891,1346777040
360,56.4616,2.9891,1346774280
360,56.4617,2.9892,1346429160
360,56.4617,2.9892,1346133600
360,56.4616,2.989,1346110440
360,56.4617,2.9887,1346094900
360,56.4617,2.989,1346084580
360,56.4617,2.9891,1346019420
360,56.4617,2.9891,1345976220
360,56.4705,3.0613,1345911120
360,56.4663,3.0648,1345911060
360,56.4616,2.9891,1345831080
360,56.4595,2.989,1345820580
360,56.4617,2.989,1345660260
360,56.4617,2.9888,1345404840
360,56.4623,2.9778,1345042800
360,56.4616,2.989,1344972720
360,56.4617,2.989,1344675900
360,56.4618,2.9892,1344607920
360,56.4617,2.989,1344440880
360,56.4617,2.989,1344370080
360,56.4617,2.9892,1344353280
360,56.462,2.977,1344335160
360,56.4618,2.989,1344267000
360,56.4703,2.9153,1344239760
360,56.4617,2.9893,1343855280
360,56.4618,2.988,1342890960
360,56.4626,2.9886,1342828260
360,56.4615,2.9892,1342797840
360,56.4627,2.9763,1342781700
360,56.4748,2.9688,1342732800
360,56.4777,2.9737,1342649640
360,56.4777,2.9737,1342649400
360,56.48,2.9228,1341612720
360,56.4627,2.9788,1341581940
360,56.4617,2.989,1341416280
360,56.4629,2.9879,1341271080
360,56.4614,2.9892,1341246540
360,56.4616,2.989,1341242580
360,56.4617,2.989,1341174780
360,56.462,2.9887,1340926200
360,56.4617,2.9895,1340925840
360,56.4612,2.9893,1340900640
360,56.462,2.9768,1340887740
360,56.4642,3.044,1340654400
360,56.4617,2.9892,1340578500
360,56.4617,2.9889,1340550060
360,56.4617,2.9892,1340281440
360,56.4617,2.989,1340046780
360,56.4617,2.9888,1339806420
360,56.4617,2.989,1339699680
360,56.4617,2.9888,1339445880
360,56.4618,2.989,1339371360
360,56.462,2.9768,1339168620
360,56.4617,2.989,1339082640
360,56.4617,2.9892,1338998280
360,56.4617,2.9891,1338739740
360,56.4563,2.9748,1338645780
360,56.462,2.977,1338568380
360,56.4565,2.9747,1338420300
360,56.4617,2.9895,1338310800
360,56.4616,2.9891,1338237960
360,56.4617,2.9888,1338049620
360,56.4617,2.989,1338049140
360,56.4617,2.989,1338041700
360,56.4605,2.9874,1338039360
360,56.4617,2.989,1338039000
360,56.4615,2.9892,1338033240
360,56.4615,2.9892,1338030060
360,56.4614,2.977,1337940720
360,56.4616,2.9891,1337639400
360,56.4617,2.9891,1337616600
360,56.4615,2.989,1337354820
360,56.46,2.9812,1335616560
360,56.4617,2.9892,1335207600
360,56.4677,2.939,1335198540
360,56.4618,2.9873,1335191880
360,56.4616,2.9889,1334700600
360,56.4616,2.989,1334696580
360,56.4616,2.9891,1334509440
360,56.4616,2.9889,1334490180
360,56.4616,2.989,1334340300
360,56.4616,2.989,1334315460
360,56.4617,2.989,1333927920
360,56.4617,2.9889,1333907280
360,56.4616,2.9891,1333663440
360,56.4617,2.989,1333468140
360,56.4617,2.9893,1333432320
360,56.4617,2.989,1333329420
360,56.4617,2.989,1333329180
360,56.4616,2.989,1333302300
360,56.4617,2.989,1333299420
360,56.4617,2.989,1333279320
360,56.4617,2.9892,1333236480
360,56.4617,2.989,1333227300
360,56.4617,2.9885,1333203840
360,56.4616,2.989,1333201800
360,56.462,2.9767,1333090500
360,56.462,2.989,1333037160
360,56.4616,2.9891,1333036260
360,56.4616,2.989,1333035120
360,56.4617,2.989,1332949200
360,56.4608,2.9837,1332862440
360,56.462,2.9768,1332763680
360,56.462,2.9897,1332687180
360,56.4615,2.9892,1332521820
360,56.4617,2.9888,1332438300
360,56.4618,2.9878,1332186720
360,56.4617,2.9889,1332177900
360,56.4617,2.989,1330907160
360,56.4617,2.989,1330880580
360,56.4637,2.9805,1330872720
360,56.4637,2.9787,1330872600
360,56.4637,2.9782,1330872480
360,56.465,2.9683,1330872420
360,56.4645,2.9632,1330872300
360,56.4653,2.961,1330872180
360,56.4665,2.9557,1330872000
360,56.4616,2.9888,1330864200
360,56.4617,2.989,1330817460
360,56.4617,2.989,1330802820
360,56.4617,2.989,1330801560
360,56.4617,2.989,1330786680
360,56.4617,2.9889,1330785060
360,56.4616,2.9889,1330270140
360,56.4616,2.989,1330220880
360,56.4618,2.989,1330172040
360,56.4617,2.989,1330119120
360,56.4615,2.989,1330100580
360,56.4615,2.9892,1330100520
360,56.4617,2.989,1330100400
360,56.4617,2.9889,1330026720
360,56.4617,2.9888,1330024260
360,56.4617,2.989,1330016460
360,56.4617,2.9887,1329954960
360,56.4617,2.989,1329912540
360,56.4615,2.9888,1329895560
360,56.4615,2.9875,1329700200
360,56.4617,2.989,1329662940
360,56.4615,2.9893,1329589260
360,56.4617,2.989,1329579480
360,56.4616,2.9889,1329116520
360,56.4566,2.979,1329073200
360,56.4678,2.9373,1329022680
360,56.4623,2.9808,1329015720
360,56.4677,2.9383,1328972820
360,56.4616,2.9889,1328955780
360,56.4616,2.989,1328913360
360,56.4615,2.9892,1328906340
360,56.4617,2.989,1328818920
360,56.4616,2.989,1328811960
360,56.4616,2.9892,1328546400
360,56.4615,2.9891,1328435940
360,56.4616,2.9889,1328369340
360,56.4617,2.9887,1328359380
360,56.4619,2.9768,1328268300
360,56.462,2.9768,1328188920
360,56.4617,2.9887,1328083440
360,56.4616,2.9889,1328052300
360,56.4616,2.9888,1328035440
360,56.4618,2.9773,1328024940
360,56.462,2.977,1327999260
360,56.4617,2.9892,1327940700
360,56.4615,2.989,1327885380
360,56.4616,2.984,1327856520
360,56.4617,2.9889,1327851900
360,56.4616,2.9889,1327851120
360,56.4617,2.9888,1327845480
360,56.4616,2.9889,1327833840
360,56.4616,2.989,1327833540
360,56.472,3.0348,1327777860
360,56.4622,2.9868,1327748100
360,56.4617,2.989,1327711080
360,56.4616,2.989,1327623840
360,56.4617,2.989,1326697320
360,56.4616,2.9889,1326666300
360,56.4618,2.9887,1326565500
360,56.4616,2.9889,1326440460
360,56.4614,2.9835,1326306000
360,56.4613,2.9869,1326298200
360,56.4616,2.989,1326153120
360,56.4615,2.9891,1325971680
360,56.4617,2.9892,1325958180
360,56.4617,2.9889,1325722860
360,56.4612,2.9832,1325513160
360,56.4615,2.9896,1325376660
360,56.4648,2.9851,1325248020
360,56.4622,2.9868,1325247660
360,56.4622,2.9868,1325247060
360,56.4647,2.9867,1325246640
360,56.4622,2.9868,1325246400
360,56.4618,2.989,1325195520
360,56.4617,2.989,1325164140
360,56.4622,2.9792,1325082120
360,56.4617,2.989,1324932600
360,56.4617,2.989,1324818900
360,56.4617,2.9892,1324766160
360,56.4615,2.9892,1324748040
360,56.4619,2.9769,1324552320
360,56.4617,2.9889,1324425780
360,56.462,2.9769,1323774960
360,56.4617,2.9888,1323526500
360,56.4616,2.9891,1323476040
360,56.4618,2.9785,1323445800
360,56.4622,2.9777,1323268080
360,56.4613,2.9767,1323252660
360,56.461,2.9813,1323162120
360,56.4617,2.9888,1323102780
360,56.4617,2.989,1322606700
360,56.4616,2.9888,1322316840
360,56.4622,2.978,1322129520
360,56.4617,2.989,1321995840
360,56.4617,2.989,1321704540
