367,41.5878,2.2891,1378070700
367,41.608,2.2876,1378039080
367,41.608,2.2876,1378038960
367,41.608,2.2876,1378038900
367,41.6075,2.2871,1378038600
367,41.6072,2.287,1378038600
367,41.3949,2.161,1377940140
367,41.3873,2.1604,1377939900
367,41.3858,2.1707,1377939780
367,41.6079,2.2878,1377911040
367,41.6048,2.2899,1377729840
367,41.3921,2.168,1377555780
367,41.8194,3.0685,1377357420
367,41.7946,3.0558,1377357180
367,41.7736,3.0304,1377195480
367,41.7946,3.0558,1377182220
367,41.774,3.0255,1377104280
367,41.7696,3.0029,1377096180
367,41.774,3.0255,1377095160
367,41.774,3.0255,1377095040
367,41.774,3.0255,1377094260
367,41.8161,3.0687,1377033600
367,41.8169,3.069,1377029700
367,41.7796,3.0286,1376933400
367,41.6089,2.3424,1376909040
367,41.3873,2.1604,1376874360
367,41.3874,2.1603,1376174220
367,41.3931,2.1661,1375899780
367,41.5581,2.2643,1375778820
367,41.82,3.0688,1375688460
367,41.7795,3.0285,1375688460
367,41.7795,3.0291,1375688460
367,41.7806,3.0299,1375641000
367,41.7909,3.0526,1375543920
367,41.7796,3.0286,1375463100
367,41.7872,3.024,1375462740
367,41.3873,2.1604,1375386180
367,41.3685,2.1536,1375132320
367,41.3873,2.1604,1375014780
367,41.619,2.2688,1374937320
367,41.6114,2.2869,1374878520
367,41.3873,2.1604,1374864000
367,41.6356,2.314,1374413100
367,41.6356,2.314,1374411900
367,41.632,2.3104,1374364140
367,41.6319,2.3104,1374357360
367,41.6337,2.3059,1374356940
367,41.6332,2.3075,1374356400
367,41.6319,2.3106,1374332580
367,41.6318,2.3104,1374331800
367,41.6784,2.2229,1374315660
367,41.3928,2.1637,1374003480
367,41.6322,2.3107,1373804160
367,40.0015,3.8368,1373763060
367,40.0095,3.8351,1373763060
367,40.0033,3.8361,1373763060
367,40.0534,4.0448,1373763060
367,40.0014,3.8371,1373763060
367,40.0014,3.8371,1373763060
367,39.9314,3.9892,1373572800
367,39.9343,3.9725,1373572680
367,39.8707,4.1321,1373469900
367,39.9274,3.8366,1373469600
367,39.9677,3.8357,1373469300
367,41.3865,2.1182,1373233260
367,41.3865,2.1182,1373233200
367,41.3865,2.1182,1373108700
367,41.3865,2.1182,1373108520
367,41.3865,2.1182,1373076900
367,41.3865,2.1182,1373076900
367,41.3865,2.1182,1373076900
367,41.3881,2.1174,1373076900
367,41.3881,2.1173,1373076900
367,41.3873,2.1604,1373076900
367,41.3865,2.1182,1373076900
367,41.3873,2.1604,1372924860
367,41.6736,2.2039,1372706220
367,41.6319,2.3105,1372613700
367,41.6321,2.3104,1372613700
367,41.8932,2.8764,1372586160
367,41.8932,2.8764,1372586100
367,41.8854,2.8751,1372542120
367,41.3832,2.1279,1372250340
367,41.3976,2.191,1372187100
367,41.3976,2.191,1372186800
367,41.3863,2.1825,1372162200
367,41.6319,2.3105,1372095540
367,41.6739,2.2038,1372043880
367,41.635,2.3069,1371918960
367,41.632,2.3105,1371918540
367,41.6319,2.3104,1371907440
367,41.3873,2.1604,1371748260
367,41.8276,2.954,1371371640
367,41.632,2.3107,1371313020
367,41.6318,2.3105,1371311760
367,41.6318,2.3105,1371306240
367,41.6318,2.3106,1371305340
367,41.6321,2.3105,1371304860
367,41.3976,2.191,1371077460
367,41.3976,2.191,1371075540
367,41.3859,2.168,1371043380
367,41.3636,2.1526,1370508060
367,41.3827,2.1873,1370427840
367,41.5002,2.2896,1370202780
367,41.5002,2.2896,1370202720
367,41.3636,2.1526,1370134680
367,41.3636,2.1526,1370134620
367,41.3636,2.1526,1370134500
367,41.3636,2.1526,1370134320
367,41.391,2.1806,1369863660
367,41.3863,2.1825,1369678920
367,41.3863,2.1825,1369678680
367,41.6027,2.2905,1369483440
367,41.3636,2.1526,1369393200
367,41.6785,2.2229,1368968100
367,41.6786,2.223,1368965460
367,41.4791,1.9411,1368792840
367,41.4347,2.148,1368621300
367,41.3737,2.1507,1368568500
367,41.451,2.2414,1368377040
367,41.5002,2.2896,1368208200
367,41.5002,2.2896,1368207720
367,41.5002,2.2896,1368206640
367,41.4842,2.1885,1367992680
367,41.5004,2.1931,1367857500
367,41.47,2.1867,1367857380
367,41.3924,2.1641,1367856900
367,41.425,2.1947,1367856840
367,41.4006,2.1344,1367585700
367,41.3863,2.1825,1367496660
367,41.387,2.182,1367496480
367,41.6191,2.2679,1367159280
367,41.4005,2.1485,1366726980
367,41.4006,2.1484,1366722180
367,41.6134,2.296,1366638480
367,41.4341,2.1477,1366302900
367,41.4343,2.1487,1366202640
367,41.4348,2.1478,1366192560
367,41.6004,2.2921,1366097040
367,41.3829,2.1717,1366063440
367,41.3949,2.1757,1365947820
367,41.4744,1.9278,1365947280
367,41.3464,1.7043,1365947280
367,41.4343,2.1487,1365773040
367,41.4341,2.1475,1365712200
367,41.4349,2.1482,1365712200
367,41.5002,2.2896,1365369600
367,41.5002,2.2896,1365369360
367,41.5002,2.2896,1365369180
367,41.5002,2.2896,1365369180
367,41.5002,2.2896,1365369180
367,41.5002,2.2896,1365369180
367,41.4731,2.0453,1364829600
367,41.4731,2.0453,1364829540
367,41.7796,3.0284,1364742780
367,41.978,2.8197,1364732520
367,41.978,2.8197,1364732400
367,41.7798,3.0299,1364732400
367,41.7872,3.024,1364655360
367,41.4749,2.0449,1364580360
367,41.6103,2.2796,1364560080
367,41.5338,2.2178,1364420520
367,41.4341,2.1475,1364325600
367,41.6134,2.294,1364056200
367,41.3976,2.191,1363940100
367,41.4245,2.1987,1363765320
367,41.3859,2.168,1363712040
367,41.4349,2.1477,1363678800
367,42.6992,0.9308,1363475280
367,42.7001,0.9332,1363454220
367,42.7001,0.9332,1363454040
367,42.7001,0.9332,1363453860
367,42.623,0.765,1363370760
367,42.0194,0.4746,1363355340
367,42.0194,0.4746,1363354800
367,41.4575,2.0738,1363017180
367,41.3915,2.1658,1362817680
367,41.4119,2.1922,1362521880
367,41.4341,2.1475,1362325140
367,41.4341,2.1477,1362211140
367,41.3808,2.1385,1362167220
367,41.3949,2.161,1361907480
367,41.3949,2.161,1361907360
367,41.3949,2.161,1361907300
367,41.3949,2.161,1361907180
367,41.6137,2.2888,1361725800
367,41.395,2.1496,1361541240
367,41.6007,2.2914,1361541000
367,41.3931,2.1661,1361444580
367,41.6241,2.2776,1361048460
367,41.6108,2.2879,1360970580
367,41.4347,2.1471,1360916100
367,41.4131,2.1913,1360870980
367,41.4575,2.0738,1360363140
367,41.3953,2.1607,1360264980
367,41.402,2.1529,1360264980
367,41.452,2.1961,1360264980
367,41.402,2.1529,1360261680
367,41.3817,2.1727,1360069560
367,41.3883,2.1641,1359863820
367,41.3883,2.1641,1359863700
367,41.3856,2.1601,1359853200
367,41.6327,2.3109,1359817800
367,41.4136,2.1915,1359702420
367,41.3948,2.1785,1359573060
367,41.4337,2.1949,1359573060
367,41.4337,2.1949,1359573060
367,41.4269,2.1439,1359452700
367,41.435,2.1478,1359447120
367,41.3949,2.161,1358779440
367,41.3897,2.1348,1358360760
367,41.6381,2.3644,1358079300
367,41.6382,2.3639,1358032080
367,41.3949,2.161,1357646520
367,41.6191,2.2684,1357496220
367,41.6048,2.2896,1357426680
367,41.6049,2.2896,1357423920
367,41.6048,2.2896,1357423500
367,41.6155,2.2892,1357339020
367,41.6156,2.2894,1357335720
367,41.6066,2.285,1357055100
367,41.6145,2.289,1356817380
367,41.6048,2.2898,1356446820
367,41.5836,2.2834,1356362460
367,41.5836,2.2834,1356362280
367,41.6144,2.2891,1356220320
367,41.3877,2.159,1356198120
367,41.3877,2.159,1356193680
367,41.3933,2.1637,1356083640
367,41.3933,2.1637,1356083580
367,41.3949,2.161,1356083400
367,41.3949,2.161,1356082020
367,41.6115,2.2866,1355947980
367,41.4345,2.1478,1355848560
367,41.4349,2.1479,1355741880
367,41.6049,2.2897,1355582520
367,41.4349,2.1478,1355500260
367,41.3952,2.161,1355227080
367,41.3952,2.161,1355227080
367,41.3867,2.159,1355028240
367,41.3867,2.159,1355028240
367,41.3867,2.1591,1355008560
367,41.3867,2.1589,1355008380
367,41.3808,2.1385,1354807560
367,41.3808,2.1385,1354807440
367,41.3881,2.1862,1354661040
367,41.3881,2.1862,1354660860
367,41.3873,2.1604,1354620240
367,41.5762,2.0188,1354620180
367,41.6314,2.1639,1354620060
367,41.4347,2.1476,1354617420
367,41.3899,2.1788,1354566240
367,41.6947,2.2845,1354450440
367,41.5907,2.2849,1354380180
367,41.3875,2.1706,1354293300
367,41.3879,2.1706,1354293240
367,41.3878,2.1706,1354293180
367,41.3878,2.1707,1354293060
367,41.4798,2.1875,1354131600
367,41.4349,2.1478,1354120380
367,41.4347,2.1478,1354102680
367,41.4282,2.1968,1354092540
367,41.3935,2.164,1353971520
367,41.3933,2.1637,1353971460
367,41.3941,2.1627,1353971340
367,41.3941,2.1627,1353971280
367,41.393,2.1641,1353971220
367,41.3949,2.161,1353971160
367,41.3952,2.161,1353970980
367,41.6191,2.2679,1353864420
367,41.4349,2.1477,1353585660
367,41.4349,2.1477,1353585660
367,41.6097,2.2876,1353520920
367,41.5251,2.2144,1353397200
367,41.3859,2.1695,1353343560
367,41.3859,2.1695,1353340380
367,41.4349,2.1477,1353320100
367,41.4349,2.1477,1353312660
367,41.4349,2.1477,1353312300
367,41.6123,2.2958,1353256080
367,41.6123,2.2958,1353255780
367,41.6123,2.2958,1353255540
367,41.4351,2.1478,1353090300
367,41.36,2.0776,1353089880
367,41.4351,2.1478,1353087600
367,41.386,2.1675,1353085860
367,41.4025,2.1521,1353085200
367,41.4347,2.148,1353085080
367,41.3926,2.1642,1352981940
367,41.3949,2.161,1352981280
367,41.3949,2.161,1352980980
367,41.4347,2.148,1352733720
367,41.4349,2.1477,1352733720
367,41.3883,2.1641,1352649060
367,41.3892,2.161,1352646240
367,41.3867,2.1592,1352645880
367,41.3883,2.1641,1352645640
367,41.3892,2.161,1352645580
367,41.3892,2.161,1352645520
367,41.3891,2.1687,1352644980
367,41.4132,2.1913,1352478720
367,41.3832,2.1777,1352470020
367,41.3845,2.173,1352382480
367,41.3773,2.1458,1352306280
367,41.3845,2.173,1352306100
367,41.3878,2.1752,1352205900
367,41.3878,2.1752,1352157420
367,41.3878,2.1752,1352157300
367,41.3837,2.173,1352157180
367,41.3918,2.1651,1352157000
367,41.3928,2.1634,1351995000
367,41.3928,2.1634,1351994940
367,41.3873,2.1604,1351994820
367,41.3873,2.1604,1351994760
367,41.3873,2.1604,1351994640
367,41.5987,2.2835,1351900380
367,41.5337,2.2179,1351701300
367,41.3949,2.161,1351530900
367,41.3949,2.161,1351524240
367,41.6191,2.2683,1351347900
367,41.619,2.2676,1351347900
367,41.619,2.2682,1351347900
367,41.4348,2.148,1351239300
367,41.4349,2.1478,1350978300
367,41.6048,2.2895,1350766080
367,41.6049,2.2895,1350765480
367,41.6049,2.2896,1350765360
367,41.6048,2.2895,1350765240
367,41.3933,2.1637,1350667500
367,41.3941,2.1627,1350667380
367,41.3954,2.1625,1350667380
367,41.4349,2.1478,1350641640
367,41.3949,2.161,1350484740
367,41.3949,2.161,1350484680
367,41.3949,2.161,1350484560
367,41.4829,2.188,1350414540
367,41.4347,2.1477,1350378900
367,41.6107,2.2865,1350172200
367,41.383,2.1734,1349996160
367,41.4348,2.1478,1349996160
367,41.3851,2.1649,1349996100
367,41.3936,2.1664,1349996100
367,41.3946,2.1649,1349996100
367,41.3851,2.165,1349963880
367,41.6092,2.2914,1349905140
367,41.4347,2.1477,1349789700
367,41.4042,2.1518,1349763900
367,41.4341,2.1489,1349730720
367,41.4341,2.1489,1349730720
367,41.4341,2.1489,1349730660
367,41.4341,2.1489,1349730660
367,41.4347,2.1479,1349730660
367,41.4347,2.1479,1349730600
367,41.4349,2.1477,1349728920
367,41.4349,2.1477,1349728920
367,41.4349,2.1477,1349728860
367,41.4349,2.1477,1349728860
367,41.4349,2.1477,1349728860
367,41.5228,2.2098,1349728860
367,41.4838,2.1881,1349728380
367,41.4349,2.1477,1349728380
367,41.4705,2.1873,1349728380
367,41.581,2.2859,1349728380
367,41.5449,2.2327,1349728380
367,41.5674,2.2783,1349698800
367,41.4621,2.1874,1349675820
367,41.4838,2.1882,1349675700
367,41.4869,2.1889,1349675580
367,41.5078,2.1992,1349675460
367,41.3657,2.1511,1349611260
367,41.3657,2.1517,1349611260
367,41.3659,2.1509,1349611260
367,41.3657,2.1516,1349513160
367,41.5468,2.2375,1349446200
367,41.481,2.1882,1349245320
367,41.3779,2.1484,1349122920
367,41.3654,2.1522,1349122920
367,41.3654,2.1521,1349107260
367,41.3656,2.1519,1349107200
367,41.3655,2.152,1349107140
367,41.3656,2.1525,1349107080
367,41.3654,2.1521,1348835580
367,41.374,2.1495,1348831740
367,41.3776,2.1723,1348769760
367,41.3776,2.1711,1348762860
367,41.5545,2.2732,1348641240
367,41.4348,2.1476,1348560120
367,41.392,2.165,1348554480
367,41.3893,2.1662,1348414320
367,41.3894,2.1662,1348413960
367,41.3969,2.1602,1348403040
367,41.3953,2.1502,1348365900
367,41.3954,2.1502,1348365780
367,41.575,2.2642,1348317480
367,41.4118,2.19,1347967740
367,41.4348,2.1476,1347954960
367,41.6122,2.2765,1347804720
367,41.6186,2.2674,1347804240
367,41.6122,2.2765,1347804120
367,41.6339,2.3046,1347715620
367,41.4347,2.1479,1347710280
367,41.393,2.166,1347539940
367,41.3931,2.166,1347533940
367,49.004,2.5816,1347393960
367,49.0061,2.5746,1347393960
367,49.0019,2.5843,1347393960
367,49.0056,2.5752,1347393960
367,49.0058,2.5748,1347393960
367,49.0032,2.5803,1347393960
367,49.0055,2.5752,1347393900
367,49.0058,2.5748,1347393900
367,49.0059,2.5748,1347393900
367,49.0056,2.575,1347393900
367,49.0055,2.5754,1347393840
367,49.0054,2.5754,1347393840
367,48.8646,2.3308,1347317100
367,48.8647,2.3308,1347316980
367,48.8646,2.3308,1347315780
367,48.8651,2.331,1347315780
367,48.8649,2.331,1347315780
367,48.8646,2.3308,1347315780
367,48.8648,2.331,1347315720
367,48.865,2.331,1347315720
367,48.865,2.331,1347315720
367,48.865,2.331,1347315720
367,48.8648,2.331,1347315660
367,48.8648,2.331,1347296220
367,48.8649,2.331,1347296160
367,48.8651,2.331,1347296160
367,48.865,2.331,1347296160
367,48.865,2.331,1347296160
367,48.865,2.331,1347296160
367,48.8648,2.331,1347296160
367,48.8648,2.3309,1347296160
367,48.8648,2.331,1347296160
367,48.8646,2.3308,1347296160
367,48.8646,2.331,1347262020
367,48.8646,2.331,1347262020
367,48.8646,2.331,1347262020
367,48.8646,2.331,1347262020
367,48.8646,2.331,1347262020
367,48.8591,2.343,1347229200
367,48.8591,2.343,1347229140
367,48.8591,2.343,1347228720
367,48.8591,2.343,1347228360
367,48.8591,2.343,1347226620
367,48.8589,2.3428,1347226500
367,48.8591,2.343,1347226260
367,48.8591,2.343,1347225660
367,48.859,2.3429,1347225540
367,48.8592,2.3432,1347225360
367,48.8591,2.3431,1347224220
367,48.8591,2.3431,1347223620
367,48.859,2.3429,1347222720
367,48.8591,2.3431,1347222120
367,48.8589,2.3428,1347217680
367,48.8591,2.343,1347217560
367,48.8591,2.3431,1347217500
367,48.8591,2.3431,1347217440
367,48.8646,2.3308,1347178680
367,41.3858,2.1693,1346966580
367,41.5343,2.2895,1346604180
367,41.5343,2.2898,1346600580
367,41.5343,2.2897,1346599320
367,41.5344,2.2898,1346599140
367,41.5605,2.2477,1346598840
367,41.5347,2.2899,1346593500
367,41.5343,2.2898,1346588760
367,41.6075,2.2898,1346550600
367,41.6077,2.288,1346532780
367,41.6075,2.2897,1346532720
367,41.6078,2.2897,1346532600
367,41.4852,2.22,1346283960
367,41.3893,2.1612,1345941480
367,41.3893,2.1612,1345940220
367,41.3872,2.1713,1345929360
367,41.5292,2.2345,1345912740
367,41.6113,2.2895,1345854960
367,41.7803,3.03,1345828680
367,41.7887,3.054,1345828680
367,41.781,3.0225,1345828680
367,41.7946,3.0558,1345817160
367,41.7908,3.0553,1345738560
367,41.7797,3.0292,1345738500
367,41.8195,3.0687,1345677660
367,41.7908,3.0516,1345646220
367,41.7919,3.0336,1345566060
367,41.7909,3.0516,1345560840
367,41.7909,3.0516,1345555260
367,41.779,3.0282,1345494600
367,41.7798,3.0292,1345493880
367,41.7878,3.0287,1345420320
367,41.7969,3.0336,1345407660
367,41.7798,3.0285,1345391580
367,41.7799,3.0283,1345334100
367,41.8238,2.977,1345333860
367,41.7907,3.0558,1345332540
367,41.8238,2.977,1345330800
367,41.6101,2.2892,1345297380
367,41.7855,3.0289,1345201920
