383,51.5296,0.07,1378221120
383,51.522,0.0784,1377872520
383,51.5317,0.0756,1377797940
383,51.4797,0.0941,1377726960
383,51.4672,0.0995,1377275220
383,51.4646,0.0946,1376931900
383,51.7073,4.9455,1376519040
383,51.6305,4.869,1376502960
383,51.619,4.903,1376502960
383,51.7071,4.9454,1376326620
383,51.4673,0.0995,1375565400
383,51.4651,0.1471,1375565280
383,51.4651,0.1472,1375550880
383,51.4646,0.0946,1375401000
383,51.4672,0.0994,1375399860
383,51.4672,0.0994,1375372860
383,51.4673,0.0995,1375371840
383,51.4673,0.0995,1375370700
383,51.4673,0.0995,1375320000
383,51.5082,0.0875,1375301100
383,51.5082,0.0875,1375290060
383,51.4673,0.0995,1375146600
383,51.4742,0.0569,1374869640
383,51.4702,0.0949,1374777780
383,51.4731,0.0931,1374706920
383,51.4673,0.0995,1374662880
383,51.4695,0.0699,1374091260
383,51.4672,0.0994,1373928180
383,51.4672,0.0994,1373927940
383,51.4673,0.0995,1373927460
383,51.4672,0.0994,1373917500
383,51.4818,0.1447,1373914200
383,51.4646,0.308,1373722380
383,51.4645,0.308,1373722260
383,51.4703,0.0653,1373651100
383,51.5316,0.0757,1373649660
383,51.4646,0.0946,1373054520
383,51.4673,0.0995,1372635540
383,51.4673,0.0995,1372635240
383,51.4673,0.0995,1371857760
383,51.4773,0.0551,1371834780
383,51.7072,4.9453,1371514680
383,51.4673,0.0994,1371173520
383,51.4818,0.1447,1371153000
383,51.4933,0.0476,1370989620
383,51.4673,0.0995,1370631960
383,51.4696,0.0698,1370547960
383,51.5294,0.0696,1370277240
383,51.5283,0.0712,1370274360
383,51.4674,0.0995,1370211900
383,51.4673,0.0995,1370032380
383,51.4981,0.0497,1370022060
383,51.4672,0.0994,1369965840
383,51.4673,0.0986,1369964640
383,51.467,0.0994,1369962660
383,51.4844,0.0488,1369769220
383,51.4699,0.0948,1369658700
383,51.4655,0.1029,1369597560
383,51.4674,0.118,1369589760
383,51.4733,0.058,1369581660
383,51.4879,0.0584,1369581300
383,51.4672,0.0994,1369521900
383,51.4646,0.0946,1369335540
383,51.4646,0.0946,1369250940
383,51.5313,0.0756,1369248720
383,51.4673,0.0995,1369179360
383,51.4673,0.0995,1369177620
383,51.4738,0.0571,1369163580
383,51.5314,0.0757,1369162320
383,51.5313,0.0755,1369161960
383,51.4645,0.1144,1368832080
383,51.4646,0.0981,1368730980
383,51.5108,0.0864,1368693660
383,51.4849,0.0939,1368692280
383,47.3731,8.5324,1368471360
383,47.3731,8.5324,1368471000
383,47.3715,8.5328,1368470940
383,47.3715,8.5328,1368470880
383,47.3715,8.5328,1368470760
383,47.3731,8.5324,1368469320
383,47.3707,8.533,1368468480
383,47.1243,9.2883,1368403020
383,47.1125,9.216,1368402900
383,47.1243,9.2883,1368402840
383,47.1868,9.5324,1368401280
383,47.1868,9.5324,1368400260
383,47.1868,9.5324,1368399960
383,47.1868,9.5324,1368399360
383,51.5313,0.0756,1368038280
383,51.467,0.0993,1367953500
383,51.4728,0.0931,1367792460
383,51.4751,0.0929,1367792280
383,51.4673,0.0994,1367672940
383,51.4674,0.0989,1367672520
383,51.5233,0.0755,1367602260
383,51.474,0.0571,1367602200
383,51.5203,0.1049,1367520780
383,51.5203,0.1049,1367520540
383,51.5268,0.0797,1367518320
383,51.4635,0.1065,1367143140
383,51.4646,0.0946,1366998060
383,51.4822,0.0942,1349204340
383,51.467,0.0939,1349132820
383,51.5203,0.1049,1344798300
383,51.5266,0.0796,1344789360
383,51.5203,0.1049,1344019860
383,51.5246,0.0788,1343861040
383,51.5266,0.0797,1343330580
383,51.5267,0.0797,1343239080
383,51.52,0.1042,1341943800
383,51.5267,0.0797,1341837900
383,51.1291,0.2336,1341744240
383,51.1291,0.2336,1341744060
383,51.1291,0.2336,1341743820
383,51.1308,0.2354,1341743280
383,51.1308,0.2354,1341743160
383,51.133,0.2135,1341604680
383,51.1912,0.2682,1341602400
383,51.5267,0.0798,1341590400
383,51.4663,0.102,1341518160
383,51.5202,0.1045,1341516660
383,51.5267,0.0798,1340271840
383,51.5267,0.0797,1339615320
383,51.4632,0.0956,1339332780
383,51.4646,0.0946,1339175820
383,51.5261,0.0803,1338414600
383,51.5096,0.1044,1337973120
383,51.5096,0.1044,1337972940
383,51.5096,0.1044,1337972700
383,51.5096,0.1044,1337970300
383,51.5198,0.1039,1337969280
383,51.5267,0.0797,1337293260
383,51.5269,0.0792,1335908940
383,51.5265,0.0793,1334265540
383,51.5187,0.1028,1333557420
383,51.5267,0.0799,1333130520
383,51.5266,0.0798,1333111620
383,51.7072,4.9458,1331640840
383,51.6433,4.825,1331481900
383,51.4638,0.0953,1330176120
383,51.5266,0.0798,1328294160
383,51.5268,0.0798,1328214960
383,51.5268,0.0794,1328208780
383,51.5197,0.1038,1327356840
383,51.468,0.1007,1327356300
383,51.5266,0.0795,1326876660
383,51.5253,0.0806,1326463620
383,51.5253,0.0806,1326455220
383,51.4663,0.1022,1326447600
383,51.4663,0.1008,1325949360
383,51.5205,0.105,1325880720
383,51.5206,0.1051,1325880600
383,51.5206,0.105,1325880540
383,51.527,0.0796,1325720220
383,51.8855,0.803,1325185800
383,51.5267,0.0795,1324567920
383,51.5272,0.0793,1324567320
383,51.5263,0.0798,1324499580
383,51.5267,0.0798,1324499520
383,51.5265,0.0802,1323974880
383,51.5248,0.0777,1323383220
383,51.5267,0.0793,1323379560
383,51.5272,0.0793,1323378780
383,51.4646,0.0946,1321804680
383,52.69,4.042,1321104660
383,52.6896,4.0434,1321103820
383,52.6896,4.0434,1321103400
383,52.6912,4.0408,1321101720
383,52.6917,4.0429,1321101420
383,52.7214,4.0558,1320929280
383,52.7214,4.0558,1320929040
383,52.721,4.0557,1320927000
383,52.721,4.0557,1320926880
383,52.721,4.0557,1320926640
383,52.721,4.0557,1320926460
383,52.7227,3.9932,1320856560
383,52.7227,3.9932,1320838320
383,51.5268,0.0792,1320349920
383,51.4646,0.0946,1319276280
383,51.4646,0.0946,1319275860
383,51.5268,0.0795,1319149680
383,51.5082,0.0875,1318549680
383,51.5082,0.0875,1318549560
383,51.4663,0.1022,1304171340
383,51.5224,0.0779,1302903060
383,51.5263,0.0779,1298667180
