389,32.2354,110.8612,1376180040
389,32.1892,110.9657,1375581960
389,32.1341,111.0309,1374086700
389,32.1622,110.9589,1373592960
389,32.2363,111.0041,1373077620
389,32.2223,110.969,1370742240
389,32.1623,110.9587,1370732340
389,32.1341,111.0309,1370623800
389,32.2244,110.9743,1370052180
389,32.2146,110.9595,1368840240
389,32.1624,110.9587,1363550220
389,32.2248,110.9658,1363496160
389,32.1626,110.9592,1346211360
389,32.1622,110.9587,1346201580
389,32.1622,110.9587,1345940820
389,32.1623,110.9589,1345782420
389,32.1337,111.0205,1345590900
389,32.1595,110.9502,1345417800
389,32.1623,110.9589,1345401960
389,32.2281,110.9658,1345358040
389,32.2292,110.9652,1341736260
389,32.1651,110.9832,1336095420
389,32.1784,110.9686,1335580860
389,32.134,111.0308,1335528900
389,32.1623,110.9588,1335226560
