393,39.2453,76.6336,1378545600
393,39.3919,76.7897,1378446660
393,39.2454,76.6337,1378090500
393,39.2454,76.6337,1378085880
393,39.3919,76.7897,1378062300
393,39.3919,76.7897,1378021860
393,39.3918,76.7896,1378002720
393,39.3918,76.7897,1378002180
393,39.3919,76.7897,1377999660
393,39.2454,76.6336,1377891960
393,39.286,76.6084,1377883980
393,39.2455,76.6336,1377656280
393,39.2453,76.6338,1377647100
393,39.2453,76.6337,1377573660
393,39.2453,76.6337,1377573420
393,39.3349,76.6655,1377456360
393,39.2454,76.6337,1377416940
393,39.2454,76.6337,1377398160
393,39.2454,76.6337,1377391680
393,39.3346,76.6654,1377151080
393,39.2455,76.6337,1377027840
393,39.2455,76.6337,1376612640
393,39.392,76.79,1376332080
393,39.2455,76.6337,1376281500
393,39.3918,76.7896,1376098380
393,39.3918,76.7897,1375757640
393,39.3919,76.7897,1375742580
393,39.3918,76.7895,1375726320
393,39.3285,76.7612,1375485900
393,39.3919,76.7897,1374882360
393,39.3345,76.6653,1374811800
393,39.3346,76.6653,1374794940
393,39.3918,76.7897,1374640680
393,39.3918,76.7896,1374616020
393,39.3918,76.7897,1374473640
393,39.3918,76.7897,1374392520
393,39.3346,76.6654,1374082020
393,39.253,76.6792,1374040920
393,39.2943,76.6176,1374034140
393,39.3919,76.7897,1374000840
393,39.3281,76.6649,1373783280
393,39.4074,76.78,1373773920
393,39.3918,76.7897,1373740320
393,39.3918,76.7897,1373686260
393,35.0826,78.904,1373168580
393,35.0826,78.904,1373168340
393,35.0657,78.884,1373125080
393,35.0657,78.8837,1373125080
393,35.0793,78.9833,1373072220
393,35.0828,78.9033,1372867560
393,39.4223,76.8066,1372625640
393,39.3918,76.7897,1372227120
393,39.3918,76.7897,1372191060
393,39.3918,76.7897,1371179160
393,39.3918,76.7893,1371164460
393,39.3918,76.7897,1371044100
393,39.3919,76.7897,1370987520
393,39.3918,76.7897,1370936040
393,39.3918,76.7897,1370682540
393,39.3918,76.7897,1370681040
393,39.3918,76.7896,1370052480
393,39.3918,76.7896,1370052420
393,39.3918,76.7896,1370052360
393,39.3918,76.7896,1370052300
393,39.3918,76.7896,1370052180
393,39.3918,76.7896,1370052120
393,39.3918,76.7897,1370050260
393,39.2942,76.6195,1370037900
393,39.3394,76.6681,1370006280
393,39.3918,76.7897,1364493180
393,39.392,76.7897,1364405460
393,39.392,76.7898,1364222760
393,39.3942,76.7916,1364174460
393,39.3918,76.7896,1364092260
393,39.3919,76.7897,1363843620
393,39.3132,76.7377,1363718220
393,39.2802,76.5485,1363629900
393,39.28,76.5482,1363629780
393,39.2802,76.5482,1363629720
393,39.2802,76.5485,1363629600
393,39.392,76.7896,1363365900
393,39.3918,76.7897,1362961440
393,39.3919,76.7895,1362951660
393,39.3918,76.7896,1362880680
393,39.3918,76.7897,1362853920
393,39.3917,76.8,1362814740
393,39.3931,76.7964,1362109260
393,39.3347,76.6653,1362094680
393,39.3918,76.7897,1361818200
393,39.3918,76.7896,1361727360
393,39.3918,76.7897,1361142480
393,39.3918,76.7897,1361064540
393,39.3918,76.7897,1361062560
393,39.3918,76.7897,1361062260
393,39.3346,76.6653,1360644540
393,39.3345,76.6651,1360641840
393,39.3919,76.7896,1360548240
393,39.3918,76.7897,1360546800
393,39.2865,76.6093,1360285980
393,39.2865,76.609,1360282800
393,39.3918,76.7897,1360266000
393,39.3918,76.7896,1359943020
393,39.3343,76.6656,1359784800
393,39.3919,76.7896,1359556260
393,39.3285,76.761,1359358140
393,39.3919,76.7897,1358888220
393,39.3918,76.7897,1358734800
393,39.3918,76.7897,1358733660
393,39.3918,76.7897,1358383080
393,39.3919,76.7897,1358362860
393,39.3918,76.7897,1358315580
393,39.3918,76.7897,1358307060
393,39.3919,76.7897,1358302560
393,39.3921,76.7904,1358053620
393,39.3919,76.7896,1357974240
393,39.4036,76.7808,1357597680
393,39.392,76.7895,1357538640
393,39.3162,76.74,1357528320
393,39.3162,76.74,1357527900
393,39.316,76.74,1357451040
393,39.3347,76.6653,1357260900
393,39.3346,76.6654,1357099620
393,39.3345,76.6653,1357094760
393,39.3346,76.6654,1357078440
393,39.3346,76.6654,1357023000
393,39.3348,76.6654,1357012620
393,39.349,76.7457,1356749640
393,39.3918,76.7897,1356657120
393,39.3353,76.6499,1356042000
393,39.3347,76.6653,1356041160
393,39.3347,76.6653,1355422260
393,39.392,76.7895,1355383320
393,39.3919,76.7896,1355343600
393,39.3919,76.7897,1355341500
393,39.3921,76.7898,1355341440
393,39.3919,76.7897,1355341140
393,39.3919,76.7897,1355341020
393,39.3347,76.6654,1354856340
393,39.3346,76.6654,1354756320
393,39.3919,76.7896,1354692120
393,35.0823,78.9038,1353807660
393,35.0827,78.9038,1353807540
393,35.0825,78.904,1353807540
393,39.3922,76.7898,1353628980
393,39.3393,76.6673,1353216180
393,39.392,76.7897,1350145860
393,39.392,76.7897,1350139560
393,39.3918,76.7897,1349565120
393,39.3918,76.7896,1348769760
393,39.3918,76.7895,1348611240
393,39.3649,76.615,1348417320
393,39.3553,76.5756,1348415700
393,39.3918,76.7896,1348171260
393,39.3918,76.7896,1348119780
393,39.3919,76.7896,1348118340
393,39.3918,76.7897,1348030320
393,39.3918,76.7897,1347892680
393,39.3918,76.7897,1347316860
393,39.313,76.462,1347072420
393,39.3918,76.7897,1347072360
393,39.3919,76.7897,1346948700
393,39.3919,76.7896,1346905800
393,39.3347,76.6654,1346792460
393,39.3353,76.6658,1344445560
393,39.355,76.712,1344202620
393,39.2848,76.6092,1343863800
393,39.3563,76.7065,1342723680
393,39.3351,76.6659,1336575240
