4,36.8478,30.8102,1378370880
4,36.8538,30.806,1378361160
4,36.8516,30.8064,1378295220
4,36.8858,30.7048,1378239180
4,36.8535,30.8059,1378195740
4,40.9713,28.736,1378132680
4,36.8538,30.8062,1378112640
4,36.8537,30.8061,1378055520
4,36.8516,30.8087,1378039320
4,36.8534,30.804,1378016760
4,36.8516,30.8059,1377955380
4,37.0026,30.8182,1377935520
4,36.886,30.7018,1377885120
4,36.8537,30.8058,1377861540
4,36.8535,30.8055,1377841980
4,36.8536,30.806,1377708720
4,36.8538,30.8058,1377674580
4,36.8537,30.8062,1377625560
4,36.8537,30.8059,1377589680
4,36.8518,30.8063,1377540360
4,36.8541,30.8054,1377415500
4,36.8516,30.809,1377340260
4,36.8538,30.8059,1377268560
4,36.8517,30.8072,1377178020
4,36.8537,30.8062,1377015720
4,36.8537,30.806,1376917080
4,36.8537,30.8061,1376842200
4,36.8537,30.8062,1376753280
4,36.8517,30.8072,1376673120
4,40.9967,28.7103,1376579100
4,36.8514,30.8113,1376473500
4,36.8848,30.7061,1376414040
4,36.852,30.8043,1376325420
4,36.8537,30.8058,1376313780
4,40.9967,28.7103,1376203380
4,36.8535,30.8061,1376069220
4,36.8515,30.8536,1375867740
4,36.8537,30.8065,1375783740
4,36.8522,30.8066,1375697100
4,36.852,30.8065,1375614600
4,36.8538,30.8063,1375355400
4,40.961,28.8062,1375184100
4,36.8508,30.7823,1374592740
4,36.8507,30.8497,1374574260
4,36.8507,30.8497,1374561960
4,36.852,30.8045,1374431580
4,36.8516,30.8084,1374334440
4,36.8535,30.8059,1374308220
4,36.8515,30.8103,1374233220
4,36.8547,30.8065,1374167160
4,36.8536,30.8063,1374071520
4,36.8537,30.8057,1374001800
4,36.8483,30.8072,1373894640
4,36.8537,30.806,1373877360
4,36.8516,30.8116,1373822340
4,36.8537,30.8055,1373794860
4,36.8536,30.8053,1373698260
4,36.8537,30.8056,1373614620
4,36.8537,30.806,1373563380
4,36.8539,30.8064,1373526540
4,36.8522,30.8045,1373480220
4,36.8536,30.806,1373397000
4,36.8538,30.8061,1373309640
4,38.7828,30.4799,1373278980
4,41.1398,28.1517,1373035440
4,41.0638,28.6638,1373004720
4,41.1396,28.1509,1372923420
4,40.9967,28.7103,1372847700
4,41.011,28.9756,1372791720
4,41.0175,28.9705,1372749420
4,41.0008,28.9312,1372701240
4,41.0382,28.9474,1372581480
4,40.9969,28.7105,1371998040
4,40.9932,28.7673,1371916500
4,40.9935,28.9269,1371302040
4,40.9718,28.7313,1371143760
4,41.0341,28.979,1371035460
4,40.9967,28.7104,1370786220
4,40.977,28.7325,1370630580
4,41.0383,28.9869,1370533020
4,41.0383,28.9869,1370445060
4,41.0369,28.9855,1370338800
4,41.0378,28.9947,1370331600
4,41.0368,28.9853,1370165820
4,40.9606,28.8068,1369989840
4,41.0201,28.9732,1369832100
4,40.9967,28.7104,1369677120
4,40.9969,28.7104,1369561560
4,41.1398,28.1517,1369479120
4,40.9728,28.7107,1369068720
4,40.9968,28.7105,1369035180
4,41.011,28.9756,1368979500
4,40.9968,28.7105,1368959520
4,41.0263,28.9741,1368957060
4,40.998,28.7102,1368865620
4,41.0201,28.9732,1368815460
4,40.9918,28.7974,1368776940
4,40.9968,28.7104,1368716220
4,41.0263,28.9741,1368640020
4,40.997,28.7107,1368623280
4,41.0223,28.9745,1368465540
4,41.0201,28.9732,1368443700
4,40.9968,28.7105,1368426720
4,40.9968,28.7104,1368358320
4,41.0065,28.9776,1368350460
4,41.0065,28.9776,1368206100
4,40.9967,28.7104,1368087420
4,41.0065,28.9776,1367998560
4,41.0536,28.9335,1367945400
4,36.8536,30.8063,1367398440
4,36.8535,30.8065,1367340480
4,36.8486,30.8111,1367300460
4,36.8875,30.7045,1367261880
4,36.85,30.8056,1367244420
4,36.8511,30.8048,1367229480
4,36.8578,30.7556,1367052840
4,36.8864,30.705,1367007540
4,36.85,30.8056,1366985700
4,36.8478,30.8102,1366969860
4,36.8508,30.7823,1366903440
4,41.1455,28.1552,1366884720
4,36.8532,30.8065,1366693680
4,36.8478,30.8102,1366627860
4,41.0533,28.3673,1366441080
4,41.0537,28.3713,1366181220
4,41.1233,28.1587,1366130040
4,40.9605,28.8066,1366104480
4,40.9968,28.7105,1366053900
4,40.961,28.8062,1365785160
4,40.9967,28.7105,1365491340
4,40.9915,28.7967,1365262620
4,41.0087,28.6596,1365092340
4,40.998,28.7102,1365059280
4,40.9968,28.7104,1364983440
4,40.9968,28.7102,1364923740
4,40.9979,28.7106,1364912280
4,40.9968,28.7105,1364847240
4,40.9915,28.7971,1364805180
4,40.9914,28.797,1364802720
4,40.9969,28.7103,1364659560
4,40.9968,28.7105,1364639100
4,40.9968,28.7103,1364627160
4,40.9836,28.726,1364579580
4,40.998,28.7102,1364453820
4,40.9977,28.7102,1364379180
4,40.9978,28.7102,1364331900
4,40.9946,28.7108,1364286600
4,41.016,28.6453,1364235240
4,40.9921,28.7959,1364204400
4,40.9935,28.9269,1364142840
4,40.9968,28.7103,1364113980
4,41.0101,28.6575,1364066160
4,40.9968,28.7104,1364043600
4,40.9979,28.7102,1364030520
4,40.9968,28.7104,1363892880
4,40.9968,28.7106,1363851900
4,40.9968,28.7103,1363804560
4,41.0042,28.6895,1363774620
4,40.9969,28.7104,1363722000
4,41.0168,28.6453,1363713120
4,40.9898,28.8,1363676220
4,40.961,28.8063,1363625880
4,40.9897,28.7922,1363600620
4,40.998,28.7102,1363541580
4,40.9967,28.7103,1363507920
4,40.9973,28.7103,1363455060
4,40.9968,28.7111,1363432980
4,40.9892,28.7973,1363359180
4,40.9979,28.7102,1363335180
4,40.9968,28.7104,1363278480
4,40.998,28.7102,1363250880
4,40.9969,28.7111,1363181100
4,40.9805,28.7507,1363166220
4,40.9968,28.7103,1363107120
4,40.988,28.8032,1363076280
4,40.998,28.7102,1363007880
4,40.9972,28.7102,1362984060
4,41.0655,28.2867,1362927420
4,41.0801,28.2546,1362844860
4,40.9982,28.7105,1362738420
4,40.9979,28.7102,1362644640
4,40.97,28.7167,1362596700
4,41.0008,28.7165,1362586260
4,40.998,28.7102,1362548460
4,40.9979,28.7102,1362502320
4,40.9612,28.8058,1362480060
4,40.9969,28.7103,1362463440
4,40.9607,28.8069,1362405120
4,40.9968,28.7105,1362297900
4,40.9967,28.7104,1362292860
4,40.998,28.7102,1362249660
4,40.9938,28.6989,1362236940
4,40.9798,28.8164,1362235500
4,40.9968,28.7105,1362077220
4,41.0664,28.9941,1361985120
4,41.0956,29.0101,1361968920
4,41.0934,29.0047,1361947920
4,40.9967,28.7104,1361909820
4,40.998,28.7102,1361900100
4,41.0017,28.7111,1361869800
4,40.9969,28.7103,1361805660
4,40.9969,28.7103,1361690580
4,40.9966,28.7105,1360070880
4,40.9969,28.7104,1360048260
4,40.9977,28.7116,1359969720
4,41.1397,28.1533,1359909240
4,41.117,28.1574,1359882120
4,40.9935,28.9269,1358938200
4,41.0191,28.6467,1358596860
4,40.998,28.7102,1358496780
4,40.9974,28.7133,1358415540
4,40.9964,28.7105,1358406480
4,40.9968,28.7103,1358361780
4,40.9916,28.7961,1358320320
4,40.9974,28.7134,1358261940
4,40.9974,28.7134,1358236800
4,40.9968,28.7105,1358157960
4,40.9967,28.7105,1358089260
4,40.9935,28.9269,1358073300
4,40.9958,28.7049,1358010960
4,40.9969,28.7104,1357993080
4,40.9974,28.7135,1357977720
4,41.016,28.6446,1357892820
4,41.0104,28.656,1357833480
4,40.9982,28.71,1357804920
4,40.9967,28.7104,1357722540
4,40.9977,28.7129,1357674060
4,40.9969,28.7104,1357660680
4,40.9966,28.7104,1357634520
4,40.9966,28.7102,1357580640
4,40.9967,28.7104,1357545600
4,40.9968,28.7104,1357500060
4,41.0008,28.9312,1357458300
4,40.9989,28.7162,1357417980
4,40.9933,28.7956,1357311780
4,40.9968,28.7105,1357292160
4,40.9967,28.7106,1357110420
4,40.9969,28.7105,1357055940
4,40.9967,28.7104,1357042140
4,40.999,28.7166,1356949260
4,40.9967,28.71,1356895200
4,40.9969,28.7112,1356868140
4,40.9967,28.7104,1356806700
4,40.9968,28.7105,1356768120
4,40.9968,28.7105,1356683100
4,40.9913,28.7963,1356599280
4,40.9998,28.6946,1356454680
4,40.9607,28.8069,1356436200
4,41.0062,28.6416,1356363300
4,41.0092,28.6429,1356361740
4,40.997,28.7105,1356330900
4,40.9968,28.7104,1356289440
4,40.9968,28.7105,1356256140
4,41.0071,28.641,1356199560
4,41.0172,28.6477,1356166620
4,41.0172,28.6477,1356034140
4,40.9968,28.7105,1355942640
4,40.9895,28.7971,1355932140
4,40.9834,28.7263,1355899980
4,40.982,28.7569,1355813400
4,41.0091,28.6428,1355732400
4,40.9987,28.7137,1355658000
4,41.0341,28.979,1355591700
4,40.9942,28.7083,1355556420
4,40.9877,28.7173,1355517900
4,41.0092,28.6429,1355477820
4,41.019,28.6465,1355420040
4,40.9967,28.7102,1355405820
4,40.9998,28.6946,1355381520
4,40.9967,28.7104,1355337180
4,40.9869,28.7882,1355317980
4,40.9967,28.7104,1355296140
4,41.0162,28.6444,1355256420
4,40.9877,28.7173,1355235000
4,41.0341,28.979,1355213760
4,40.9998,28.6946,1355122560
4,41.0172,28.6477,1355066580
4,41.0091,28.642,1355052480
4,41.0096,28.6454,1355041800
4,41.0085,28.6514,1354993500
4,40.9967,28.7104,1354980360
4,40.9998,28.6946,1354908000
4,41.0188,28.6457,1354869480
4,41.0191,28.6466,1354818660
4,40.9967,28.7104,1354788420
4,40.995,28.705,1354780200
4,40.9903,28.7961,1354709400
4,40.9967,28.7105,1354686540
4,40.9937,28.8232,1354640880
4,40.9904,28.7963,1354618500
4,41.0191,28.6466,1354525560
4,41.0091,28.6428,1354461600
4,41.0341,28.9788,1354438680
4,40.9963,28.7101,1354373220
4,40.9967,28.7105,1354356420
4,40.9969,28.7104,1354283160
4,40.9937,28.8232,1354266360
4,40.9967,28.7104,1354169160
4,40.9969,28.7103,1354125720
4,41.0586,28.7062,1354104720
4,40.9937,28.8232,1354090080
4,41.0107,28.643,1354045020
4,41.0586,28.7062,1354018500
4,41.0306,28.9733,1354006980
4,40.9808,28.7221,1353934500
4,40.9968,28.7103,1353911340
4,41.0085,28.6514,1353769500
4,40.9967,28.7104,1353692040
4,40.983,28.8172,1353673140
4,41.0085,28.6514,1353652080
4,41.0191,28.6466,1353590280
4,40.9937,28.8232,1353512760
4,40.998,28.7102,1353478860
4,41.0616,28.749,1353431040
4,40.9967,28.7104,1353416160
4,40.9967,28.7104,1353391740
4,40.983,28.8172,1353339660
4,40.978,28.7198,1353246600
4,41.0089,28.6426,1353173460
4,41.0107,28.6425,1353156600
4,40.9967,28.7104,1353137400
4,40.9916,28.7964,1353072480
4,40.998,28.7102,1353051960
4,41.0091,28.6427,1353003900
4,40.9968,28.7104,1352981460
4,40.9967,28.7104,1352960520
4,41.0003,28.7878,1352907720
4,40.9917,28.796,1352890560
4,41.0189,28.6454,1352873220
4,40.9916,28.7962,1352808060
4,40.9967,28.7103,1352789400
4,40.9769,28.7326,1352732580
4,41.0586,28.7062,1352717280
4,41.0191,28.6465,1352647800
4,41.0177,28.9742,1352630760
4,41.0092,28.6428,1352560380
4,40.9967,28.7104,1352537520
4,40.9967,28.7104,1352490480
4,40.9967,28.7104,1352484000
4,40.9967,28.7104,1352460120
4,40.9967,28.7104,1352446200
4,40.9967,28.7104,1352392560
4,40.991,28.7961,1352373360
4,40.9912,28.7962,1352358780
4,40.9967,28.7104,1352306700
4,40.9916,28.8,1352288280
4,40.986,28.7856,1352271120
4,40.9968,28.7104,1352224800
4,40.9919,28.7963,1352205000
4,40.9967,28.7104,1352181120
4,40.9718,28.7332,1352109900
4,40.9968,28.7105,1352096880
4,40.9997,28.7094,1352059680
4,41.0015,28.7114,1352043120
4,40.9966,28.7104,1352026320
4,40.9968,28.7106,1352012460
4,41.0289,28.9717,1351959180
4,41.0277,28.9829,1351946880
4,40.9967,28.7104,1351887300
4,41.0269,28.6245,1351875900
4,41.025,28.6242,1351873800
4,41.025,28.6242,1351867440
4,40.9903,28.7963,1351857720
4,40.9798,28.7474,1351842240
4,40.9796,28.7474,1351798440
4,40.9964,28.7101,1351779960
4,40.9913,28.7962,1351761360
4,40.9832,28.7265,1351752840
4,40.9798,28.7472,1351702500
4,40.9967,28.7104,1351684440
4,40.9966,28.7104,1351619340
4,40.9914,28.7962,1351594500
4,40.9967,28.7104,1351576380
4,40.9999,28.7092,1351422300
4,39.4217,29.9873,1351252260
4,39.4239,29.9959,1351235100
4,39.4243,29.9963,1351078260
4,39.894,30.0642,1351063080
4,40.9968,28.7105,1350975540
4,41.0,28.7046,1350905340
4,41.0,28.7046,1350886140
4,40.9797,28.7474,1350811620
4,40.9967,28.7104,1350715320
4,41.0023,28.7071,1350648480
4,40.9937,28.8232,1350543000
4,40.9917,28.7972,1350470400
4,36.8536,30.8059,1347202680
4,36.8674,30.7227,1344356100
