406,55.9076,12.4907,1376475360
406,55.9076,12.4903,1376217000
406,55.9115,12.4927,1376131680
406,55.9075,12.4911,1376066640
406,55.9076,12.4903,1376000640
406,55.9076,12.4902,1375913820
406,55.9076,12.4911,1375889160
406,55.9075,12.4905,1375744800
406,55.9077,12.4903,1375606320
406,55.9076,12.4903,1375494360
406,55.9076,12.4902,1375397580
406,55.9075,12.4902,1375297800
406,55.9078,12.4905,1375197000
406,55.9076,12.4902,1374978780
406,55.9077,12.4903,1374843540
406,55.9075,12.4907,1374832740
406,55.9076,12.4902,1374492960
406,55.9076,12.4902,1374425460
406,55.9076,12.4905,1374418080
406,55.9077,12.4905,1374317580
406,53.347,6.2422,1374230160
406,53.347,6.2422,1374191340
406,53.3477,6.2611,1373859180
406,53.3477,6.2612,1373855580
406,53.3603,6.2478,1373754060
406,53.3476,6.2611,1373647020
406,53.3443,6.2631,1373460240
406,53.3477,6.2616,1373325960
406,53.3476,6.2608,1373205360
406,53.3603,6.2478,1373144400
406,53.3477,6.2612,1373056860
406,53.3472,6.2605,1372963020
406,53.3472,6.259,1372877100
406,53.3463,6.2631,1372716900
406,53.3478,6.2613,1372632360
406,55.672,12.565,1372286160
406,55.9077,12.4905,1372170060
406,55.9077,12.4904,1371939240
406,55.9076,12.4902,1371746220
406,55.9076,12.4903,1371391080
406,55.9078,12.4903,1371295560
406,55.6301,12.6358,1371212520
406,55.9076,12.4904,1370988540
406,55.9077,12.4904,1370859300
406,55.9075,12.4902,1370698260
406,55.9118,12.4929,1370466660
406,55.9115,12.4927,1370383320
406,55.9075,12.4902,1370290320
406,55.9074,12.4905,1370011740
406,55.9077,12.4903,1369843140
406,55.6617,12.5914,1369666080
406,55.9076,12.4904,1369645740
406,55.9076,12.4902,1369582320
406,55.9119,12.493,1369514400
406,55.708,12.5579,1369381500
406,55.9076,12.4902,1369153320
406,55.9077,12.4904,1369004940
406,55.9076,12.4903,1368973500
406,55.808,12.3563,1368818400
406,55.9062,12.4922,1368775860
406,55.9057,12.4927,1368721980
406,55.906,12.4923,1368559260
406,55.9057,12.4928,1368546780
406,55.6841,12.561,1368472440
406,55.9057,12.4928,1368381900
406,55.6935,12.5732,1368291060
406,55.9075,12.4902,1368223320
406,55.9075,12.49,1367947260
406,55.7077,12.558,1367915580
406,55.9078,12.4905,1367050140
406,55.9077,12.4905,1367004180
406,55.9076,12.4902,1366962960
406,55.9059,12.4929,1366952940
406,55.9076,12.4902,1366821180
406,55.6301,12.6358,1366741080
406,55.9056,12.4931,1366642920
406,55.8933,12.5144,1366092780
406,55.9057,12.493,1366060440
406,55.9064,12.4936,1365951720
406,55.9064,12.4936,1365889860
406,55.9065,12.4933,1365709920
406,55.8649,12.5469,1365661740
406,55.7079,12.5581,1365507900
406,55.9041,12.5021,1365492600
406,55.7081,12.5581,1365406080
406,55.6731,12.5686,1365345180
406,55.9076,12.4903,1365264480
406,55.9077,12.49,1365090600
406,55.9075,12.4902,1364916960
406,55.9055,12.493,1364827440
406,55.9076,12.4902,1364765580
406,55.8952,12.5307,1364311680
406,55.9076,12.4902,1364297700
406,55.9064,12.4938,1364219040
406,55.6647,12.5594,1363974900
406,55.9057,12.4923,1363116300
406,55.7309,12.5673,1363022160
406,55.9075,12.4902,1362847860
406,55.9074,12.4897,1362606720
406,55.907,12.4977,1362338040
406,55.906,12.4923,1362235500
406,55.9064,12.4977,1361823900
406,55.9064,12.4975,1361744220
406,55.9076,12.4906,1360589760
406,55.9076,12.4903,1360423380
406,55.9076,12.4902,1360277340
406,55.6763,12.5668,1360253760
406,55.9076,12.4901,1360182840
406,55.6764,12.581,1359485100
406,55.9076,12.4903,1359231060
406,55.9071,12.4929,1359228840
406,55.9064,12.4919,1358339220
406,55.9065,12.4993,1358193840
406,55.9077,12.4905,1358193780
406,55.9077,12.4904,1358192220
406,55.9077,12.4904,1358191860
406,55.9076,12.4902,1358190240
406,55.9071,12.4909,1358085360
406,55.9076,12.4903,1358013780
406,55.9058,12.4915,1357390320
406,55.9076,12.4903,1357309860
406,55.9076,12.4903,1357078380
406,55.9076,12.4904,1356774720
406,55.9076,12.4904,1356689880
406,55.9077,12.4904,1356648720
406,55.9076,12.4902,1356040440
406,55.9076,12.4906,1356012660
406,55.7823,12.3742,1355661240
406,55.7821,12.3729,1355586960
406,55.9076,12.4903,1355495220
406,55.7079,12.5585,1355315340
406,55.7309,12.5673,1355177940
406,55.9076,12.4903,1355010900
406,55.9076,12.4903,1355005860
406,55.9076,12.4903,1354495980
406,55.9077,12.4905,1354490220
406,55.9076,12.4903,1354486740
406,55.7093,12.509,1354303440
406,55.8806,12.4966,1353428580
406,55.6832,12.5726,1353009900
406,55.708,12.5585,1352198580
406,53.3497,6.2602,1351793340
406,53.3472,6.259,1351549620
406,53.3466,6.2606,1351547700
406,53.3471,6.2606,1351547280
406,55.6284,12.6495,1351447860
406,55.9076,12.491,1351344180
406,55.9076,12.4902,1351285740
406,55.9076,12.4903,1351258800
406,55.9077,12.4905,1351205040
406,55.9076,12.4903,1350916740
406,55.9077,12.4903,1350839880
406,55.9077,12.4902,1350838800
406,55.9076,12.4902,1350766020
406,55.9076,12.4903,1350562500
406,55.9076,12.4903,1350559860
406,55.9076,12.4903,1350512940
406,55.6582,12.4921,1350123960
406,55.9075,12.4902,1349703180
406,55.9077,12.4904,1349643900
406,55.9076,12.4902,1349611560
406,55.6831,12.5711,1348916940
406,55.6831,12.5711,1348912440
406,55.7032,12.5233,1347976680
406,55.9064,12.493,1343854680
406,55.9059,12.4943,1343654820
406,55.9059,12.4938,1340919960
