415,32.1705,95.3855,1368460620
415,32.2388,95.4638,1367163000
415,32.2808,95.3236,1366951260
415,32.3113,95.2718,1366303980
415,34.9247,91.1293,1366051980
415,36.2611,86.7383,1366034760
415,36.1317,86.6686,1365963780
415,32.2951,95.2907,1365707820
415,32.2971,95.317,1365639180
415,32.2971,95.3172,1364956920
415,30.4043,86.6105,1364745300
415,30.3867,86.4041,1364677500
415,30.4048,86.447,1364664540
415,30.4046,86.447,1364517240
415,30.19,85.7108,1364499360
415,30.4314,87.0962,1364248680
415,32.2393,95.4609,1364135160
415,32.2957,95.3029,1363874940
415,32.2386,95.4611,1363796100
415,32.3085,95.277,1363707480
415,32.2971,95.317,1363667220
415,36.1762,86.7902,1363446900
415,36.1761,86.7899,1363436820
415,36.1766,86.7901,1363391160
415,36.1767,86.7903,1363381500
415,36.1767,86.7901,1363313280
415,36.1765,86.7903,1363214400
415,32.2973,95.3172,1362760800
415,32.2353,95.4068,1361976000
415,32.2395,95.4611,1361558460
415,32.2947,95.3176,1361497020
415,32.3103,95.4693,1361301660
415,32.8208,96.787,1361063100
415,32.2145,95.4614,1359941400
415,32.2683,95.3098,1359497340
415,32.2971,95.3171,1358175960
415,32.2394,95.461,1357849680
415,32.2383,95.4517,1357402080
415,32.2973,95.3171,1357263120
415,32.2393,95.4608,1357251840
415,36.3254,86.947,1357087500
415,36.3493,86.9306,1357076880
415,36.1777,86.7919,1357056780
415,40.8126,96.7036,1356828840
415,36.1767,86.7906,1356619980
415,36.1671,86.7851,1356375300
415,36.1764,86.7901,1356371100
415,41.7942,87.7626,1355181720
415,41.9039,87.6642,1355170020
415,41.9039,87.664,1355097360
415,41.9017,87.6621,1354828200
415,32.2973,95.3172,1354499160
415,32.2464,95.4546,1353519780
415,32.2392,95.4609,1353359880
415,31.7157,98.9873,1352485800
415,32.2973,95.3173,1344213300
415,32.2393,95.4607,1344015360
415,32.2973,95.3169,1343788200
415,32.2973,95.3171,1343787240
415,32.2393,95.4605,1343776020
415,32.3142,95.3148,1343521080
415,32.2973,95.3172,1343354700
415,32.2975,95.3171,1343018100
415,32.2974,95.3173,1342749660
415,32.2954,95.3174,1342648860
415,32.2974,95.3171,1342621260
415,32.2973,95.3171,1342574100
415,32.2973,95.317,1342500540
415,32.2972,95.317,1342408920
415,32.2973,95.3172,1342372020
415,32.2973,95.3171,1342150980
415,32.2392,95.4612,1342105620
415,32.2973,95.3171,1342040700
415,32.2393,95.4609,1341955260
415,32.2973,95.3171,1341894240
415,32.2859,95.3019,1341860760
415,32.2402,95.4614,1341782700
415,32.2974,95.3171,1341538500
415,32.2973,95.3171,1341373740
415,32.2392,95.4611,1341328980
415,32.2386,95.4591,1341023040
415,32.2974,95.3172,1340850780
415,32.2974,95.3171,1340817060
415,32.2973,95.317,1340774520
415,32.2607,95.3077,1340548440
415,32.2392,95.4607,1340477820
415,32.2974,95.3171,1340210460
415,32.2972,95.3171,1340080560
415,32.2392,95.4607,1340056440
415,32.2363,95.4581,1339771680
415,32.2973,95.3171,1339627560
415,32.2385,95.4581,1339472220
415,32.2973,95.3171,1339301280
415,32.2975,95.317,1339281900
415,32.2392,95.4608,1338513840
415,32.2392,95.461,1338221340
415,32.3186,95.2515,1338158700
415,32.3188,95.2509,1338157140
415,32.3187,95.251,1338051480
415,32.2393,95.4609,1337781720
415,32.2974,95.3171,1337230380
415,30.2708,97.7537,1336941480
415,32.2975,95.3172,1336319400
415,32.1503,95.3322,1335994980
415,32.2973,95.3171,1335929040
415,32.2975,95.3171,1335877800
415,32.2393,95.4608,1335552660
415,32.2463,95.4548,1335454260
415,32.3327,95.3021,1335364380
415,32.3697,95.3255,1335126840
415,32.3445,95.3228,1335049800
415,32.3448,95.3223,1335048120
415,32.2393,95.4609,1335035940
415,32.253,95.3148,1335016560
415,32.2858,95.2955,1334950080
415,32.3025,95.3033,1334944320
415,32.3518,95.4087,1334935980
415,32.3452,95.3414,1334779260
415,32.3484,95.302,1334778900
415,32.2362,95.4067,1334363100
415,32.2857,95.3045,1334187300
415,32.2691,95.4343,1334007240
415,32.2872,95.2985,1333925820
415,32.212,95.422,1333837320
415,32.3335,95.2999,1333825140
415,32.2464,95.4548,1333572840
415,32.275,95.3092,1333038840
415,32.2382,95.4518,1332948360
415,32.353,95.2981,1332791940
415,32.2467,95.4537,1332457200
415,32.2361,95.4065,1332349860
415,32.2418,95.4672,1332115560
415,34.1792,118.3075,1332100500
415,34.1967,118.3523,1331671080
415,34.0453,118.2668,1331622420
415,34.1367,118.3523,1331613780
415,33.9868,118.4736,1331569980
415,33.9868,118.4736,1331506140
415,34.0084,118.4986,1331502900
415,34.1376,118.3543,1331446200
415,34.1409,118.3497,1331423520
415,34.1402,118.3578,1331405040
415,34.1373,118.3557,1331398740
415,34.0722,118.3575,1331341320
415,34.1647,118.3606,1331313480
415,32.7478,97.0902,1330896540
415,32.7479,97.0908,1330896300
415,32.2358,95.4064,1330442040
415,30.3309,97.732,1329751080
415,30.3322,97.7404,1329702180
415,30.3708,97.7562,1329677940
415,30.249,97.7496,1329613500
415,32.8646,96.7736,1329176460
415,32.8697,96.7745,1329174480
415,32.8692,96.7736,1329169320
415,32.7833,96.8055,1329159960
415,32.8208,96.7872,1329097140
415,32.2395,95.4608,1323797280
415,32.2401,95.4643,1323114780
415,32.24,95.4642,1323114720
415,32.2395,95.4608,1323114540
415,32.2394,95.4609,1322411160
415,32.2395,95.4608,1322358660
415,32.246,95.467,1321314540
415,32.2407,95.4683,1319759340
415,32.2382,95.4518,1319749440
415,32.2422,95.467,1319742300
415,32.2393,95.4606,1319738640
415,32.2418,95.467,1319685720
415,31.5592,97.1512,1319670960
415,31.5335,97.1587,1319595480
415,31.5458,97.1247,1319508600
415,32.2393,95.4613,1319326500
415,32.2395,95.4608,1319318220
415,35.9648,83.9201,1305128820
415,36.1768,86.7902,1305037380
415,36.1765,86.7903,1304982480
415,36.2046,86.7766,1304979780
415,30.4044,86.4471,1304866680
415,30.4022,86.4245,1304807040
415,30.4029,86.6978,1304794080
415,30.3802,86.4086,1304727780
415,30.3806,86.4083,1304726580
415,30.3819,86.4227,1304708220
415,30.3819,86.4228,1304705100
415,30.3791,86.3489,1304632080
415,30.3937,86.5177,1304620860
415,30.4046,86.4469,1304609460
415,30.3892,86.4798,1304564820
415,30.3905,86.4284,1304542680
415,30.401,86.4379,1304466300
415,30.4046,86.4469,1304461500
415,30.3789,86.3132,1304454480
415,31.652,86.7765,1304382000
415,33.4247,86.817,1304374860
415,35.7619,83.327,1304110140
415,35.9031,83.952,1303948920
415,35.7619,83.327,1303915200
415,35.7619,83.327,1303840200
415,35.7643,83.3264,1303840140
415,35.7669,83.3288,1303829280
415,35.9031,83.952,1303658160
415,35.9067,83.8381,1303605000
415,35.7685,83.3276,1303599720
415,35.7632,83.3263,1303494600
415,35.7632,83.3263,1303491960
415,35.7632,83.3262,1303421340
415,35.9356,83.933,1303387140
415,35.7632,83.3263,1303232040
415,35.7632,83.3264,1303166760
415,36.1764,86.7902,1303089780
415,35.9049,86.499,1303080000
415,36.336,86.7054,1303002660
415,36.3321,86.6977,1302999660
