433,23.0107,43.3608,1378313880
433,23.0112,43.3248,1377314580
433,23.0107,43.3608,1376936220
433,23.0097,43.3579,1376822100
433,23.0107,43.3608,1376703720
433,23.0142,43.2989,1376234760
433,23.0026,43.324,1376169540
433,23.0107,43.3608,1375646820
433,23.0107,43.3608,1375646460
433,23.0033,43.3241,1375465080
433,22.9924,43.3652,1375054080
433,23.0043,43.3536,1374955380
433,23.0112,43.3248,1374850800
433,23.0097,43.3579,1374437100
433,23.004,43.3177,1374370680
433,23.0097,43.3579,1374351180
433,23.0107,43.3608,1374256140
433,23.0107,43.3608,1374079980
433,23.0097,43.3579,1374079680
433,23.0097,43.3579,1373827500
433,22.9091,43.1762,1373687040
433,23.0107,43.3608,1373486820
433,23.0097,43.3579,1373389380
433,23.0097,43.3579,1373314920
433,22.9703,43.2235,1373226000
433,23.007,43.3486,1373201940
433,22.9969,43.26,1373168760
433,22.9966,43.2597,1373168520
433,23.0105,43.3509,1373127600
433,23.0097,43.3579,1373079540
433,23.0109,43.367,1372967220
433,23.0102,43.3406,1372965840
433,22.9969,43.26,1372637400
433,22.9969,43.26,1372562820
433,23.0097,43.3579,1372278240
433,23.0097,43.3579,1372269720
433,23.0102,43.3406,1372189200
433,22.9966,43.2597,1372031520
433,22.9606,43.2122,1371933660
433,22.9606,43.2122,1371933120
433,22.9838,43.2225,1371932700
433,23.0102,43.3578,1371857520
433,22.9248,43.1725,1371850800
433,22.9635,43.1698,1371849900
433,23.0097,43.3579,1371779220
433,23.0097,43.3579,1371774720
433,23.0105,43.3509,1371773640
433,23.0097,43.3579,1371766860
433,23.0154,43.4531,1371091500
433,23.0107,43.3608,1371062040
433,23.0107,43.3608,1371030420
433,23.0107,43.3608,1370804400
433,23.007,43.3486,1370800980
433,23.01,43.3578,1370800500
433,22.9925,43.3024,1370799180
433,23.01,43.3578,1370696940
433,23.0107,43.3608,1370634120
433,23.0107,43.3608,1370624340
433,23.0043,43.3536,1370622780
433,23.0103,43.3631,1370550120
433,23.0097,43.3579,1370519220
433,23.0096,43.3646,1370465100
433,23.0107,43.3608,1370463240
433,23.0102,43.3406,1370272980
433,23.007,43.3486,1369689780
433,23.0107,43.3637,1369689300
433,23.0106,43.3323,1369672200
433,23.0043,43.3536,1369596960
433,23.0102,43.3578,1369541040
433,22.9966,43.2597,1369521960
433,22.9966,43.2597,1369518360
433,23.0097,43.3579,1369496040
433,23.0043,43.3536,1369490640
433,23.0043,43.3536,1369334340
433,23.0102,43.3406,1369187100
433,23.0075,43.3227,1368993480
433,23.0105,43.3089,1368980220
433,22.9969,43.26,1368933540
433,22.9976,43.358,1368906060
433,23.0102,43.3406,1368813000
433,23.0102,43.3406,1368760200
433,23.0102,43.3406,1368759360
433,23.0106,43.3323,1368757920
433,23.011,43.3013,1368562080
433,23.0075,43.3227,1368048060
433,23.0075,43.3227,1367960160
433,23.0075,43.3227,1367958480
433,23.0075,43.3227,1367665140
433,22.9976,43.358,1367619240
433,23.0102,43.3406,1367266920
433,23.01,43.3545,1367260200
433,22.87,43.167,1367201100
433,22.9565,43.1868,1367192820
433,22.8973,43.2198,1367081400
433,23.0097,43.3581,1366834800
433,23.01,43.3545,1366748520
433,22.9675,43.2086,1366737900
433,22.9675,43.2086,1366734420
433,22.7406,41.8728,1366549020
433,23.0094,43.3576,1366225440
433,23.0094,43.3576,1366224720
433,23.0102,43.3406,1366159500
433,23.0097,43.3579,1366055280
433,23.0097,43.3586,1365906180
433,23.0097,43.3584,1365902460
433,29.7705,51.1533,1364647320
433,29.7705,51.1533,1364646360
433,29.7705,51.1533,1364046240
433,29.7705,51.1533,1363445580
433,29.7705,51.1533,1363436940
433,29.7702,51.1531,1363383420
433,29.7705,51.1533,1363382160
433,29.7705,51.1533,1362839280
433,29.7702,51.153,1361827260
433,29.7702,51.153,1361633100
433,29.7705,51.1533,1361630580
433,29.7701,51.1531,1361622360
433,29.7703,51.1529,1361021100
433,29.7705,51.1533,1361020080
433,23.01,43.3582,1360798500
433,23.0095,43.358,1360769700
433,23.0099,43.358,1360768020
433,23.0101,43.3583,1360767600
433,23.0099,43.3579,1360592220
433,23.0097,43.3579,1360591680
433,23.0099,43.3579,1360591320
433,23.0097,43.3579,1360591080
433,23.0095,43.358,1360581660
433,29.7705,51.1533,1359826140
433,29.7702,51.153,1359816840
433,29.7705,51.1533,1359816660
433,29.7705,51.1533,1359815040
433,29.7705,51.1533,1359814620
433,29.7702,51.153,1359813720
433,29.7702,51.153,1359197520
433,23.0095,43.3579,1358649180
433,29.7702,51.153,1358012280
433,29.7705,51.1526,1357991640
433,29.7702,51.153,1357387440
433,23.0096,43.3581,1357053000
433,23.01,43.3581,1356989460
433,23.0098,43.3582,1356989100
433,23.0097,43.3579,1356913200
433,23.01,43.3581,1356901200
433,23.0097,43.3579,1356861660
433,23.0093,43.3579,1356749460
433,23.0096,43.358,1356705780
433,29.7703,51.1527,1355573160
433,29.7702,51.153,1354368060
433,29.7702,51.153,1354367280
433,29.9788,51.1923,1353211860
433,29.9789,51.1923,1353211560
433,29.7702,51.153,1353174900
433,29.7705,51.153,1353174420
433,29.7705,51.153,1353173820
433,29.7703,51.153,1353173700
433,29.7702,51.153,1353173340
433,29.77,51.153,1353159420
433,29.9788,51.1923,1352598540
433,29.9798,51.1925,1352592600
433,29.7705,51.153,1349537640
433,29.7702,51.1528,1349537160
433,29.7703,51.1528,1349529180
433,29.7702,51.153,1349526180
433,29.7703,51.1532,1349525820
433,29.7701,51.1529,1348923900
433,29.7704,51.1529,1348314240
433,29.7701,51.1529,1348313400
433,29.7701,51.1529,1347939540
433,29.7701,51.1529,1347939480
433,29.7702,51.1527,1347721620
433,29.7705,51.1528,1347718620
433,29.7701,51.1529,1347717780
433,29.7702,51.1528,1347714300
433,29.7705,51.1528,1347712320
433,29.7707,51.1532,1347712200
433,29.7703,51.153,1347711720
433,29.7701,51.1529,1347636540
433,29.7701,51.1529,1347636300
433,29.7701,51.1529,1347232500
433,29.7701,51.1529,1347232200
433,29.8695,50.0732,1347230280
433,29.8695,50.0733,1347229500
433,29.1785,51.2172,1346584380
433,29.1787,51.2171,1346543640
433,29.7701,51.1528,1345906860
433,29.7701,51.1528,1345906080
433,29.7701,51.1528,1345903680
433,29.7702,51.1528,1345903020
433,29.7701,51.1528,1345902720
433,29.7701,51.1528,1345902720
433,29.7701,51.1528,1345902540
433,29.7702,51.1527,1345901760
433,29.7701,51.1528,1345896300
433,29.7705,51.153,1345896000
433,29.7701,51.153,1344697140
433,29.7701,51.153,1344696060
433,29.77,51.1528,1344693780
433,29.77,51.1528,1344095460
433,29.77,51.1528,1344094680
433,29.7701,51.1529,1344094440
433,29.7701,51.1529,1344094260
433,29.7701,51.1529,1344093660
433,29.77,51.1528,1344093360
433,29.77,51.153,1344092700
433,29.7705,51.1533,1342882800
433,29.77,51.1528,1342882500
433,29.7701,51.1528,1342881900
433,29.7701,51.1528,1341672060
433,29.7703,51.1528,1341669780
433,29.7703,51.1528,1341665460
433,29.77,51.1528,1340596320
433,29.7701,51.1529,1340596020
433,29.7701,51.1529,1340595840
433,29.7701,51.1529,1340453100
433,29.7703,51.1528,1339253520
433,29.77,51.153,1338644400
433,29.7705,51.1533,1336231380
433,29.7703,51.1529,1336225380
433,29.7703,51.1533,1334410260
433,29.7702,51.1529,1334409540
433,29.7705,51.1533,1333201800
433,29.7705,51.1533,1333201740
