441,22.8874,43.2844,1377228540
441,22.8874,43.2844,1377136080
441,22.9075,43.285,1376039760
441,22.9072,43.2853,1374775320
441,22.9703,43.2235,1373231580
441,22.9703,43.2235,1373224020
441,22.9275,43.2368,1373147220
441,22.9072,43.2853,1373070660
441,22.8987,43.133,1372467540
441,22.8942,43.1342,1372206240
441,22.8816,43.1131,1371826920
441,22.9677,43.1878,1371826860
441,22.9529,43.1768,1371292860
441,22.9677,43.1878,1371291120
441,22.9058,43.1336,1371144180
441,22.8974,43.1244,1369151880
441,22.9387,43.1314,1368630180
441,22.9387,43.1314,1368286380
