493,39.7172,90.2241,1376840940
493,39.5857,90.2515,1376615640
493,41.8778,87.6368,1375580640
493,39.7172,90.2243,1375312380
493,39.7172,90.2242,1374643020
493,33.6794,117.8618,1374519180
493,33.4762,117.722,1374374040
493,34.0909,118.2783,1374298980
493,39.7294,89.9616,1357360200
493,39.7171,90.2244,1357096860
493,39.7172,90.2242,1356921780
493,39.6325,90.4508,1356891660
493,39.7172,90.2258,1356808740
493,39.6297,90.4563,1356630300
493,39.7171,90.2242,1356452880
493,39.7352,90.2281,1356320400
493,39.717,90.2242,1356314760
493,39.7167,90.2241,1356058020
493,39.7166,90.2244,1356047400
493,39.6327,90.451,1356029940
493,41.8821,87.6278,1355624340
493,41.7908,87.5831,1355605620
493,39.8384,89.6352,1355575560
493,39.8208,89.6485,1355005020
493,39.7172,90.2245,1354982520
493,39.7171,90.2244,1354595040
493,39.717,90.2243,1354585740
493,39.7175,90.2241,1354578480
493,39.717,90.2243,1354556220
493,39.7172,90.2243,1354498740
493,39.7225,90.2523,1354474020
493,39.7277,89.5908,1354408260
493,39.7172,90.2242,1354244580
493,39.6298,90.4562,1354140360
493,30.1317,98.0134,1353795660
493,30.1295,98.0177,1353793620
493,30.2498,97.7705,1353683460
493,30.2499,97.7705,1353618660
493,35.2325,97.489,1353593700
493,39.717,90.2243,1349046120
493,41.5959,90.3446,1349028780
493,39.8343,89.639,1344986760
493,39.7171,90.2243,1344537300
493,39.6214,90.4536,1344280020
493,39.7174,90.2236,1344043320
493,39.6295,90.4542,1343322840
493,39.7172,90.2245,1342809900
493,39.6302,90.4542,1342671420
493,38.6557,90.2986,1342279680
493,38.6335,90.217,1342241340
493,41.8798,87.627,1341965100
493,41.8887,87.6228,1341887820
493,41.8906,87.6209,1341877980
493,41.8787,87.6173,1341794280
493,41.8772,87.6283,1341776340
493,40.1982,88.2065,1341762240
493,38.2308,85.704,1341674520
493,38.2532,85.7398,1341619740
493,38.2531,85.7379,1341591300
493,38.043,85.5775,1341530700
493,38.23,85.7032,1341521220
493,38.2372,85.7189,1341520740
493,38.3063,85.5777,1341512100
493,38.043,85.5775,1341454200
493,38.043,85.5775,1341432960
493,38.6272,90.2559,1341195360
493,38.6562,90.3033,1341183840
493,38.6559,90.304,1341175320
493,39.769,89.6613,1339440540
493,39.7328,90.229,1339196460
493,39.0533,84.6534,1339095000
493,33.7627,78.7837,1339069560
493,33.7172,78.8837,1338945240
493,33.7637,78.8165,1338871140
493,33.7686,78.7748,1338776220
493,33.799,78.7448,1338771360
493,33.7798,78.7841,1338760320
493,39.7405,89.6831,1338157800
493,39.6293,90.4543,1337096040
493,39.7964,89.6718,1336688820
493,41.3142,88.9713,1336250100
493,39.6297,90.4545,1335982380
493,39.6255,90.4508,1335226980
493,32.898,97.0409,1335031320
493,14.9664,91.7837,1334882640
493,14.9664,91.7834,1334882220
493,14.9664,91.7834,1334800440
493,14.7373,91.1595,1334782800
493,14.7399,91.1604,1334780700
493,14.8535,90.0677,1334725740
493,14.8633,90.0723,1334721480
493,14.8572,90.0705,1334707320
493,14.5555,90.7295,1334706000
493,14.8605,90.0717,1334626740
493,14.8605,90.0717,1334621220
493,14.8605,90.0717,1334618700
493,14.8533,90.0676,1334548140
493,14.5578,90.733,1334542380
493,14.8572,90.0701,1334542260
493,14.558,90.7322,1334535900
493,14.5578,90.733,1334498340
493,14.5578,90.733,1334466360
493,38.77,90.2755,1334437920
493,39.759,89.648,1334411040
493,39.6297,90.4545,1334007960
493,38.6562,90.3058,1333611720
493,38.6335,90.217,1333250580
493,38.656,90.305,1333228500
493,38.6374,90.3484,1333223040
493,38.6372,90.3483,1333222920
493,39.6298,90.4543,1332895200
493,39.6298,90.4542,1332887040
493,39.742,89.6987,1332849960
493,40.0278,90.1147,1332796320
493,40.0238,90.1157,1332714300
493,38.8898,90.1832,1332007860
493,38.8901,90.1826,1332006180
493,38.8899,90.1815,1332005760
493,38.6258,90.1874,1330741440
493,39.7693,89.6605,1330644360
493,39.6295,90.4543,1330305360
493,39.7692,89.6605,1328471040
493,39.7691,89.6606,1328463780
493,26.5418,81.8705,1328393220
493,38.7445,90.3678,1328240820
493,26.5279,81.7564,1328212440
493,26.4887,81.984,1328202420
493,26.4915,82.185,1328139300
493,26.4892,82.0123,1328130840
493,26.6015,81.8885,1328113680
493,26.4891,82.0121,1328072880
493,26.4376,82.0716,1328054940
493,26.5206,81.9014,1328041320
493,26.4354,82.0802,1328021640
493,26.4893,82.0122,1327979040
493,26.4501,82.0186,1327964520
493,26.451,82.024,1327963380
493,26.4891,82.012,1327953360
493,26.4893,82.0125,1327933440
493,26.4893,82.0122,1327900860
493,25.7815,80.1888,1327871100
493,26.4893,82.0122,1327804140
493,26.4893,82.0122,1327785240
493,26.5056,81.91,1327779180
493,33.6407,84.4361,1327762980
493,39.7692,89.6605,1327530900
493,39.0725,94.5847,1325559660
493,41.2532,95.93,1325461440
493,41.2532,95.93,1325461320
493,41.2532,95.93,1325461200
493,41.2532,95.93,1325461080
493,41.2249,95.9285,1325446680
493,41.252,95.9292,1325381340
493,41.2263,95.9643,1325375220
493,39.0444,94.6205,1325357100
493,39.0443,94.6208,1325355420
493,39.0962,94.5845,1325287440
493,39.6279,90.4553,1324013220
493,39.6297,90.4549,1323398220
493,39.6288,90.4568,1322881920
493,39.6298,90.4562,1322693940
493,38.635,90.3958,1322420700
493,38.5812,90.6303,1322416260
493,38.5812,90.6305,1322365920
493,38.043,85.5778,1322232000
493,38.0433,85.5771,1322169360
493,38.043,85.578,1322153040
493,38.0432,85.5778,1322148180
493,38.2648,85.7437,1322081100
493,38.2268,87.9782,1322071380
493,39.6297,90.4547,1321838160
493,38.6555,90.298,1321499760
493,39.7958,89.6712,1321323840
493,39.6295,90.4543,1320898560
493,38.8902,90.183,1320617940
493,38.8892,90.183,1320599040
493,39.6297,90.4565,1320249720
493,38.043,85.578,1319931360
493,38.0846,85.6547,1319925000
493,38.137,85.6962,1319839440
493,38.6346,90.3478,1319303340
493,39.6298,90.4544,1318377120
493,42.4078,90.3107,1318199520
493,42.4033,90.3428,1318176540
493,39.6298,90.4544,1316276460
493,39.6298,90.4565,1315947360
493,41.9034,87.6714,1315762740
493,41.8855,87.6613,1315710840
493,41.909,87.6754,1315693740
493,38.6559,90.3042,1314483060
493,38.6019,90.4354,1314471300
493,41.3383,89.0101,1312052700
493,39.8021,89.6519,1311939120
493,39.7975,89.6482,1311900300
493,41.8239,87.7043,1311682620
493,41.4158,81.8401,1311255660
493,41.3894,81.9279,1311251940
493,41.4987,81.6986,1311178380
493,41.4996,81.6949,1311133680
493,41.5085,81.6954,1311122700
