513,41.8257,87.6717,1378048200
513,41.8255,87.6719,1377996360
513,41.8392,87.6466,1377976500
513,41.8571,87.6564,1377892560
513,41.8256,87.6716,1377826200
513,41.8256,87.6716,1377738660
513,41.8256,87.6715,1377738540
513,41.8497,87.6854,1377641820
513,41.8255,87.6717,1377571440
513,41.8342,87.6755,1377475560
513,41.9101,87.6774,1377473880
513,41.9104,87.6764,1377470100
513,41.8256,87.6723,1377405720
513,42.01,87.7495,1377396420
513,42.0275,87.7688,1377396360
513,42.3683,87.9331,1377386640
513,41.8257,87.6717,1377297060
513,41.8254,87.6722,1377292620
513,41.8256,87.6716,1377289860
513,41.8503,87.6758,1377210720
513,41.8305,87.6676,1377194400
513,41.8297,87.6601,1377194280
513,41.8295,87.6802,1377186180
513,41.8257,87.6719,1377141300
513,41.8257,87.6716,1377138120
513,41.8498,87.6408,1377121980
513,41.8256,87.672,1377112140
513,41.8255,87.672,1377111960
513,41.8256,87.672,1377111900
513,41.8256,87.672,1377111780
513,41.8256,87.6718,1377054300
513,41.8256,87.6716,1377052980
513,41.8257,87.6719,1377011820
513,41.8255,87.6716,1376960580
513,41.8362,87.6643,1376942340
513,41.8256,87.6716,1376875860
513,41.8256,87.6718,1376861520
513,41.8257,87.6717,1376840760
513,41.8256,87.6718,1376834880
513,41.8257,87.6718,1376785680
513,41.8256,87.6718,1376751180
513,41.8256,87.6719,1376751120
513,41.8256,87.6718,1376731440
513,41.8254,87.672,1376728860
513,41.8257,87.6717,1376707920
513,41.8256,87.6719,1376517660
513,41.8287,87.6728,1376516340
513,41.8256,87.6719,1376516280
513,41.8256,87.6717,1376516160
513,41.8255,87.6719,1376516100
513,41.8455,87.6428,1376509680
513,41.8257,87.6716,1376432160
513,41.8256,87.6717,1376431920
513,41.8255,87.6721,1376258880
513,41.5618,88.2597,1376232780
513,41.8255,87.6719,1376080080
513,41.8257,87.6717,1375894080
513,41.8256,87.6717,1375892460
513,41.8256,87.6717,1375634580
513,41.8256,87.6719,1375483500
513,41.7989,87.7419,1375395540
513,41.8257,87.6718,1375380000
513,41.8257,87.6717,1375217460
513,41.8257,87.6718,1375216140
513,41.8257,87.6717,1375157280
513,41.8306,87.6728,1375130340
513,41.8257,87.6717,1375126200
513,41.8256,87.6717,1374953040
513,41.8257,87.6716,1374952920
513,41.8824,87.6229,1374884760
513,41.8785,87.6271,1374883140
513,41.8257,87.6717,1374807420
513,41.8257,87.6717,1374805140
513,41.8306,87.6559,1374778200
513,41.8287,87.6722,1374604080
513,41.8256,87.6712,1374548040
513,41.8257,87.6718,1374541200
513,41.8256,87.6717,1374505620
513,41.8256,87.6717,1374505560
513,41.84,87.6591,1373569260
513,41.84,87.6591,1373568780
513,41.84,87.6593,1373558580
513,41.8401,87.6592,1373481780
513,41.8673,87.6261,1373479500
513,41.84,87.6592,1373423580
513,41.8313,87.6441,1373409060
513,41.8313,87.644,1373404200
513,41.8256,87.6717,1373333520
513,41.8256,87.6717,1373332920
513,41.8256,87.6716,1373243340
513,41.8257,87.6717,1373151060
513,41.8257,87.6716,1373147640
513,41.8257,87.6718,1373079240
513,41.8256,87.6717,1373079180
513,41.8257,87.6717,1373039520
513,42.3657,87.9332,1372974120
513,42.3668,87.9323,1372963560
513,41.8399,87.659,1372628040
513,41.8256,87.6717,1372279260
513,42.366,87.9364,1371915780
513,41.9242,87.682,1371844980
513,41.8692,87.6328,1371772920
513,41.8257,87.6718,1371690180
513,41.8257,87.6717,1371658680
513,41.8313,87.644,1371593700
513,41.8257,87.6718,1371522180
513,41.8532,87.6659,1371510780
513,41.8255,87.6718,1371491520
513,41.8256,87.6719,1371491040
513,41.8257,87.6717,1371393000
513,41.8257,87.6718,1371392160
513,41.8256,87.6717,1371391380
513,41.8255,87.6719,1371352260
513,41.8256,87.6717,1371260760
513,41.8257,87.6716,1371260580
513,41.8959,87.6772,1371232140
513,41.8257,87.6717,1371179100
513,41.8257,87.6718,1371178980
513,41.8932,87.6311,1371168420
513,41.8257,87.6718,1371081240
513,41.8549,87.6777,1370979360
513,41.747,87.9436,1370636700
513,41.7469,87.9437,1370636340
513,41.7936,87.7232,1370381940
513,41.8304,87.6705,1370285100
513,41.8255,87.6715,1369955640
513,41.6691,87.8133,1369932600
513,41.8257,87.6718,1369887840
513,41.8257,87.6718,1369887720
513,41.8533,87.6758,1369861860
513,41.823,87.6887,1369629660
513,41.8311,87.6442,1369601940
513,41.8378,87.6583,1369593000
513,41.838,87.6588,1369592700
513,41.8256,87.6718,1369189560
513,41.8513,87.6749,1369181160
513,41.8254,87.6721,1369091160
513,41.8268,87.6702,1369091100
513,41.8397,87.659,1368932820
513,41.8667,87.6684,1368883680
513,41.553,87.854,1368716520
513,41.8257,87.6719,1368667260
513,41.8256,87.6718,1368582900
513,41.8324,87.6754,1368569820
513,41.8256,87.6718,1368505560
513,41.7041,87.7886,1368379200
513,41.8295,87.6903,1368376440
513,41.8257,87.6717,1368294960
513,41.8255,87.6718,1368156660
513,41.8757,87.6212,1367849160
513,41.8256,87.6718,1367800740
513,41.7556,87.7349,1367698440
513,41.8232,87.6888,1367690160
513,41.8256,87.6718,1367680380
513,41.8256,87.6718,1367679000
513,41.8401,87.6592,1367279220
513,41.8254,87.6712,1367221740
513,41.8256,87.6718,1367194200
513,41.8256,87.6716,1367015280
513,41.8256,87.6719,1367011800
513,41.8257,87.6717,1366748040
513,41.8399,87.6593,1366584240
513,41.8399,87.6593,1366582800
513,41.8257,87.6719,1366461300
513,41.8256,87.6717,1366333140
513,41.8282,87.6731,1366332720
513,41.8807,87.6741,1366249860
513,41.8257,87.6718,1365895200
513,41.8256,87.6717,1365874620
513,41.8256,87.6717,1365829080
513,41.8256,87.6719,1365814620
513,41.8295,87.6733,1365391080
513,41.8295,87.6733,1365390900
513,41.8295,87.6733,1365390720
513,41.8257,87.6719,1365389880
513,37.37,6.0328,1365097140
513,40.4403,3.7059,1365097020
513,25.7985,80.2746,1364681160
513,41.829,87.6731,1364513700
513,41.8256,87.6718,1364513160
513,41.8255,87.6716,1364510580
513,41.8256,87.6717,1364149620
513,41.8256,87.6717,1364010720
513,41.8692,87.6846,1363980420
513,41.8256,87.6719,1363922700
513,41.8257,87.6717,1363843980
513,41.8256,87.6718,1363652220
513,41.8256,87.6718,1363576980
513,41.8256,87.6718,1363571880
513,41.8256,87.6719,1363543980
513,41.8256,87.6719,1363493460
513,41.8255,87.6716,1363486320
513,41.855,87.6778,1363472580
513,41.8312,87.6442,1363408500
513,41.8255,87.6718,1363324860
513,41.8259,87.6716,1363309620
513,41.8257,87.6717,1363308180
513,41.8257,87.6717,1363308060
513,41.8257,87.6719,1362966480
513,41.8257,87.6718,1362950940
513,41.8293,87.6723,1362894720
513,41.8257,87.6719,1362890820
513,41.8256,87.6719,1362889140
513,41.5348,87.8168,1362866880
513,41.7948,87.7874,1362788340
513,41.8257,87.6716,1362758100
513,41.8256,87.6718,1362709380
513,41.8255,87.6717,1362704880
513,41.8293,87.673,1362621000
513,41.8256,87.6718,1362542520
513,41.8256,87.6718,1362369540
513,41.8257,87.6718,1362366660
513,41.8256,87.6718,1362284400
513,41.5349,87.8165,1362277800
513,41.5348,87.8167,1362277680
513,41.8256,87.6717,1362195240
513,41.8254,87.6716,1362193680
513,41.8256,87.6718,1362107940
513,41.8257,87.672,1362101040
513,41.8256,87.6717,1362100440
513,41.8694,87.6629,1362088260
513,41.8721,87.6639,1362085320
513,41.8695,87.6626,1362084960
513,41.8693,87.6642,1362081360
513,41.8257,87.6718,1362057000
513,41.827,87.672,1361766660
513,41.8256,87.6717,1361746620
513,41.8256,87.6718,1361735400
513,41.8255,87.6716,1361587860
513,41.8255,87.6716,1361517180
513,41.8256,87.6718,1361501040
513,41.8268,87.6715,1361423280
513,41.8257,87.6718,1361246940
513,41.8257,87.672,1361234640
513,41.893,87.6311,1361220780
513,41.8256,87.6716,1361156160
513,41.8256,87.6718,1361080260
513,41.8513,87.675,1360987380
513,41.8512,87.6749,1360986600
513,41.8512,87.675,1360986180
513,41.8512,87.6749,1360972200
513,41.8255,87.6718,1360887000
513,41.8256,87.6717,1360885620
513,41.8256,87.6719,1360814940
513,41.8291,87.6734,1360811220
513,41.8258,87.6717,1360810860
513,41.8256,87.6718,1360636380
513,41.8476,87.6647,1360529400
513,41.8346,87.6703,1360529040
513,41.8258,87.6716,1360472820
513,41.8258,87.6716,1360472640
513,41.8257,87.6717,1360466700
513,41.8255,87.6717,1360435440
513,41.8256,87.6718,1360432800
513,41.8256,87.6718,1360387200
513,41.8282,87.6747,1360386180
513,41.8295,87.6737,1360384920
513,41.8255,87.6717,1360380420
513,41.7107,87.7789,1360369860
513,41.8256,87.6718,1360356000
513,41.8256,87.6718,1360220040
513,41.8291,87.6748,1360202640
513,41.849,87.6752,1360015680
513,41.8257,87.6718,1359933660
513,41.8271,87.6723,1359929820
513,41.8257,87.6715,1359927180
513,41.7917,87.8029,1359848580
513,41.8413,87.6413,1359791220
513,41.8667,87.6684,1359755100
513,41.8258,87.6719,1359692520
513,41.8256,87.6718,1359611820
513,41.8256,87.6718,1359264360
513,41.8256,87.672,1359257700
513,41.8256,87.672,1359249540
513,41.7143,87.783,1359237480
513,41.8336,87.6754,1359230700
513,41.8269,87.6739,1359230640
513,41.8257,87.672,1359170820
513,41.8255,87.6723,1359162900
513,41.8254,87.6721,1359154800
513,41.8296,87.6746,1359080100
513,41.8288,87.6722,1359000300
513,41.8513,87.675,1358897880
513,41.8542,87.6754,1358736660
513,41.8512,87.675,1358736180
513,41.8255,87.6717,1358724780
513,41.8512,87.675,1358560740
513,41.8513,87.675,1358558940
513,41.8672,87.6392,1358537100
513,41.8668,87.6683,1358535900
513,41.8667,87.6684,1358535780
513,41.8293,87.6735,1358472900
513,41.8296,87.6749,1358472660
513,41.8257,87.6719,1358380560
513,41.8491,87.6759,1358369460
513,41.8498,87.6759,1358288220
513,41.8257,87.6718,1358044140
513,41.8399,87.6593,1358019240
513,41.8413,87.6414,1357961460
513,41.8412,87.6413,1357954380
513,41.8257,87.6719,1357945320
513,41.8257,87.6719,1357936500
513,41.8257,87.6717,1357785780
513,41.8257,87.6719,1357563300
513,41.8257,87.672,1357501860
513,41.8256,87.672,1357499880
513,41.8257,87.6719,1357488720
513,41.8256,87.6721,1357456560
513,41.8513,87.675,1357255680
513,41.8914,87.6085,1357242120
513,41.8916,87.6089,1357236540
513,41.8296,87.6742,1357021740
513,41.8296,87.6742,1357021560
513,41.8259,87.6716,1357021380
513,41.8413,87.6413,1356858360
513,41.8257,87.6717,1356720720
513,41.8257,87.6717,1356720600
513,41.857,87.6562,1356651180
513,41.8256,87.6718,1356562380
513,41.8256,87.6718,1356500220
513,41.8256,87.6718,1356484440
513,41.8255,87.6719,1356481740
513,41.8311,87.6734,1356479460
513,41.7044,87.7879,1356475080
513,41.7046,87.7883,1356474840
513,41.8257,87.6719,1356447720
513,41.8256,87.6719,1356381120
513,41.8258,87.6717,1356313920
513,41.8296,87.6726,1356309360
513,41.8256,87.6718,1356300120
513,41.8257,87.6718,1356298860
513,41.8256,87.6719,1356286440
513,41.8256,87.6719,1356234300
513,41.7485,87.7996,1356226560
513,41.8256,87.6719,1356195720
513,41.8297,87.674,1356192780
513,41.8255,87.6719,1356123420
513,41.8255,87.6715,1356059580
513,41.8256,87.6718,1356049020
513,41.8256,87.6718,1356042720
513,41.8256,87.6719,1355977500
513,41.8256,87.6719,1355880960
513,41.8256,87.6717,1355807640
513,41.8306,87.6717,1355801940
513,41.7043,87.7883,1355600940
513,41.7043,87.7882,1355600280
513,41.8256,87.6719,1355550360
513,41.8256,87.672,1355525700
513,41.8256,87.6717,1355523600
513,41.8256,87.6718,1355523360
513,41.8257,87.6718,1355523240
513,41.8666,87.6685,1355519280
513,41.8659,87.6717,1355513520
513,41.8256,87.6718,1355488740
513,41.8256,87.672,1355452200
513,41.8256,87.672,1355276880
513,41.8256,87.6719,1355192220
513,41.8256,87.6719,1354911240
513,41.8256,87.672,1354497960
513,41.8256,87.672,1354489980
513,41.8256,87.6718,1354468560
513,41.8399,87.6592,1354463100
513,41.8398,87.6592,1354462560
513,41.8398,87.6592,1354462440
513,41.8398,87.6592,1354462320
513,41.8177,87.792,1354386900
513,41.8157,87.8026,1354386240
513,41.7889,87.8014,1354384500
513,41.8256,87.6719,1354243260
513,41.8256,87.6718,1354071060
513,41.8654,87.6762,1354057440
513,41.8256,87.672,1353971640
513,41.8256,87.6718,1353911700
513,41.8256,87.6719,1353903360
513,41.8256,87.6718,1353893340
513,41.8255,87.6716,1353778260
513,41.8257,87.6715,1353726720
513,41.826,87.6716,1353723000
513,41.8256,87.6715,1353722280
513,41.8257,87.672,1353721740
513,41.8256,87.6718,1353688680
513,41.8256,87.6718,1353639300
513,41.8256,87.6718,1353634560
513,41.8255,87.672,1353629220
513,41.8255,87.6718,1353629160
513,41.7046,87.7881,1353620940
513,41.7549,87.8,1353613380
513,41.7936,87.8018,1353610740
513,41.8255,87.6719,1353608460
513,41.8257,87.6718,1353465180
513,41.8258,87.6718,1353462540
513,41.8256,87.6718,1353288120
513,41.8256,87.6718,1353281280
513,41.8255,87.672,1353248100
513,41.8258,87.6717,1353219240
513,41.8256,87.6718,1353188760
513,41.8714,87.6479,1353178740
513,41.8715,87.6476,1353178620
513,41.8653,87.6762,1353095220
513,41.8256,87.6718,1352946420
513,41.8256,87.6718,1352946240
513,41.8256,87.6718,1352676300
513,41.8399,87.6589,1352608020
513,41.84,87.659,1352606580
513,41.84,87.659,1352605980
513,41.84,87.6593,1352604420
513,41.84,87.6593,1352602500
513,41.84,87.6594,1352595000
513,41.8401,87.6593,1352588100
513,41.8304,87.6745,1352496240
513,41.8256,87.6718,1352249280
513,41.8272,87.6713,1352207700
513,41.835,87.6646,1352160480
513,41.8256,87.672,1351965180
513,41.8578,87.6661,1351958700
513,41.8256,87.6718,1351921980
513,41.8256,87.6718,1351918080
513,41.8256,87.6719,1351916340
513,41.8256,87.6718,1351904340
513,41.8256,87.672,1351828260
513,41.8256,87.6718,1351827480
513,41.8398,87.6594,1351734000
513,41.8286,87.6715,1351722300
513,41.8256,87.672,1351568280
513,41.8558,87.676,1351473720
513,42.3288,87.9084,1351439640
513,41.8854,87.6626,1351437240
513,41.8255,87.6717,1351435200
513,41.826,87.6716,1351387680
513,41.8256,87.672,1351365240
513,41.8087,87.6602,1351347900
513,41.8256,87.6718,1351216260
513,41.8256,87.6718,1351216080
513,41.8258,87.6717,1351207860
513,41.8258,87.6716,1351207680
513,41.8255,87.6719,1351042380
513,41.8256,87.6718,1350878400
513,41.8256,87.6718,1350842340
513,41.8255,87.672,1350842160
513,41.8255,87.6719,1350798960
513,41.8255,87.6719,1350798420
513,41.8258,87.6717,1350787260
513,41.8256,87.6715,1350776160
513,41.8258,87.6717,1350775740
513,41.8256,87.6718,1350769440
