517,1.4558,124.8062,1378176600
517,6.1665,106.7095,1377479400
517,1.4557,124.8306,1375876380
517,1.4557,124.8306,1375876380
517,1.4542,124.8035,1375876260
517,1.4557,124.8306,1375876080
517,1.4721,124.8319,1375089840
517,8.6165,115.0879,1374918180
517,8.6167,115.1945,1374917760
517,8.672,115.2358,1374917160
517,8.6167,115.1945,1374917040
517,8.6167,115.1945,1374916980
517,8.2786,115.1656,1374916860
517,8.2756,115.1664,1374916680
517,1.4535,124.7547,1371279360
517,1.4572,124.8047,1371279120
517,1.4654,124.827,1370058060
517,1.4654,124.827,1370010780
517,1.3493,124.8496,1369877640
517,1.4554,124.8084,1369876800
517,1.4714,124.8312,1369608660
517,1.3552,124.8626,1369042860
517,1.3552,124.8626,1369001400
517,1.4573,124.8273,1368651660
517,1.4573,124.8273,1368651540
517,1.451,124.81,1368393000
517,1.451,124.81,1368392880
517,1.5165,124.8659,1368342300
517,1.4574,124.827,1368026400
517,1.4677,124.8348,1367967960
517,1.4841,124.8363,1366666320
517,1.4108,124.8323,1365417540
517,1.34,124.8348,1365413880
517,1.4821,124.836,1365413460
517,1.4108,124.8323,1365413400
517,1.2187,124.7879,1365312900
517,1.416,124.9849,1363960200
517,1.4724,124.8309,1363838580
517,1.4724,124.8309,1363838340
517,1.4724,124.8312,1363838340
517,1.4719,124.8309,1363835160
517,1.4724,124.8312,1363834920
517,1.4501,124.8116,1363730160
517,1.4845,124.8344,1363711800
517,1.4501,124.8116,1363458180
517,1.4148,124.9887,1362205440
517,1.4721,124.8317,1359886380
517,1.4655,124.8504,1359420240
517,1.1794,124.8049,1359176160
517,1.1906,124.7947,1359174180
517,1.4724,124.8312,1359087420
517,1.4724,124.8311,1359087060
517,1.3563,125.0769,1359020040
517,1.357,125.0776,1359002100
517,1.453,124.8014,1358990760
517,1.4723,124.8306,1358850360
517,1.4722,124.8311,1358850120
517,1.4722,124.8305,1358850000
517,1.4724,124.8308,1358849160
517,1.4718,124.8306,1358848620
517,1.4718,124.8306,1358848200
517,1.4511,124.8097,1358465160
517,1.453,124.8014,1358464260
517,6.1283,106.6591,1358315580
517,6.1292,106.6578,1358311620
517,6.1208,106.8492,1357989600
517,6.8929,107.6003,1357988400
517,6.8929,107.6003,1357986780
517,6.8929,107.6003,1357986420
517,6.8929,107.6003,1357986300
517,6.8929,107.6003,1357986180
517,6.8929,107.6003,1357985820
517,6.8929,107.6003,1357985760
517,6.8929,107.6003,1357985400
517,6.8929,107.6003,1357985160
517,6.8877,107.605,1357984620
517,6.8618,107.6202,1357869960
517,1.4723,124.831,1355290260
517,1.4723,124.831,1355290080
517,1.4647,124.8291,1354186260
517,1.4647,124.8291,1354185780
517,1.4724,124.8311,1353917760
517,1.4725,124.8307,1353917580
517,1.4724,124.8311,1353917220
517,1.4724,124.8308,1353916620
517,1.4724,124.8308,1353916260
517,1.4724,124.8313,1353911460
517,1.4737,124.8299,1353906900
517,1.4737,124.8299,1353904200
517,1.4737,124.8299,1353903840
517,1.4737,124.8299,1353902880
517,1.4722,124.8318,1353902700
517,1.4565,124.8258,1353388320
517,1.4845,124.8333,1353316380
517,1.4834,124.832,1353316320
517,1.4844,124.8337,1353316140
517,1.4848,124.8341,1353309000
517,1.4758,124.833,1353308820
517,1.484,124.8343,1352265240
517,1.484,124.8343,1352265120
517,1.484,124.8343,1352265000
517,1.484,124.8343,1352264760
517,1.4844,124.834,1352264640
517,1.4844,124.834,1352264520
517,1.4844,124.834,1352264400
517,1.4845,124.8334,1352264280
517,1.4856,124.8355,1352260320
517,1.4856,124.8355,1352260020
517,1.4856,124.8355,1352259780
517,1.4856,124.8355,1352259300
517,1.4856,124.8355,1352258940
517,1.4722,124.831,1351687320
517,1.4722,124.831,1351603500
517,1.4722,124.831,1351603380
517,1.4722,124.831,1351603200
517,1.4379,124.8437,1348915980
517,1.4535,124.8041,1348876740
517,1.4873,124.8376,1348876560
517,1.4535,124.8041,1348826040
517,1.4553,124.822,1348825800
517,1.4722,124.8318,1348731000
517,1.484,124.8343,1348460160
517,1.484,124.834,1348459260
517,1.4581,124.8062,1348447140
517,1.4552,124.8228,1348102260
517,1.4552,124.8228,1348091520
517,1.4552,124.8228,1348091100
517,1.4552,124.8228,1348064220
517,1.4722,124.8313,1347868320
517,1.472,124.8337,1347867840
517,1.472,124.8337,1347867720
517,1.4722,124.8318,1347867300
517,1.4722,124.8318,1347610380
517,1.4722,124.8316,1347610200
517,1.4722,124.8316,1347610140
517,1.4564,124.8176,1347515040
517,1.4564,124.8176,1347514800
517,1.4533,124.804,1346792580
517,1.4596,124.824,1346743800
517,1.4596,124.824,1346674500
517,1.4827,124.8374,1346659080
517,1.4712,124.8285,1346376900
517,1.4712,124.8285,1346376720
517,1.4668,124.8208,1346376660
517,1.4732,124.803,1346367480
517,1.4829,124.8467,1346335740
517,1.4829,124.8463,1346334180
517,1.4846,124.8622,1346331780
517,1.4793,124.8357,1346329200
517,1.486,124.8643,1346329020
517,1.4846,124.8622,1346327700
517,1.4732,124.803,1346236500
