526,27.9845,153.3452,1377229140
526,27.9845,153.3452,1376867520
526,28.0305,153.4326,1375432020
526,28.0295,153.4318,1371645600
526,27.9845,153.3452,1371142440
526,27.9845,153.3451,1370521140
526,27.9845,153.3452,1370158980
526,27.9845,153.345,1369552620
526,27.9845,153.3451,1369141560
526,27.9845,153.345,1369141500
526,27.9845,153.345,1369140780
526,27.9845,153.345,1369140660
526,27.9845,153.3452,1369138740
526,27.9625,153.3815,1369020060
526,28.0302,153.4327,1368787200
526,27.9845,153.345,1368350700
526,28.0043,153.3723,1368328260
526,27.9845,153.3451,1368105540
526,27.9613,153.3809,1367213040
526,27.9947,153.4291,1367104020
526,27.9845,153.3451,1367074200
526,27.9845,153.3451,1366759920
526,27.9845,153.345,1365893340
526,27.9911,153.3402,1364975160
526,27.9845,153.3451,1364570580
526,27.9845,153.3449,1364430480
526,27.5246,153.0554,1364132940
526,27.9629,153.3797,1363907580
526,27.9845,153.345,1363598160
526,27.9845,153.345,1363468200
526,27.9845,153.345,1363415640
526,27.9845,153.3451,1363263540
526,27.9845,153.3451,1363263240
526,27.9845,153.3449,1362467880
526,27.9855,153.3643,1362296760
526,27.9845,153.3451,1361192400
526,27.9845,153.3451,1361192280
526,27.9845,153.3451,1361192160
526,27.9846,153.345,1361075040
526,27.9902,153.3411,1361074440
526,27.9845,153.345,1361003580
526,28.0067,153.3941,1360998720
526,28.0066,153.3942,1360996560
526,28.0066,153.3942,1360996440
526,28.0067,153.3941,1360996200
526,28.0067,153.3941,1360996080
526,28.0067,153.3872,1360995840
526,28.0067,153.3942,1360995420
526,28.0067,153.3942,1360995180
526,28.0066,153.3942,1360994820
526,28.0067,153.3941,1360994520
526,28.0066,153.3943,1360994100
526,28.0066,153.3943,1360993860
526,28.0067,153.394,1360993740
526,28.0067,153.394,1360993560
526,28.0758,153.3853,1360487820
526,28.057,153.4331,1358725740
526,27.4523,153.0323,1357907940
526,27.9698,153.4143,1357721520
526,51.5012,0.0266,1357167060
526,48.8964,2.3889,1356902700
526,48.897,2.3852,1356902220
526,46.5784,0.3389,1356801480
526,43.7577,11.2983,1356041460
526,43.7576,11.2984,1356041100
526,41.9215,12.5022,1355984580
526,41.9212,12.5022,1355872800
526,41.9211,12.5022,1355872020
526,47.0483,8.3055,1355594880
526,47.0482,8.3062,1355581980
526,47.0484,8.3055,1355510760
