541,41.1193,95.9231,1378143000
541,41.1011,95.9397,1377987060
541,41.101,95.9397,1377986760
541,41.1158,95.9145,1377697440
541,41.1167,95.9121,1377549960
541,41.1268,95.9356,1377371220
541,41.2238,96.0815,1377370440
541,41.1169,95.917,1377289260
541,41.1168,95.9171,1377289080
541,41.1166,95.9168,1377288840
541,41.1176,95.9161,1377288180
541,41.1155,95.914,1377100980
541,41.1153,95.9133,1377100800
541,41.1166,95.9164,1376837820
541,41.101,95.9396,1376790840
541,41.1166,95.9152,1376058480
541,41.1167,95.9154,1376058300
541,41.1167,95.9148,1376058000
541,41.2084,95.9557,1375834080
541,41.1566,95.9371,1375707600
541,41.1011,95.9396,1375659180
541,41.1011,95.9397,1375592280
541,41.1011,95.9397,1375480920
541,41.101,95.9396,1375443660
541,41.1012,95.9393,1375150620
541,41.1011,95.9398,1375148520
541,41.1183,95.9094,1375123260
541,41.1011,95.9397,1375075620
541,41.1011,95.9397,1375029840
541,41.1012,95.9398,1374984960
541,41.1011,95.9396,1374948540
541,41.1168,95.9158,1374868140
541,41.118,95.91,1374854220
541,41.1181,95.9086,1374767460
541,41.1185,95.9092,1374584580
541,41.101,95.9396,1374427620
541,41.1012,95.9397,1374355200
541,41.1011,95.9396,1374332880
541,41.1011,95.9396,1373853960
541,41.1011,95.9396,1373809740
541,41.1011,95.9393,1373675580
541,41.1065,95.9009,1373551980
541,41.101,95.9397,1373455140
541,41.1011,95.9397,1373295000
541,41.1011,95.9396,1373294640
541,41.1011,95.9396,1372950240
541,41.1161,95.9127,1372878120
541,41.1172,95.9139,1372779840
541,41.1011,95.9398,1372562820
541,41.1158,95.9151,1372279860
541,41.1011,95.9397,1372216560
541,41.2349,96.1206,1372119240
541,41.2363,96.1227,1372116900
541,41.1009,95.94,1371920100
541,41.1011,95.9397,1371919800
541,41.1011,95.9397,1371919440
541,41.1164,95.9151,1371836340
541,41.2076,95.9571,1371774360
541,41.1011,95.9399,1371692280
541,41.1152,95.9152,1371674040
541,41.1153,95.9157,1371656160
541,41.1152,95.9157,1371650520
541,41.116,95.9164,1371647580
541,41.1152,95.9157,1371574500
541,41.1152,95.9157,1371571920
541,41.1159,95.9165,1371499440
541,41.116,95.9147,1371475440
541,41.1984,96.1223,1371343860
541,41.1273,95.9485,1371328020
541,41.101,95.9397,1371036960
541,41.1154,95.9162,1370878800
541,41.1011,95.9396,1370835900
541,41.1423,95.9295,1370722140
541,41.1,95.9403,1370701860
541,41.1012,95.9397,1370644800
541,41.1165,95.9146,1370629020
541,41.1165,95.9146,1370621700
541,41.1011,95.9396,1370563740
541,41.101,95.9396,1370474280
541,41.1168,95.9155,1370460840
541,41.1169,95.9155,1370460060
541,41.1163,95.9126,1370458020
541,41.1167,95.9172,1370455260
541,41.1012,95.9397,1370404200
541,41.1011,95.9397,1370396400
541,41.1011,95.9397,1370391360
541,41.1012,95.9397,1370194020
541,41.1012,95.9397,1370193480
541,41.1011,95.9396,1370141880
541,41.1009,95.9397,1370120580
541,41.1011,95.9397,1370119200
541,41.1403,95.9678,1370022540
541,41.1575,95.9355,1370013240
541,41.1011,95.9397,1370004900
541,41.1011,95.9397,1370004600
541,41.1011,95.9396,1370004360
541,48.8363,2.3073,1369611720
541,48.8363,2.3074,1369443600
541,48.8364,2.3074,1369354200
541,33.6407,84.4199,1369252860
541,41.2978,95.8983,1369234500
541,41.2979,95.8983,1369229940
541,41.1167,95.9164,1369140960
541,41.101,95.9399,1369108020
541,41.1011,95.9397,1369103160
541,41.1011,95.9397,1369095240
541,41.1011,95.9397,1369088460
541,41.1011,95.9397,1369088160
541,41.1011,95.9397,1369021680
541,41.1015,95.9391,1369013880
541,41.101,95.9397,1369010760
541,41.1011,95.9397,1369005540
541,41.1011,95.9397,1369001640
541,41.101,95.9397,1369000140
541,41.1001,95.9388,1369000080
541,41.1426,95.9293,1368995640
