550,22.8276,43.0741,1375395300
550,22.7966,43.0396,1368821880
550,22.7983,43.045,1368413640
550,22.7966,43.0396,1368234600
550,22.8139,43.0705,1368221160
550,22.7966,43.0396,1368068340
550,22.7966,43.0396,1367109600
550,22.7966,43.0396,1366240260
550,22.9869,43.2016,1365090900
550,22.9903,43.1911,1365090780
550,22.9903,43.1911,1365090600
550,22.7966,43.0396,1364510040
550,22.7966,43.0396,1363011960
550,22.8288,43.0954,1362940860
550,22.8288,43.0954,1362940680
550,22.8288,43.0954,1362940620
550,22.8288,43.0954,1362940500
550,22.8288,43.0954,1362940140
550,22.8288,43.0954,1362940020
550,22.8288,43.0954,1362939900
550,22.7966,43.0396,1362939780
550,22.8288,43.0954,1362939660
550,22.8288,43.0954,1362939600
550,22.8288,43.0954,1362939600
550,22.8288,43.0954,1362939480
550,22.7966,43.0396,1362939300
550,22.8268,43.078,1362939240
550,22.8268,43.078,1362939180
550,22.8268,43.078,1362939060
550,22.8268,43.078,1362938940
550,22.8268,43.078,1362938820
550,22.8268,43.078,1362938700
550,22.8268,43.078,1362929940
550,22.8268,43.078,1362929220
550,22.8288,43.0954,1362929160
550,22.8288,43.0954,1362929040
550,22.8288,43.0954,1362928920
550,22.8288,43.0954,1362928740
550,22.8288,43.0954,1362928560
550,22.8288,43.0954,1362928500
550,22.8288,43.0954,1362928440
550,22.8288,43.0954,1362928200
550,22.7968,43.0396,1362263040
550,22.7968,43.0396,1361408340
550,22.9869,43.2016,1361325240
550,22.9903,43.1911,1361323560
550,22.9903,43.1911,1361322960
550,22.9903,43.1911,1361298180
550,22.9869,43.2016,1361287740
550,22.9869,43.2016,1361283060
550,22.7968,43.0396,1360190100
550,22.7968,43.0396,1360187220
550,22.7968,43.0396,1360108740
550,22.7968,43.0396,1360108500
550,22.7968,43.0396,1360098480
550,22.7968,43.0396,1360079100
550,22.7968,43.0396,1360072800
550,22.7968,43.0396,1360070280
550,22.7968,43.0396,1360069020
550,22.7968,43.0396,1360068960
550,22.9105,43.2095,1360068780
550,22.7968,43.0396,1360068720
550,22.7968,43.0396,1360065840
550,22.7968,43.0396,1360065720
550,22.7968,43.0396,1360065000
550,22.7968,43.0396,1360064100
550,22.7968,43.0396,1360063800
550,22.7968,43.0396,1360063320
550,22.9037,43.1782,1360061460
550,22.7968,43.0396,1359642420
550,22.7968,43.0396,1359640440
550,22.7968,43.0396,1359638940
550,22.7968,43.0396,1359631260
550,22.7968,43.0396,1359600720
550,22.7968,43.0396,1359597480
550,22.7968,43.0396,1359594900
550,22.7968,43.0396,1359419640
550,22.7968,43.0396,1359419460
550,22.7968,43.0396,1359330840
550,22.7968,43.0396,1359330720
550,22.7968,43.0396,1359319800
550,22.8139,43.0705,1359293820
550,22.8139,43.0705,1359203760
550,22.7968,43.0396,1359169920
550,22.7968,43.0396,1358477640
550,22.7968,43.0396,1358472540
550,22.7968,43.0396,1358472300
550,22.7968,43.0396,1358470140
550,22.7968,43.0396,1358469900
550,22.7968,43.0396,1358467680
550,22.7968,43.0396,1358456520
550,22.7968,43.0396,1358423100
550,22.7968,43.0396,1358342100
550,22.7968,43.0396,1358309820
550,22.7968,43.0396,1358308980
550,22.7968,43.0396,1358308080
550,22.7968,43.0396,1358114220
550,22.7968,43.0396,1358092200
550,22.7935,43.0465,1358082720
550,22.7968,43.0396,1357873560
550,22.7968,43.0396,1357870140
550,22.7968,43.0396,1357867320
550,22.7968,43.0396,1357866540
550,22.7968,43.0396,1357865280
550,22.7968,43.0396,1357863780
550,22.7968,43.0396,1357861440
550,22.7968,43.0396,1357861320
550,22.7968,43.0396,1357857360
550,22.7968,43.0396,1357857120
550,22.7968,43.0396,1357840860
550,22.7968,43.0396,1357767000
550,22.8265,43.0449,1357605660
550,22.7968,43.0396,1357084080
550,22.7968,43.0396,1357083840
550,22.7968,43.0396,1357063920
550,22.7968,43.0396,1356991800
550,22.7968,43.0396,1356990780
550,22.7968,43.0396,1356989100
550,22.7968,43.0396,1356901740
550,22.7935,43.0465,1356865500
