553,34.0873,118.1361,1378265160
553,34.1538,118.2768,1378216380
553,34.0577,117.7375,1378183800
553,34.0941,117.7219,1378170840
553,34.1207,117.7105,1378080120
553,34.123,118.0705,1378014240
553,34.073,118.0714,1377991260
553,34.0828,117.7669,1377980880
553,34.0828,117.7669,1377978480
553,34.0944,118.1287,1377847740
553,34.0947,118.1272,1377846060
553,34.1237,118.1537,1377782520
553,34.0583,117.7362,1377753420
553,34.0873,118.1361,1377670860
553,34.0873,118.1361,1377668460
553,34.0873,118.1361,1377579480
553,34.1732,118.3085,1377527280
553,34.0953,118.128,1377485700
553,34.0977,117.8059,1377480120
553,34.1721,118.1446,1377417720
553,34.1721,118.1446,1377411540
553,34.1721,118.1447,1377410280
553,34.0329,118.1688,1377383880
553,34.0873,118.136,1377221580
553,34.087,118.1361,1377064440
553,34.0873,118.1361,1377063120
553,34.0873,118.1361,1377056700
553,34.1732,118.3085,1376939580
553,34.1207,117.7103,1376866860
553,34.0873,118.1361,1376806200
553,34.0873,118.1361,1376798940
553,34.0873,118.1361,1376716740
553,34.0873,118.1361,1376713620
553,34.0873,118.1361,1376713140
553,34.0873,118.1361,1376626680
553,34.0953,118.1032,1376598000
553,34.0579,117.7373,1376545680
553,34.0579,117.7373,1376540880
553,34.0944,118.1287,1376456220
553,34.0948,118.1275,1376452680
553,34.0872,118.136,1376373660
553,34.0873,118.1361,1376283000
553,34.0873,118.1361,1376281080
553,34.0873,118.1361,1376279460
553,34.0873,118.1361,1376277900
553,34.087,118.1362,1376260860
553,34.0873,118.1361,1376260440
553,34.0872,118.1361,1376190840
553,34.087,118.1362,1376162160
553,34.1467,118.1479,1376121660
553,34.1459,118.1483,1376117220
553,34.1459,118.1483,1376115960
553,34.1459,118.1483,1376111400
553,34.0873,118.1361,1376106840
553,34.1287,118.15,1376105400
553,34.1732,118.3085,1376058420
553,34.0872,118.1361,1376023200
553,34.0889,118.136,1376020080
553,34.0872,118.1362,1376010480
553,34.1207,117.7104,1375930740
553,34.1207,117.7103,1375930440
553,34.065,118.2345,1375919760
553,34.1731,118.3084,1375910880
553,34.0873,118.1361,1375762320
553,34.0873,118.1361,1375758960
553,34.0873,118.1361,1375757940
553,34.0873,118.1362,1375755060
553,34.0872,118.136,1375432500
553,34.0873,118.1361,1375419480
553,34.0872,118.136,1375418340
553,34.1287,118.15,1375410180
553,34.0873,118.1361,1375336020
553,34.0873,118.1361,1375332840
553,34.0873,118.1361,1375332600
553,34.1186,118.1532,1375277460
553,34.1039,118.1531,1375276920
553,34.121,117.8042,1375054440
553,34.0872,118.136,1374999960
553,34.0873,118.1361,1374998400
553,34.0873,118.1361,1374970140
553,34.0873,118.1361,1374901920
553,34.0873,118.1361,1374900780
553,34.0873,118.1361,1374898500
553,34.0873,118.1361,1374640440
553,33.8718,117.9248,1374393000
553,33.8719,117.9246,1374384780
553,33.869,117.921,1374382920
553,34.0869,118.1361,1374296760
553,34.0871,118.136,1374294360
553,34.0873,118.1361,1374294180
553,34.0872,118.1359,1374281580
553,34.0873,118.1361,1374212280
553,34.0873,118.1361,1374116220
553,34.0873,118.1361,1374114600
553,34.0873,118.1361,1374111840
553,34.1732,118.3085,1373984820
553,34.0872,118.1362,1373948100
553,34.1041,118.1529,1373895480
553,34.0873,118.1361,1373842860
553,34.1022,118.321,1373791920
553,34.1022,118.321,1373790000
553,34.1022,118.321,1373784360
553,34.1022,118.321,1373783880
553,34.1022,118.321,1373783280
553,34.1274,118.1545,1373725920
553,34.0871,118.1361,1373694960
553,34.0873,118.1361,1373688480
553,34.073,118.0714,1373524440
553,34.073,118.0714,1373519280
553,34.073,118.0714,1373516340
553,34.1459,118.1483,1373431200
553,34.1455,118.1435,1373427900
553,34.1453,118.1509,1373422200
553,34.0872,118.1362,1373417220
553,34.0873,118.1361,1373245560
553,34.1453,118.1509,1373185920
553,34.1459,118.1483,1373180640
553,34.1459,118.1483,1373172060
553,34.1459,118.1483,1373171220
553,34.0787,118.1547,1372992480
553,34.0806,118.1563,1372991700
553,34.0788,118.1546,1372990860
553,34.0873,118.1361,1372918560
553,34.0873,118.1361,1372918200
553,34.1609,118.2739,1372885080
553,34.1732,118.3085,1372866300
553,34.1027,118.1522,1372770780
553,34.0954,118.1032,1372574160
553,34.0734,118.2402,1372563840
553,34.0734,118.2402,1372562040
553,34.0734,118.2402,1372558440
553,34.0873,118.1361,1372543140
553,34.0872,118.136,1372486800
553,34.0873,118.1361,1372481340
553,34.0873,118.1361,1372479360
553,34.0873,118.1361,1372477140
553,34.0872,118.1361,1372306140
553,34.1287,118.15,1372221360
553,34.0873,118.1361,1372216800
553,34.0873,118.1361,1372213920
553,34.0873,118.1361,1372212480
553,34.1739,118.3086,1372108320
553,34.0953,118.1032,1371991200
553,34.0954,118.1033,1371986580
553,34.0928,118.0986,1371968280
553,34.0952,118.1035,1371967620
553,34.0873,118.1361,1371948420
553,34.0873,118.1361,1371946140
553,34.0873,118.1361,1371945540
553,34.0872,118.1362,1371865200
553,34.0872,118.1359,1371797700
553,34.0796,118.2585,1371788280
553,34.0873,118.1361,1371706500
553,34.0873,118.1361,1371702060
553,34.1442,118.1521,1371613920
553,34.1459,118.1483,1371607440
553,34.0873,118.1361,1371352860
553,34.1182,118.153,1371305880
553,34.0841,118.1334,1371269160
553,34.0873,118.136,1371259380
553,34.135,118.1539,1371216360
553,34.0873,118.1361,1371179100
553,34.0873,118.1361,1371098280
553,34.0872,118.1361,1371019620
553,34.0873,118.1361,1371008400
553,34.0873,118.1361,1371005700
553,34.095,118.1192,1370744040
553,34.0873,118.1361,1370732700
553,34.0873,118.1362,1370727900
553,34.0872,118.1362,1370727540
553,34.1186,118.1531,1370700000
553,34.0873,118.1361,1370670960
553,34.0873,118.1361,1370666940
553,34.0873,118.1361,1370666580
553,34.0948,118.1192,1370641320
553,34.0948,118.1192,1370578320
553,34.0873,118.136,1370566260
553,34.0872,118.1361,1370490360
553,34.0872,118.1362,1370485860
553,34.1731,118.3083,1370439420
553,34.1735,118.3085,1370396100
553,34.073,118.0714,1370211600
553,33.8598,117.9265,1370167920
553,33.8719,117.9246,1370162640
553,33.8719,117.9246,1370161140
553,33.8719,117.9246,1370155200
553,34.0873,118.1361,1370139540
553,34.0488,118.2559,1370027880
553,34.0545,118.2445,1370027460
553,34.0455,118.2585,1370026800
553,34.1459,118.1483,1369980600
553,34.1459,118.1483,1369978680
553,34.1459,118.1483,1369976460
553,34.1442,118.1521,1369971600
553,34.1732,118.3085,1369922760
553,34.0872,118.1362,1369888560
553,34.1455,118.1435,1369802580
553,34.1459,118.1483,1369796580
553,34.0873,118.1361,1369717500
553,34.0873,118.1361,1369713180
553,34.0873,118.1361,1369710840
553,34.0873,118.1361,1369705140
553,34.0872,118.1362,1369615020
553,34.0692,118.1336,1369545120
553,34.0678,118.1339,1369544160
553,34.0872,118.136,1369455840
553,34.1733,118.3085,1369432320
553,34.0873,118.1361,1369279680
553,34.0873,118.1361,1369278840
553,34.0904,118.3736,1369190700
553,34.1733,118.3086,1369144260
553,34.1192,118.1532,1369096260
553,34.0872,118.1362,1369019400
553,34.0728,118.072,1369016820
553,34.073,118.0714,1369007820
553,34.0845,118.3843,1368939720
553,34.096,118.118,1368925740
553,34.096,118.118,1368925500
553,34.0958,118.1182,1368924780
553,34.0788,118.1278,1368921960
553,34.1287,118.15,1368914280
553,34.0873,118.1361,1368854580
553,34.0873,118.1361,1368853800
553,34.0873,118.1361,1368851340
553,34.1459,118.1483,1368759300
553,34.0763,118.2566,1368678780
553,34.0872,118.1362,1368590520
553,34.087,118.1362,1368588120
553,34.1811,118.3121,1368562140
553,34.1469,118.1491,1368506040
553,34.1442,118.1521,1368502260
553,34.1459,118.1483,1368498420
553,34.1734,118.3084,1368484800
553,34.173,118.3082,1368453600
553,34.1287,118.15,1368414180
553,34.1457,118.1505,1368412080
553,34.1459,118.1483,1368406860
553,34.087,118.136,1368349020
553,34.0873,118.1361,1368344280
553,34.0873,118.1361,1368340080
553,34.0873,118.1361,1368339840
553,34.0873,118.1361,1368325320
553,34.0873,118.1361,1368311520
553,34.0872,118.136,1368246240
553,34.0872,118.1362,1368154500
553,34.1817,118.3114,1368045120
553,34.0873,118.1361,1367808420
553,34.0873,118.1361,1367803560
553,34.0873,118.1361,1367801400
553,34.0894,118.1485,1367790180
553,34.0501,118.2569,1367740200
553,34.0501,118.2569,1367739000
553,34.0499,118.2575,1367735040
553,34.0497,118.257,1367735040
553,34.0873,118.1361,1367719020
553,34.087,118.136,1367710620
553,34.0126,118.2846,1367560200
553,34.0126,118.2846,1367553960
553,34.0126,118.2846,1367550300
553,34.0873,118.1361,1367132100
553,34.0873,118.1361,1367128980
553,34.0873,118.1361,1367125860
553,34.0873,118.136,1367116080
553,34.1452,118.1448,1367109780
553,34.1452,118.1448,1367108340
553,34.0936,118.0912,1367041140
553,34.0936,118.0912,1367035680
553,34.1733,118.3085,1367011440
553,34.0873,118.1362,1366947060
553,34.1811,118.3121,1366899180
553,34.0872,118.1362,1366897560
553,34.0872,118.1362,1366896240
553,34.0958,118.1265,1366868040
553,34.0947,118.1272,1366860660
553,34.1459,118.1483,1366684320
553,34.1287,118.15,1366578720
553,34.087,118.1362,1366528680
553,34.0873,118.1361,1366513920
553,34.081,118.0581,1366487760
553,34.1743,118.2997,1366469160
553,34.0873,118.1361,1366439160
553,34.0873,118.1361,1366428840
553,34.0873,118.136,1366354440
553,34.0872,118.1362,1366348380
553,34.0873,118.1361,1366347840
553,34.0873,118.1361,1366343760
553,34.0873,118.1362,1366293600
553,33.9675,118.1644,1366268100
553,34.0734,118.2402,1366261200
553,34.0848,118.1334,1365992820
553,34.0846,118.1337,1365991920
553,34.073,118.0714,1365986220
553,34.073,118.0714,1365983340
553,34.0703,118.1482,1365970740
553,34.0873,118.1361,1365919560
553,34.0873,118.1361,1365916740
553,34.0873,118.1361,1365911520
553,34.0873,118.1361,1365910380
553,34.0872,118.1361,1365909180
553,34.0871,118.1361,1365908880
553,34.0985,118.3243,1365826920
553,34.0985,118.3243,1365822180
553,34.0985,118.3243,1365821520
553,34.0993,118.3265,1365819120
553,34.1732,118.3085,1365803520
553,34.1732,118.3087,1365801240
553,34.0882,118.1366,1365735900
553,34.0873,118.1361,1365735120
553,34.0872,118.1362,1365729300
553,34.0872,118.136,1365659820
553,34.0873,118.1361,1365656040
553,34.0873,118.1361,1365652620
553,34.0873,118.1361,1365650700
553,34.0872,118.1362,1365646860
553,34.1239,118.154,1365428760
553,34.0873,118.1361,1365376020
553,34.0873,118.1361,1365370800
553,34.0942,118.1293,1365309240
553,34.0942,118.1293,1365303660
553,34.0949,118.1282,1365295560
553,34.1732,118.3082,1365019680
553,33.9505,118.2125,1364956380
553,34.1732,118.3087,1364848800
553,34.1732,118.3087,1364836140
553,34.0331,118.1688,1364714700
553,34.0873,118.1361,1364709240
553,34.0873,118.1361,1364705460
553,34.0873,118.1361,1364703420
553,34.0873,118.1361,1364700300
553,34.0852,118.3839,1364623080
553,34.0565,118.4275,1364620500
553,34.1678,118.3761,1364612100
553,34.0969,118.1226,1364526240
553,34.0873,118.1361,1364443560
553,34.0872,118.1362,1364436540
553,34.1732,118.3083,1364417520
553,34.0873,118.1361,1364356860
553,34.0873,118.1361,1364351520
553,34.0873,118.1361,1364350440
553,34.0945,118.128,1364261280
553,34.0788,118.1228,1364256720
553,34.0873,118.136,1364250600
553,34.1017,118.3265,1364190540
553,34.1017,118.3265,1364188740
553,34.145,118.1521,1364181900
553,34.1459,118.1483,1364175480
553,34.1459,118.1483,1364172000
553,34.1287,118.15,1364166840
553,34.0871,118.1357,1364162340
553,34.1893,118.1588,1364120340
553,34.189,118.1587,1364120040
553,34.189,118.1587,1364119920
553,34.189,118.1587,1364082600
553,34.0873,118.1361,1364016000
553,34.0873,118.1361,1364013180
553,34.0873,118.1361,1364010840
553,34.1731,118.3087,1363981740
553,36.1016,115.174,1363679700
553,36.1016,115.174,1363679520
553,36.1016,115.174,1363677120
553,36.116,115.1743,1363659960
553,36.1006,115.1728,1363653780
553,36.0102,115.1364,1363644300
553,36.1097,115.1737,1363596660
553,36.1103,115.173,1363595460
553,36.1093,115.1744,1363595040
553,36.1093,115.1744,1363594680
553,36.1093,115.1744,1363591860
553,36.1093,115.1744,1363591140
553,36.1093,115.1744,1363590720
553,36.1093,115.1744,1363590240
553,36.1163,115.173,1363588140
553,36.1085,115.173,1363566660
553,36.1097,115.1732,1363563660
553,36.1093,115.1731,1363563300
553,36.109,115.1702,1363562340
553,34.0944,118.1287,1363414020
553,34.0917,118.1442,1363410600
553,34.1287,118.15,1363406340
553,34.1042,118.153,1363356000
553,34.0958,118.1265,1363325580
553,34.1332,118.0525,1363314840
553,34.0873,118.1361,1363150200
553,34.0873,118.1361,1363147980
553,34.0873,118.1361,1363146120
553,34.0873,118.1361,1363144920
553,34.0873,118.1361,1363142940
553,33.9508,118.2127,1363065060
553,34.0872,118.1362,1362965040
553,34.0872,118.136,1362900900
553,34.0873,118.136,1362896760
553,34.0872,118.1362,1362895740
553,34.0872,118.136,1362801360
553,34.1732,118.3083,1362780240
553,34.0872,118.1362,1362712320
553,34.1731,118.3086,1362671760
553,34.0873,118.1361,1362639000
553,34.0872,118.1362,1362635820
553,34.1735,118.3082,1362523080
553,34.1732,118.3085,1362504480
553,34.0735,118.1348,1362374340
553,34.0735,118.1348,1362373140
553,34.0737,118.1347,1362371280
553,34.0735,118.1348,1362292140
553,34.0873,118.1361,1362280020
553,34.1287,118.15,1362275280
553,34.0873,118.1361,1362212580
553,34.0873,118.1361,1362210960
553,34.0873,118.1361,1362208020
553,34.0873,118.1361,1362205080
553,34.0873,118.1361,1362203580
553,34.0873,118.1361,1362203160
553,34.0873,118.1361,1362202800
553,34.0872,118.1362,1362038520
553,34.0872,118.1362,1362021240
553,34.1732,118.3083,1361908440
553,34.0872,118.1362,1361846280
553,34.0872,118.1362,1361845020
553,34.0873,118.1361,1361764140
553,34.0873,118.1361,1361762100
553,34.0872,118.1361,1361739840
553,34.0949,118.1193,1361675220
553,34.0948,118.119,1361669880
553,34.0948,118.1192,1361664600
553,34.0873,118.1362,1361656560
553,34.0872,118.1362,1361427720
553,34.0873,118.1361,1361426220
553,34.0873,118.1361,1361422500
553,34.0872,118.1362,1361243940
553,34.0455,118.2515,1361184540
553,34.0455,118.2515,1361184420
553,34.0455,118.2515,1361171700
553,34.0433,118.2535,1361167260
553,34.0872,118.1362,1361147100
553,34.0845,118.1335,1361095680
553,34.0843,118.1335,1361068860
553,34.1459,118.1483,1361055840
553,34.1043,118.1532,1361040480
553,34.0883,118.1488,1361039820
553,34.0873,118.1362,1361008560
553,34.0872,118.1362,1361004360
553,34.0873,118.1361,1360997100
553,34.087,118.136,1360995660
553,34.0873,118.1361,1360995360
553,34.0873,118.1362,1360911060
553,34.1072,118.1545,1360853520
553,34.1459,118.1483,1360819920
553,34.1459,118.1483,1360814760
553,34.1459,118.1483,1360808580
553,34.073,118.0714,1360799100
553,34.0873,118.1359,1360749120
553,34.0985,118.3243,1360735860
553,34.0985,118.3243,1360732800
553,34.0995,118.3262,1360728360
553,34.098,118.3373,1360727400
553,34.0872,118.1362,1360722660
553,34.0948,118.1192,1360489860
553,34.0948,118.1192,1360486740
553,34.0948,118.1192,1360474680
553,34.1287,118.15,1360466820
553,34.0875,118.1362,1360444080
553,34.0331,118.1688,1360441260
553,34.0873,118.1365,1360383900
553,34.0875,118.1359,1360381500
553,34.0792,118.1352,1360302960
553,34.0793,118.135,1360293900
553,34.0875,118.1361,1360205880
553,34.1728,118.3085,1360007820
553,34.0873,118.1361,1359890880
553,34.0947,118.1272,1359795660
553,34.0947,118.1272,1359794880
553,34.0944,118.1287,1359788580
553,34.1732,118.3085,1359747540
553,34.1287,118.15,1359688620
553,34.1731,118.3086,1359651300
553,34.1731,118.3086,1359650880
553,34.0873,118.1361,1359528960
553,34.0873,118.1361,1359527580
553,34.0873,118.1361,1359525180
553,34.0873,118.1361,1359521940
553,34.1485,118.1582,1359472500
553,34.0872,118.136,1359430380
553,34.0873,118.1361,1359335700
553,34.0872,118.1361,1359245820
553,34.0872,118.1362,1359186180
553,34.0873,118.1361,1359182280
553,34.0873,118.1361,1359179580
553,34.0873,118.1361,1359178140
553,34.0873,118.1361,1359172980
553,34.1732,118.3084,1359136620
553,34.1459,118.1483,1359007620
553,34.145,118.1521,1359003540
553,34.1458,118.1526,1359000600
553,34.1458,118.1526,1359000120
553,34.0773,118.1342,1358717760
553,34.0492,118.2548,1358716560
553,34.0501,118.2569,1358711760
553,34.0501,118.2569,1358666160
553,34.0501,118.2569,1358663460
553,34.0497,118.2563,1358661180
553,34.0868,118.136,1358639880
553,34.0873,118.1361,1358629920
553,34.0872,118.136,1358572500
553,34.1122,118.126,1358564220
553,34.1122,118.126,1358563920
553,34.1287,118.15,1358374980
553,34.0912,118.1475,1358361420
553,34.1732,118.3083,1358290620
553,34.0873,118.136,1358228100
553,34.0848,118.3843,1358066760
553,34.0848,118.3843,1358057400
553,34.0852,118.3839,1358050140
553,34.0852,118.3839,1358048400
553,34.0834,118.3853,1358043840
553,34.0958,118.1265,1358031480
553,34.0873,118.1361,1357974060
553,34.0869,118.1356,1357973580
553,34.0873,118.1361,1357972680
553,34.0873,118.1361,1357967100
553,34.1731,118.3086,1357840140
553,34.0872,118.1361,1357529340
553,34.0802,118.0823,1357518240
553,34.0504,118.0841,1357516980
553,34.0771,118.134,1357512300
553,34.0872,118.1361,1357462320
553,34.087,118.1364,1357435380
553,34.0873,118.1361,1357371900
553,34.0873,118.1361,1357369620
553,34.0873,118.1361,1357369020
553,34.0873,118.1361,1357367520
553,34.0873,118.1361,1357365240
553,34.073,118.0714,1357357380
553,34.073,118.0714,1357357260
553,34.0953,118.1032,1357075680
553,34.0953,118.1033,1357019700
553,34.0952,118.1033,1357014240
553,34.0872,118.1362,1357004580
553,34.0873,118.1362,1356905220
553,34.0876,118.1356,1356897360
553,34.0952,118.1033,1356854640
553,34.0873,118.1361,1356758160
553,34.0953,118.1032,1356673200
553,34.0872,118.1362,1356670200
553,34.1287,118.1498,1356662280
553,34.0872,118.1361,1356502440
553,34.0873,118.1361,1356418560
553,34.0873,118.1361,1356416340
553,34.0872,118.1362,1356414600
553,34.0874,118.136,1356353040
553,34.0872,118.1362,1356350760
553,34.0872,118.1361,1356345360
553,34.0867,118.1362,1356344280
553,34.0627,118.3489,1356332820
553,34.0627,118.3489,1356331860
553,34.0872,118.1362,1356308880
553,34.1457,118.1459,1356236280
553,34.1457,118.1459,1356233760
553,34.0845,118.1333,1356178440
553,34.0845,118.1333,1356165600
553,34.0627,118.3489,1356152400
553,34.0873,118.1362,1356139920
553,34.0872,118.1362,1356061920
553,34.1504,118.2554,1355963220
553,34.0852,118.3839,1355806800
553,34.0996,118.329,1355802540
553,34.0872,118.1361,1355650200
553,34.0872,118.1362,1355636640
553,34.0872,118.1362,1355542260
553,34.1758,118.2917,1355348700
553,34.1732,118.3083,1355322960
553,34.0873,118.1362,1355296260
553,34.0872,118.1362,1355288520
553,34.0872,118.1362,1355278620
553,34.0872,118.1362,1355038800
553,34.0872,118.136,1355037480
553,34.0872,118.1361,1355036580
553,34.1062,118.1344,1354955520
553,34.1027,118.1048,1354948620
553,34.1732,118.3085,1354809300
553,34.1732,118.3085,1354807200
553,34.0872,118.1362,1354771380
553,34.0956,118.1274,1354766220
553,34.0873,118.1362,1354689600
553,34.0873,118.1361,1354686660
553,34.0873,118.1361,1354686420
553,34.0873,118.1361,1354683480
553,34.0873,118.1361,1354680960
553,34.0872,118.1362,1354586040
553,34.1753,118.3008,1354555560
553,34.0872,118.1361,1354517340
553,34.0873,118.1362,1354509120
553,34.0872,118.1362,1354500000
553,34.0869,118.136,1354481520
553,34.0873,118.1361,1354453620
553,34.0452,118.2508,1354439340
553,34.0868,118.1363,1354424820
553,34.0882,118.1362,1354399080
553,34.1378,118.3534,1354342320
553,34.1735,118.3083,1354309680
553,34.1042,118.153,1354287180
553,34.0796,118.1029,1354242660
553,34.1732,118.3083,1354206240
553,34.0947,118.1272,1354167420
553,34.0947,118.1272,1354163280
553,34.1735,118.3082,1354139160
553,34.087,118.1358,1354081620
553,34.087,118.136,1354080180
553,34.0867,118.1362,1354077780
553,34.087,118.136,1354076400
553,34.0928,118.13,1353878760
553,34.0775,118.133,1353877380
553,34.0948,118.1193,1353833220
553,34.0949,118.1191,1353830100
553,34.0947,118.1193,1353818580
553,34.0872,118.1361,1353790320
553,34.0872,118.1361,1353710820
553,34.087,118.136,1353660900
553,34.087,118.136,1353655860
553,34.087,118.136,1353654240
553,34.087,118.136,1353646620
553,34.087,118.136,1353646200
553,34.087,118.136,1353643920
553,34.087,118.136,1353640320
553,34.0873,118.1361,1353634740
553,34.0873,118.136,1353632760
553,34.0833,118.1343,1353569640
553,34.1287,118.15,1353561720
553,34.1732,118.3086,1353531960
553,34.1732,118.3084,1353513360
553,34.1732,118.3082,1353446760
553,34.0872,118.1362,1353388380
553,34.0872,118.1361,1353386460
553,34.0872,118.1361,1353291660
553,34.0872,118.1362,1353272460
553,34.0873,118.1362,1353269100
553,34.0872,118.1362,1353265380
553,34.0875,118.1358,1353212880
553,34.0872,118.1362,1353208140
553,34.0872,118.1362,1353197580
553,34.0872,118.1362,1353184320
553,34.087,118.136,1353184080
553,34.087,118.136,1353133080
553,34.087,118.136,1353131280
553,34.087,118.136,1353130260
553,34.087,118.136,1353126540
553,34.0867,118.1361,1353122220
553,34.0873,118.1361,1353121560
553,34.087,118.136,1353119880
553,34.087,118.136,1353036660
553,34.0871,118.136,1353035280
553,34.087,118.136,1353034200
553,34.0869,118.136,1353028380
553,34.1732,118.3084,1352993100
553,34.087,118.136,1352867700
553,34.087,118.136,1352866320
553,34.0872,118.1361,1352862360
553,34.0873,118.136,1352795340
553,34.0872,118.1361,1352788740
553,34.1735,118.308,1352733180
553,34.0908,118.3615,1352620680
553,34.0873,118.136,1352614080
553,34.087,118.136,1352599440
553,34.0872,118.1362,1352594820
553,34.0872,118.1362,1352590860
553,34.0848,118.3843,1352531880
553,34.082,118.3812,1352525760
553,33.9878,117.9065,1352524680
553,34.1734,118.3082,1352498040
553,34.0628,118.099,1352441160
553,33.988,117.9064,1352436420
553,34.0471,118.0085,1352433180
553,34.0872,118.1362,1352431140
553,34.0871,118.1362,1352423700
553,34.1286,118.15,1352258820
553,34.1287,118.15,1352258460
553,34.1287,118.15,1352256060
553,34.1732,118.3082,1352237940
553,34.0872,118.1361,1352182740
553,34.087,118.136,1352177100
553,34.087,118.136,1352172180
553,34.0873,118.1359,1352171820
553,34.0872,118.1361,1352070720
553,34.0871,118.1361,1352003820
553,34.087,118.136,1352002860
553,34.087,118.136,1352001180
553,34.087,118.136,1351991520
553,34.0872,118.1361,1351987260
553,34.0872,118.1361,1351978980
553,34.087,118.136,1351978620
553,34.0871,118.1362,1351923480
553,34.0874,118.1359,1351907940
553,34.087,118.136,1351898880
553,34.087,118.136,1351897140
553,34.087,118.136,1351895760
553,34.087,118.136,1351836660
553,34.0873,118.1359,1351835280
553,34.0871,118.1358,1351830660
553,34.0874,118.1359,1351827900
553,34.087,118.136,1351825980
553,34.087,118.136,1351823340
553,34.087,118.136,1351816500
553,34.0862,118.1376,1351788780
553,34.1042,118.153,1351787580
553,34.0873,118.1362,1351690440
553,34.0872,118.1362,1351646520
553,34.0872,118.1361,1351569900
553,34.0873,118.1361,1351561800
553,34.0872,118.136,1351479900
553,34.0873,118.136,1351471860
553,34.0895,117.2927,1351453920
553,34.0875,117.2898,1351386360
553,34.0879,118.1368,1351363560
553,34.0872,118.1361,1351362960
553,34.1397,118.0218,1351312440
553,34.0952,118.1033,1351304880
553,34.1732,118.3084,1351265340
553,34.0958,118.1265,1351216440
553,34.0958,118.1265,1351215900
553,34.087,118.136,1351132860
553,34.087,118.136,1351132020
553,34.087,118.136,1351131120
553,34.087,118.136,1351129380
553,34.1732,118.3085,1351002960
553,34.1356,118.1541,1351000500
553,34.1459,118.1483,1350871740
553,34.0872,118.1361,1350805680
553,34.0872,118.136,1350804540
553,34.1459,118.1483,1350787140
553,34.0872,118.1361,1350758400
553,34.0874,118.1363,1350697380
553,34.0872,118.1361,1350618720
553,34.0875,118.136,1350609240
553,34.173,118.3089,1350311460
553,34.1459,118.1483,1350281160
553,34.1459,118.1483,1350275280
553,34.1453,118.1509,1350272760
553,34.1453,118.1509,1350272340
553,34.1453,118.1509,1350271680
553,34.1457,118.1561,1350268560
553,34.0872,118.1362,1350245760
553,34.0946,118.1287,1350117300
553,34.0946,118.1287,1350115920
553,34.0944,118.1287,1350112980
553,34.0943,118.1282,1350108900
553,34.0952,118.1281,1350102060
553,34.0872,118.1362,1350007980
553,34.0872,118.136,1350004020
553,34.0872,118.1361,1349833680
553,34.118,118.1531,1349793780
553,34.1008,118.1059,1349791920
553,34.0874,118.136,1349633820
553,34.087,118.136,1349591640
553,34.087,118.136,1349590800
553,34.087,118.136,1349589000
553,34.087,118.136,1349586240
553,34.087,118.136,1349583240
553,34.087,118.136,1349578920
553,34.087,118.136,1349576280
553,34.087,118.136,1349574660
553,34.1732,118.3086,1349448840
553,34.0872,118.136,1349321580
553,34.0872,118.1361,1349313840
553,34.087,118.136,1349058120
553,34.0873,118.1359,1349057100
553,34.087,118.136,1349055360
553,34.087,118.136,1349054580
553,34.087,118.136,1349053860
553,34.0872,118.1361,1349044200
553,34.123,118.0704,1349035740
553,34.0331,118.1688,1348989420
553,33.8079,117.8766,1348978680
553,33.808,117.8764,1348975560
553,34.0874,118.136,1348888740
553,34.0872,118.1362,1348888320
553,34.0873,118.136,1348886160
553,34.1731,118.3087,1348866420
553,34.0872,118.136,1348724460
553,34.1287,118.15,1348623780
553,34.1893,118.3275,1348607700
553,34.0872,118.136,1348544940
553,34.0873,118.1362,1348519620
553,34.1732,118.3084,1348519500
553,34.0944,118.1287,1348461240
553,34.1503,118.0816,1348455720
553,34.1486,118.1415,1348453440
553,34.1452,118.1437,1348451280
553,34.1452,118.1448,1348450080
553,34.1455,118.1435,1348446000
553,34.0894,118.1485,1348426440
553,34.0872,118.136,1348417440
553,34.0872,118.1361,1348349220
553,34.0872,118.136,1348348500
553,34.0976,118.1239,1348346400
553,34.0873,118.1359,1348206540
553,34.0872,118.136,1348200960
553,34.0871,118.1361,1348192620
553,34.1732,118.3084,1348167660
553,34.1733,118.3083,1348167420
553,34.1732,118.3083,1348091580
553,34.1731,118.3084,1348069440
553,34.1732,118.3084,1348065180
553,34.0948,118.1275,1347765540
553,34.087,118.136,1347756900
553,34.087,118.136,1347754080
553,34.087,118.136,1347749880
553,34.087,118.136,1347748200
553,34.0958,118.1265,1347742920
553,34.1732,118.3086,1347721140
553,34.0845,118.1333,1347686040
553,34.0845,118.1334,1347680760
553,34.0916,118.1379,1347629400
553,34.0872,118.1361,1347590640
553,34.0873,118.1361,1347511140
553,34.0874,118.136,1347502680
553,34.127,118.1522,1347241740
553,34.1287,118.15,1347239640
553,34.087,118.136,1347232020
553,34.087,118.136,1347230520
553,34.0872,118.1361,1347220380
553,34.0978,118.1234,1347219060
553,34.1732,118.3084,1347122280
553,34.0845,118.1334,1347075540
553,34.1732,118.3084,1346862180
553,34.0872,118.1361,1346723220
553,34.0507,118.2503,1346702940
553,34.0571,118.248,1346701200
553,34.0553,118.2499,1346700480
553,34.087,118.136,1346632140
553,34.087,118.136,1346628840
553,34.0847,118.1331,1346545440
553,34.0819,117.7632,1346532360
553,34.0819,117.7632,1346531760
553,34.0819,117.7632,1346527920
553,34.1287,118.15,1346466720
553,34.1287,118.15,1346464680
553,34.1287,118.15,1346461800
553,34.1732,118.3084,1346443680
553,34.1733,118.3084,1346440620
553,34.0874,118.136,1346381760
553,34.0874,118.136,1346378340
553,34.1503,118.0816,1346293740
553,34.1732,118.3084,1346269980
553,34.1732,118.3084,1346251680
553,34.1732,118.3084,1346251440
553,34.145,118.1521,1346210820
553,34.1445,118.1521,1346208180
553,34.1731,118.3084,1346176140
553,34.1732,118.3084,1346171280
553,34.1042,118.153,1346162100
553,34.1733,118.3083,1346078640
553,34.1734,118.302,1346077380
553,34.0908,118.3615,1345943940
553,34.1287,118.15,1345937460
553,34.1287,118.15,1345687560
553,34.0978,118.3292,1345415280
553,34.0996,118.329,1345413720
553,34.0948,118.1275,1345011300
553,34.0948,118.1275,1345006500
553,34.0948,118.1275,1345003020
553,34.1017,118.3265,1344912060
553,34.1459,118.1483,1344807360
553,34.0947,118.1272,1344750480
553,34.1732,118.3085,1344634500
553,34.1732,118.3084,1344634380
553,34.1732,118.3084,1344634260
553,34.0443,118.2671,1344486840
553,34.1733,118.3086,1344353040
553,34.065,118.2345,1344271920
553,34.065,118.2345,1344271740
553,34.065,118.2345,1344271320
553,34.065,118.2345,1344270840
553,34.065,118.2345,1344270720
553,34.065,118.2345,1344270600
553,34.0668,118.2343,1344139440
553,34.0703,118.2303,1344137940
553,34.0688,118.2314,1344135060
553,34.0734,118.2402,1344046620
553,34.1732,118.3085,1344000960
553,34.044,118.2678,1343683140
553,34.0848,118.1228,1343616900
553,34.1732,118.3085,1343492940
553,34.0432,118.2672,1343486880
553,34.0432,118.2673,1343486760
553,34.1734,118.3079,1343486040
553,34.0431,118.2672,1343444160
553,34.0431,118.2672,1343442240
553,34.1732,118.3084,1343400120
553,34.1733,118.3082,1343339040
553,34.1733,118.3081,1343335920
553,34.1732,118.3084,1343321820
553,34.1732,118.3084,1343235900
553,34.0958,118.1265,1343103660
553,34.1732,118.3085,1343060460
553,34.0848,118.1336,1343014380
553,34.1347,118.1521,1343001960
553,34.0863,118.1766,1342997460
553,34.0863,118.1777,1342994700
553,34.0948,118.1192,1342932000
553,34.0949,118.1192,1342929360
553,34.095,118.1192,1342914120
553,34.1736,118.308,1342819440
553,34.1732,118.3085,1342795440
553,34.1347,118.1522,1342751460
553,34.1733,118.3085,1342473780
553,34.1733,118.3085,1341949080
553,34.0788,118.1228,1341804180
553,34.0917,118.2403,1341709680
553,34.1733,118.3018,1341678180
553,34.0329,118.1688,1341631380
553,34.1732,118.3085,1341602640
553,34.0312,118.4471,1341543420
553,34.0312,118.4471,1341542580
553,34.08,118.1372,1341373980
553,34.0801,118.1371,1341372960
553,34.0803,118.1372,1341369960
553,34.1712,118.289,1341288360
553,34.1737,118.3078,1341267000
553,34.1825,118.1558,1341108180
553,34.1825,118.1558,1341106140
553,34.1287,118.15,1340579760
553,34.1732,118.3085,1340467020
553,34.1733,118.3084,1340383260
553,34.1736,118.3088,1340377320
553,34.1732,118.3084,1340225940
553,34.0957,118.1179,1339898280
553,34.1732,118.3085,1339858860
553,34.1242,118.1543,1339857000
553,34.1732,118.3083,1339779840
553,34.1287,118.15,1339562280
553,34.1455,118.1435,1339377900
553,34.1455,118.1435,1339375320
553,34.1455,118.1435,1339374180
553,34.1734,118.3082,1339078380
553,34.0852,118.3847,1338753360
553,34.0845,118.3843,1338702300
553,34.1733,118.3085,1338410460
553,34.0473,118.257,1338167400
553,34.0787,118.1546,1338165420
553,34.0455,118.2585,1338158640
553,34.0497,118.258,1338157560
553,34.0483,118.2581,1338156660
553,34.0488,118.2559,1338155160
553,34.0331,118.1688,1337829840
553,34.1732,118.3084,1337812140
553,34.1732,118.3084,1337719140
553,34.1459,118.1483,1337499060
553,34.1459,118.1483,1337493300
553,34.1612,118.3007,1337191440
553,34.1731,118.3085,1337095560
553,34.1731,118.3085,1337095440
553,34.0904,118.1384,1336876560
553,34.1731,118.3086,1336683840
553,34.15,118.0709,1335678840
553,34.15,118.0709,1335676680
553,34.1817,118.3114,1335554760
553,34.1731,118.3085,1334938260
553,34.1762,118.3122,1334759880
553,34.0949,118.1274,1334545320
553,34.0846,118.1334,1334541780
553,34.1287,118.1498,1334534640
553,34.1731,118.3086,1334338080
553,34.1732,118.3085,1334246460
553,34.1733,118.3083,1334077020
553,34.1731,118.3086,1333722660
553,34.189,118.3272,1333486920
553,34.189,118.1588,1333270500
553,34.1894,118.159,1333265100
553,34.1457,118.1505,1333163160
553,34.0927,118.1327,1333074600
553,34.0927,118.1327,1333074300
553,34.1062,118.1343,1332948780
553,34.0845,118.1372,1332813000
553,36.1012,115.174,1332017880
553,34.0953,118.1266,1330816860
553,34.1468,118.1478,1330036560
553,34.1732,118.3083,1329924240
553,34.1735,118.3083,1329516660
553,34.1732,118.3083,1329421380
553,34.1765,118.2968,1329233820
553,36.1003,115.1735,1329159360
553,36.1138,115.1733,1327945620
553,36.1005,115.1735,1327945500
553,36.1087,115.1733,1327945020
553,36.1087,115.1733,1327944840
553,36.1373,115.1623,1327942500
553,34.1733,118.3083,1327014060
553,34.0627,118.349,1326946560
553,34.1733,118.3083,1325641080
553,34.0952,118.1267,1325458800
553,34.1732,118.3085,1324686120
553,34.1733,118.3083,1324065240
553,34.1446,118.1851,1323445080
553,34.1332,118.0438,1322981700
553,34.0958,118.1265,1322981340
553,34.0752,118.3772,1322363220
553,34.0752,118.3772,1322362380
553,34.0757,118.3775,1322362260
553,34.0752,118.3772,1322362020
553,34.0755,118.3772,1322361840
553,34.075,118.3772,1322361660
553,34.2169,119.0648,1322214960
553,34.1017,118.3402,1322122560
553,34.0339,118.2399,1322028900
553,34.0898,117.2932,1320442080
553,34.173,118.3084,1319039220
553,34.1732,118.3083,1318521780
553,34.0909,117.2932,1316910300
553,34.1734,118.308,1316185620
553,34.1733,118.3081,1315853760
553,34.1734,118.308,1314892500
553,34.1458,118.1434,1314080280
553,34.1734,118.3082,1313527800
553,34.1734,118.3081,1313422680
553,34.1733,118.3082,1313081280
553,34.1731,118.3084,1312302120
553,34.1734,118.3078,1312211400
553,34.1734,118.3078,1312211100
553,34.1734,118.3078,1311781260
553,34.1734,118.308,1310568120
553,34.1734,118.308,1308766980
553,34.1734,118.308,1308687360
553,34.1734,118.308,1308687240
553,34.1732,118.3081,1308409620
553,34.1732,118.3081,1308409500
553,34.1732,118.3081,1308409200
553,34.1732,118.3081,1308409080
553,34.1732,118.3081,1308408960
553,34.1734,118.3081,1308241500
553,34.1734,118.3081,1308241380
553,34.1465,118.09,1307769660
553,34.0785,118.1231,1307507700
553,34.0957,118.1274,1307245140
553,34.1733,118.3083,1307211840
553,34.1733,118.3083,1307211120
