555,7.4234,109.4111,1374488640
555,7.449,109.4011,1372596660
555,7.449,109.4011,1372506480
555,7.3967,109.3486,1370523480
555,7.3938,109.3705,1369708560
555,7.43,109.4332,1369572600
555,7.4204,109.4088,1364696580
555,7.4197,109.4083,1363600380
555,7.4262,109.4128,1362753420
555,7.4269,109.4247,1361267400
555,7.3907,109.373,1359209460
555,7.4163,109.4065,1358643360
555,7.3534,109.3317,1358580960
555,7.4269,109.4247,1358319720
555,7.4269,109.4247,1358319360
555,7.3865,109.3593,1357730580
555,7.3929,109.3653,1357713840
555,7.3981,109.2358,1357642860
555,7.3786,109.3613,1356929100
555,7.4269,109.4247,1356524580
555,7.7924,110.3916,1352499420
