56,15.7641,47.8817,1378256700
56,15.7617,47.8704,1378232580
56,15.8313,47.9113,1377999660
56,15.8002,47.8618,1377895380
56,15.7618,47.87,1377873060
56,15.7689,47.8789,1377810780
56,15.769,47.879,1377791940
56,15.76,47.8797,1377739860
56,15.7807,47.8925,1377451920
56,15.7641,47.8817,1377195660
56,15.7687,47.8789,1377034500
56,15.723,47.8872,1376868120
56,15.7882,47.8967,1376777100
56,15.779,47.8602,1376677800
56,15.7724,47.7796,1376601480
56,15.0,47.87,1376500020
56,15.8176,47.8709,1376407620
56,15.7689,47.8788,1376088420
56,15.769,47.8789,1375900080
56,15.7688,47.8788,1375845240
56,15.7714,47.871,1375743660
56,15.6561,47.857,1375671960
56,15.7688,47.8788,1375575780
56,23.5467,46.638,1374865440
56,15.7689,47.8789,1374754380
56,15.7807,47.8925,1374622440
56,15.7689,47.8788,1374555420
56,15.9696,48.0281,1374434100
56,23.5801,46.6607,1374254520
56,15.7688,47.879,1374170940
56,15.7688,47.8788,1374007560
56,23.5622,46.7215,1373956740
56,15.7688,47.8788,1373906880
56,23.5733,46.6559,1373676300
56,23.5553,46.6355,1373662560
56,23.5894,46.6596,1373583600
56,23.535,46.6347,1373489760
56,23.565,46.654,1373479920
56,23.5456,46.6401,1373463480
56,23.5592,46.6588,1373326860
56,23.5562,46.6582,1373298300
56,23.5572,46.6613,1373237580
56,23.5381,46.6712,1373067240
56,23.5626,46.6557,1372984080
56,23.5381,46.6712,1372895100
56,23.5547,46.6615,1372812720
56,23.5568,46.7328,1372779900
56,23.5563,46.658,1372743420
56,23.5547,46.6615,1372694820
56,15.7688,47.8788,1372602300
56,15.7688,47.8788,1372294500
56,20.3851,43.5049,1372180320
56,15.7689,47.8788,1372077840
56,15.7688,47.8788,1369700820
56,15.7689,47.8789,1369257420
56,15.8107,47.7827,1368835020
56,15.8142,47.839,1367184660
56,15.8086,47.8856,1367111040
56,15.7689,47.8788,1366993620
56,15.8575,47.9145,1365352380
56,15.8505,47.896,1364773560
56,15.7689,47.879,1364423100
56,15.7689,47.8789,1363743480
56,15.7688,47.8789,1363135320
56,15.7225,47.8726,1361635620
56,15.7602,47.8797,1361398020
56,15.7689,47.8789,1361225640
56,15.76,47.8797,1360285920
56,15.76,47.8797,1359821520
56,15.7641,47.8817,1359571080
56,15.7688,47.8789,1359375240
56,15.769,47.8789,1358709720
56,15.8014,47.8651,1358442300
56,23.559,46.6601,1357863900
56,23.5598,46.6621,1357841340
56,23.5589,46.6597,1357722300
56,23.5599,46.6717,1357609020
56,23.5568,46.6762,1357605540
56,23.1077,47.0102,1357486260
56,23.0441,46.9969,1357411500
56,23.0385,46.9905,1357026840
56,23.0385,46.9905,1357003380
56,23.0385,46.9905,1356887100
56,22.8995,47.0502,1356752520
56,22.8995,47.0502,1356747960
56,15.7531,47.8697,1356290640
56,15.769,47.8789,1356118140
56,15.7948,47.8829,1355260260
56,15.7688,47.8789,1355235420
56,15.769,47.879,1355191980
56,15.7688,47.8788,1355065140
56,15.7688,47.8789,1354736520
56,15.7689,47.8789,1351985340
56,15.7689,47.879,1346303280
56,23.5626,46.6557,1345992060
56,15.8094,47.9076,1337040720
56,15.769,47.879,1336707600
56,19.875,43.961,1334877720
56,15.7689,47.879,1334585040
56,40.75,73.9913,1332373020
56,15.8095,47.9074,1332372900
56,15.7689,47.879,1331770920
56,15.7689,47.879,1331770680
56,34.6038,58.3832,1331422500
56,15.769,47.8791,1331422380
56,34.6036,58.3664,1330832640
56,42.3463,71.084,1329837840
56,15.7688,47.879,1329501060
56,15.7688,47.879,1329500880
56,15.7688,47.879,1329265200
56,15.7688,47.879,1329265020
56,40.8082,73.9622,1328215320
56,40.7803,73.9751,1328203320
56,42.3463,71.0843,1327897080
56,42.3463,71.0844,1327791660
56,42.374,71.1171,1327686780
56,42.347,71.0835,1327611060
56,42.3489,71.0824,1327528500
56,15.7688,47.879,1327385460
56,15.7688,47.879,1327385340
56,15.7691,47.8792,1326784260
56,15.7688,47.879,1326397260
56,23.5372,46.7595,1325985420
56,23.5372,46.7594,1325446620
56,23.0445,46.9968,1325255280
56,23.0413,46.9942,1325209740
56,15.7688,47.879,1324784520
56,15.7688,47.879,1324767300
56,15.7688,47.879,1324746300
56,15.7689,47.8791,1324716480
56,15.7688,47.8791,1324492800
56,15.7687,47.879,1324409400
56,15.7689,47.8791,1324324860
56,15.7725,47.8862,1324324740
56,15.7689,47.879,1323956520
56,15.7688,47.8791,1323794100
56,15.763,47.87,1323730800
56,15.763,47.87,1323730800
56,15.763,47.87,1323730680
56,15.7689,47.879,1323593100
56,15.7688,47.879,1323497580
56,15.769,47.8791,1323380520
56,15.7688,47.879,1323238680
56,15.769,47.8791,1323238140
56,15.7688,47.8791,1323188400
56,15.7689,47.8791,1322591580
56,15.7689,47.879,1322541240
56,15.8142,47.8865,1322540160
56,15.7688,47.879,1322012760
56,15.7688,47.879,1321898160
56,15.769,47.8792,1321844340
56,15.7688,47.8791,1321844220
56,15.7689,47.8791,1321738740
56,15.7688,47.879,1321655220
56,15.7688,47.879,1321587540
56,15.8474,47.8389,1321325340
56,15.8475,47.8388,1321324740
56,15.8475,47.8388,1321324320
56,15.8182,47.8752,1321317720
56,15.7689,47.8791,1321248360
56,15.7689,47.8791,1321248240
56,15.7689,47.8791,1321248060
56,15.7677,47.88,1321246320
56,15.7688,47.879,1321078500
56,15.7688,47.879,1320973980
56,15.7689,47.879,1320973860
56,15.7688,47.879,1320891360
56,15.8142,47.8865,1320859680
56,15.7689,47.8791,1320595380
56,15.769,47.8791,1320524760
56,15.7689,47.8791,1320524700
56,15.8142,47.8864,1320428280
56,15.7688,47.879,1320161760
56,15.7688,47.879,1320112860
56,15.7688,47.8791,1320008820
56,15.7688,47.879,1320007860
56,15.7688,47.8792,1320003720
56,15.7688,47.879,1319847300
56,15.7689,47.879,1319839380
56,15.7689,47.8791,1319838960
56,19.875,43.961,1319776680
56,15.7691,47.8791,1319764140
56,15.7342,47.8697,1319730180
56,15.7689,47.8791,1319681940
56,15.7689,47.8791,1319583300
56,15.7688,47.8791,1319583240
56,15.7689,47.879,1319582940
56,15.769,47.8791,1319507520
56,15.7688,47.879,1319405220
56,15.7689,47.8792,1319348460
56,15.655,47.8575,1319289300
56,15.6549,47.8576,1319289120
56,15.7688,47.879,1319211120
56,15.7688,47.879,1319160240
56,15.769,47.8791,1318987740
56,15.769,47.8791,1318982940
56,15.7688,47.879,1318949160
56,15.7689,47.8791,1318527000
56,15.7688,47.879,1317928320
