570,42.3259,83.8795,1377286380
570,39.0839,84.4835,1377101160
570,41.4987,81.6902,1376964900
570,43.9588,86.4609,1376781540
570,43.9529,86.4597,1376781240
570,43.9559,86.454,1376776980
570,43.9559,86.454,1376776500
570,43.9562,86.4534,1376767140
570,43.9588,86.4609,1376687760
570,43.9555,86.4484,1376686800
570,45.6707,84.4297,1376435940
570,44.9883,85.773,1376223000
570,45.0076,86.0938,1376156820
570,45.0215,85.9562,1376146320
570,45.0233,85.7616,1376140740
570,42.337,83.0617,1375806240
570,42.3259,83.8795,1375722120
570,42.3259,83.8795,1375722060
570,42.4599,83.1358,1375463940
570,42.3299,83.0332,1375377480
570,42.3364,82.9855,1375376160
570,42.3421,83.0571,1375371960
570,42.3416,83.0565,1375371840
570,42.3259,83.8795,1375117920
570,42.2421,83.6113,1374966420
570,42.2428,83.6102,1374959340
570,42.2445,83.6116,1374952800
570,42.2445,83.6116,1374950100
570,42.3259,83.8795,1374936660
570,42.3259,83.8795,1374935580
570,42.2445,83.6116,1374883320
570,42.2445,83.6116,1374882120
570,42.2445,83.6116,1374881400
570,42.2438,83.6113,1374858960
570,45.0233,85.7612,1374782040
570,45.1212,85.9746,1374774660
570,45.1217,85.9737,1374769320
570,44.9883,85.773,1374761400
570,42.3259,83.8795,1374508560
570,42.3259,83.8795,1374505860
570,42.9751,83.7564,1374248940
570,42.485,83.1461,1373500740
570,42.485,83.1461,1373500740
570,42.4878,83.142,1373500620
570,42.5456,83.2092,1373398080
570,42.275,83.7331,1373308620
570,42.3228,83.8785,1373305200
570,42.3228,83.8785,1373305080
570,45.0151,85.7592,1372982820
570,45.0428,85.5959,1372951740
570,44.988,85.7733,1372810320
570,45.6463,84.4756,1372435200
570,45.6469,84.4748,1372435080
570,42.4819,83.1513,1371764280
570,42.3228,83.8785,1371750480
570,44.676,85.4668,1371252480
570,42.3259,83.8795,1368463680
570,42.3259,83.8795,1367241480
570,42.3259,83.8795,1366042260
570,38.8892,77.0502,1364240520
570,42.3259,83.8795,1361899740
570,39.0852,84.5106,1360952520
570,42.3259,83.8795,1360427820
570,42.3259,83.8795,1360427400
570,42.3259,83.8795,1360251720
570,42.3373,83.8897,1360006860
570,42.3373,83.8897,1360006080
570,42.7035,83.2987,1356194520
570,42.3833,83.0656,1356025560
570,42.649,83.4997,1355448900
570,42.649,83.4997,1355443500
570,42.2792,83.7484,1355271960
570,42.2792,83.7484,1355270400
570,42.3373,83.8897,1355256960
570,42.3373,83.8895,1355251740
570,42.3373,83.8895,1355251560
570,42.3468,83.04,1354987560
570,42.3259,83.8795,1354650780
570,42.3259,83.8795,1354644840
570,42.3259,83.8795,1354208880
570,42.3259,83.8795,1354207560
570,42.3259,83.8795,1354205760
570,42.3259,83.8795,1353432180
570,42.3259,83.8795,1353431640
570,42.6647,83.3303,1353176640
570,42.3373,83.8897,1353008760
570,42.3373,83.8897,1353006780
570,42.3373,83.8897,1353005940
570,42.3373,83.8897,1353003420
570,42.3373,83.8895,1353003300
570,42.3259,83.8795,1352311980
570,42.3341,83.0532,1351874040
570,42.3341,83.0532,1351873980
570,42.3338,83.003,1351440300
570,42.3492,83.0422,1351353300
570,42.3468,83.04,1351350960
570,42.4476,83.107,1351350360
570,42.5687,83.2455,1351348200
570,42.3375,83.8898,1351105500
570,42.3503,83.0611,1351002780
570,42.3503,83.0602,1351002720
570,42.3505,83.0602,1351002540
570,42.7908,83.1852,1350758640
570,42.3318,83.0514,1350581640
570,42.3314,83.0492,1350581400
570,39.743,104.9967,1350189840
570,39.743,104.9965,1350185220
570,39.743,104.9963,1350185160
570,39.743,104.9967,1350185100
570,39.7433,104.9963,1350155520
570,39.741,104.9983,1350147780
570,39.7466,104.9916,1350145440
570,42.7471,83.2835,1349643720
570,43.0632,85.5852,1347650340
570,42.3413,83.0312,1347565140
570,43.9537,86.4692,1345345860
570,42.3374,83.8898,1344969180
570,42.3411,83.01,1342385220
570,45.3181,85.2433,1341774420
570,45.4306,84.985,1341771240
570,45.4306,84.985,1341771180
570,45.3798,84.9427,1341762780
570,42.7644,83.4578,1341418800
570,42.3375,83.8896,1341341220
570,42.3373,83.8897,1341337560
570,42.3455,83.0609,1340049540
570,42.8159,83.5517,1338224040
570,42.5692,83.5492,1338146640
570,42.3375,83.8897,1337795220
570,37.2672,81.122,1334511300
570,42.3373,83.8897,1333650600
570,42.3373,83.8897,1333649340
570,42.3373,83.8897,1333648740
570,42.3376,83.8896,1317151260
570,42.3376,83.8896,1317151200
570,42.3375,83.8897,1317135900
570,42.3033,83.7465,1317066300
570,42.4896,83.1446,1316898240
570,42.4896,83.1443,1316889660
570,42.3373,83.8898,1316811180
570,42.3373,83.8895,1316807460
570,42.5027,83.514,1316194620
570,42.5026,83.1051,1316037540
570,42.3337,83.8872,1315951380
570,42.3374,83.8896,1315325520
570,42.3374,83.8896,1315325340
570,42.3374,83.8896,1315325340
570,42.3374,83.8896,1315325340
570,42.3374,83.8896,1315324080
570,42.3374,83.8896,1315323900
570,45.3195,85.2597,1315231380
570,45.3195,85.2597,1315230180
