574,8.6493,115.1931,1378039860
574,8.6493,115.1931,1377867300
574,8.6493,115.1931,1377777300
574,8.7595,115.169,1377307380
574,8.6704,115.1591,1377172080
574,8.6735,115.2186,1377069720
574,8.6493,115.1931,1376914260
574,8.6516,115.196,1376828520
574,8.6738,115.2186,1376793660
574,8.6488,115.1973,1376707200
574,8.6493,115.1931,1376655540
574,8.6493,115.1931,1376569920
574,8.6494,115.1931,1376324880
574,8.6877,115.1845,1376217960
574,8.6515,115.225,1376132280
574,8.6493,115.1931,1375977360
574,8.6516,115.1959,1375863420
574,8.6494,115.1931,1375528740
574,8.6494,115.1931,1375452540
574,8.6494,115.1931,1375180260
574,8.6495,115.1933,1375020780
574,8.6822,115.1537,1374978480
574,8.6822,115.1537,1374935280
574,8.6966,115.1686,1374918240
574,8.6494,115.1931,1374848460
574,8.6494,115.1931,1374749280
574,8.6416,115.1934,1374711480
574,8.6476,115.1944,1374671040
574,8.6494,115.1931,1374426120
574,8.6471,115.2229,1374293700
574,8.6485,115.1931,1373725200
574,8.6516,115.196,1373278080
574,8.6516,115.1959,1373243340
574,8.6843,115.1606,1373176560
574,8.6491,115.193,1373069760
574,8.6454,115.1689,1372573680
574,8.5127,115.2609,1372409460
574,8.6494,115.1924,1372377480
574,8.5127,115.2609,1372341420
574,8.6494,115.1924,1372165920
574,8.6494,115.1924,1372031940
574,8.6494,115.1924,1371987060
574,8.6489,115.1924,1371721740
574,8.6516,115.1959,1371389160
574,8.6494,115.1924,1371345780
574,8.6475,115.1926,1371304140
574,8.6494,115.1924,1371201540
574,8.6473,115.1925,1370179320
574,8.6514,115.1958,1369528920
574,8.649,115.1945,1368188820
574,8.65,115.1954,1367661480
574,8.6544,115.1999,1367591400
574,8.6398,115.2529,1367568300
574,7.8507,98.2946,1367405820
574,8.6723,115.1661,1366539000
574,8.6722,115.1661,1365948240
574,8.6723,115.166,1365239700
574,8.6734,115.169,1364707080
574,8.6828,115.1533,1364656800
574,8.6723,115.1662,1364388840
574,8.6175,115.2546,1364354460
574,8.6455,115.1605,1364084940
574,8.708,115.1787,1363686180
574,8.6723,115.1661,1363531860
574,8.6589,115.1927,1363139640
574,8.6722,115.1661,1362403320
574,8.6742,115.169,1362274320
574,8.6735,115.2186,1362222180
574,8.6723,115.1662,1362208860
574,8.8086,115.1078,1360765740
574,8.6723,115.1661,1360506300
574,8.6722,115.166,1360389780
574,8.6968,115.1616,1360333560
574,8.6724,115.1663,1359532920
574,8.6732,115.1967,1359450300
574,8.6732,115.1967,1359450120
574,8.2842,115.1712,1356957060
574,8.5983,115.3383,1356833160
574,8.6948,115.2095,1356799200
574,8.6743,115.1698,1355559660
574,8.6735,115.1746,1355299500
574,8.6721,115.1662,1353321420
574,8.6722,115.1661,1351752240
574,8.6724,115.1661,1350903060
574,8.6672,115.1557,1350398760
574,8.6722,115.1662,1350227280
574,8.6725,115.1661,1350226380
574,8.6725,115.1665,1350189060
574,8.8464,115.1371,1344297000
574,8.8086,115.1681,1342789320
574,8.6723,115.1659,1342248780
574,8.6734,115.1668,1341842340
