60,41.112,29.1993,1374625080
60,41.0258,29.2367,1374185040
60,41.0258,29.2367,1374184980
60,41.0251,29.24,1373929800
60,40.9991,29.0398,1373928960
60,40.9907,29.0249,1373817840
60,41.0256,29.2369,1372894620
60,41.0256,29.2368,1372720980
60,41.0257,29.2368,1372522800
60,40.9991,29.0398,1372414260
60,41.0257,29.2367,1372414140
60,38.2852,26.375,1372372980
60,41.1807,29.6137,1372372740
60,41.0258,29.238,1372348560
60,40.8711,29.2336,1372184640
60,41.0257,29.2369,1371942720
60,40.8176,29.3052,1371920040
60,41.0256,29.2371,1371860280
60,41.0258,29.2368,1371851640
60,41.0245,29.2367,1371773640
60,41.0147,29.1838,1371773520
60,41.0258,29.2368,1371671340
60,38.5342,26.897,1371635160
60,41.0397,28.9872,1371634320
60,41.0258,29.2369,1371249720
60,40.8921,29.0634,1371080280
60,40.8921,29.0634,1371080280
60,41.0383,28.9869,1370908260
60,41.0383,28.9869,1370907240
60,41.0383,28.9869,1370817720
60,41.0383,28.9869,1370817420
60,38.2838,26.3748,1367851140
60,38.1947,26.7847,1367844600
60,38.194,26.7865,1367833200
60,41.0257,29.2367,1367708040
60,41.0256,29.2367,1367707680
60,38.2838,26.375,1367600220
60,38.072,26.9251,1367527680
60,37.9419,27.4323,1367503680
60,38.0713,26.9256,1367428920
60,38.0712,26.9258,1367428860
60,41.0361,28.9824,1365302700
60,41.1812,29.6065,1364822460
60,41.0258,29.2367,1364822400
60,39.778,30.516,1356897420
60,40.878,29.2231,1352368560
