626,50.4553,30.4489,1378517220
626,50.3937,30.6381,1378516680
626,50.3933,30.6373,1378475700
626,50.437,30.5375,1378475460
626,50.4252,30.535,1378474020
626,50.4251,30.6685,1378318680
626,50.4251,30.6685,1378317780
626,50.4347,30.6,1378310040
626,50.4253,30.5346,1378296300
626,50.4553,30.4489,1378259940
626,50.4553,30.4489,1378259760
626,50.4553,30.4489,1378259280
626,50.4553,30.4489,1378259160
626,50.4553,30.4489,1378258920
626,50.4553,30.4489,1378249380
626,50.4553,30.4489,1378249140
626,50.4553,30.4489,1378248960
626,50.4253,30.5346,1378159020
626,50.425,30.5338,1378157820
626,50.4253,30.5346,1378157580
626,50.4253,30.5346,1378157280
626,50.4253,30.5346,1378157100
626,50.4253,30.5346,1378156440
626,50.4253,30.5346,1378156260
626,50.4253,30.5346,1378156200
626,50.4253,30.5346,1378156020
626,50.4253,30.5346,1378155780
626,50.4253,30.5346,1378155540
626,50.4253,30.5346,1378143720
626,50.4253,30.5346,1378138920
626,50.4282,30.5353,1378134060
626,50.4253,30.5346,1378132140
626,50.4253,30.5346,1378131900
626,50.4253,30.5346,1378131780
626,50.4253,30.5346,1378131480
626,50.4253,30.5346,1378131360
626,50.4253,30.5346,1378131180
626,50.4253,30.5346,1378126560
626,50.4253,30.5346,1378122240
626,50.4549,30.5339,1378115700
626,50.4253,30.5346,1378103940
626,50.4253,30.5346,1378101300
626,50.4251,30.6685,1378053660
626,50.456,30.6132,1378041780
626,50.4251,30.6685,1377986580
626,50.412,30.5221,1377986220
626,50.412,30.5226,1377964200
626,50.412,30.5226,1377958080
626,50.412,30.5226,1377957900
626,50.412,30.5226,1377957780
626,50.412,30.5226,1377955440
626,50.412,30.5221,1377951420
626,50.412,30.5221,1377951300
626,50.412,30.5226,1377948900
626,50.4251,30.6685,1377899760
626,50.4251,30.6685,1377856620
626,50.4251,30.6685,1377812040
626,50.4251,30.6685,1377809340
626,49.199,31.9025,1377808740
626,50.4418,30.489,1377765120
626,49.4425,32.0616,1377691380
626,49.4236,32.0164,1377653580
626,36.8366,30.5954,1377643200
626,36.9005,30.801,1377642840
626,50.3409,30.8952,1377642780
626,36.9137,30.8026,1377642660
626,36.9137,30.8026,1377642480
626,36.9137,30.8026,1377641880
626,49.4235,32.0164,1377641700
626,50.4413,30.4896,1377584100
626,50.4495,30.5254,1377583860
626,50.45,30.5242,1377583740
626,50.4389,30.553,1377433500
626,50.4438,30.5454,1377432600
626,50.4372,30.5529,1377426420
626,50.4372,30.5529,1377426240
626,50.4767,30.5961,1377426180
626,50.4767,30.5961,1377426000
626,50.4379,30.5537,1377425700
626,50.4389,30.553,1377423540
626,50.4391,30.5535,1377423000
626,50.4457,30.5215,1377418740
626,50.4413,30.4896,1377416820
626,50.45,30.5242,1377406320
626,50.45,30.5242,1377380340
626,50.45,30.5242,1377380040
626,50.4512,30.5221,1377379620
626,50.4492,30.526,1377379440
626,50.45,30.5242,1377379260
626,50.45,30.5242,1377379140
626,50.45,30.5242,1377378540
626,50.45,30.5242,1377378180
626,50.45,30.5242,1377350760
626,50.45,30.5242,1377350640
626,50.4495,30.5254,1377341340
626,50.45,30.5242,1377341280
626,50.45,30.5242,1377340260
626,50.45,30.5242,1377332940
626,50.45,30.5242,1377332820
626,36.6002,30.5655,1377286680
626,36.6002,30.5655,1377286080
626,36.6002,30.5655,1377285900
626,36.6002,30.5655,1377285240
626,49.4334,32.003,1377274260
626,49.4334,32.003,1377272220
626,36.6002,30.5655,1377251700
626,36.6002,30.5655,1377212100
626,36.6002,30.5655,1377210840
626,36.6002,30.5655,1377210300
626,36.6002,30.5655,1377209100
626,36.6002,30.5655,1377206160
626,36.6049,30.565,1377163920
626,36.6049,30.565,1377162780
626,36.6049,30.565,1377162660
626,36.6049,30.565,1377162480
626,36.6049,30.565,1377162360
626,36.6049,30.565,1377162240
626,36.6049,30.565,1377162180
626,36.6049,30.565,1377162060
626,36.6049,30.565,1377161820
626,36.5999,30.5667,1377116280
626,36.6005,30.567,1377107820
626,36.6011,30.5698,1377084420
626,36.6047,30.5651,1377084360
626,36.6049,30.565,1377084180
626,36.6049,30.565,1377083820
626,36.6045,30.5651,1377083640
626,36.6053,30.565,1377083520
626,36.6053,30.565,1377083340
626,36.6053,30.565,1377083280
626,36.6045,30.5651,1377083040
626,36.6047,30.5651,1377082140
626,36.6047,30.5651,1377081960
626,36.6047,30.5651,1377081240
626,36.6053,30.565,1377065880
626,36.6002,30.5657,1377065640
626,36.6002,30.5657,1377065340
626,36.6049,30.565,1377044580
626,36.6009,30.569,1377026220
626,36.5999,30.5667,1377026040
626,36.5999,30.5667,1377025920
626,36.5999,30.5667,1377024480
626,36.5999,30.5667,1377024000
626,36.6038,30.5654,1376954040
626,36.6003,30.5667,1376939220
626,36.6003,30.5667,1376938920
626,36.5999,30.5657,1376938440
626,36.5998,30.5658,1376936520
626,36.5992,30.5674,1376936340
626,36.6003,30.5667,1376929080
626,36.6003,30.5667,1376913000
626,36.6003,30.5667,1376910060
626,36.6002,30.5655,1376909820
626,36.6003,30.5667,1376909460
626,36.6003,30.5667,1376909160
626,36.6002,30.5655,1376871720
626,36.6003,30.5667,1376871060
626,36.6003,30.5667,1376870820
626,36.6003,30.5667,1376870700
626,36.6003,30.5667,1376867760
626,36.6003,30.5667,1376866860
626,36.6003,30.5649,1376866800
626,36.6003,30.5667,1376866380
626,36.6003,30.5667,1376865960
626,36.6054,30.5654,1376865660
626,36.5987,30.566,1376865180
626,36.5999,30.5667,1376865000
626,36.5997,30.5652,1376864820
626,36.6003,30.5667,1376864040
626,36.6055,30.5645,1376863800
626,36.5999,30.5667,1376863620
626,36.6054,30.5647,1376862120
626,36.6049,30.565,1376764740
626,36.6053,30.5647,1376763960
626,36.6054,30.5638,1376763720
626,36.6049,30.565,1376761560
626,36.7002,30.5708,1376749980
626,50.3418,30.8885,1376729400
626,50.3419,30.8885,1376729100
626,50.3418,30.8893,1376728860
626,50.3409,30.8952,1376725140
626,49.4791,32.0394,1376713740
626,49.4234,32.0162,1376685840
626,59.8845,29.9091,1376625840
626,59.8852,29.9092,1376625600
626,59.8856,29.9101,1376625420
626,59.8846,29.909,1376624760
626,50.4492,30.526,1376602740
626,49.4234,32.0162,1376563500
626,49.4234,32.0162,1376520360
626,49.4268,32.0144,1376490420
626,49.4325,32.0154,1376483100
626,49.4326,32.0132,1376481000
626,50.45,30.5242,1376471400
626,46.4276,30.7663,1376469060
626,49.4236,32.0164,1376437800
626,49.4238,32.0164,1376324820
626,49.4234,32.0162,1376263740
626,49.4235,32.0164,1376252700
626,39.4976,2.7548,1376208060
626,39.5675,2.6482,1376207340
626,39.4976,2.7548,1376207040
626,49.4302,32.0023,1376097840
626,49.4256,32.0155,1376075280
626,49.4256,32.0155,1376073960
626,59.9489,30.4085,1376064300
626,49.4411,32.0661,1376063880
626,49.4397,32.084,1376058960
626,49.4397,32.084,1376058780
626,49.4397,32.084,1376052840
626,49.4397,32.084,1376049660
626,49.4376,32.0719,1375993860
626,49.4236,32.0164,1375952340
626,49.4235,32.0164,1375952100
626,49.4235,32.0164,1375951800
626,49.4237,32.0165,1375913880
626,49.4235,32.0163,1375911540
626,49.4239,32.0164,1375906560
626,49.4273,32.0154,1375902960
626,59.9391,30.328,1375897080
626,59.9382,30.3273,1375896660
626,59.9487,30.3942,1375896360
626,59.9488,30.3905,1375896000
626,49.4235,32.0164,1375895940
626,59.939,30.3158,1375887780
626,50.4492,30.526,1375859280
626,50.45,30.5242,1375858920
626,59.885,29.9088,1375858620
626,59.8846,29.909,1375858440
626,59.9489,30.4085,1375857840
626,49.4235,32.0164,1375749180
626,59.8856,29.9101,1375746720
626,59.8852,29.9092,1375746480
626,59.9363,30.3195,1375746240
626,49.4235,32.0163,1375745040
626,59.9471,30.4143,1375741140
626,59.937,30.2909,1375740720
626,59.9361,30.289,1375740540
626,59.9333,30.3432,1375740420
626,49.4238,32.0164,1375737060
626,59.8856,29.9101,1375703880
626,59.8856,29.9101,1375703640
626,59.8856,29.9101,1375703520
626,50.4492,30.526,1375695780
626,59.8839,29.912,1375694100
626,49.4235,32.0163,1375693800
626,59.8852,29.9092,1375693560
626,59.8852,29.9092,1375693260
626,59.885,29.9088,1375693200
626,59.884,29.9172,1375693080
626,59.8796,29.911,1375656480
626,59.885,29.9097,1375656300
626,59.8856,29.9101,1375656180
626,59.885,29.9097,1375655760
626,59.8852,29.9092,1375655580
626,59.885,29.9097,1375655400
626,50.45,30.5242,1375655280
626,50.45,30.5242,1375655100
626,50.4491,30.5261,1375652460
626,50.4491,30.5261,1375652400
626,50.45,30.5242,1375631040
626,50.45,30.5242,1375630740
626,59.9489,30.4085,1375508040
626,59.8539,30.4932,1375495620
626,59.935,30.2894,1375485240
626,59.937,30.2909,1375484940
626,59.937,30.2909,1375484760
626,59.9361,30.289,1375484700
626,59.9489,30.4085,1375468620
626,59.9489,30.4085,1375465860
626,59.9357,30.3195,1375457100
626,59.9337,30.3243,1375456200
626,59.9337,30.3243,1375455780
626,59.9233,30.3855,1375454880
626,59.9293,30.3623,1375454400
626,59.937,30.3733,1375445700
626,59.9233,30.3855,1375445460
626,59.9206,30.3849,1375445280
626,59.9236,30.3854,1375444860
626,59.9489,30.4085,1375434300
626,59.9553,30.3379,1375429080
626,59.9504,30.4096,1375428000
626,59.9321,30.3084,1375427340
626,59.944,30.3076,1375426920
626,59.9489,30.4085,1375426740
626,59.9489,30.4085,1375426500
626,59.9489,30.4085,1375425480
626,59.9426,30.401,1375395120
626,59.9426,30.401,1375395000
626,59.9489,30.4085,1375394100
626,59.9331,30.3426,1375393920
626,59.9362,30.3278,1375389660
626,59.9349,30.3247,1375389480
626,59.9316,30.3089,1375389300
626,59.9489,30.4085,1375387980
626,59.9489,30.4085,1375384800
626,59.9307,30.3642,1375371540
626,59.9486,30.406,1375370220
626,59.9494,30.4097,1375369560
626,59.9489,30.4085,1375346400
626,59.9489,30.4085,1375346160
626,59.9489,30.4085,1375344000
626,59.9489,30.4085,1375342680
626,59.9487,30.4064,1375337940
626,49.4502,32.0644,1375209480
626,49.4489,32.0619,1375208700
626,49.4453,32.0565,1375206720
626,49.4309,32.0102,1375204560
626,49.4453,32.0569,1375194660
626,49.448,32.0578,1375191960
626,49.4489,32.0619,1375191480
626,49.4235,32.0164,1375173180
626,49.4299,32.0031,1375134360
626,39.4978,2.7548,1375106880
626,49.4234,32.0162,1375050420
626,49.4302,32.0023,1375048740
626,49.4397,32.084,1375016400
626,49.4235,32.0164,1374949320
626,49.4442,32.0599,1374932040
626,49.4238,32.0164,1374871980
626,49.4187,32.0255,1374870240
626,49.4376,32.0719,1374840180
626,49.4235,32.0163,1374786360
626,49.4312,32.0108,1374771480
626,49.4302,32.0023,1374678960
626,49.4302,32.0023,1374678720
626,49.4303,32.014,1374677700
626,49.4238,32.0162,1374662640
626,49.4234,32.0162,1374621600
626,49.4343,32.0073,1374595140
626,49.4281,32.0084,1374595080
626,49.4281,32.0084,1374594780
626,49.4281,32.0084,1374594720
626,49.4309,32.0102,1374525420
626,49.434,32.0121,1374515520
626,49.4387,32.008,1374514440
626,49.437,32.0175,1374507900
626,49.4307,32.0117,1374429240
626,50.4404,30.4896,1374428880
626,50.4272,30.5345,1374422580
626,50.448,30.5765,1374422460
626,50.4495,30.577,1374421800
626,50.4469,30.5755,1374421740
626,50.4411,30.4893,1374420720
626,49.4362,32.0553,1374356340
626,50.4023,30.6833,1374346500
626,50.4414,30.4892,1374345120
626,50.453,30.5718,1374336600
626,50.4533,30.5722,1374334620
626,49.448,32.0578,1374293280
626,49.4257,32.0526,1374292680
626,49.4307,32.0117,1374274320
626,49.4307,32.0117,1374274260
626,49.4307,32.0117,1374270180
626,49.4307,32.0117,1374268080
626,49.4257,32.0526,1374257340
626,49.4257,32.0526,1374254280
626,49.4155,32.0279,1374175500
626,49.4639,32.0299,1374169140
626,49.458,32.0152,1374166380
626,49.425,32.0157,1374155040
626,49.4436,32.058,1374152340
626,49.4302,32.0103,1374063360
626,49.4453,32.0565,1374054360
626,49.4302,32.0023,1374016440
626,49.4268,32.0144,1374013800
626,49.4342,32.0086,1374004980
626,49.4453,32.0565,1373998980
626,49.4235,32.0164,1373992920
626,49.4235,32.0161,1373836920
626,46.4284,30.7672,1373833680
626,46.43,30.7682,1373833500
626,49.4642,32.0361,1373807280
626,49.4642,32.0361,1373806320
626,49.4642,32.0361,1373801100
626,49.4642,32.0361,1373798160
626,49.4302,32.0103,1373714460
626,49.4453,32.0569,1373678520
626,49.4453,32.0565,1373672400
626,49.4453,32.0565,1373671800
626,49.4453,32.0565,1373671800
626,49.4453,32.0565,1373671680
626,49.4453,32.0565,1373671620
626,49.4453,32.0565,1373671560
626,49.4453,32.0565,1373671440
626,49.4453,32.0565,1373671260
626,49.4453,32.0565,1373667780
626,49.4453,32.0565,1373667540
626,49.4453,32.0565,1373667360
626,49.4453,32.0565,1373666880
626,49.4453,32.0565,1373664900
626,49.4453,32.0565,1373664360
626,49.4453,32.0565,1373663220
626,49.441,32.0658,1373647680
626,49.4411,32.0661,1373640720
626,49.4411,32.0661,1373640660
626,49.233,31.8826,1373617140
626,49.2277,31.8485,1373617080
626,49.2021,31.897,1373616900
626,46.43,30.7682,1373573100
626,46.4283,30.7668,1373572920
626,46.4288,30.7678,1373572800
626,46.4276,30.7663,1373572680
626,46.4847,30.7345,1373572500
626,46.4837,30.7361,1373572380
626,46.4845,30.7351,1373572260
626,46.4849,30.7346,1373572200
626,46.4844,30.7336,1373572020
626,46.4663,30.7437,1373571900
626,48.7486,32.5207,1373567520
626,46.4837,30.7389,1373559960
626,46.4703,30.7412,1373556420
626,46.4288,30.7678,1373532720
626,46.4288,30.7678,1373532660
626,46.4288,30.7678,1373532480
626,46.4288,30.7678,1373532360
626,46.43,30.7682,1373463720
626,46.43,30.7682,1373463420
626,46.43,30.7682,1373461140
626,46.43,30.7682,1373448720
626,46.43,30.7682,1373448660
626,46.43,30.7682,1373447760
626,49.4302,32.0023,1373368080
626,49.4235,32.0163,1373331720
626,49.4235,32.0164,1373329200
626,49.4235,32.0163,1373326620
626,49.4235,32.0161,1373309760
626,49.4235,32.0164,1373237160
626,49.4376,32.0719,1373218740
626,49.4395,32.0836,1373214180
626,49.4155,32.0279,1373149080
626,49.4155,32.0279,1373148960
626,49.4155,32.0279,1373148540
626,49.4155,32.0279,1373148240
626,49.4155,32.0279,1373147940
626,49.4155,32.0279,1373145720
626,49.4155,32.0279,1373145540
626,49.4151,32.028,1373144520
626,49.4395,32.0836,1373116260
626,49.4395,32.0836,1373116140
626,49.4236,32.0165,1373059200
626,49.4152,32.0292,1373052000
626,49.4257,32.0526,1372930560
626,49.4257,32.0526,1372930500
626,49.4236,32.0167,1372888080
626,49.4235,32.0164,1372887600
626,49.4235,32.0164,1372887300
626,49.4639,32.0299,1372875300
626,49.4639,32.0299,1372875120
626,49.4395,32.0836,1372854840
626,49.4237,32.1044,1372853400
626,49.4235,32.0164,1372800480
626,39.4976,2.7548,1372797000
626,49.4232,32.0166,1372796340
626,49.4302,32.0103,1372794120
626,49.4235,32.0164,1372775940
626,49.424,32.0193,1372773840
626,49.424,32.0193,1372773660
626,49.426,32.0165,1372773480
626,49.4268,32.0144,1372711740
626,49.4273,32.0154,1372710960
626,49.4448,32.0477,1372690380
626,49.4395,32.0836,1372627620
626,49.4395,32.0836,1372616880
626,49.4489,32.0619,1372616640
626,49.4395,32.0836,1372612080
626,49.4482,32.0605,1372611780
626,49.4454,32.0611,1372611360
626,49.4223,32.0986,1372589640
626,49.4234,32.0163,1372589520
626,49.4362,32.0553,1372584540
626,49.4235,32.016,1372546620
626,49.4362,32.0553,1372540320
626,49.4362,32.0553,1372539480
626,49.4362,32.0553,1372539000
626,49.4362,32.0553,1372538820
626,49.4362,32.0553,1372538700
626,49.4362,32.0553,1372519920
626,49.4395,32.0836,1372519860
626,49.4234,32.0163,1372457580
626,49.4234,32.0163,1372456980
626,49.4238,32.0165,1372455120
626,49.4302,32.0103,1372453320
626,49.4224,32.1065,1372341600
626,49.4238,32.0163,1372322280
626,49.4449,32.065,1372269420
626,49.3951,32.0595,1372256940
626,49.3943,32.0597,1372254540
626,49.3943,32.0597,1372254000
626,49.4637,32.0364,1372250760
626,49.4637,32.0364,1372250640
626,49.4208,32.022,1372238100
626,49.4232,32.0162,1372199700
626,49.4302,32.0103,1372195500
626,49.4234,32.0163,1372112100
626,49.4234,32.0163,1372111260
626,49.4395,32.0836,1372110300
626,49.4395,32.0836,1372109940
626,49.4234,32.0163,1372109100
626,49.4395,32.0836,1372093320
626,49.4395,32.0836,1372093200
626,49.4395,32.0836,1372093140
626,49.4395,32.0836,1372085220
626,49.4395,32.0836,1372079100
626,49.4395,32.0836,1372077300
626,49.4268,32.0144,1372065180
626,49.4268,32.0144,1372065000
626,49.4268,32.0144,1372063680
626,49.4234,32.0163,1372059540
626,49.4502,32.0644,1372014720
626,49.4395,32.0836,1372002780
626,49.4395,32.0836,1371998760
626,49.44,32.0848,1371995520
626,49.4501,32.0689,1371987480
626,49.4501,32.0689,1371985620
626,49.4502,32.0644,1371984300
626,49.4303,32.014,1371975120
626,49.4302,32.0023,1371935040
626,49.4234,32.0163,1371933540
626,49.4234,32.0163,1371933360
626,49.4238,32.0164,1371931920
626,49.4235,32.016,1371928200
626,49.4501,32.0689,1371913500
626,49.4501,32.0689,1371904440
626,49.4501,32.0689,1371901740
626,52.518,13.3694,1371854520
626,49.4234,32.0163,1371849720
626,49.4489,32.0619,1371848640
626,49.4251,32.0158,1371840240
626,49.4251,32.0158,1371839100
626,49.4256,32.1048,1371827460
626,49.4222,32.1064,1371817680
626,49.4346,32.0911,1371810780
626,49.4257,32.0526,1371809700
626,39.5713,2.6469,1371804300
626,49.4234,32.016,1371775260
626,49.4234,32.0163,1371766920
626,50.0545,19.9327,1371764640
626,50.0545,19.9327,1371763680
626,39.5717,2.6506,1371763380
626,39.5711,2.6603,1371763260
626,39.5731,2.6609,1371763080
626,52.4802,13.3372,1371762480
626,49.4257,32.0526,1371748620
626,49.4302,32.0023,1371747780
626,49.4273,32.0154,1371676380
626,49.4155,32.0279,1371668520
626,49.4155,32.0279,1371668040
626,49.4155,32.0279,1371667620
626,49.4155,32.0279,1371665940
626,49.4155,32.0279,1371665640
626,49.4155,32.0279,1371664800
626,49.4155,32.0279,1371664200
626,49.4224,32.1065,1371641220
626,49.4346,32.0586,1371560280
626,49.4345,32.0582,1371558420
626,49.4346,32.0586,1371553380
626,49.4303,32.014,1371545820
626,49.4235,32.016,1371535380
626,49.4155,32.0279,1371493260
626,49.4155,32.0279,1371492960
626,49.4224,32.1065,1371472560
626,49.4257,32.0155,1371413280
626,49.4476,32.0489,1371396000
626,49.4499,32.0478,1371395580
626,49.447,32.0463,1371386640
626,49.447,32.0463,1371385080
626,49.447,32.0463,1371380760
626,49.447,32.0463,1371380580
626,49.447,32.0463,1371379560
626,49.4473,32.0588,1371377160
626,49.4442,32.0599,1371376440
626,49.4302,32.0023,1371375780
626,49.4233,32.0161,1371371100
626,49.4489,32.0619,1371369240
626,49.4251,32.0158,1371327480
626,49.4482,32.0605,1371312180
626,49.4482,32.0605,1371311040
626,49.4489,32.0619,1371310380
626,49.4442,32.0599,1371296580
626,49.4442,32.0599,1371296340
626,49.4222,32.1062,1371200940
626,49.4502,32.0644,1371160440
626,49.4411,32.0661,1371159120
626,49.4446,32.0646,1371158820
626,49.4411,32.0661,1371158700
626,49.4302,32.0023,1371157500
626,49.4251,32.0158,1371152460
626,49.4395,32.0836,1371138780
626,49.4395,32.0836,1371137700
626,49.4395,32.0836,1371137280
626,49.4397,32.084,1371135180
626,49.4411,32.0661,1371124920
626,49.4411,32.0661,1371124860
626,49.4376,32.0719,1371055920
626,49.4362,32.0553,1370972580
626,49.4387,32.0629,1370972460
626,49.4395,32.0836,1370960040
626,49.4395,32.0836,1370959980
626,49.4395,32.0836,1370959500
626,49.4237,32.0164,1370893620
626,49.4446,32.0646,1370883480
626,49.4409,32.0645,1370874420
626,49.425,32.0193,1370807040
626,49.4293,32.0442,1370804880
626,49.4334,32.0505,1370797860
626,49.4334,32.0505,1370791560
626,49.4334,32.0505,1370790840
626,49.4501,32.0689,1370734260
626,49.4234,32.0161,1370733360
626,49.4501,32.0689,1370729700
626,49.4501,32.0689,1370721720
626,49.4501,32.0689,1370721540
626,49.4234,32.0161,1370716500
626,49.4449,32.065,1370711040
626,49.4446,32.0651,1370708340
626,49.4501,32.0689,1370706360
626,49.4501,32.0689,1370698320
626,49.4373,32.0593,1370684460
626,49.4501,32.0689,1370684220
626,49.4501,32.0689,1370684100
626,49.4502,32.0644,1370684040
626,49.4502,32.0644,1370653980
626,49.4502,32.0644,1370653800
626,49.4263,32.0074,1370641080
626,49.4411,32.0661,1370636820
626,49.4302,32.0103,1370626020
626,49.4302,32.0023,1370621580
626,49.4502,32.0644,1370621100
626,49.4502,32.0644,1370620980
626,50.4413,30.4893,1370602560
626,49.4411,32.0661,1370601600
626,49.4502,32.0644,1370555400
626,49.4502,32.0644,1370554500
626,49.4232,32.0161,1370554380
626,49.4233,32.016,1370549880
626,49.4484,32.0483,1370531640
626,49.4074,32.0514,1370531340
626,49.4502,32.0644,1370473260
626,49.4256,32.0154,1370472780
626,49.4446,32.064,1370438040
626,49.4446,32.064,1370437440
626,49.4326,32.0132,1370428680
626,49.4235,32.0163,1370296380
626,49.4489,32.0619,1370218260
626,49.4453,32.0569,1370211720
626,49.4502,32.0644,1370211300
626,49.4489,32.0619,1370210760
626,49.4489,32.0619,1370210640
626,49.4502,32.0644,1370210460
626,49.4502,32.0644,1370210160
626,49.4482,32.0649,1370209860
626,49.4502,32.0644,1370209080
626,49.4502,32.0644,1370208960
626,49.4502,32.0644,1370208780
626,49.4502,32.0644,1370208300
626,49.4054,32.0171,1370195520
626,49.4502,32.0644,1370187720
626,49.4502,32.0644,1370134380
626,49.4502,32.0644,1370134200
626,49.4234,32.0161,1370132460
626,49.4502,32.0644,1370131860
626,49.4502,32.0644,1370122500
626,49.4502,32.0644,1370122200
626,49.4502,32.0644,1370122020
626,49.4502,32.0644,1370121540
626,49.4502,32.0644,1370121480
626,49.4502,32.0644,1370121420
626,49.4502,32.0644,1370121300
626,49.4502,32.0644,1370121240
626,49.4502,32.0644,1370095500
626,49.4502,32.0644,1370095380
626,49.4494,32.0626,1370095200
626,49.4502,32.0644,1370095080
626,49.4482,32.0649,1370094960
626,49.4482,32.0649,1370094840
626,49.4482,32.0649,1370094780
626,49.4237,32.0164,1370035140
626,49.4502,32.0644,1370034300
626,49.4502,32.0644,1370028360
626,49.4502,32.0644,1370025180
626,49.4502,32.0644,1370025120
626,49.4502,32.0644,1370024880
626,49.4502,32.0644,1370024700
626,49.4502,32.0644,1370024640
626,49.4502,32.0644,1370024460
626,49.4502,32.0644,1370024400
626,49.4502,32.0644,1370024280
626,49.4502,32.0644,1370024160
626,49.4502,32.0644,1370024100
626,49.4502,32.0644,1370015220
626,49.4502,32.0644,1370015160
626,49.4502,32.0644,1370014500
626,49.4502,32.0644,1370013720
626,49.4502,32.0644,1369997040
626,49.4302,32.0023,1369965420
626,49.4234,32.0161,1369946880
626,49.4273,32.0154,1369946160
626,49.4302,32.0103,1369927320
626,49.4302,32.0103,1369927260
626,49.4302,32.0103,1369927140
626,49.4302,32.0103,1369926960
626,49.4302,32.0103,1369926780
626,49.4302,32.0103,1369926300
626,49.4302,32.0103,1369926180
626,49.4302,32.0103,1369925820
626,49.4302,32.0103,1369925700
626,49.4302,32.0103,1369925580
626,49.4447,32.0649,1369867140
626,49.4447,32.0649,1369866180
626,49.4232,32.0162,1369863960
626,49.4234,32.0161,1369858020
626,49.4233,32.0162,1369857240
626,49.4155,32.0279,1369847520
626,49.4302,32.0023,1369831620
626,49.4302,32.0023,1369820100
626,49.4302,32.0103,1369796040
626,49.4275,32.0158,1369768320
626,49.4302,32.0023,1369729680
626,49.4409,32.0645,1369684080
626,49.4411,32.0661,1369662480
626,49.4302,32.0103,1369653660
626,49.4257,32.0526,1369653480
626,49.4446,32.0646,1369647900
626,49.4376,32.0719,1369647300
626,49.4235,32.0158,1369588620
626,49.4235,32.0158,1369588440
626,49.4502,32.0644,1369519260
626,49.4502,32.0644,1369519140
626,49.4501,32.0654,1369518840
626,49.4233,32.0161,1369518420
626,49.4502,32.0644,1369517880
626,49.4502,32.0644,1369517760
626,49.4501,32.0654,1369517340
626,49.4273,32.0154,1369516680
626,49.4639,32.0299,1369500060
626,49.443,32.0727,1369499160
626,49.4457,32.0628,1369498620
626,49.4502,32.0644,1369497540
626,49.4502,32.0644,1369497420
626,49.4502,32.0644,1369497240
626,49.4502,32.0644,1369497000
626,49.4501,32.0654,1369496520
626,49.4377,32.0717,1369487880
626,49.4449,32.0647,1369474800
626,49.4275,32.0089,1369434720
626,49.4239,32.0162,1369427340
626,49.4302,32.0023,1369339800
626,49.4244,32.0148,1369321200
626,49.4302,32.0103,1369321080
626,49.4286,32.0069,1369318800
626,49.4302,32.0023,1369318500
626,49.4235,32.0157,1369315740
626,49.4233,32.016,1369309620
626,49.4234,32.016,1369309440
626,49.4408,32.06,1369264680
626,49.4408,32.06,1369264500
626,49.4408,32.06,1369264440
626,49.4408,32.06,1369264320
626,49.4408,32.06,1369264200
626,49.4408,32.06,1369264020
626,49.4408,32.06,1369263960
626,49.441,32.0633,1369263720
626,49.43,32.013,1369233060
626,49.4167,32.021,1369219440
626,49.4241,32.0162,1369213020
626,49.4254,32.0137,1369211580
626,49.4275,32.0158,1369211460
626,49.4287,32.0068,1369176480
626,49.4239,32.0165,1369174020
626,49.424,32.0163,1369172700
626,49.4302,32.0023,1369171680
626,49.4288,32.0067,1369094880
626,49.4236,32.0162,1369094100
626,49.4237,32.0168,1369082400
626,49.4159,32.0228,1369073520
626,49.4257,32.0526,1369072440
626,49.4639,32.0299,1368990000
626,49.4639,32.0299,1368989220
626,49.4639,32.0299,1368988980
626,49.4453,32.0561,1368988860
626,49.4446,32.0646,1368986280
626,49.4453,32.0561,1368978360
626,49.4453,32.0561,1368978000
626,49.4446,32.0646,1368977580
626,49.4639,32.0299,1368961680
626,49.4238,32.0165,1368913380
626,49.4245,32.0183,1368913020
626,49.44,32.0848,1368899820
626,49.4395,32.0836,1368899520
626,49.4395,32.0836,1368899460
626,49.4395,32.0836,1368899400
626,49.4257,32.0526,1368898260
626,49.4334,32.0505,1368898140
626,49.4235,32.0157,1368831060
626,49.4235,32.0157,1368830280
626,49.4239,32.0166,1368829920
626,49.4235,32.0157,1368829260
626,49.4235,32.0157,1368829200
626,49.4237,32.0158,1368828600
626,49.4287,32.0068,1368828060
626,49.4238,32.0163,1368826800
626,49.4302,32.0023,1368825720
626,49.4411,32.0661,1368824400
626,49.4529,32.0457,1368824100
626,49.4465,32.055,1368823920
626,49.4235,32.0157,1368823800
626,49.4235,32.0157,1368823680
626,49.4283,32.0075,1368819180
626,49.4244,32.0288,1368718560
626,49.4303,32.014,1368700440
626,49.4263,32.0074,1368699840
626,49.4348,32.0608,1368573780
626,49.4423,32.0616,1368539040
626,49.4489,32.0619,1368532440
626,49.4376,32.0719,1368395340
626,49.4287,32.0068,1368395160
626,49.4287,32.0068,1368392160
626,49.4287,32.0068,1368388920
626,49.4302,32.0103,1368386460
626,49.4302,32.0103,1368386340
626,49.4302,32.0103,1368386280
626,49.4637,32.0364,1368383520
626,49.4637,32.0364,1368382500
626,49.4637,32.0364,1368382380
626,49.4258,32.0137,1368346440
626,49.4303,32.014,1368342960
626,49.4261,32.0076,1368269940
626,49.4637,32.0364,1368269100
626,49.4486,32.0526,1368268920
626,49.4395,32.0836,1368190200
626,49.4395,32.0836,1368181680
626,49.4395,32.0836,1368181200
626,49.4395,32.0836,1368181140
626,49.4265,32.045,1368020040
626,49.4376,32.0719,1368019740
626,49.4376,32.0719,1368018660
626,49.4409,32.0645,1368013260
626,49.4448,32.0477,1368013200
626,49.4237,32.016,1367960100
626,49.44,32.0848,1367960040
626,49.44,32.0848,1367959860
626,49.44,32.0848,1367959740
626,49.44,32.0848,1367954580
626,49.4395,32.0836,1367954220
626,49.4395,32.0836,1367954100
626,49.4395,32.0836,1367954040
626,39.4978,2.7548,1367951460
626,49.4302,32.0103,1367873640
626,49.4302,32.0103,1367873100
626,49.4302,32.0103,1367872320
626,49.4302,32.0103,1367867940
626,49.4264,32.0072,1367855100
626,49.4261,32.0074,1367853120
626,49.4263,32.0074,1367852400
626,49.4302,32.0023,1367718420
626,49.43,32.013,1367718120
626,39.4978,2.7548,1367701920
626,49.44,32.0848,1367700240
626,49.4395,32.0836,1367694960
626,49.4395,32.0845,1367693520
626,49.4395,32.0845,1367693460
626,49.4395,32.0836,1367687100
626,49.4395,32.0836,1367686980
626,49.4395,32.0836,1367686860
626,49.4395,32.0836,1367686680
626,50.4492,30.526,1367595600
626,50.45,30.5242,1367595240
626,49.4265,32.045,1367497260
626,49.4486,32.0393,1367494740
626,49.4286,32.007,1367448000
626,49.4391,32.0985,1367433840
626,49.4345,32.0582,1367426580
626,49.44,32.0848,1367416680
626,49.4395,32.0836,1367415660
626,49.4395,32.0836,1367413200
626,49.4252,32.02,1367187000
626,49.4302,32.0103,1367168100
626,49.4325,32.0154,1367145300
626,49.4155,32.0279,1367142000
626,49.4244,32.0288,1367141100
626,49.4286,32.0069,1367107800
626,49.4302,32.0023,1367102460
626,49.4302,32.0023,1367100420
626,39.4976,2.7548,1367098500
626,39.4976,2.7548,1367098020
626,39.4976,2.7548,1367097840
626,49.4286,32.0069,1367096160
626,49.4273,32.0154,1367083140
626,49.4449,32.0492,1367065740
626,49.4286,32.0069,1367015100
626,49.4287,32.0068,1366989660
626,49.441,32.0658,1366968180
626,49.4271,32.0116,1366928100
626,49.4286,32.0068,1366926240
626,49.4449,32.0647,1366925880
626,49.4286,32.0068,1366924020
626,49.4302,32.0103,1366919700
626,49.4281,32.0084,1366905240
626,49.4442,32.0599,1366898220
626,49.4446,32.0651,1366883040
626,49.4446,32.0651,1366881480
626,49.4377,32.0717,1366877580
626,49.4345,32.0582,1366877040
626,49.4453,32.0569,1366734420
626,49.4231,32.0162,1366733700
626,49.4231,32.016,1366706940
626,49.4448,32.0477,1366704120
626,49.4231,32.016,1366702440
626,49.4376,32.0719,1366667280
626,49.4376,32.0719,1366666800
626,49.4376,32.0719,1366666380
626,49.4376,32.0719,1366666260
626,49.4376,32.0719,1366666200
626,49.4263,32.0074,1366653540
626,49.4342,32.0086,1366649400
626,49.4342,32.0086,1366649340
626,49.4386,32.0338,1366633320
626,49.4302,32.0103,1366620840
626,49.4348,32.0612,1366498620
626,49.4297,32.0038,1366496760
626,49.4453,32.0569,1366492680
626,49.4533,32.0182,1366480440
626,49.4666,32.0075,1366480320
626,49.429,31.9682,1366477440
626,49.414,32.0397,1366469520
626,49.4233,32.0159,1366406280
626,49.4453,32.0569,1366405440
626,49.4233,32.0159,1366404780
626,49.4453,32.0569,1366403940
626,49.4453,32.0569,1366403820
626,49.4241,32.0164,1366381800
626,49.4448,32.0477,1366357920
626,39.4976,2.7548,1366329540
626,39.4976,2.7548,1366329420
626,39.4976,2.7548,1366329240
626,39.4976,2.7548,1366329060
626,39.4976,2.7548,1366329000
626,39.4976,2.7548,1366328940
626,49.4302,32.0103,1366314000
626,49.4245,32.0197,1366236900
626,49.4302,32.0103,1366205160
626,39.5037,2.7514,1366148700
626,39.5005,2.7564,1366148340
626,39.5011,2.7504,1366146360
626,39.5191,2.746,1366146180
626,39.5011,2.7504,1366146060
626,39.4997,2.7534,1366145940
626,39.5486,2.7327,1366145700
626,39.5486,2.7327,1366145520
626,49.4297,32.0038,1366124460
626,39.4976,2.7548,1366123380
626,49.4155,32.0279,1366119240
626,49.4345,32.0609,1366106520
626,49.435,32.0814,1366099860
626,49.435,32.0815,1366057620
626,49.4376,32.0719,1366055460
626,49.424,32.0167,1366054560
626,49.435,32.0703,1366054440
626,49.4362,32.0705,1366054380
626,49.4376,32.0719,1366054260
626,49.435,32.0814,1366053600
626,49.4376,32.0719,1366044000
626,49.4265,32.045,1366042560
626,49.4376,32.0719,1366042020
626,49.4373,32.073,1366041900
626,49.4303,32.014,1365950760
626,49.4244,32.0171,1365865500
626,49.4244,32.0148,1365862920
626,49.4282,32.0087,1365861600
626,49.4302,32.0103,1365860040
626,49.4273,32.0154,1365859260
626,49.4133,32.0349,1365859140
626,49.4137,32.043,1365858360
626,49.4257,32.0526,1365858120
626,49.4243,32.0168,1365803640
626,49.4235,32.0157,1365792840
626,49.435,32.0814,1365755220
626,49.4369,32.0826,1365751440
626,49.4356,32.0614,1365721380
626,49.4376,32.0719,1365719580
626,49.4376,32.0719,1365718260
626,49.435,32.0815,1365715920
626,49.4348,32.0808,1365713460
626,49.4307,32.0117,1365710340
626,49.4376,32.0719,1365696780
626,49.4376,32.0719,1365695700
626,49.435,32.0815,1365683280
626,49.4241,32.0162,1365629400
626,49.4448,32.0477,1365594180
626,49.4261,32.0148,1365554460
626,49.4342,32.0127,1365533700
626,49.4231,32.016,1365505980
626,49.4297,32.0036,1365455880
626,50.4253,30.5346,1365455640
626,49.4297,32.0036,1365455280
626,49.4283,32.0079,1365378000
626,50.4253,30.5346,1365373920
626,49.4449,32.0647,1365373620
626,49.4262,32.0103,1365373440
626,49.4442,32.0599,1365272100
626,49.4442,32.0599,1365271800
626,50.4253,30.5346,1365248940
626,50.4253,30.5345,1365236640
626,50.2118,31.1056,1365231060
626,50.1462,31.0711,1365230520
626,49.4449,32.0647,1365198960
626,49.4449,32.0647,1365198600
626,49.4449,32.0647,1365198360
626,49.4442,32.0599,1365195600
626,49.4442,32.0599,1365195000
626,49.4447,32.0597,1365194100
626,49.4442,32.0599,1365193920
626,49.4442,32.0599,1365193740
626,49.4442,32.0599,1365193560
626,49.4442,32.0599,1365193380
626,49.4442,32.0599,1365193140
626,49.4442,32.0599,1365184920
626,49.4437,32.0595,1365164640
626,49.4453,32.0569,1365164100
626,49.4453,32.0569,1365163020
626,49.4453,32.0569,1365162480
626,49.4261,32.0147,1365118740
626,49.4297,32.0036,1365117600
626,49.4346,32.0911,1365067980
626,49.4297,32.0036,1365025380
626,49.4275,32.0106,1365024780
626,49.4302,32.0103,1365001560
626,49.4231,32.016,1364987400
626,49.4298,32.0034,1364946960
626,49.4302,32.0103,1364910900
626,49.4449,32.0647,1364889900
626,49.4298,32.0034,1364854200
626,49.4298,32.0034,1364853780
626,49.4298,32.0034,1364851440
626,49.4376,32.0719,1364835660
626,49.4377,32.0717,1364828640
626,49.4376,32.0719,1364828040
626,49.4377,32.0717,1364827260
626,49.4298,32.0034,1364762760
626,49.4298,32.0034,1364713080
626,49.4299,32.0032,1364598780
626,49.4299,32.0032,1364596320
626,49.4155,32.0279,1364566440
626,49.4229,32.0145,1364505180
626,49.4299,32.0031,1364475540
626,49.4268,32.0144,1364475120
626,49.4266,32.008,1364474880
626,39.4976,2.7548,1364407920
626,39.4976,2.7548,1364407620
626,49.4252,32.0201,1364406240
626,49.437,32.0175,1364319180
626,49.4231,32.016,1364300460
626,49.4299,32.003,1364258160
626,49.4362,32.0615,1364257620
626,49.4299,32.003,1364257260
626,49.4252,32.02,1364245020
626,49.4299,32.003,1364244540
626,49.4443,32.0513,1364197920
626,49.4268,32.0144,1364193960
626,49.43,32.003,1364163420
626,49.4249,32.0388,1364154300
626,49.4183,32.0298,1364153700
626,49.4249,32.0388,1364134680
626,49.4264,32.0214,1364123700
626,49.4299,32.003,1364112720
626,49.4252,32.02,1364072280
626,49.4255,32.0235,1364072220
626,49.4252,32.02,1364071980
626,49.4252,32.02,1364070600
626,49.4252,32.02,1364070360
626,49.4302,32.0103,1364055000
626,49.43,32.003,1364034060
626,49.4468,32.0463,1364032800
626,49.43,32.0029,1363995360
626,49.4291,32.0048,1363991580
626,49.43,32.0029,1363990680
626,49.43,32.0029,1363983240
626,49.43,32.0029,1363982940
626,49.4401,32.0294,1363961640
626,49.4251,32.0158,1363868520
626,49.4301,32.003,1363823640
626,49.43,32.0028,1363820820
626,49.4376,32.0719,1363794300
626,49.4502,32.0543,1363778160
626,49.4302,32.0029,1363733520
626,49.4302,32.0029,1363731720
626,49.4289,32.0051,1363730520
626,49.4237,32.0159,1363702260
626,49.4302,32.0103,1363699260
626,49.4448,32.0477,1363697160
626,49.4448,32.0477,1363696740
626,49.4448,32.0477,1363696200
626,49.43,32.0027,1363636320
626,49.4302,32.0023,1363631340
626,49.43,32.0027,1363629900
626,49.43,32.0027,1363629600
626,49.4442,32.0599,1363617060
626,50.3419,30.8886,1363616700
626,49.4442,32.0599,1363607040
626,49.4791,32.0394,1363561440
626,50.0645,31.4445,1363561080
626,49.4302,32.0029,1363560780
626,50.3807,30.4771,1363510020
626,50.3807,30.4771,1363509960
626,50.3807,30.4771,1363509840
626,50.3807,30.4771,1363446000
626,50.3807,30.4771,1363445880
626,50.3807,30.4771,1363445820
626,50.3748,30.4757,1363445700
626,50.38,30.4775,1363445580
626,49.4791,32.0394,1363422420
626,49.8707,31.7312,1363419120
626,49.4302,32.0029,1363384260
626,49.4266,32.008,1363383420
626,49.4235,32.0157,1363381200
626,49.8422,24.033,1363380900
626,49.4251,32.0158,1363367820
626,49.4376,32.0719,1363360320
626,49.4346,32.0911,1363359120
626,49.4201,32.0369,1363359000
626,49.4339,32.0866,1363355640
626,49.4362,32.0553,1363352460
626,49.4302,32.0029,1363297980
626,49.4235,32.0157,1363297320
626,49.4235,32.0157,1363297140
626,49.4302,32.0029,1363295880
626,49.4252,32.0125,1363295520
626,49.4252,32.0125,1363295400
626,49.4235,32.0157,1363294680
626,49.4269,32.0173,1363293420
626,49.4447,32.0483,1363288140
626,49.4448,32.0477,1363278540
626,49.4302,32.0029,1363213860
626,49.4302,32.0029,1363206540
626,49.4246,32.0132,1363204740
626,49.4231,32.016,1363204680
626,49.4448,32.0477,1363179000
626,49.4448,32.0477,1363177080
626,49.4241,32.0162,1363037520
626,49.4268,32.0144,1363016760
626,49.4447,32.048,1363009500
626,49.4447,32.048,1363000800
626,49.4265,32.0087,1362983280
626,49.4231,32.0161,1362957300
626,49.4639,32.0299,1362931380
626,49.4639,32.0299,1362928920
626,49.4639,32.0299,1362928380
626,49.4639,32.0299,1362928320
626,49.4179,32.033,1362926520
626,49.4639,32.0299,1362926160
626,49.4791,32.0394,1362925860
626,49.4639,32.0299,1362920400
626,49.4639,32.0299,1362917520
626,49.4639,32.0299,1362915180
626,49.4639,32.0299,1362914760
626,49.4639,32.0299,1362914580
626,49.4639,32.0299,1362914400
626,49.43,32.0033,1362874320
626,49.4259,32.011,1362873360
626,49.4231,32.0161,1362872820
626,49.4231,32.016,1362872580
626,39.4976,2.7548,1362871560
626,39.4976,2.7548,1362870480
626,49.4302,32.0023,1362869700
626,49.4244,32.0198,1362865260
626,49.4376,32.0719,1362789900
626,49.4376,32.0719,1362789600
626,49.4411,32.0661,1362786900
626,49.4376,32.0719,1362781860
626,49.4376,32.0719,1362777060
626,49.4241,32.0162,1362739140
626,49.4155,32.0279,1362739020
626,49.4268,32.0144,1362670740
626,49.4273,32.0154,1362669660
626,49.4302,32.0103,1362647280
626,49.4302,32.0029,1362561720
626,49.4302,32.0029,1362561600
626,49.4302,32.0029,1362523800
626,49.4302,32.0029,1362523500
626,49.4302,32.0029,1362523440
626,49.4448,32.0477,1362518760
626,49.4302,32.0028,1362517980
626,49.4302,32.0028,1362517620
626,49.4302,32.0029,1362515700
626,49.4302,32.0029,1362514200
626,49.4302,32.0029,1362510120
626,49.4302,32.0029,1362508380
626,49.4302,32.0029,1362507540
626,49.4302,32.0029,1362507120
626,49.4244,32.0145,1362411540
626,49.4301,32.0025,1362331680
626,49.4301,32.0025,1362325980
626,49.4301,32.0025,1362325380
626,49.4301,32.0025,1362325260
626,49.435,32.0814,1362320580
626,49.4301,32.0025,1362316980
626,49.4302,32.0103,1362315360
626,49.4302,32.0103,1362315120
626,49.4485,32.0491,1362265080
626,49.4485,32.0491,1362264840
626,49.4485,32.0491,1362264000
626,49.4447,32.048,1362232200
626,49.4302,32.0103,1362230160
626,49.4251,32.0158,1362229140
626,49.4302,32.0029,1362182040
626,49.4302,32.0029,1362179040
626,49.4447,32.048,1362136860
626,49.4301,32.0026,1362090660
626,49.4376,32.0719,1362089940
626,49.4376,32.0719,1362089700
626,49.4236,32.0148,1362042240
626,49.4492,32.0512,1361987160
626,49.4447,32.048,1361948340
626,49.4302,32.0029,1361913060
626,49.448,32.0578,1361911680
626,49.448,32.0578,1361911380
626,49.448,32.0578,1361910960
626,49.4302,32.0028,1361890740
626,49.448,32.0578,1361747820
626,49.448,32.0578,1361747580
626,49.4301,32.0025,1361733660
626,49.448,32.0578,1361721000
626,49.448,32.0578,1361720700
626,49.448,32.0578,1361720400
626,49.448,32.0578,1361717880
626,49.448,32.0578,1361717820
626,49.4479,32.0591,1361716860
626,49.4532,32.0442,1361715840
626,49.4529,32.0457,1361713440
626,49.4342,32.0086,1361706780
626,49.4302,32.0028,1361662500
626,49.4302,32.0029,1361660940
626,49.4235,32.0157,1361659560
626,49.4356,32.0053,1361636580
626,50.45,30.5242,1361579700
626,49.4241,32.0162,1361566740
626,49.4241,32.0162,1361564460
626,49.4408,32.06,1361540460
626,49.4301,32.0025,1361493480
626,49.4241,32.0162,1361392260
626,49.4301,32.0026,1361388240
626,49.4237,32.0157,1361387820
626,49.4273,32.0154,1361367720
626,49.4301,32.0025,1361367480
626,49.4302,32.0023,1361365920
626,49.4376,32.0719,1361363820
626,49.4301,32.0025,1361317320
626,49.4301,32.0025,1361315520
626,49.4241,32.0162,1361303940
626,49.4301,32.0025,1361302560
626,49.4289,32.0049,1361302200
626,49.4266,32.014,1361218200
626,49.4258,32.0166,1361218020
626,49.4258,32.0166,1361217840
626,49.4336,32.0047,1361137860
626,49.4301,32.0025,1361134320
626,49.4241,32.0162,1361126700
626,49.3948,32.0596,1361112780
626,49.3951,32.0595,1361112600
626,49.4342,32.0086,1361110260
626,49.4301,32.0025,1361052300
626,49.4265,32.045,1361038440
626,49.4265,32.045,1361036880
626,49.4251,32.0189,1361036400
626,49.435,32.0788,1361025120
626,49.4376,32.0719,1361024340
626,49.4376,32.0719,1360967280
626,49.4376,32.0719,1360966980
626,49.4376,32.0719,1360966200
626,49.4376,32.0719,1360966140
626,49.4252,32.019,1360965900
626,49.4376,32.0719,1360965780
626,49.4376,32.0719,1360965660
626,49.4376,32.0719,1360963920
626,49.4376,32.0719,1360963740
626,49.4376,32.0719,1360963680
626,49.4376,32.0719,1360963620
626,49.4376,32.0719,1360963560
626,49.4376,32.0719,1360947480
626,49.4376,32.0719,1360945800
626,49.4376,32.0719,1360944000
626,49.4265,32.045,1360873140
626,49.4301,32.0025,1360798080
626,49.4307,32.0117,1360790700
626,49.4168,32.0325,1360779780
626,49.4342,32.0609,1360778400
626,49.4409,32.0645,1360757520
626,49.4301,32.0025,1360631520
626,49.4301,32.0025,1360627560
626,49.4301,32.0025,1360623240
626,49.4302,32.0025,1360583100
626,49.4301,32.0025,1360536480
626,49.4302,32.0025,1360530900
626,49.4301,32.0025,1360464600
626,49.4301,32.0025,1360464180
626,49.4301,32.0025,1360463220
626,49.4301,32.0025,1360453560
626,49.425,32.0189,1360449060
626,49.4301,32.0025,1360447440
626,49.4302,32.0023,1360411500
626,51.0538,13.7359,1360375440
626,51.0497,13.7378,1360374960
626,52.5184,13.3739,1360360920
626,52.5164,13.3713,1360360680
626,49.3952,32.0592,1360356480
626,49.4342,32.0086,1360335900
626,49.4301,32.0025,1360324680
626,49.4301,32.0025,1360324440
626,49.4301,32.0025,1360324200
626,49.4301,32.0025,1360290000
626,49.4301,32.0025,1360289760
626,49.4301,32.0025,1360289400
626,49.4301,32.0025,1360262520
626,49.4297,32.0034,1360259280
626,49.4301,32.0025,1360258800
626,49.4302,32.0023,1360209300
626,49.4302,32.0023,1360209120
626,49.4362,32.0553,1360173600
626,49.4302,32.0025,1360113660
626,49.4531,32.0433,1360090620
626,49.4531,32.0433,1360088460
626,49.4301,32.0025,1360030620
626,49.4301,32.0025,1360029600
626,49.4301,32.0025,1360029360
626,51.0497,13.7378,1360029240
626,49.4301,32.0025,1360028580
626,49.4301,32.0025,1360028280
626,49.4301,32.0025,1360020840
626,49.4376,32.0719,1360017240
626,49.4407,32.0589,1360015620
626,49.4446,32.0646,1360014960
626,49.4301,32.0025,1360014540
626,49.4301,32.0025,1359996600
626,49.4301,32.0025,1359994740
626,49.4258,32.0166,1359987480
626,49.4446,32.0646,1359920280
626,49.4277,32.0106,1359920040
626,49.4446,32.0646,1359912600
626,49.4425,32.0627,1359906600
626,49.4446,32.0646,1359906360
626,49.4402,32.0575,1359903180
626,49.4437,32.0595,1359901260
626,49.4446,32.0646,1359898020
626,50.0618,19.9374,1359875220
626,50.0541,19.9351,1359874680
626,50.0545,19.9327,1359874200
626,50.0614,19.9379,1359874080
626,50.0539,19.935,1359873720
626,50.0616,19.9373,1359873420
626,50.0545,19.9327,1359873120
626,50.0558,19.9313,1359872760
626,49.4301,32.0025,1359862740
626,49.4137,32.043,1359862200
626,49.4301,32.0025,1359854940
626,49.4301,32.0025,1359854460
626,49.4301,32.0025,1359854100
626,49.4301,32.0025,1359853380
626,49.4301,32.0025,1359852840
626,39.5011,2.7504,1359846480
626,52.5184,13.3739,1359845280
626,49.4251,32.0189,1359742980
626,49.4413,32.0653,1359737700
626,49.4297,32.0035,1359679200
626,49.4301,32.0025,1359665220
626,49.4266,32.0142,1359664140
626,49.4301,32.0025,1359663720
626,49.4279,32.0098,1359663540
626,49.4264,32.0213,1359650220
626,49.4251,32.0158,1359645900
626,49.426,32.016,1359633180
626,39.5,2.7563,1359581580
626,49.4302,32.0024,1359580800
626,49.4266,32.0141,1359580140
626,49.4251,32.0189,1359580020
626,49.4251,32.0189,1359579900
626,49.4251,32.0189,1359579540
626,52.4758,13.3655,1359579420
626,50.0539,19.935,1359578820
626,49.4251,32.0189,1359578460
626,49.4302,32.0024,1359533280
626,49.4387,32.0845,1359501720
626,49.4302,32.0024,1359501300
626,49.424,32.0163,1359500340
626,49.4302,32.0024,1359499320
626,49.4263,32.0074,1359485220
626,49.4342,32.0086,1359482820
626,49.4247,32.0132,1359391200
626,49.4302,32.0023,1359297060
626,49.4309,32.0102,1359292500
626,49.4302,32.0024,1359253680
626,49.4302,32.0023,1359250260
626,52.517,13.3889,1359225240
626,39.5,2.7563,1359224880
626,49.4307,32.0117,1359152520
626,49.4376,32.0719,1358984820
626,52.5205,13.2958,1358984580
626,51.0526,13.7154,1358983800
626,49.4302,32.0023,1358983020
626,49.4265,32.045,1358979420
626,39.8529,3.12,1358976180
626,50.0616,19.9373,1358975640
626,39.5486,2.7327,1358974620
626,49.4376,32.0719,1358973780
626,49.4265,32.045,1358973360
626,51.0467,13.7372,1358973180
626,49.4302,32.0024,1358972580
626,49.4527,32.0378,1358932020
626,49.4268,32.0144,1358931900
626,49.4531,32.0433,1358928900
626,49.4302,32.0024,1358894040
626,49.4265,32.045,1358886420
626,49.4373,32.073,1358867940
626,49.4265,32.045,1358860140
626,49.4265,32.045,1358858640
626,49.4265,32.045,1358858280
626,49.4376,32.0719,1358844540
626,49.4375,32.0728,1358844360
626,49.4302,32.0024,1358844300
626,49.4265,32.045,1358842920
626,49.4302,32.0024,1358734560
626,39.508,2.7506,1358733840
626,39.508,2.7506,1358733540
626,49.4302,32.0024,1358733180
626,49.4235,32.0157,1358693220
626,49.4241,32.0162,1358626860
626,49.435,32.0707,1358626320
626,49.4347,32.0706,1358622300
626,49.4347,32.0706,1358619240
626,49.4347,32.0706,1358613720
626,49.4347,32.0706,1358612940
626,49.4302,32.0024,1358468520
626,49.4302,32.0024,1358468220
626,49.4302,32.0024,1358466180
626,49.4353,32.0617,1358465940
626,49.4302,32.0024,1358465820
626,49.4442,32.0599,1358449320
626,49.4443,32.0593,1358449080
626,49.4442,32.0599,1358448960
626,49.4243,32.0155,1358432400
626,49.4531,32.0433,1358422980
626,49.4531,32.0433,1358422380
626,49.4411,32.0661,1358238780
626,49.4287,32.0074,1358194800
626,49.4229,32.0165,1358191920
626,49.4302,32.0024,1358127060
626,49.4302,32.0024,1358125500
626,49.4302,32.0024,1358125200
626,49.4302,32.0024,1358121900
626,49.4482,32.0649,1358114580
626,52.5154,13.3511,1358111940
626,52.5163,13.3777,1358111340
626,52.5057,13.3329,1358111160
626,52.5045,13.3362,1358110920
626,52.5066,13.3322,1358110620
626,52.5139,13.3786,1358110440
626,52.5045,13.3376,1358110260
626,49.4302,32.0024,1358103720
626,49.4302,32.0025,1358101260
626,49.4302,32.0024,1358100120
626,49.4302,32.0024,1358099520
626,49.4302,32.0024,1358099100
626,49.4302,32.0024,1358018640
626,49.4302,32.0024,1358017860
626,49.4253,32.0184,1358015040
626,49.4253,32.0184,1358014920
626,49.4155,32.0279,1358012880
626,49.4302,32.0024,1357947900
626,49.4302,32.0024,1357943160
626,49.4302,32.0024,1357940940
626,52.4246,13.5188,1357933680
626,49.4468,32.0463,1357933080
626,49.4302,32.0024,1357932180
626,49.4302,32.0024,1357929720
626,52.5186,13.376,1357917480
626,52.5199,13.2959,1357915380
626,50.059,19.9379,1357915260
626,50.0539,19.935,1357915140
626,50.059,19.9379,1357914960
626,49.4235,32.0163,1357909200
626,52.5048,13.3348,1357677480
626,49.4468,32.0463,1357676520
626,49.4468,32.0463,1357676400
626,51.0538,13.7359,1357673760
626,51.0511,13.7344,1357673640
626,49.8427,24.0334,1357673400
626,49.842,24.0294,1357673040
626,49.4301,32.0027,1357637040
626,49.4155,32.0279,1357585020
626,49.4302,32.0024,1357510140
626,51.0492,13.7355,1357479000
626,49.4162,32.0314,1357477680
626,49.4302,32.0024,1357428360
626,51.0497,13.7378,1357424220
626,51.0492,13.7355,1357423680
626,51.0497,13.7378,1357423320
626,51.0501,13.7356,1357423080
626,51.05,13.7391,1357423020
626,52.4088,13.0533,1357416960
626,52.4318,13.5345,1357416780
626,52.4318,13.5345,1357416660
626,51.0521,13.7356,1357415700
626,49.4236,32.0169,1357415580
626,51.0508,13.7336,1357414020
626,51.0508,13.7336,1357413600
626,52.5045,13.3362,1357413480
626,52.4702,13.4647,1357413360
626,52.5066,13.3322,1357411620
626,51.0538,13.7359,1357410840
626,51.0505,13.7384,1357410660
626,51.0534,13.7374,1357410600
626,51.0535,13.7402,1357409460
626,51.0534,13.7374,1357409340
626,51.0525,13.741,1357408980
626,51.0502,13.7372,1357403220
626,49.8407,24.0307,1357402140
626,49.8412,24.0332,1357402020
626,49.8407,24.0307,1357401840
626,49.8397,23.9943,1357401540
626,49.8383,24.0077,1357401360
626,49.8372,24.0035,1357401300
626,49.4257,32.0526,1357398300
626,49.431,32.0107,1357391700
626,49.8403,24.0329,1357322760
626,49.8419,24.0316,1357322700
626,51.0491,13.7358,1357294020
626,51.0538,13.7359,1357293720
626,51.0502,13.7372,1357293660
626,49.8439,24.0262,1357246920
626,49.8427,24.0334,1357246260
626,49.8423,24.0304,1357246140
626,49.841,24.0345,1357246020
626,49.8458,24.0251,1357245540
626,49.8403,24.0313,1357244940
626,49.8403,24.0313,1357244760
626,49.8407,24.0307,1357244640
626,49.8418,24.0329,1357244520
626,49.841,24.0345,1357244400
626,49.8427,24.0334,1357244280
626,49.8427,24.0334,1357244160
626,49.8407,24.0307,1357244100
626,49.8423,24.0304,1357243980
626,49.8421,24.0273,1357224240
626,49.8421,24.0273,1357224180
626,49.8421,24.0273,1357224120
626,49.8421,24.0273,1357223100
626,51.0508,13.7336,1357140180
626,51.0506,13.7347,1357139340
626,51.0489,13.7213,1357139220
626,51.0489,13.7213,1357138620
626,51.0501,13.7356,1357137060
626,51.0501,13.7356,1357134420
626,51.0501,13.7356,1357134240
626,51.0502,13.7353,1357131060
626,52.4318,13.5345,1357116600
626,52.5042,13.3366,1357065060
626,52.5045,13.3376,1357063920
626,52.5162,13.3773,1357063740
626,52.5163,13.3777,1357063440
626,52.5166,13.3816,1357063260
626,52.5163,13.3777,1357063080
626,52.5163,13.3777,1357062420
626,52.5092,13.3767,1357059540
626,52.5159,13.3721,1356987960
626,52.5159,13.3721,1356987900
626,52.5051,13.3614,1356987180
626,52.5163,13.3777,1356987000
626,52.5163,13.3777,1356986940
626,52.5163,13.3777,1356986640
626,52.5278,13.4013,1356986580
626,50.0616,19.9361,1356937080
626,50.0613,19.936,1356937020
626,50.0616,19.9373,1356936900
626,50.0592,19.9373,1356891900
626,50.0616,19.9373,1356891360
626,50.062,19.9372,1356891180
626,50.0617,19.9374,1356876900
626,50.0615,19.9361,1356876780
626,50.0623,19.9371,1356876480
626,50.062,19.9372,1356876120
626,50.0533,19.9335,1356859620
626,50.0539,19.935,1356859560
626,50.0539,19.935,1356859260
626,50.0541,19.9351,1356859080
626,50.0558,19.932,1356858960
626,50.0539,19.935,1356858840
626,50.0539,19.935,1356858720
626,50.0838,19.9345,1356851700
626,50.0838,19.9345,1356851460
626,50.084,19.9345,1356851160
626,50.0882,19.9321,1356812700
626,50.0838,19.9345,1356812040
626,50.0533,19.9587,1356809160
626,49.9603,22.8039,1356809100
626,50.0413,21.9992,1356809040
626,50.4413,30.4897,1356725460
626,50.4413,30.4893,1356724920
626,49.4235,32.0157,1356480360
626,49.4233,32.0159,1356478980
626,49.4235,32.0157,1356477480
626,49.4235,32.0157,1356463440
626,49.4237,32.0165,1356456060
626,49.4263,32.0074,1356450180
626,49.4302,32.0023,1356436200
626,49.4263,32.0213,1356425220
626,49.4263,32.0213,1356425100
626,49.4258,32.0208,1356424860
626,49.4253,32.0203,1356424620
626,49.4235,32.0157,1356391620
626,49.4236,32.0157,1356386820
626,49.4235,32.0157,1356386160
626,49.4236,32.0156,1356381900
626,49.4241,32.0161,1356376260
626,49.4268,32.0144,1356374580
626,49.4237,32.0163,1356287940
626,49.4241,32.0161,1356285480
626,49.4241,32.0161,1356279780
626,49.4304,32.0023,1356276600
626,49.4304,32.0023,1356221280
626,49.4304,32.0023,1356216240
626,49.4304,32.0023,1356216060
626,49.4304,32.0023,1356214440
626,49.4304,32.0023,1356214140
626,39.4976,2.7548,1356213240
626,39.4976,2.7548,1356212160
626,39.4976,2.7548,1356211740
626,49.4367,32.0738,1356190260
626,49.437,32.0727,1356190200
626,49.4376,32.0719,1356189960
626,49.4371,32.0725,1356189960
626,49.4371,32.0725,1356189840
626,49.4328,31.9967,1356175800
626,49.424,32.0167,1356126360
626,49.4449,32.0647,1356092400
626,49.445,32.0493,1356092220
626,49.4254,32.0191,1356092040
626,49.4236,32.0162,1356038640
626,49.4239,32.0166,1356027900
626,49.4304,32.0023,1356021060
626,49.435,32.0815,1356009300
626,49.4376,32.0719,1355950020
626,49.4265,32.045,1355946660
626,49.4507,32.0535,1355923740
626,49.4447,32.048,1355827200
626,49.4446,32.0476,1355826600
626,49.4456,32.0484,1355824260
626,49.4451,32.0478,1355823780
626,49.4449,32.0476,1355823600
626,49.4226,32.0137,1355779020
626,49.425,32.0188,1355777220
626,49.4302,32.0027,1355771160
626,49.4304,32.0022,1355769240
626,49.4482,32.0503,1355755440
626,49.445,32.0481,1355751780
626,49.4452,32.0473,1355749440
626,49.4243,32.0145,1355726940
626,39.8506,2.8,1355706000
626,49.4304,32.0022,1355703840
626,49.4304,32.0022,1355703480
626,49.4443,32.0317,1355703120
626,49.4235,32.0157,1355697540
626,49.4245,32.0163,1355661420
626,50.45,30.5242,1355609160
626,49.424,32.0163,1355590080
626,49.424,32.0162,1355589480
626,49.4423,32.0616,1355580480
626,49.448,32.0593,1355580180
626,49.4373,32.073,1355572920
626,49.4362,32.0718,1355519280
626,49.4373,32.073,1355518560
626,49.4446,32.0649,1355513460
626,49.4348,32.0707,1355513400
626,49.4242,32.0128,1355487120
626,49.4244,32.0151,1355484360
626,49.4258,32.0167,1355480820
626,49.4304,32.0022,1355438940
626,49.4304,32.0022,1355432760
626,49.4304,32.0022,1355428260
626,49.4293,32.0057,1355427480
626,49.4304,32.0022,1355427000
626,49.4304,32.0022,1355426940
626,49.4303,32.0022,1355426340
626,49.4251,32.0189,1355423100
626,49.4348,32.0622,1355418240
626,49.4304,32.0022,1355353680
626,49.4405,32.0638,1355352300
626,49.3952,32.0742,1355351580
626,49.424,32.0165,1355351400
626,49.4395,32.084,1355350860
626,49.4402,32.0842,1355350620
626,49.4352,32.0613,1355348880
626,49.4402,32.0842,1355348400
626,49.4304,32.0022,1355344260
626,49.4263,32.0213,1355339460
626,49.4262,32.0215,1355336340
626,49.4362,32.0553,1355334900
626,49.4362,32.0553,1355334660
626,49.4362,32.0553,1355334600
626,49.4345,32.0613,1355318460
626,49.4346,32.0613,1355307240
626,49.4475,32.0578,1355303280
626,49.4489,32.0619,1355302920
626,49.4441,32.06,1355301360
626,49.4443,32.06,1355301300
626,49.4244,32.0148,1355295060
626,49.4236,32.0163,1355293440
626,49.4304,32.0022,1355263020
626,50.4652,30.6463,1355258220
626,49.4242,32.0167,1355246520
626,49.4437,32.0608,1355188140
626,49.4427,32.0612,1355171580
626,49.4427,32.0613,1355162820
626,49.4427,32.0612,1355161740
626,49.4251,32.0207,1355130900
626,49.4304,32.0022,1355100960
626,49.4304,32.0022,1355099340
626,49.4304,32.0022,1355093760
626,49.4191,32.0242,1355086800
626,49.4357,32.063,1355064840
626,49.4347,32.0591,1355052840
626,49.4363,32.0594,1355052660
626,49.4251,32.0189,1354991820
626,49.4446,32.0646,1354986540
626,49.4448,32.0645,1354986300
626,49.4446,32.0643,1354973760
626,49.4448,32.0645,1354972500
626,49.4446,32.0646,1354970880
626,49.4446,32.0646,1354968840
626,49.4446,32.0646,1354968420
626,49.429,32.0049,1354833840
626,49.4304,32.0022,1354829160
626,49.4304,32.0022,1354796760
626,49.423,32.0153,1354790940
626,49.4447,32.048,1354707840
626,49.445,32.0475,1354703400
626,50.45,30.524,1354657860
626,49.4235,32.0157,1354656600
626,49.4235,32.0157,1354656480
626,49.4235,32.0157,1354656300
626,49.4233,32.0159,1354656120
626,49.4442,32.0503,1354655160
626,49.4235,32.0157,1354655040
626,49.4348,32.0612,1354653840
626,49.4293,32.0047,1354645500
626,49.4446,32.0474,1354611540
626,49.4236,32.0164,1354607400
626,49.4241,32.0162,1354566480
626,49.4367,32.0588,1354566180
626,49.4367,32.0592,1354565640
626,49.4393,32.0585,1354534020
626,49.4363,32.063,1354533900
626,49.4367,32.0625,1354533840
626,49.4398,32.0575,1354533600
626,49.4448,32.0475,1354530480
626,49.4238,32.016,1354482480
626,49.4241,32.0162,1354450920
626,49.4235,32.0157,1354449900
626,49.4377,32.0997,1354403460
626,49.4377,32.1,1354402140
626,49.4377,32.1003,1354401960
626,49.4377,32.1003,1354401720
626,49.438,32.1005,1354393320
626,49.4382,32.1005,1354393260
626,49.438,32.1005,1354393020
626,49.438,32.1003,1354380960
626,49.4344,32.0912,1354371420
626,49.4344,32.0912,1354371120
626,49.4344,32.0912,1354366860
626,49.4344,32.0912,1354366560
626,49.4303,32.0021,1354316520
626,49.4303,32.0021,1354316340
626,49.425,32.0189,1354303680
626,49.4443,32.0482,1354275300
626,49.4303,32.0023,1354272420
626,49.4394,32.0404,1354270920
626,49.4303,32.0021,1354246200
626,49.4303,32.0021,1354238460
626,49.4372,32.0627,1354232940
626,49.4232,32.0162,1354209660
626,49.4452,32.0472,1354192860
626,49.446,32.048,1354186800
626,49.4305,32.0018,1354133820
626,49.4305,32.0018,1354129380
626,49.4482,32.0649,1354114620
626,49.4503,32.0522,1354107960
626,49.4306,32.0014,1353977040
626,49.4305,32.0018,1353975300
626,49.4248,32.0142,1353938880
626,49.4305,32.0016,1353884220
626,49.4305,32.0016,1353882120
626,49.4305,32.0016,1353880920
626,49.4378,32.0728,1353858000
626,49.394,32.0593,1353795420
626,49.3951,32.0595,1353777660
626,49.4208,32.0501,1353777120
626,49.4327,32.012,1353772260
626,49.3943,32.0597,1353707220
626,49.4447,32.048,1353668220
626,49.4306,32.0015,1353619200
626,49.4263,32.0217,1353611220
626,49.4284,32.0137,1353607200
626,49.4306,32.0015,1353603840
626,49.4306,32.0015,1353596340
626,49.4306,32.0015,1353596040
626,49.4447,32.048,1353568080
626,49.4662,32.1013,1353539220
626,49.4306,32.0015,1353528720
626,49.4306,32.0014,1353527880
626,49.4333,32.014,1353450120
626,49.4409,32.0645,1353448800
626,49.4409,32.0645,1353446820
626,49.4448,32.0514,1353440100
626,49.4448,32.0514,1353439620
626,49.4448,32.0514,1353439020
626,49.4448,32.0514,1353438060
626,49.4448,32.0514,1353435960
626,49.4523,32.037,1353361200
626,49.4545,32.0438,1353359640
626,49.3951,32.0595,1353353460
626,49.3951,32.0595,1353353160
626,49.3951,32.0595,1353353040
626,49.394,32.0595,1353352980
626,49.4235,32.0157,1353337800
626,49.4235,32.0157,1353337200
626,49.4457,32.0628,1353318480
626,49.4447,32.048,1353315480
626,49.424,32.017,1353273120
626,49.4225,32.0145,1353189180
626,49.4306,32.0014,1353172980
626,49.4328,31.9967,1353154560
626,49.4235,32.0157,1353088800
626,50.4652,30.6463,1353087780
626,50.4652,30.6463,1353087660
626,49.4235,32.0157,1353087480
626,50.4623,30.6372,1353087300
626,50.4513,30.6343,1353086460
626,50.4623,30.6372,1353086340
626,49.4235,32.0157,1353020280
626,49.4306,32.0014,1352998500
626,49.425,32.0142,1352997480
626,49.4447,32.048,1352972220
626,49.4339,32.0147,1352962440
626,49.4235,32.0157,1352888400
626,49.4235,32.0157,1352843580
626,49.4234,32.0157,1352842200
626,49.424,32.0163,1352836920
626,49.424,32.0162,1352835540
626,49.424,32.0163,1352832900
626,49.4241,32.0162,1352821740
626,49.4241,32.0162,1352821020
626,49.4447,32.048,1352790840
626,49.4235,32.0157,1352759340
626,49.425,32.0142,1352754900
626,49.4235,32.0157,1352682300
626,49.4235,32.0157,1352681400
626,49.4235,32.0157,1352677200
626,49.437,32.0175,1352661420
626,49.437,32.0175,1352661240
626,49.4314,32.0122,1352658780
626,49.4314,32.0122,1352657940
626,49.425,32.0142,1352636940
626,49.425,32.0142,1352636520
626,49.4258,32.0145,1352635620
626,49.425,32.0142,1352635320
626,49.425,32.0142,1352635260
626,49.425,32.0142,1352634060
626,49.425,32.0142,1352633880
626,49.425,32.0142,1352633760
626,49.425,32.0142,1352633700
626,49.425,32.0142,1352633520
626,49.425,32.0142,1352633460
626,49.425,32.0142,1352633340
626,49.4235,32.0157,1352633280
626,49.4235,32.0157,1352498040
626,39.4976,2.7548,1352486760
626,49.4435,32.0528,1352456340
626,49.4443,32.0593,1352455620
626,49.4307,32.0012,1352410800
626,49.4307,32.0012,1352409600
626,49.4447,32.048,1352408820
626,49.4447,32.048,1352408160
626,49.4447,32.048,1352407200
626,49.4443,32.0317,1352394360
626,49.4332,32.0543,1352390100
626,49.4307,32.0012,1352389800
626,49.4325,31.9975,1352381040
626,49.4447,32.048,1352377020
626,49.4447,32.048,1352376780
626,49.4446,32.0651,1352211000
626,49.4449,32.0647,1352112120
626,49.4452,32.0627,1352058480
626,49.4309,32.0008,1352029800
626,49.4253,32.0198,1351977840
626,49.4447,32.048,1351895460
626,49.4155,32.0279,1351891980
626,49.4447,32.048,1351891020
626,49.4447,32.048,1351851780
626,49.4447,32.048,1351851240
626,49.4447,32.048,1351846440
626,49.4323,32.0793,1351799040
626,49.4323,32.0793,1351798920
626,49.4323,32.0793,1351798560
626,49.4452,32.0627,1351726680
626,49.4452,32.0627,1351719180
626,49.4452,32.0627,1351717020
626,49.4452,32.0627,1351716840
626,49.4445,32.0482,1351716480
626,49.4447,32.048,1351714920
626,49.4447,32.048,1351714860
626,49.4235,32.0165,1351630380
626,49.4241,32.0162,1351629480
626,49.4241,32.0162,1351627920
626,49.4236,32.0156,1351626900
626,49.4446,32.0646,1351622280
626,49.4442,32.0599,1351535700
626,49.3952,32.0742,1351534920
626,49.4449,32.065,1351533900
626,49.395,32.0742,1351533300
626,49.395,32.0742,1351533000
626,49.395,32.0742,1351532820
626,49.4442,32.0599,1351532640
626,49.4447,32.0648,1351456560
626,49.4457,32.0652,1351456440
626,49.4449,32.065,1351455540
626,49.4442,32.0599,1351454700
626,49.3948,32.0596,1351433580
626,49.3952,32.0592,1351433100
626,49.3952,32.0592,1351433040
626,49.4377,32.0717,1351279380
626,49.4377,32.0717,1351278060
626,49.4377,32.0717,1351276620
626,49.4348,32.0615,1351104960
626,49.4342,32.0086,1351100220
626,49.4323,32.013,1350971100
626,49.435,32.0613,1350940980
626,49.435,32.0613,1350940380
626,49.4447,32.048,1350891720
626,49.4244,32.0148,1350884760
626,49.4235,32.0158,1350860580
626,49.4235,32.0158,1350854520
626,49.4235,32.0158,1350852300
626,49.4362,32.0553,1350833520
626,49.4362,32.0553,1350831120
626,49.4362,32.0553,1350825900
626,49.4362,32.0553,1350825780
626,49.4447,32.0649,1350758940
626,49.4447,32.0649,1350758760
626,49.4447,32.0649,1350756900
626,49.4447,32.0649,1350756780
626,49.4447,32.0649,1350756600
626,49.4468,32.0465,1350750180
626,49.447,32.0463,1350740940
626,49.4469,32.0464,1350736380
626,49.4239,32.0161,1350677460
626,49.4447,32.048,1350640020
626,49.4447,32.048,1350637740
626,49.4252,32.0184,1350595800
626,49.4418,32.0648,1350593460
626,49.4256,32.0151,1350593280
626,49.425,32.0199,1350583860
626,49.4425,32.0616,1350407400
626,49.449,32.055,1350407040
626,49.4235,32.0158,1350217140
626,50.4507,30.53,1350216120
626,49.4235,32.0158,1350154440
626,49.4252,32.0201,1350077160
626,50.45,30.5242,1350072540
626,49.4447,32.048,1350037560
626,49.435,32.0815,1349874240
626,49.435,32.0815,1349873940
626,49.4235,32.0158,1349822460
626,49.4235,32.0158,1349821380
626,49.4373,32.073,1349815140
626,50.4492,30.5345,1349782560
626,50.4465,30.541,1349781480
626,50.4476,30.5337,1349781180
626,50.4465,30.541,1349776140
626,50.4465,30.541,1349775600
626,50.4484,30.5355,1349775360
626,50.053,31.4899,1349762160
626,49.4449,32.0647,1349643480
626,49.4449,32.0647,1349520780
626,49.4449,32.0647,1349520000
626,49.4449,32.0647,1349454660
626,49.4447,32.048,1349429700
626,49.4447,32.048,1349343000
626,49.4447,32.048,1349341440
626,49.4447,32.048,1349338380
626,49.4235,32.0158,1349298720
626,49.4235,32.0158,1349297760
626,39.4973,2.7542,1349297340
626,49.4235,32.0158,1349296200
626,49.4235,32.0158,1349294820
626,49.4268,32.0144,1349288220
626,49.4235,32.0158,1349211360
626,49.4235,32.0158,1349209140
626,49.4235,32.0158,1349206560
626,49.4255,32.0637,1349200980
626,49.4255,32.0637,1349200800
626,49.4376,32.0719,1349187900
626,49.4447,32.048,1349176860
626,49.444,32.0475,1349161620
626,49.4447,32.048,1349161320
626,49.4447,32.048,1349086800
626,49.4447,32.048,1349086200
626,49.4235,32.0158,1349046480
626,49.4235,32.0158,1349045580
626,49.4235,32.0158,1349045340
626,50.45,30.5242,1349040660
626,49.4411,32.0661,1349027160
626,50.45,30.5242,1348926000
626,50.45,30.5242,1348925760
626,50.45,30.5242,1348925460
626,39.5207,2.4765,1348783800
626,39.4976,2.7548,1348783560
626,49.4255,32.0637,1348778640
626,49.4442,32.0599,1348339080
626,49.4442,32.0599,1348335780
626,39.5065,2.7515,1348323060
626,39.4976,2.7548,1348258020
626,49.4407,32.0657,1348238640
626,49.4291,32.095,1348237500
626,49.4235,32.0158,1348213140
626,49.4235,32.0158,1348212540
626,50.3409,30.8952,1348181280
626,50.3409,30.8952,1348180920
626,50.3414,30.888,1348177680
626,39.5486,2.7327,1348177560
626,39.5173,2.7468,1348136940
626,39.4973,2.7541,1348125120
626,39.498,2.7556,1348096020
626,39.4979,2.7552,1348095840
626,39.4978,2.7548,1348095180
626,39.4978,2.755,1348095060
626,39.5122,2.7484,1348078320
626,39.5112,2.7488,1348078080
626,39.5157,2.7456,1348077960
626,39.5891,2.654,1348077780
626,39.5112,2.7488,1348066380
626,39.5112,2.7488,1348063080
626,39.5182,2.7443,1348009260
626,39.5173,2.7468,1348008300
626,39.4965,2.7613,1347990900
626,39.4965,2.7613,1347990120
626,39.4965,2.7613,1347990060
626,39.4965,2.7613,1347975720
626,39.498,2.7553,1347919140
626,39.498,2.7553,1347918720
626,39.5138,2.7473,1347917280
626,39.5006,2.7492,1347915960
626,39.5719,2.652,1347915660
626,39.5037,2.7514,1347915180
626,39.4976,2.7548,1347914520
626,39.4973,2.7541,1347914340
626,39.4973,2.7541,1347913800
626,39.4973,2.7541,1347913560
626,39.4973,2.7541,1347869040
626,39.4973,2.7541,1347834180
626,39.4976,2.7548,1347818220
626,39.5726,2.6532,1347784380
626,39.4973,2.7541,1347779880
626,39.4973,2.7541,1347736800
626,39.508,2.7506,1347729780
626,39.5112,2.7488,1347727200
626,39.5174,2.7454,1347726720
626,39.508,2.7506,1347725520
626,39.7602,3.1675,1347723540
626,39.508,2.7506,1347720540
626,39.508,2.7506,1347702000
626,39.4973,2.7541,1347698460
626,39.4973,2.7541,1347695820
626,39.4973,2.7541,1347693360
626,39.4984,2.7544,1347654180
626,39.4964,2.7566,1347629160
626,39.508,2.7506,1347619380
626,39.4976,2.7548,1347609660
626,39.5675,2.6482,1347608760
626,39.4978,2.7553,1347608460
626,39.57,2.6467,1347576120
626,39.5675,2.6482,1347575460
626,39.5685,2.6461,1347575220
626,39.4976,2.7548,1347570900
626,39.5675,2.6482,1347570660
626,39.5715,2.6518,1347570420
626,39.5675,2.6482,1347569760
626,39.4976,2.7548,1347569400
626,39.5675,2.6482,1347568800
626,39.5675,2.6482,1347568380
626,39.5683,2.6458,1347567900
626,39.4973,2.7541,1347491940
626,39.4979,2.7552,1347490320
626,39.5138,2.7473,1347489000
626,39.5138,2.7473,1347477720
626,39.5494,2.7361,1347476640
626,39.5138,2.7473,1347473220
626,39.5138,2.7473,1347465060
626,39.5086,2.7515,1347412080
626,39.5701,2.6489,1347407700
626,39.5174,2.7454,1347405600
626,39.5126,2.6387,1347405300
626,39.5085,2.7505,1347401760
626,39.5068,2.7563,1347399660
626,39.4978,2.7551,1347391380
626,39.9289,3.1105,1347350460
626,39.4973,2.7541,1347350100
626,39.508,2.7506,1347348840
626,39.4973,2.7541,1347347820
626,39.4973,2.7541,1347316920
626,39.4973,2.7541,1347316560
626,39.5138,2.7473,1347316320
626,39.5138,2.7473,1347316080
626,39.5138,2.7473,1347315660
626,39.9279,3.1402,1347262140
626,39.9613,3.2124,1347261000
626,39.5126,2.6387,1347228120
626,39.9281,3.1399,1347226560
626,39.3732,3.2298,1347222900
626,39.5084,2.751,1347171360
626,39.4977,2.7549,1347169500
626,39.4978,2.7551,1347169440
626,39.4978,2.7551,1347169200
626,39.6953,3.0176,1347138480
626,39.6361,2.6317,1347136740
626,39.6361,2.6317,1347135720
626,39.508,2.7506,1347052320
626,39.5,2.7546,1347046020
626,39.508,2.7506,1347045300
626,39.508,2.7506,1347044760
626,39.5037,2.7514,1347044400
626,39.5024,2.7499,1347043440
626,39.5486,2.7327,1346961780
626,39.508,2.7506,1346961120
626,39.547,2.7305,1346961000
626,50.3418,30.8885,1346933460
626,50.3418,30.8893,1346931180
626,49.424,32.0165,1346879580
626,49.4405,32.0658,1346853480
626,49.4332,32.014,1346777220
626,49.4332,32.014,1346776740
626,49.424,32.0164,1346763720
626,49.424,32.0164,1346763060
626,49.4294,32.0076,1346761980
626,49.4445,32.0492,1346761500
626,49.4235,32.0158,1346711460
626,49.4443,32.0481,1346668200
626,49.4239,32.0162,1346520120
626,49.4533,32.0425,1346514900
626,49.424,32.0164,1346450220
626,49.424,32.0164,1346449260
626,49.424,32.0164,1346444940
626,49.424,32.0164,1346442300
626,49.4239,32.0163,1346438880
626,49.424,32.0164,1346342520
626,49.424,32.0164,1346341680
626,49.424,32.0164,1346335680
626,49.4523,32.0457,1346327580
626,49.4524,32.0456,1346323920
626,49.4524,32.0456,1346323380
626,49.4408,32.06,1346286420
626,49.4408,32.06,1346278800
626,49.4409,32.0643,1346258520
626,49.4234,32.0157,1346243880
626,49.425,32.0127,1346179260
626,49.4425,32.0659,1346079480
626,49.4772,31.9955,1346078580
626,49.4234,32.0157,1346051580
626,49.4497,32.063,1345852020
626,49.4498,32.0685,1345849320
626,49.4498,32.069,1345842360
626,49.45,32.0685,1345832640
626,49.4235,32.0157,1345764360
626,49.4235,32.0157,1345758060
626,49.4235,32.0157,1345753920
626,49.4235,32.0157,1345753140
626,49.4234,32.0157,1345729140
626,49.4455,32.0575,1345725300
626,49.4234,32.0157,1345722480
626,49.4234,32.0157,1345720260
