637,33.4333,111.9033,1375489920
637,40.7437,73.9878,1374096540
637,40.7422,73.9879,1374096240
637,40.7422,73.9879,1374096120
637,33.385,111.6873,1373339160
637,33.4291,111.7247,1373235300
637,33.4292,111.7247,1373234640
637,33.4289,111.7246,1373163720
637,33.4347,111.9018,1373162880
637,33.4087,111.6851,1372947480
637,33.429,111.7246,1372820400
637,33.429,111.7246,1372612620
637,33.4516,111.7224,1372468980
637,33.404,111.7519,1372305420
637,33.3797,111.8784,1372297800
637,33.4092,111.6853,1352653860
637,33.429,111.7246,1352590440
637,33.429,111.7247,1352355360
637,33.4289,111.7247,1352232660
637,33.409,111.6852,1352136840
637,33.4292,111.7247,1351881660
637,33.4093,111.6853,1351791420
637,33.429,111.7245,1351738080
637,33.429,111.7245,1351737600
637,33.429,111.7247,1351736460
637,33.4288,111.7246,1350271080
637,33.4288,111.7247,1350192060
637,33.3823,111.6025,1350178140
637,33.3937,111.6975,1350078480
637,33.395,111.7365,1350077100
637,33.429,111.7247,1350019680
637,33.429,111.7245,1350018540
637,33.4292,111.7247,1349910540
637,33.4297,111.7253,1349806620
637,33.429,111.7247,1349800080
637,33.429,111.7247,1349745480
637,33.429,111.7247,1349732100
637,33.429,111.7247,1349668800
637,33.429,111.7248,1349667480
637,33.4292,111.7247,1349588760
637,33.4518,111.7168,1349587140
637,33.409,111.6853,1349559540
637,33.4289,111.7245,1349478420
637,33.4225,111.715,1349371200
637,33.4289,111.7245,1349316180
637,35.1386,111.693,1349197200
637,35.1394,111.6938,1349151660
637,35.1817,111.6688,1349142420
637,35.1394,111.6938,1349062560
637,35.1396,111.694,1349061720
637,35.1394,111.6938,1349061480
637,33.4261,111.9397,1348986420
637,33.4261,111.9397,1348985580
637,33.429,111.7246,1348967400
637,33.4091,111.6853,1348868520
637,33.4289,111.7247,1348807140
637,33.387,111.8536,1348785240
637,33.3923,111.6968,1348769760
637,33.4289,111.7245,1348638660
637,33.4291,111.7246,1348535820
637,33.3912,111.6886,1347919560
637,33.4291,111.7247,1347832380
637,33.4091,111.6852,1347822060
637,33.4091,111.6852,1347820980
637,33.4091,111.6853,1347801840
637,33.4286,111.7192,1347801360
637,33.451,111.7354,1347762780
637,33.4295,111.7247,1347520620
637,33.4338,111.901,1347506340
637,33.429,111.7247,1347385140
637,33.4086,111.7049,1347050580
637,33.4157,111.7053,1347018540
637,33.4283,111.7278,1346889060
637,33.429,111.7246,1346788740
637,33.4679,111.6834,1346730060
637,33.4157,111.7352,1346653680
637,33.4091,111.6852,1346553900
637,33.4289,111.7248,1346398680
637,33.4289,111.7246,1345965540
637,33.429,111.7246,1345964880
637,33.3796,111.7409,1345876380
637,33.429,111.7246,1345825980
637,33.429,111.7246,1345661340
637,33.4289,111.7247,1345440240
637,33.429,111.7246,1345434060
637,33.2869,111.7525,1345156740
637,33.4291,111.7246,1345053480
637,33.4291,111.7247,1344821520
637,33.4288,111.7323,1344759180
637,33.4201,111.9233,1344755700
637,33.4091,111.6852,1344731400
637,33.4374,111.7161,1344187140
637,33.4291,111.7246,1344148560
637,33.429,111.7246,1344053160
637,33.429,111.7246,1344007560
637,33.4809,111.7357,1343924760
637,33.4289,111.7246,1343889240
637,33.4663,112.0567,1343854440
637,33.4798,111.994,1343765820
637,33.4291,111.7246,1343695860
637,33.4091,111.6852,1343684040
637,33.4663,112.0567,1343150160
637,33.4289,111.7246,1342569660
637,33.4289,111.7247,1342504980
637,33.4291,111.7247,1342487700
637,33.429,111.7246,1342417980
637,33.4291,111.7248,1342408560
637,33.8031,118.0288,1342370700
637,34.0623,118.3615,1342312680
637,34.1558,118.1327,1342304940
637,33.7017,118.001,1342214700
637,33.6498,117.9948,1342203600
637,33.726,117.9883,1342145640
637,33.726,117.9883,1342145040
637,33.726,117.9883,1342144440
637,33.4291,111.7246,1342046160
637,33.429,111.7246,1342040640
637,33.4291,111.7247,1341973140
637,33.4289,111.7247,1341971700
637,33.4112,111.6878,1341935400
637,33.3867,111.8051,1341886380
637,33.4091,111.6852,1341881280
637,33.4291,111.7248,1341786120
637,33.4291,111.7246,1341784020
637,33.4289,111.7248,1341782280
637,33.3787,111.7923,1341768840
637,33.4288,111.7248,1341724800
637,33.429,111.7246,1341723900
637,33.394,111.807,1341709440
637,33.4289,111.7248,1341688260
637,33.429,111.7245,1341684420
637,33.4154,111.8323,1341644340
637,33.4229,111.8395,1341618660
637,33.431,111.6578,1341615420
637,33.4291,111.7247,1341510540
637,33.4291,111.7246,1341430620
637,33.4613,112.2828,1341383160
637,33.4291,111.7246,1341301140
637,33.4291,111.7246,1341288120
637,33.4291,111.7246,1341277920
637,33.4663,112.0567,1341256140
637,33.4289,111.7249,1340420700
637,33.429,111.7246,1340384100
637,33.429,111.7246,1340339820
637,33.4342,111.7205,1340327820
637,33.4663,112.0567,1340303460
637,33.4513,111.7189,1340120520
637,33.4289,111.7245,1340093460
637,33.4663,112.0567,1340058120
637,33.4291,111.7247,1339906740
637,33.4289,111.7245,1339898280
637,33.4289,111.7246,1339812540
637,33.4292,111.7246,1339810080
637,33.4291,111.7245,1339782420
637,33.4291,111.7246,1339780860
637,33.4291,111.7246,1339780740
637,33.4291,111.7246,1339780620
637,33.4289,111.7245,1339751520
637,33.4291,111.7245,1339740780
637,33.4291,111.7246,1339740360
637,33.429,111.7247,1339734900
637,33.4289,111.7248,1339734120
637,33.429,111.7246,1339638660
637,33.4292,111.7244,1339636200
637,33.4291,111.7245,1339475940
637,33.4292,111.7245,1339367340
637,33.4292,111.7254,1339361880
637,33.429,111.7249,1339308000
637,33.4291,111.7246,1339302660
637,33.4333,111.9033,1339220400
637,33.429,111.7249,1339216200
637,33.4289,111.7242,1339206180
637,33.3219,111.7262,1339187880
637,33.3219,111.7262,1339187760
637,33.4289,111.7246,1339135560
637,32.232,110.958,1338953640
637,33.3797,111.8784,1338930780
637,33.4623,112.0521,1338834780
637,33.4289,111.7248,1338761340
637,33.431,111.6579,1338750960
637,33.4289,111.7248,1338699300
637,33.4289,111.7248,1338527820
637,33.4663,112.0567,1338318720
637,33.4289,111.7248,1338252600
637,33.4289,111.7248,1338182040
637,33.4289,111.7248,1338158040
637,33.4289,111.7248,1338012840
637,35.2066,111.6156,1337976960
637,33.4663,112.0567,1337881980
637,33.4798,111.994,1337801220
637,33.4377,111.7202,1337560380
637,33.2241,111.5901,1337453460
637,33.2241,111.5901,1337451300
637,33.2241,111.5901,1337451000
637,33.2241,111.5901,1337449320
637,33.4663,112.0567,1337277840
