643,48.8882,2.2959,1376568420
643,48.8734,2.2771,1376053560
643,48.8751,2.279,1376053260
643,48.8883,2.2958,1376011920
643,48.8551,2.3757,1376011680
643,48.8551,2.3757,1376011680
643,48.8551,2.3757,1375988460
643,48.4001,2.9751,1375635300
643,48.3466,3.1429,1375615740
643,48.3726,3.1136,1375611900
643,48.8883,2.2959,1375124280
643,48.8883,2.2959,1375124160
643,48.8883,2.2959,1375124040
643,48.8883,2.2959,1375123980
643,48.8841,2.297,1375123320
643,48.8841,2.297,1375123260
643,48.8841,2.297,1375123080
643,48.8861,2.2993,1374268860
643,48.8861,2.2993,1374268620
643,48.8883,2.2959,1374164940
643,28.4316,81.3083,1372355640
643,28.4299,81.4715,1372348440
643,28.4252,81.4699,1372001580
643,28.4283,81.4696,1371996180
643,28.43,81.4716,1371943620
643,28.4301,81.4716,1371943440
643,28.4301,81.4716,1371943200
643,28.4724,81.4737,1371921600
643,48.8487,2.3011,1370805960
643,48.845,2.3734,1370782080
643,48.8883,2.296,1370706840
643,41.8985,87.6233,1370044020
643,41.8987,87.6234,1370043840
643,41.8856,87.6202,1369882860
643,41.8856,87.6202,1369882740
643,41.8906,87.624,1369842900
643,41.8813,87.6244,1369775040
643,41.886,87.6211,1369699980
643,41.8805,87.6224,1369685340
643,41.8856,87.6202,1369660620
643,41.8856,87.6202,1369654860
643,41.8844,87.6298,1369614180
643,49.0049,2.5905,1369564260
643,48.8883,2.296,1369519020
643,48.8883,2.2959,1369486560
643,48.8883,2.296,1369401720
643,48.8305,2.2655,1369137780
643,48.8885,2.2988,1368918300
643,48.8884,2.296,1368797940
643,48.8883,2.296,1368797820
643,37.3234,121.959,1368234660
643,37.4073,121.9419,1368229800
643,37.4092,121.9446,1368114780
643,37.4093,121.9262,1368075480
643,37.4093,121.9262,1368072960
643,37.4284,121.9209,1367692020
643,37.4284,121.9209,1367691840
643,37.4091,121.9264,1367603820
643,37.6118,122.3901,1367099520
643,37.4267,121.9217,1367035140
643,37.4472,122.1604,1365390540
643,48.8883,2.296,1364060220
643,45.374,6.5702,1363717740
643,48.8883,2.296,1363552200
643,48.8883,2.296,1363552140
643,48.8883,2.296,1363551960
643,48.8405,2.2646,1363371060
643,48.8542,2.2772,1362863580
643,48.8307,2.2666,1362750300
643,48.8882,2.296,1361731860
643,48.8882,2.296,1361731680
643,48.8882,2.296,1361731620
643,48.8882,2.296,1361731500
643,52.5143,13.3359,1360974420
643,52.5191,13.3242,1360921740
643,51.5052,0.0847,1359981060
643,51.5046,0.0866,1359823440
643,51.5032,0.0807,1359823380
643,51.4997,0.0817,1359823380
643,51.4952,0.077,1359823380
643,51.5052,0.0846,1359743040
643,51.5052,0.0846,1359742860
643,51.5078,0.0998,1359720420
643,51.5051,0.0845,1359504840
643,7.2932,80.6381,1347730680
643,7.2932,80.6381,1347724320
643,48.8884,2.2962,1346526360
643,48.6741,1.6805,1345921440
643,48.6757,1.6782,1345888860
643,37.4023,121.9117,1336487940
643,37.3257,121.9455,1336279020
643,37.3235,121.9591,1336278720
