658,26.3313,80.2517,1378062180
658,26.3583,80.0805,1377401700
658,26.3222,80.236,1376940840
658,26.331,80.2513,1376863140
658,26.3313,80.2518,1376699100
658,26.3224,80.2924,1376532120
658,26.3313,80.2517,1376436660
658,26.3186,80.2513,1376338440
658,26.3214,80.2509,1376083620
658,26.4662,80.077,1375931100
658,26.3313,80.2516,1375635900
658,26.3686,80.1338,1375502160
658,26.3706,80.1009,1375369080
658,26.3707,80.1009,1375293180
658,26.3675,80.1034,1375215960
658,26.3707,80.1009,1374591420
658,26.3639,80.1255,1374544260
658,26.3675,80.1034,1374503880
658,26.3674,80.1035,1374300420
658,26.3681,80.1031,1374278700
658,26.3313,80.2517,1374158040
658,26.3676,80.1034,1374032940
658,28.5899,81.2091,1373748240
658,26.3769,80.1126,1373600820
658,26.3676,80.1034,1373214060
658,26.3755,80.0982,1373167200
658,24.8703,80.7027,1372952760
658,24.8705,80.7025,1372909620
658,26.37,80.1033,1372878180
658,26.3659,80.1126,1372727700
658,26.3683,80.1678,1372719900
658,26.3706,80.1009,1372696860
658,26.3312,80.2513,1372621500
658,26.3676,80.1034,1372513560
658,26.3618,80.079,1372466400
658,26.3675,80.1035,1372386840
658,26.3662,80.1262,1372291920
658,26.3165,80.0756,1371918840
658,26.3677,80.1038,1371847500
658,26.3313,80.2519,1371508140
658,26.3313,80.2517,1371499320
658,26.3685,80.1038,1371314940
658,26.3332,80.2522,1371256140
658,26.3313,80.2519,1371099480
658,26.3313,80.2517,1371093060
658,26.3313,80.2519,1370985960
658,26.3314,80.252,1370894640
658,26.3167,80.2188,1370833380
658,26.3313,80.2518,1370722740
658,26.7064,80.1425,1370626800
658,26.3316,80.2521,1370465700
658,26.1832,80.2178,1370442480
658,26.3314,80.2517,1370389440
658,26.327,80.2603,1370185140
658,26.3307,80.2522,1370057400
658,26.3313,80.252,1370011320
658,26.3313,80.2517,1369680300
658,26.3312,80.2513,1369669380
658,26.3313,80.2517,1369515840
658,28.3756,81.5494,1369410840
658,26.327,80.2603,1369324080
658,26.3313,80.2518,1369271280
658,26.3086,80.268,1369056180
658,26.3242,80.2513,1368912420
658,26.3313,80.252,1368644880
658,26.3313,80.2518,1368366720
658,26.3312,80.2516,1368300780
658,26.3753,80.1001,1367688120
658,26.3045,80.2685,1367581500
658,26.3049,80.2687,1367493900
658,26.3104,80.2679,1367414700
658,26.3046,80.2686,1367245680
658,26.2972,80.252,1367172420
658,26.327,80.2603,1367020260
658,26.583,80.0385,1366584120
658,26.5831,80.0384,1366481400
658,26.3313,80.2518,1365628080
658,26.3223,80.2414,1364763660
658,26.3226,80.2404,1364507100
658,28.416,81.5812,1364410500
658,28.3736,81.5494,1364333880
658,26.3313,80.2519,1364056980
658,26.3313,80.252,1363737900
658,26.3314,80.2519,1363380060
658,26.3313,80.2518,1363139700
658,26.3225,80.2369,1362884160
658,26.3312,80.2519,1361997360
658,26.3313,80.2518,1361830680
658,28.4188,81.5783,1361074320
658,28.3554,81.5901,1360948140
658,26.31,80.2684,1360848360
658,26.3313,80.2517,1360275660
658,26.3313,80.2519,1360197000
658,26.3045,80.2691,1359722340
658,26.309,80.268,1359660420
658,26.3176,80.075,1359212040
658,26.3313,80.2518,1359061560
658,26.3313,80.2518,1358805840
658,28.416,81.5812,1358728800
658,26.3314,80.2517,1358443860
658,26.3313,80.252,1358275620
658,26.3312,80.2522,1358028300
658,26.3086,80.2669,1357840140
658,26.3298,80.2487,1357493160
658,26.3313,80.2517,1356998220
658,26.3311,80.2518,1356822780
658,26.3313,80.2518,1356702720
658,26.3275,80.2569,1356395100
658,26.3313,80.2518,1356383220
658,27.9415,82.4542,1356121200
658,26.3311,80.2518,1355179200
658,28.4779,81.4679,1355003400
658,26.3314,80.2518,1354828020
658,26.3314,80.2519,1354741200
658,26.327,80.2603,1354381620
658,26.3042,80.2695,1349868480
658,26.3313,80.2517,1349636520
658,26.3314,80.2518,1349558160
658,26.2724,80.2615,1349105640
658,26.3314,80.2518,1349050980
658,26.3309,80.2514,1348672860
658,26.3314,80.2518,1348609020
658,26.3688,80.1872,1348424940
658,26.3313,80.2518,1348173480
658,26.3313,80.252,1348008780
658,26.3073,80.2798,1347901080
658,26.3313,80.2518,1347736860
658,26.3313,80.2518,1347573900
658,26.3315,80.2518,1347156420
658,26.3042,80.2682,1346943600
658,26.3314,80.2518,1346795700
658,26.2603,80.2501,1346539440
658,26.3313,80.2518,1346471400
658,26.3312,80.2518,1346340480
658,26.3313,80.2518,1345946400
658,26.3312,80.2517,1345751520
658,26.3313,80.252,1345331100
658,26.3312,80.2517,1345145280
658,26.2883,80.2685,1344973380
658,27.3368,80.3743,1344654240
658,26.3313,80.2518,1344519000
658,26.327,80.2603,1344464820
658,26.3517,80.091,1344292680
658,26.3308,80.2511,1344178920
658,26.286,80.2502,1343843400
658,26.327,80.2603,1343687580
658,26.3312,80.2517,1343660280
658,26.3168,80.2485,1343428860
658,26.3313,80.252,1343345700
658,26.3313,80.2518,1343080680
658,28.5957,81.1985,1342897680
658,26.3313,80.252,1342830900
658,26.3313,80.2518,1342722120
658,26.3315,80.2518,1342399860
658,26.3628,80.1309,1342293480
658,26.3313,80.2518,1342042380
658,28.3554,81.5901,1341674760
658,26.3314,80.2519,1341539520
658,26.3313,80.252,1341164280
658,26.3313,80.252,1340989740
658,26.3313,80.2518,1340914020
658,26.3315,80.252,1340726280
658,26.3313,80.2518,1340329380
658,26.3313,80.2518,1340286900
658,26.3314,80.2517,1340161500
658,26.3623,80.1234,1339866000
658,26.3313,80.2519,1339731060
658,26.3315,80.2517,1339592760
658,26.3313,80.2518,1339277160
658,26.3212,80.2345,1338817200
658,26.3313,80.2517,1338408120
658,26.3041,80.2678,1338325800
658,26.3313,80.252,1338255720
658,26.3314,80.2518,1338037620
658,26.3315,80.252,1337913300
658,26.299,80.2672,1337719800
658,26.3313,80.2518,1337547060
658,26.3313,80.2518,1337265660
658,26.3155,80.2207,1336657080
658,26.2725,80.1752,1336237320
658,26.3105,80.2063,1335653640
658,26.3313,80.2518,1335492660
658,26.3172,80.1282,1335475200
658,26.6185,80.0374,1335203700
658,26.6189,80.0375,1335184020
658,26.6187,80.0376,1335045960
658,26.288,80.2023,1334786760
658,26.3113,80.2513,1334698140
658,26.3313,80.252,1334441940
658,26.3312,80.2518,1334259660
658,26.3313,80.252,1334196300
658,26.3313,80.2517,1333897920
658,26.3635,80.1323,1333808700
658,26.3313,80.2518,1333723500
658,26.3047,80.2683,1333024980
658,26.3314,80.2519,1332813780
658,26.3312,80.252,1332729240
658,26.3628,80.1352,1332556500
658,26.3313,80.2519,1332381480
658,26.3756,80.1711,1332099600
658,26.3313,80.252,1331960340
658,26.324,80.2515,1331834460
658,26.3313,80.252,1331326140
658,26.307,80.2722,1330450080
658,26.3154,80.2206,1329797700
658,28.4199,81.5828,1329588000
658,26.3153,80.2205,1329088620
658,26.3154,80.2206,1328659500
658,26.3155,80.2208,1328215800
658,26.3161,80.2174,1328045700
658,26.3152,80.2207,1326939420
658,26.3155,80.2205,1326575160
658,26.3153,80.2206,1326072360
658,26.3155,80.2208,1324960800
658,26.3153,80.2204,1323658860
658,26.3078,80.2236,1323218280
658,26.3154,80.2205,1322701920
658,26.3153,80.2207,1322578680
658,26.2038,80.1492,1322283120
658,26.3153,80.2205,1321971360
658,26.3154,80.2205,1321151220
658,26.3046,80.2803,1321029060
658,26.3153,80.2205,1320974640
658,26.3083,80.2023,1320969060
658,26.2806,80.2026,1320963720
658,26.3155,80.2205,1320622920
658,26.324,80.2952,1320103260
658,26.3155,80.2207,1320097620
658,26.3155,80.2205,1320059340
658,26.3154,80.2188,1320007740
658,26.3153,80.2205,1319991420
658,26.3153,80.2205,1319948340
658,26.3155,80.2206,1319910420
658,26.3154,80.2196,1319905200
658,26.3155,80.2205,1319852460
658,26.3153,80.2207,1319834880
658,26.3155,80.2207,1319768520
658,26.3267,80.1612,1319752320
658,26.3155,80.2207,1319748180
658,26.3155,80.2207,1319746320
658,26.3153,80.2206,1319678280
658,26.3149,80.2192,1319667480
658,26.3155,80.2205,1319592660
658,26.3147,80.2213,1319313360
658,26.3198,80.2147,1319224380
