672,37.8112,144.9464,1375188300
672,37.8113,144.9465,1375179780
672,38.1406,144.706,1370933820
672,37.8234,144.9566,1362996420
672,28.0029,153.4318,1361754480
672,27.9571,153.4252,1361707320
672,27.9571,153.4252,1361695140
672,27.9074,153.3126,1361363820
672,37.7726,144.848,1358754420
672,37.7726,144.848,1357722180
672,37.7725,144.848,1357566660
672,37.8424,144.9951,1357469880
672,37.7723,144.848,1356773700
672,37.8075,144.9573,1356062160
672,37.8309,144.9799,1355652000
672,37.8397,144.9964,1355641260
672,37.782,144.9138,1354449180
672,37.782,144.9138,1354445220
672,37.8103,144.9632,1352889540
672,37.7859,144.9505,1352284080
672,37.7845,144.9526,1352176680
672,37.7235,144.7716,1352007420
672,37.8673,144.8915,1351594440
672,37.8673,144.8915,1351588380
672,37.6999,144.7751,1351401180
672,37.8216,144.9786,1351171320
672,37.8161,144.8911,1348629540
672,37.8208,144.958,1347366060
672,37.8137,144.9622,1347278760
672,37.8137,144.9622,1347278040
672,37.7725,144.8481,1345190460
