703,35.7299,139.703,1375854960
703,35.8282,139.9072,1374284460
703,35.8284,139.9073,1371484980
703,35.6991,139.773,1368843480
703,35.8268,139.9138,1362293400
703,35.8276,139.9071,1361693700
703,35.8273,139.907,1361693520
703,37.1285,138.7682,1361080080
703,35.6728,139.763,1360843200
703,35.8279,139.9071,1360679040
703,35.8287,139.907,1360342200
703,35.6441,139.7151,1360332360
703,35.3197,139.5688,1359776880
703,35.32,139.5693,1359776220
703,35.8281,139.9074,1358863320
703,35.7164,139.7726,1358557560
703,35.8281,139.9073,1358007540
703,35.8282,139.9072,1358007300
703,35.8279,139.9071,1357731960
703,35.384,138.5841,1349588400
703,35.384,138.5841,1349588280
703,35.384,138.584,1349586000
703,35.3868,138.582,1349492700
703,35.3868,138.582,1349492340
703,35.3828,138.5873,1349473380
703,35.3912,140.0698,1347767220
703,34.9068,139.8372,1347136020
703,35.8281,139.9072,1345894740
703,35.8281,139.9072,1345375020
703,35.6473,140.034,1345233720
