71,6.1997,75.5737,1375409160
71,6.2352,75.5687,1373776080
71,6.1964,75.5738,1373731380
71,3.3466,76.5303,1368811200
71,3.3537,76.5209,1367610840
71,3.344,76.5304,1367594100
71,3.344,76.5304,1367504880
71,3.4497,76.5362,1366947060
71,3.3436,76.5311,1366906140
71,3.3466,76.5303,1366391040
71,3.3415,76.5294,1366298940
71,3.3466,76.5303,1365191520
71,3.3466,76.5303,1365191100
71,3.4223,76.5414,1364430420
71,3.344,76.5304,1363966080
71,3.3433,76.5316,1363274340
71,3.3737,76.5171,1362891900
71,3.3737,76.5171,1361582640
71,3.3428,76.5314,1361536260
71,3.3737,76.5171,1358552640
71,3.3737,76.5171,1358315040
71,3.3739,76.5169,1358214660
71,3.3737,76.5171,1358133540
71,3.3737,76.5171,1357972560
71,6.3411,75.5414,1357501800
71,6.3358,75.5456,1357163460
71,6.3303,75.5594,1356980100
71,6.332,75.5597,1356373080
71,6.3408,75.5554,1356368760
71,6.3432,75.561,1356361020
71,6.3432,75.561,1356360840
71,6.3433,75.5608,1356318180
71,6.3423,75.56,1356310140
71,6.3432,75.561,1356302400
71,3.3737,76.5171,1355723520
71,3.3737,76.5171,1355544060
71,3.3737,76.5171,1355436420
71,3.3737,76.5171,1354984980
71,3.3737,76.5171,1354401360
71,3.3737,76.5171,1353874740
71,3.343,76.532,1346434320
