720,40.151,26.4032,1377726600
720,38.0774,26.9439,1375961940
720,38.3989,27.1655,1375742160
720,41.1018,29.0232,1375679340
720,41.1016,29.0233,1375605660
720,41.0505,29.0524,1375377720
720,41.0225,28.8475,1373819880
720,40.8713,29.1168,1373819820
720,40.9386,29.0988,1373697600
720,41.0383,28.9869,1370733600
720,41.0383,28.9869,1370733360
720,41.0364,28.9873,1370733240
720,41.0364,28.9873,1370733180
720,38.4355,27.1399,1370557740
720,38.4355,27.1399,1370361960
720,38.4358,27.14,1370288460
720,38.3835,27.1688,1370208480
720,38.3835,27.1688,1370208060
720,35.3527,33.213,1369399680
720,38.4095,27.1145,1368741600
720,38.4095,27.1145,1368732840
720,38.4095,27.1145,1368730020
720,39.5455,26.5712,1368617340
720,37.9138,28.5924,1368108060
720,40.9865,29.0266,1367009880
720,41.0664,29.0129,1366998900
720,40.9903,29.0279,1366669680
720,40.9903,29.0279,1366669020
720,40.7196,29.4322,1366440480
720,40.1519,26.4054,1361528160
720,38.4735,27.1123,1359635640
720,35.337,33.3393,1356220080
720,35.3388,33.3159,1356191400
720,35.3415,33.3174,1356191340
720,35.3389,33.3158,1356170880
720,35.3297,33.3043,1356167220
720,35.3297,33.3043,1356167100
720,38.5509,27.0549,1355252400
720,38.3959,27.176,1354966800
720,38.396,27.1761,1354966740
720,37.0655,28.3567,1354791960
720,37.0655,28.3567,1354791840
720,38.453,27.0947,1354365300
720,38.4154,27.1259,1353088860
720,38.3958,27.176,1353017760
720,40.1491,26.3996,1352991180
720,38.811,26.9782,1352964360
720,38.3958,27.176,1351966200
720,38.4211,27.1372,1345128960
720,38.3958,27.1759,1345065060
720,38.3932,27.1723,1345010700
720,38.3948,27.0541,1344602400
720,38.4372,27.141,1343853900
720,38.4391,27.1444,1342476360
720,41.0319,28.9802,1342346160
720,41.0333,28.9762,1342304640
720,41.0665,28.9462,1342304400
720,41.0665,28.9462,1342304280
720,38.3879,27.1799,1342201440
720,38.017,27.4589,1341759180
720,37.9329,27.5253,1341758880
720,37.7625,27.8391,1341757260
720,37.0549,28.317,1341665580
720,37.0522,28.3285,1341649260
720,37.0532,28.3522,1341644760
720,37.0532,28.3522,1341644700
720,36.7072,28.0926,1340537580
720,36.7033,28.0905,1340478240
720,36.7033,28.0903,1340467800
720,36.7072,28.0926,1340459400
720,36.7072,28.0914,1340445960
720,36.7033,28.0905,1340442540
720,36.7033,28.0905,1340441400
720,37.8782,27.5763,1340406120
720,41.0225,29.0734,1340361960
720,38.4345,27.1425,1339537620
720,38.4038,27.1088,1339537260
