737,41.5287,13.4001,1376063220
737,41.9022,12.4573,1375959960
737,44.1069,9.7279,1375822320
737,43.723,10.3966,1375738620
737,43.7803,11.2628,1375693980
737,48.8719,2.3027,1375528680
737,48.8583,2.2945,1375510380
737,50.0864,14.4119,1375128120
737,50.0862,14.4069,1375015920
737,48.1858,16.3127,1374948000
737,47.5005,19.0522,1374660240
737,47.4982,19.0401,1374660060
737,47.5005,19.0512,1374660000
737,43.5089,16.4389,1374608280
737,43.5041,16.4427,1374503220
737,43.8598,18.4315,1374345480
737,37.8749,32.4411,1373316300
737,36.3771,34.0717,1371367500
737,41.1271,29.0216,1369551420
737,41.1271,29.0216,1369511880
737,37.8602,32.4463,1365360900
737,41.0359,28.9799,1362901680
737,37.8709,32.4426,1361641800
737,37.8708,32.4426,1357508760
737,39.9248,32.8369,1354981200
737,41.036,28.9799,1348349880
737,41.0567,29.0356,1348346820
737,48.1944,16.3306,1346857980
737,48.1943,16.3309,1346857680
737,48.1915,16.3798,1346857680
737,50.0913,14.4048,1346699580
737,48.8614,2.335,1346261400
737,48.8738,2.295,1346261400
737,48.8581,2.3388,1346261340
737,48.8582,2.2946,1346261280
737,48.8582,2.2946,1346261160
737,40.4195,3.7132,1346261100
737,40.4585,3.7052,1346087400
737,40.4585,3.7052,1346087340
737,40.4585,3.7052,1346087280
737,40.4534,3.6901,1346087220
737,40.4585,3.7052,1346087220
737,40.4585,3.7052,1346087160
737,40.4137,3.6922,1346012880
737,40.4183,3.6845,1346012880
737,40.4183,3.6845,1346012820
737,41.3791,2.14,1345902540
737,41.3811,2.1229,1345902540
737,41.4118,2.1501,1345902480
737,41.4141,2.1524,1345902480
737,41.4035,2.1743,1345902420
737,41.3845,2.1757,1345902420
737,41.3758,2.179,1345902360
737,41.375,2.1827,1345902300
737,41.3758,2.1778,1345902240
737,41.3765,2.1772,1345902240
737,43.6777,4.1395,1345785840
737,43.5505,7.0208,1345785780
737,43.5503,7.0189,1345785780
737,43.551,7.0185,1345785780
737,43.5503,7.0189,1345669080
737,43.6144,7.126,1345669020
737,45.4403,12.3214,1345568340
737,45.4363,12.327,1345568280
737,45.436,12.3274,1345568280
737,45.4178,11.8804,1345568220
737,43.768,11.2532,1345487580
737,43.768,11.2532,1345487580
737,43.7699,11.2576,1345487520
737,43.7719,11.2543,1345487400
737,43.7731,11.2555,1345487340
737,43.7731,11.2554,1345487340
737,43.7763,11.2524,1345487220
737,41.8993,12.4768,1345487160
737,43.723,10.3966,1345487160
737,41.906,12.4821,1345386960
737,41.9022,12.4573,1345386900
737,41.9025,12.4557,1345386840
737,41.9009,12.4833,1345317960
737,41.8962,12.4823,1345317840
737,41.8902,12.4923,1345317660
737,37.8791,32.4933,1342626000
737,37.8707,32.4427,1340553300
737,37.87,32.441,1339826220
737,36.7771,31.3904,1339326180
737,36.7681,31.3885,1339190520
737,38.7127,34.85,1335184800
737,38.2605,34.2983,1335184740
737,38.6397,34.816,1335184680
737,38.6397,34.816,1335168600
737,38.6305,34.911,1335003600
737,37.8887,32.494,1333992600
737,36.9215,32.4904,1332676140
737,36.9215,32.4905,1332676080
737,37.8653,32.5445,1330599540
737,37.9434,32.4886,1329573060
737,37.9438,32.4885,1329418860
737,37.9439,32.4884,1329411120
737,39.3793,31.8703,1319199000
737,39.9272,32.8556,1317379200
737,39.5739,32.0816,1317375240
737,37.889,32.4938,1316958660
737,37.8614,32.5443,1316689740
