743,19.294,99.2092,1378064940
743,19.3168,99.1078,1378005000
743,19.311,99.1069,1377997860
743,19.3168,99.1078,1377993000
743,18.9068,99.0237,1376249760
743,18.9068,99.0235,1376244540
743,18.9066,99.0237,1376243640
743,19.4638,99.2335,1372006260
743,19.4638,99.2333,1372006140
743,19.4638,99.2335,1372006020
743,19.4637,99.2333,1372005900
743,19.3751,99.1267,1372005720
743,19.3752,99.1265,1372005480
743,21.1327,86.7473,1372005360
743,19.375,99.1266,1372005300
743,19.3751,99.1265,1372003260
743,19.3751,99.1266,1371965520
743,19.3751,99.1266,1371965340
743,19.3751,99.1267,1371965220
743,19.3751,99.1265,1371959940
743,19.3751,99.1265,1371959880
743,19.3751,99.1265,1371959760
743,19.3751,99.1265,1371958320
743,19.449,99.203,1371927000
743,19.4484,99.2025,1371926880
743,19.449,99.203,1371926700
743,19.449,99.203,1371926520
743,19.3751,99.1266,1371699300
743,19.3751,99.1265,1371698340
743,19.3751,99.1268,1371697860
743,19.3751,99.1269,1371697740
743,19.3752,99.1265,1371526620
743,19.3752,99.1264,1371526440
743,19.3751,99.1265,1371526380
743,19.3752,99.1265,1371525180
743,19.3752,99.1264,1371524640
743,19.375,99.1265,1371524520
743,19.3752,99.1264,1371523320
743,19.3752,99.1264,1371523140
743,19.3752,99.1264,1371522180
743,19.3752,99.1265,1371521820
743,19.375,99.1262,1371521700
743,19.3752,99.1265,1371521460
743,19.3752,99.1264,1371521220
743,19.3752,99.1265,1371520980
743,19.3749,99.1264,1371006480
743,19.4327,99.086,1371006420
743,19.375,99.1266,1371005880
743,19.3751,99.1266,1371005640
743,19.3751,99.1265,1370978520
743,19.3751,99.1265,1370483700
743,19.3746,99.1233,1370483640
743,19.3746,99.1233,1370483520
743,19.375,99.1265,1370376720
743,19.375,99.1266,1370376420
743,20.6618,105.2498,1370375520
743,20.6615,105.2499,1370280180
743,20.6615,105.2499,1370226360
743,20.6626,105.2504,1370225520
743,20.6615,105.2499,1370188560
743,20.6615,105.2499,1370188140
743,20.6615,105.2499,1370123220
743,20.6615,105.2499,1370122980
743,20.6615,105.2499,1370122860
743,19.3751,99.1265,1369973400
743,19.3752,99.1265,1369888800
743,19.3751,99.1265,1369888680
743,19.3751,99.1265,1369888560
743,19.3751,99.1266,1369799160
743,19.3753,99.1265,1369798380
743,19.3751,99.1265,1369795620
743,19.3751,99.1265,1369795320
743,19.3751,99.1266,1369795260
743,19.3751,99.1265,1369713960
743,19.3751,99.1265,1369713660
743,19.3751,99.1265,1369713420
743,19.3751,99.1265,1369712880
743,19.3752,99.1264,1369712400
743,19.3752,99.1264,1369712220
743,19.3752,99.1264,1369711800
743,19.3752,99.1263,1369675740
743,19.3748,99.1263,1369526700
743,19.3752,99.1264,1369525680
743,19.3752,99.1264,1369443780
743,19.3752,99.1264,1369429740
743,19.3753,99.1265,1369275960
743,19.496,99.1348,1369107900
743,19.3751,99.1265,1369106760
743,19.3751,99.1265,1369104900
743,19.375,99.1265,1369104540
743,19.3749,99.1263,1369104120
743,19.3751,99.1265,1369103880
743,19.375,99.1294,1369102380
743,19.3752,99.1265,1369101960
743,19.4962,99.1355,1369079700
743,19.375,99.1266,1368941700
743,19.3751,99.1265,1368940440
743,19.3751,99.1265,1368940140
743,19.375,99.1265,1368380340
743,19.3751,99.1265,1368239520
743,19.3752,99.1266,1368239220
743,19.3749,99.1265,1368237840
743,19.3751,99.1263,1368237720
743,19.3749,99.1267,1368237480
743,19.375,99.1265,1368237060
743,19.375,99.1266,1368232980
743,19.3751,99.1268,1368232920
743,19.3752,99.1266,1368232680
743,16.8558,99.8647,1368232020
743,19.3751,99.1266,1368231120
743,19.3752,99.1265,1368231000
743,19.3752,99.1266,1368230700
743,19.3752,99.1266,1368230400
743,19.3751,99.1265,1368230220
743,19.3743,99.1316,1368161580
743,19.4962,99.1333,1368161400
743,19.3751,99.1263,1368160980
743,19.3752,99.1264,1368159780
743,19.3752,99.1264,1368159600
743,19.3753,99.1264,1368099120
743,19.3758,99.1262,1367559540
743,19.4962,99.1332,1367559360
743,19.496,99.1333,1367550660
743,19.3752,99.1264,1367378940
743,19.3752,99.1264,1367288280
743,19.3746,99.1228,1367169960
743,19.4247,99.1957,1367169360
743,19.3752,99.1272,1367167980
743,19.3751,99.1265,1367167860
743,19.3752,99.1264,1366690860
743,18.8697,98.9472,1366585200
743,19.3745,99.1275,1365998040
743,19.3796,99.1241,1365343680
743,19.3745,99.1323,1365343200
743,20.1467,98.6677,1365342840
743,19.3749,99.1272,1365341580
743,19.4247,99.1955,1365310860
743,19.4247,99.1955,1365231780
743,19.3753,99.1266,1364786280
743,19.3752,99.1264,1364760720
743,18.9213,98.9683,1364689740
743,18.9213,98.9683,1364689380
743,18.9213,98.9683,1364678940
743,18.9068,99.0237,1364612700
743,18.9068,99.0237,1364590740
743,18.9068,99.0237,1364578920
743,18.9068,99.0237,1364489940
743,18.905,99.0242,1364479560
743,19.3746,99.1327,1364263800
743,19.3751,99.1264,1364243160
743,19.3744,99.1321,1364181900
743,19.2997,99.4079,1364148900
743,19.2997,99.4079,1364148600
743,19.2997,99.4079,1364148240
743,19.2997,99.4079,1364147760
743,19.2997,99.4079,1364147460
743,19.2997,99.4079,1364147220
743,19.2997,99.4079,1364141340
743,19.3752,99.1264,1364060760
743,19.2955,99.2083,1364008560
743,19.2945,99.2085,1364005080
743,19.436,99.1542,1363962660
743,19.4362,99.154,1363930560
743,19.436,99.1542,1363929780
743,19.3751,99.1265,1363637520
743,19.3751,99.1265,1363636320
743,19.408,99.0948,1363635540
743,19.4058,99.0953,1363537320
743,19.405,99.095,1363415760
743,19.375,99.1263,1363351860
743,19.2757,99.1303,1363215420
743,19.4516,99.1677,1363136400
743,19.3752,99.1264,1363056180
743,19.3751,99.1266,1362953520
743,19.3751,99.1265,1362941280
743,19.4252,99.186,1362939960
743,19.425,99.1857,1362939180
743,19.425,99.1857,1362939000
743,19.425,99.1857,1362938880
743,19.4275,99.1925,1362846240
743,18.9093,98.9797,1362539700
743,18.9213,98.9683,1362357840
743,18.9213,98.9683,1362339900
743,18.9213,98.9683,1362254520
743,19.4518,99.1684,1361407620
743,19.3751,99.1265,1361158620
743,19.3751,99.1264,1360992300
743,19.3746,99.1218,1360901400
743,19.374,99.1708,1360901160
743,19.4518,99.1683,1360714200
743,19.3746,99.1218,1360420500
743,19.374,99.1289,1360046280
743,16.9024,99.9748,1360001460
743,16.8784,99.95,1359996540
743,16.845,99.8518,1359929940
743,16.689,99.6282,1359851460
743,16.689,99.6282,1359849780
743,19.4253,99.1948,1359698280
743,19.4513,99.1683,1359679920
743,19.6005,99.0427,1359331200
743,19.3746,99.1319,1359330540
743,19.6005,99.0427,1359321900
743,19.6006,99.0427,1359255300
743,19.6005,99.0427,1359255180
743,19.6005,99.0427,1359255060
743,19.6005,99.0427,1359254700
743,19.6005,99.0427,1359254520
743,19.3752,99.1267,1359116100
743,19.6925,98.8437,1358018340
743,19.679,98.8665,1358017800
743,19.375,99.1268,1357975320
743,19.3753,99.1265,1357680120
743,19.375,99.1263,1357517460
743,19.3745,99.122,1357506960
743,19.3752,99.1264,1357450680
743,19.3863,99.14,1357448340
743,19.3742,99.1308,1357251240
743,19.4223,99.192,1357250580
743,19.4232,99.1891,1357234500
743,19.4232,99.1891,1357234080
743,19.3752,99.1267,1357039440
743,19.5525,99.2692,1357024740
743,19.2948,99.2065,1356583080
743,19.3752,99.1265,1356582960
743,19.3168,99.1078,1356423180
743,19.375,99.1265,1356392160
743,19.375,99.1265,1356301500
743,19.5525,99.2692,1356157560
743,19.3751,99.1265,1355952360
743,19.3751,99.1265,1355716140
743,19.375,99.1265,1355517060
743,19.3751,99.1265,1355515260
743,19.3751,99.1264,1355514060
743,19.3751,99.1265,1355510100
743,19.3752,99.1265,1355508900
743,19.3752,99.1264,1355080620
743,19.4287,99.1623,1355016780
743,19.4247,99.1957,1354937100
743,19.4257,99.1948,1354884120
743,19.3752,99.1265,1354674180
743,19.5972,99.0405,1354417620
743,19.5972,99.0405,1354411260
743,19.5972,99.0405,1354406880
743,19.5972,99.0405,1354406040
743,19.5972,99.0405,1354405740
743,19.5972,99.0405,1354405440
743,19.5972,99.0405,1354405320
743,19.5972,99.0405,1354405200
743,19.375,99.1266,1354333680
743,19.3752,99.1265,1354332780
743,19.3752,99.1264,1354247220
743,19.3752,99.1265,1353859140
743,19.5147,99.1378,1352775240
743,19.4383,99.223,1352657820
743,19.4385,99.2247,1352657400
743,19.4383,99.223,1352650980
743,19.4383,99.223,1352633640
743,19.3733,99.1301,1352521200
743,19.4095,99.155,1352295600
743,19.3763,99.1267,1351648560
743,19.4008,99.0858,1350280140
743,19.4043,99.0832,1350190320
743,19.4527,99.1652,1349830200
743,19.4518,99.1673,1348694160
743,19.4513,99.1683,1348267920
743,18.8872,99.0454,1347727260
743,19.3615,99.2238,1347582900
743,19.4303,99.1375,1347119340
743,19.4258,99.1375,1347119220
743,19.4523,99.1673,1346706120
743,19.399,99.0995,1346218860
743,19.405,99.0992,1346216280
743,19.3617,99.2241,1346173260
743,19.4253,99.1948,1345869420
743,19.425,99.1948,1345865100
743,19.425,99.1948,1345859520
743,19.4513,99.1681,1345677420
743,19.3617,99.2241,1345566720
743,19.1083,98.4597,1345320840
743,19.1082,98.4597,1345320180
743,19.058,98.302,1345308840
743,19.0585,98.3025,1345307940
743,19.3617,99.2241,1345219500
743,19.3612,99.224,1345212300
743,19.3617,99.2241,1345138320
743,19.4069,99.1664,1343926440
743,19.3784,99.1288,1342318620
743,15.7734,96.0959,1339971900
743,18.905,99.0221,1330884480
743,18.905,99.0221,1330872060
