754,41.8179,12.4686,1378229580
754,41.818,12.4686,1378228800
754,41.818,12.4686,1378228680
754,59.325,18.071,1377609960
754,59.325,18.071,1377609900
754,59.3349,18.0913,1377609780
754,59.3349,18.0913,1377609720
754,59.3349,18.0913,1377609660
754,59.3349,18.0913,1377609600
754,59.3349,18.0913,1377609480
754,55.6751,12.5649,1377358980
754,55.6751,12.5649,1377352140
754,42.1358,13.5137,1376222640
754,40.6267,14.3754,1375565400
754,40.6316,14.3863,1375286460
754,40.6267,14.3754,1375237080
754,40.6267,14.3754,1374348180
754,41.818,12.4685,1374012600
754,41.8181,12.4685,1374012300
754,41.8229,12.4658,1373998620
754,41.4877,12.5988,1373756460
754,41.4788,12.6024,1373721180
754,41.4788,12.6024,1373546580
754,41.4847,12.6085,1373489040
754,41.4847,12.6085,1373485680
754,41.4847,12.6085,1373485380
754,41.4847,12.6085,1373485080
754,41.7651,12.9578,1372280040
754,41.8229,12.4658,1371741360
754,41.8817,12.5214,1370082420
754,41.8914,12.4611,1369637520
754,41.8342,12.4771,1369246500
754,41.8955,12.4723,1367865540
754,40.414,3.6917,1367311800
754,40.414,3.6917,1367161620
754,40.414,3.6917,1367161440
754,40.414,3.6917,1367161200
754,40.414,3.6917,1366995420
754,41.8179,12.4686,1366640580
754,52.517,13.3889,1366364760
754,41.8179,12.4686,1365963420
754,41.8179,12.4686,1364068740
754,41.818,12.4686,1363025340
754,40.8424,14.3097,1357497780
754,42.1358,13.5137,1356957840
754,41.818,12.4685,1353284580
754,41.817,12.4641,1352191800
754,41.8179,12.4688,1352101860
754,41.8179,12.4688,1351990980
754,42.6761,12.547,1351944120
754,42.7162,12.7232,1351897200
754,43.0452,12.6154,1351868700
754,43.0707,12.6151,1351867620
754,43.0707,12.6151,1351866900
754,42.7388,12.7377,1351809420
754,42.7388,12.7377,1351790460
754,42.7388,12.7377,1351777680
754,41.818,12.4685,1351704480
754,41.818,12.4685,1351457400
754,41.818,12.4685,1351450320
754,41.8182,12.4688,1350688440
754,41.8182,12.4688,1350687780
754,41.8182,12.4688,1350517440
754,41.8182,12.4688,1350516840
754,41.8182,12.4688,1350516240
754,41.8182,12.4688,1350424320
754,41.8182,12.4688,1350334020
754,41.8182,12.4688,1350332400
754,41.8182,12.4688,1350248340
754,41.8182,12.4688,1350162120
754,41.8182,12.4688,1350079380
754,41.8182,12.4688,1349992620
754,41.8182,12.4688,1349905260
754,41.8179,12.4686,1349820960
754,42.1504,13.5099,1345910580
754,42.1358,13.5137,1345851240
754,42.1358,13.5137,1345763880
754,42.1358,13.5137,1345588860
754,42.1358,13.5137,1345126680
754,42.1504,13.5098,1345035720
754,42.1358,13.5137,1344971400
754,42.1358,13.5137,1344956040
754,40.6316,14.3863,1344706980
754,40.6316,14.3863,1344544320
754,40.6309,14.3863,1344337020
754,40.6316,14.3863,1344307080
754,40.6264,14.3776,1344272340
754,40.632,14.3857,1344225480
754,40.6317,14.386,1344216720
754,40.6309,14.3863,1344196920
754,40.6309,14.3863,1344195000
754,40.6309,14.3863,1344087960
754,40.6309,14.3863,1344018420
754,40.6309,14.3863,1343760840
754,40.6487,14.4104,1343698500
754,40.6267,14.3754,1343675940
754,40.6316,14.3863,1343670600
754,40.8424,14.3097,1343570520
754,40.6309,14.3863,1343500560
754,40.6309,14.3863,1343415960
754,40.631,14.3865,1343320440
754,41.4833,12.5952,1342687620
754,41.818,12.4685,1341587280
754,41.818,12.4685,1340827800
754,41.818,12.4685,1340751840
754,41.818,12.4685,1339777920
754,41.818,12.4685,1339702320
754,41.818,12.4685,1339523280
754,41.818,12.4685,1339450200
754,41.818,12.4685,1339446540
754,41.818,12.4685,1339441200
754,41.818,12.4685,1339438980
754,41.818,12.4685,1339436640
754,41.818,12.4685,1339426080
754,41.818,12.4685,1339425000
754,41.818,12.4685,1339370460
754,41.818,12.4686,1338812220
754,41.8181,12.4684,1338624060
754,41.8181,12.4684,1337952180
754,41.818,12.4686,1336935120
754,41.8179,12.4686,1336914960
754,41.818,12.4686,1336761720
754,41.818,12.4686,1336674180
754,40.8489,14.2551,1335812280
754,40.8486,14.2572,1335715260
754,40.849,14.2551,1335646140
754,41.818,12.4686,1335280140
754,41.8167,12.4585,1335196860
754,41.818,12.4686,1334587620
