766,41.8734,87.7964,1378058760
766,41.8797,87.806,1378004580
766,41.8735,87.7963,1378004340
766,41.8734,87.7962,1378003560
766,41.8734,87.7963,1377987300
766,41.8734,87.7961,1377903780
766,41.8834,87.8026,1377885660
766,41.898,87.6239,1377833460
766,41.909,87.6531,1377831180
766,41.8837,87.8026,1377821580
766,41.8837,87.8026,1377820860
766,41.8768,87.7937,1377819720
766,41.8797,87.806,1377626760
766,41.8734,87.7962,1377102120
766,41.8768,87.7937,1377009660
766,41.8733,87.7962,1376879280
766,41.898,87.6239,1376847660
766,41.8976,87.6262,1376797860
766,39.6658,86.1808,1376507280
766,39.9129,86.1366,1376439780
766,42.2087,83.3598,1376347140
766,26.5763,50.0092,1376066940
766,26.5758,50.0092,1376062500
766,26.5759,50.0091,1376010900
766,26.5767,50.0062,1376010060
766,26.5758,50.0092,1376008740
766,26.5756,50.0067,1376008080
766,26.5758,50.009,1375844580
766,26.2338,50.5572,1375565580
766,26.2318,50.5526,1375495260
766,26.231,50.5532,1375482180
766,26.2321,50.559,1375481820
766,26.2313,50.5527,1375481640
766,26.5765,50.0067,1365353640
766,26.5765,50.0063,1365353400
766,26.5766,50.0063,1365271800
766,26.5766,50.0067,1365270120
766,26.5758,50.0091,1365265140
766,26.4236,50.0651,1364979720
766,26.358,50.1472,1364978880
766,26.4223,50.0643,1364794560
766,26.5765,50.0064,1364751000
766,26.5765,50.0064,1364749740
766,26.5765,50.0064,1364732460
766,29.304,47.9387,1364647020
766,29.3038,47.9385,1364635020
766,29.3376,48.0645,1364506560
766,29.3403,48.0695,1364497860
766,26.4237,50.065,1364365620
766,26.5765,50.0064,1364321220
766,26.5763,50.0092,1364051340
766,26.5765,50.0064,1363887000
766,26.5767,50.0063,1363866600
766,26.5767,50.0063,1363861740
766,26.5675,50.0159,1363807320
766,26.4322,50.0611,1363681620
766,26.4327,50.0604,1363422840
766,24.4125,54.4907,1360473780
766,26.5765,50.0064,1360307460
766,26.5765,50.0064,1360242000
766,26.5765,50.0064,1360238100
766,26.5765,50.0064,1359910740
766,26.5763,50.0063,1359223200
766,26.4202,50.0658,1358850600
766,26.5767,50.0065,1358434680
766,26.5763,50.0062,1358432280
766,26.5764,50.0092,1358423520
766,26.4214,50.0656,1358326200
766,26.5766,50.0065,1358273880
766,26.4235,50.0649,1358058120
766,26.4235,50.0651,1357989900
766,26.5764,50.0089,1357582380
766,26.4239,50.0686,1357362660
766,26.5762,50.0066,1357279440
766,26.5767,50.0063,1357235040
766,26.4546,50.1163,1357233180
766,26.5767,50.0062,1357228260
766,26.4233,50.0649,1357030500
766,26.4209,50.0651,1357022520
766,26.4236,50.0651,1356841320
766,26.4235,50.0651,1356755340
766,26.5767,50.0062,1356712260
766,26.5763,50.009,1356630660
766,26.5764,50.0092,1356540480
766,26.5767,50.0064,1356444360
766,26.4231,50.0655,1356440160
766,26.4228,50.0676,1356410280
766,26.5763,50.009,1356374580
766,26.5767,50.0062,1356286680
766,49.2682,123.1278,1356234300
766,26.5766,50.0064,1356084540
766,26.5767,50.0062,1356027240
766,26.5767,50.0062,1356026520
766,26.5767,50.0063,1356012300
766,26.5764,50.0093,1356004920
766,26.4209,50.0647,1355896020
766,25.2692,51.4385,1355844420
766,26.4242,50.069,1355809560
766,26.5761,50.0072,1355763960
766,26.4226,50.0649,1355731260
766,26.5764,50.0092,1355668620
766,26.4269,50.0709,1355644440
766,26.5763,50.0071,1355515740
766,26.5765,50.0058,1355506980
766,26.5764,50.0074,1355475180
766,26.2187,50.5881,1355435400
766,26.5765,50.0079,1355379720
766,26.4218,50.0652,1355288760
766,26.5764,50.0075,1355240700
766,26.4237,50.0664,1355203080
766,26.5764,50.0092,1355160540
766,26.4243,50.0649,1355124900
766,26.4209,50.0647,1355112960
766,26.5765,50.0064,1355069880
766,26.4209,50.0661,1355047140
766,26.5766,50.0063,1354994520
766,26.5766,50.0063,1354986120
766,26.5766,50.0063,1354977660
766,26.5763,50.0073,1354953660
766,26.5767,50.0062,1354900860
766,26.5763,50.0075,1354876680
766,26.5767,50.0062,1354870920
766,26.2187,50.5879,1354828320
766,26.2884,50.6632,1354800240
766,26.5766,50.0063,1354771260
766,26.5767,50.0062,1354729200
766,26.5767,50.0062,1354635720
766,26.5764,50.0092,1354461240
766,26.4126,50.0715,1354439820
766,26.5763,50.0093,1354277820
766,26.5764,50.0092,1354191900
766,26.4237,50.0652,1354088640
766,26.5763,50.0092,1354033440
766,26.5764,50.0092,1354029240
766,26.4208,50.065,1354005840
766,26.5764,50.0092,1353866820
766,26.5764,50.0092,1353863160
766,26.4348,50.118,1353617760
766,26.4694,49.7977,1353599220
766,26.5767,50.0062,1353585900
766,26.5764,50.0092,1353576960
766,26.5767,50.0062,1353519480
766,26.5762,50.0082,1353517620
766,50.0738,14.4,1353516000
766,26.5767,50.0062,1353515160
766,26.5767,50.0062,1353514980
766,26.5763,50.0092,1353514500
766,26.5764,50.0092,1353506880
766,26.4202,50.0657,1353498000
766,24.4118,54.4955,1353249720
766,24.413,54.4918,1353249120
766,24.4128,54.4918,1353166440
766,25.3328,51.3525,1353067500
766,26.5766,50.0064,1352979240
766,26.4235,50.0651,1352876580
766,50.0865,14.412,1352836440
766,49.2845,123.1237,1352803380
766,26.3943,50.0778,1352791260
766,24.4128,54.4918,1352739720
766,25.0892,55.1387,1352736480
766,39.9057,86.0612,1352733840
766,25.269,51.439,1352658120
766,26.5764,50.0092,1352656680
766,49.2938,123.1413,1352649120
766,25.2692,51.4383,1352575260
766,26.5767,50.0068,1352573220
766,41.8683,87.6137,1352571840
766,26.5769,50.0062,1352490960
766,26.5765,50.0064,1352471160
766,50.088,14.4047,1352455680
766,26.5767,50.0062,1352370180
766,26.5765,50.0063,1352305380
766,50.0723,14.4008,1352302200
766,50.0813,14.4113,1352301480
766,50.0814,14.4134,1351609320
766,50.0814,14.4134,1351609020
766,50.0814,14.4134,1351608900
766,50.0814,14.4134,1351608600
766,50.0722,14.4025,1351602960
766,50.0722,14.4025,1351601580
766,50.0787,14.4611,1351536060
766,50.0787,14.4218,1351434900
766,50.072,14.4042,1351429740
766,50.0898,14.4182,1351418820
766,50.0843,14.372,1351339740
766,50.0725,14.4023,1351276380
766,50.1085,14.2689,1351274460
766,26.1847,50.3228,1351152480
766,26.4235,50.0653,1350461640
766,26.5765,50.0064,1350408840
766,26.5766,50.0064,1350320580
766,26.5765,50.0065,1350146040
766,26.5765,50.0064,1350031260
766,26.5763,50.0063,1349950440
766,26.5759,50.0092,1349927400
766,26.5763,50.0092,1349639280
766,26.5765,50.0063,1349468040
766,26.5767,50.0064,1349430180
766,39.9057,86.0612,1349038440
766,26.5767,50.0063,1348947360
766,26.5766,50.0063,1348941600
766,49.2902,123.131,1348429080
766,26.3769,50.1717,1348427280
766,49.2849,123.1228,1348426980
766,49.2813,123.1198,1348399800
766,26.5765,50.0064,1347914880
766,26.5767,50.0063,1347822840
766,25.0863,55.1413,1346974020
766,42.2916,85.5873,1346973840
766,25.2162,55.4093,1346962680
766,26.1841,50.3239,1346925420
766,25.0849,55.1482,1345668120
766,25.1966,55.2812,1345663920
766,25.1985,55.2795,1345472940
