771,39.982,74.1654,1375667400
771,39.9763,74.1818,1375665660
771,39.9821,74.1654,1375311060
771,39.9821,74.1654,1375310520
771,39.9822,74.1653,1374787980
771,39.9821,74.1654,1374543960
771,39.9602,74.128,1374270540
771,39.9821,74.1655,1373500860
771,39.9821,74.1654,1372636500
771,39.9822,74.1654,1372630560
771,39.9821,74.1654,1371944580
771,39.9821,74.1653,1371762300
771,39.982,74.1655,1371423060
771,39.965,74.1428,1371159600
771,38.9858,74.8123,1370820720
771,39.9822,74.1655,1370820480
771,39.9818,74.177,1369962780
771,39.9821,74.1654,1369701240
771,39.9821,74.1653,1369009500
771,39.982,74.1653,1368144960
771,39.9821,74.1654,1367799420
771,40.0221,74.1461,1367536620
771,39.9821,74.1655,1366333200
771,39.9821,74.1655,1366233420
771,39.9618,74.1388,1365633480
771,39.9841,74.1553,1364778720
771,39.9821,74.1655,1364515980
771,40.0221,74.146,1364338080
771,39.982,74.1654,1363564440
771,39.982,74.1654,1363304460
771,39.9821,74.1655,1362529020
771,39.9824,74.1651,1362443640
771,39.9822,74.1653,1362011040
771,39.976,74.1635,1361755860
771,39.982,74.1653,1361490420
771,40.0212,74.1495,1361232480
771,40.1702,74.0797,1361146500
771,39.982,74.1655,1360886160
771,39.9553,74.1645,1360203540
771,39.9822,74.1655,1357600380
771,39.9707,74.1678,1357082820
771,39.9825,74.1651,1357003500
771,40.241,74.264,1356920220
771,39.9706,74.1681,1356486420
771,39.9765,74.1664,1356397740
771,39.9822,74.1655,1356308220
771,39.9807,74.1777,1356223260
771,39.9821,74.1653,1355363880
771,39.9634,74.1884,1355272500
771,39.9637,74.1881,1355100000
771,39.982,74.1652,1354837740
771,39.9635,74.1881,1354495500
771,39.982,74.1654,1354240620
771,39.9821,74.1655,1354062780
771,39.9821,74.1654,1353629460
771,39.9822,74.1654,1353289140
771,39.9635,74.188,1353026580
771,39.9636,74.1879,1352940960
771,39.982,74.1656,1352852040
771,39.9636,74.188,1352765520
771,39.9636,74.188,1352593740
771,39.9636,74.1879,1352244420
771,39.9821,74.1655,1351990500
771,39.9821,74.1654,1351985280
771,39.9821,74.1654,1351793700
771,39.9821,74.1654,1351727820
771,39.9821,74.1655,1351549560
771,39.9632,74.188,1351469700
771,39.9821,74.1653,1351305720
771,39.982,74.1654,1351304820
771,39.9686,74.1143,1351213260
771,39.9833,74.1627,1351133700
771,39.9822,74.1655,1350872940
771,39.9753,74.1532,1350769200
771,39.9821,74.1654,1350351780
771,39.9821,74.1654,1350265380
771,39.969,74.114,1350002340
771,39.9636,74.188,1349911920
771,39.9821,74.1653,1349746560
771,39.9821,74.1653,1349393880
771,39.982,74.1653,1348784160
771,39.9818,74.1651,1348536960
771,40.141,74.4408,1348363260
771,39.9821,74.1652,1348105740
771,39.9822,74.1652,1348009020
771,39.9819,74.1654,1347851160
771,39.9821,74.1654,1347559740
771,39.982,74.165,1347502740
771,39.9821,74.1653,1347327180
771,39.9821,74.1655,1346974740
771,39.982,74.1653,1346721120
771,39.9824,74.1653,1346461140
771,39.9547,74.1628,1346375640
771,39.9822,74.1654,1346359980
771,39.982,74.1651,1346188860
771,39.9821,74.1654,1346052420
771,39.9819,74.1652,1346011500
771,39.982,74.1652,1345501740
771,39.9822,74.1653,1345482060
771,39.982,74.1651,1345348320
771,39.9822,74.1656,1345141560
