784,14.6027,121.1047,1378171020
784,14.6027,121.1047,1378074900
784,14.6029,121.1047,1378074360
784,14.6029,121.1047,1378073880
784,14.5814,121.0605,1378069020
784,14.5814,121.0605,1378067400
784,14.6027,121.1047,1377978360
784,14.6028,121.1047,1377939180
784,14.6027,121.1047,1377854640
784,14.6028,121.1048,1377737880
784,14.6027,121.1047,1377672960
784,14.6028,121.1047,1377588960
784,14.5521,121.0558,1377491220
784,14.6027,121.1047,1377370740
784,14.6026,121.1048,1377267960
784,14.6027,121.1047,1377120420
784,14.6028,121.1047,1377032820
784,14.6026,121.1047,1377003600
784,14.6028,121.1047,1376964420
784,14.6027,121.1047,1376907180
784,14.6026,121.1047,1376832780
784,14.6028,121.1047,1376779260
784,14.6028,121.1047,1376756220
784,14.6027,121.1047,1376707500
784,14.6027,121.1047,1376637120
784,14.6028,121.1048,1376565000
784,14.6027,121.1047,1376551140
784,14.6028,121.1048,1376471040
784,14.6026,121.1047,1376405640
784,14.6027,121.1048,1376314440
784,14.6026,121.1047,1376290740
784,14.6028,121.1047,1376219220
784,14.6028,121.1048,1376121120
784,14.6027,121.1046,1376045880
784,14.6027,121.1046,1376045700
784,14.6027,121.1047,1375955700
784,14.6027,121.1048,1375948020
784,14.6042,121.1057,1375943160
784,14.6028,121.1049,1375940760
784,14.5848,121.0661,1375905180
784,14.5854,121.057,1375879800
784,14.5857,121.0567,1375875180
784,14.6027,121.1047,1375764300
784,14.6027,121.1047,1375678560
784,14.6028,121.1047,1375601880
784,14.6027,121.1048,1375525500
784,14.6099,121.0811,1375424160
784,14.6028,121.1048,1375319400
784,14.6027,121.1046,1375267680
784,14.6027,121.1047,1375167420
784,14.6027,121.1047,1375090500
784,14.6025,121.1047,1375013400
784,14.6026,121.1046,1374896520
784,14.6027,121.1048,1360382220
784,14.6027,121.1048,1360120080
784,14.6026,121.1049,1359911160
784,14.561,121.0172,1356127620
