786,53.4891,2.2378,1375252560
786,53.4901,2.2364,1375222500
786,53.4903,2.2364,1374916500
786,53.487,2.2409,1374677940
786,53.3976,2.3493,1373205300
786,53.4779,2.2439,1369263780
786,53.3978,2.3494,1368510600
786,53.3978,2.3494,1368473460
786,53.483,2.2343,1367155080
786,53.4865,2.2381,1362394560
786,53.4866,2.2385,1360844220
786,53.4872,2.2397,1360671120
786,53.4866,2.2385,1358325660
786,53.387,2.3521,1358211180
786,53.4868,2.2394,1357929960
786,53.3968,2.3478,1356961620
786,53.3875,2.3515,1356824340
786,53.3977,2.3494,1356804780
786,53.4757,2.249,1355908080
786,53.3961,2.3431,1355215020
786,53.4567,2.0673,1355128980
786,53.4834,2.2453,1354805340
786,53.4838,2.2445,1354749900
786,53.4844,2.244,1354692900
786,53.4844,2.2439,1354607520
786,53.3978,2.3465,1354178520
786,53.4817,2.2455,1353783900
786,53.482,2.2456,1353783840
786,54.6048,5.9124,1353056100
786,53.4862,2.2432,1352836080
786,47.5077,19.0473,1352562780
786,47.5007,19.0527,1352541540
786,47.5146,19.0434,1352541480
786,47.5147,19.0432,1352479800
786,54.6132,5.9022,1352051700
786,53.4019,2.9724,1350482280
786,53.4866,2.2385,1349380380
786,53.3979,2.3461,1349074200
786,53.4714,2.2951,1349070540
786,53.4866,2.2385,1348089300
786,53.4298,2.3433,1347729000
786,53.4866,2.2432,1347560640
786,53.4866,2.2385,1347391320
786,53.4865,2.2381,1347341400
786,53.4243,2.3191,1347314280
786,53.4727,2.2458,1346413380
786,53.4845,2.2438,1346348040
786,53.3978,2.3494,1346189880
786,53.4426,2.2783,1346090160
786,53.3978,2.3494,1346088720
786,53.4866,2.2385,1345203780
786,53.4866,2.2388,1344869460
786,53.4891,2.2374,1344673920
786,53.4893,2.2373,1344409440
786,51.5003,0.082,1340659500
786,51.5095,0.0985,1340656380
786,51.5176,0.1005,1340450640
786,51.5262,0.1365,1340347740
786,51.5027,0.0835,1340270760
786,51.5058,0.0902,1340209860
786,53.4833,2.2321,1338839160
786,53.4866,2.238,1337950560
786,53.4865,2.2381,1337354340
786,53.4843,2.2431,1335705660
786,53.4833,2.2321,1332938940
786,53.4866,2.2385,1332231780
786,53.6414,2.7212,1332196320
786,53.6414,2.7212,1332193740
786,53.4795,2.2452,1331753700
786,53.4791,2.2442,1331678400
786,53.4791,2.2442,1331671680
786,53.4791,2.2442,1331666580
786,53.4848,2.2442,1331557080
786,53.4853,2.2427,1331550360
786,53.4852,2.2423,1331544780
786,53.485,2.242,1331544480
786,53.4853,2.2427,1331484000
786,53.485,2.242,1331471520
786,53.4852,2.242,1331471040
786,53.4843,2.2263,1330465980
786,53.4843,2.2267,1330465620
786,53.4845,2.2278,1330417980
786,53.4845,2.2278,1330255800
786,53.485,2.2288,1330255020
786,53.485,2.23,1329952020
786,53.485,2.23,1329947460
786,53.485,2.23,1329945780
786,53.4848,2.2302,1329899700
786,53.4848,2.2305,1329504420
786,53.4852,2.2262,1329479700
786,53.4833,2.2321,1329434040
786,53.485,2.229,1329429240
786,53.4833,2.2321,1329382740
786,53.484,2.229,1328814300
786,53.4868,2.2337,1328788560
786,53.4845,2.2348,1328565180
786,53.4845,2.2348,1328559360
786,53.4845,2.2348,1328550480
786,53.4843,2.2347,1328527860
786,53.4804,2.238,1328476920
786,53.4837,2.2288,1328375760
786,53.4846,2.2317,1328350080
786,53.4865,2.2381,1327444860
786,53.4856,2.2426,1327444020
786,53.4838,2.2288,1327356840
786,53.4856,2.2426,1327272360
786,53.4866,2.2385,1327269360
786,53.2584,1.9167,1327234920
786,53.485,2.2446,1327051860
786,53.4865,2.2381,1326963240
786,53.485,2.2446,1326837900
786,53.4833,2.2321,1326448980
786,54.3692,3.0745,1325665320
786,53.4843,2.2355,1325630400
786,53.3765,1.4676,1325358960
786,53.3885,1.4675,1325260140
786,53.4862,2.238,1325256540
786,53.4865,2.2381,1325097960
786,51.547,0.0426,1324212240
786,51.5376,0.0578,1324145340
786,53.4847,2.2288,1323728100
786,53.4865,2.2381,1323727440
786,53.484,2.2269,1323642060
786,53.4837,2.2285,1323540060
786,53.4868,2.2337,1323184020
786,53.4863,2.2337,1323130920
786,53.4848,2.2306,1323095580
786,53.4865,2.2381,1322676960
786,53.4847,2.2429,1322676660
786,53.4862,2.2345,1322640180
786,53.4866,2.2385,1322590500
786,53.4865,2.2381,1322574780
786,53.4833,2.2321,1322494560
786,53.4847,2.2337,1322494320
786,53.4804,2.238,1322082720
786,53.4804,2.238,1322082540
786,53.4804,2.238,1322035440
786,53.4804,2.238,1321999320
786,53.4847,2.2337,1321971060
786,53.4794,2.2452,1321903020
786,53.487,2.2352,1321557600
786,53.4833,2.2321,1321367820
786,53.789,3.0553,1321286220
786,53.4791,2.2442,1321192080
786,53.4791,2.2442,1321187340
786,53.4876,2.239,1321019820
786,53.4865,2.2381,1321019460
786,53.4838,2.2287,1320863700
786,53.489,2.2356,1320702480
786,53.489,2.2356,1320702300
786,53.4865,2.2381,1320673620
786,53.4885,2.235,1320668700
786,53.4883,2.2343,1320503400
786,53.4865,2.2381,1320337920
786,53.4774,2.2305,1320321000
786,53.4882,2.2352,1320307260
786,53.488,2.235,1320273060
786,53.489,2.2356,1320267300
786,53.4866,2.2385,1320244800
786,53.4888,2.2347,1320230040
786,53.489,2.2356,1320182700
786,53.489,2.2356,1320175380
786,53.4885,2.2368,1320161520
786,53.4862,2.2365,1320141000
786,53.4837,2.2287,1320096000
786,53.4837,2.2287,1320020520
786,53.4838,2.2286,1320012180
786,53.4842,2.229,1320007980
786,53.4847,2.2305,1319745780
786,53.4774,2.2305,1319713800
786,53.4847,2.2288,1319705820
786,53.4906,2.2364,1319641200
786,53.4847,2.2288,1319626560
786,53.484,2.2275,1319573280
786,53.4847,2.2302,1319572080
786,53.4866,2.2385,1319535780
786,53.4848,2.2367,1319464560
786,53.4845,2.2372,1319450460
786,53.4844,2.2374,1319445480
786,53.4838,2.2288,1319190900
786,53.4838,2.2287,1319145540
786,53.4838,2.2287,1319140080
786,53.4837,2.2288,1319130060
786,51.4961,0.1087,1319105280
786,52.5186,13.3761,1319105040
786,52.6753,13.7609,1319104860
786,52.384,1.9941,1318412940
786,53.3797,1.469,1318371420
786,52.384,1.9941,1318371240
786,53.4774,2.2305,1318183320
786,53.4774,2.2305,1318183080
786,53.4837,2.2287,1317598860
786,53.4838,2.2286,1317400260
786,53.4838,2.2286,1317400200
786,53.489,2.2367,1317398460
786,53.4838,2.2285,1317324480
786,53.4838,2.2286,1317321660
786,53.4851,2.2372,1315199580
