790,6.1161,106.8583,1378042620
790,6.1161,106.8583,1378042380
790,6.344,106.8338,1376989080
790,6.9457,106.7647,1376974200
790,6.8145,107.1324,1376914020
790,6.9148,106.9257,1376902440
790,6.9148,106.9257,1376902200
790,6.9148,106.9257,1376901840
790,6.9227,106.9346,1376840760
790,6.1968,106.8226,1376675520
790,6.2253,106.806,1375628100
790,6.1777,106.8861,1366216020
790,6.1777,106.8861,1366214460
790,6.1776,106.8859,1366206660
790,6.1775,106.8859,1366076700
790,6.1775,106.886,1366076100
790,6.1936,106.8224,1365920760
790,6.2291,106.6107,1365564840
790,6.1776,106.8859,1365430800
790,6.2016,106.7808,1361171220
