80,51.1205,0.1897,1378051740
80,51.062,0.3285,1378042620
80,51.0233,0.5058,1377528900
80,51.0232,0.5053,1377528840
80,51.0238,0.5057,1377528780
80,51.5066,0.0205,1377450240
80,51.5076,0.0224,1377441540
80,51.5079,0.0786,1377438540
80,51.5079,0.0786,1377436260
80,51.5077,0.0172,1377434880
80,51.5056,0.0909,1377347160
80,51.135,0.1609,1377331500
80,51.0286,0.3951,1377285540
80,51.0285,0.3952,1376840340
80,51.0632,0.3299,1376738820
80,51.0287,0.3951,1376673600
80,51.0283,0.3937,1376342040
80,51.0286,0.3951,1376341500
80,51.1207,0.1894,1376162760
80,36.5489,32.0,1375882800
80,36.5335,31.9903,1375881840
80,36.5422,31.9923,1375881840
80,36.545,32.0005,1375881780
80,36.5425,32.005,1375717560
80,36.548,32.1278,1375716960
80,36.5338,31.9898,1375716840
80,36.5448,31.9952,1375610940
80,36.5433,31.9947,1375610940
80,36.5489,31.9999,1375505280
80,36.5489,31.9999,1375472220
80,36.5435,32.0008,1375472100
80,36.5489,31.9999,1375441440
80,36.5453,31.9998,1375440780
80,36.5489,31.9999,1375425240
80,36.5453,31.9993,1375370340
80,51.1609,0.1763,1375266540
80,51.161,0.176,1375263480
80,51.0286,0.3952,1375043520
80,51.1205,0.1897,1375015020
80,50.8126,0.1007,1374931980
80,50.8122,0.1031,1374931260
80,51.0287,0.3951,1374774780
80,51.0287,0.3951,1374774660
80,51.0626,0.3304,1374564060
80,51.0287,0.3952,1374525420
80,51.062,0.3294,1374480540
80,51.0286,0.395,1374266040
80,51.0155,0.3473,1374158220
80,51.027,0.3505,1374158100
80,51.1207,0.1894,1373994120
80,51.0659,0.3247,1373974680
80,51.0659,0.3247,1373210460
80,51.0659,0.3247,1373206380
80,51.055,0.3391,1373030100
80,51.0648,0.3282,1372874700
80,51.1207,0.1894,1372532820
80,51.027,0.3505,1372510020
80,51.063,0.3283,1372501500
80,51.063,0.3283,1372500480
80,51.0286,0.3952,1372445100
80,51.1198,0.1887,1372006080
80,51.0621,0.3294,1371729120
80,51.1205,0.1895,1371372360
80,51.0287,0.3952,1371371940
80,51.0287,0.3952,1371306480
80,51.0618,0.3306,1371045420
80,51.0618,0.331,1370941620
80,51.0286,0.395,1370788020
80,50.7817,0.6755,1370702520
80,50.782,0.6744,1370699940
80,51.1205,0.1897,1370631900
80,51.1207,0.1894,1370631300
80,51.1207,0.1894,1370183940
80,51.063,0.3283,1370168700
80,51.102,0.2733,1369687200
80,51.0286,0.3952,1369678200
80,51.0286,0.3951,1369677660
80,51.0618,0.3306,1369573920
80,51.1236,0.2789,1369562580
80,51.1235,0.2788,1369555320
80,51.1207,0.1894,1368302820
80,51.0629,0.3272,1368281280
80,51.0621,0.3293,1368201360
80,51.0619,0.3288,1367933760
80,51.0237,0.5044,1367767740
80,51.0237,0.5044,1367764920
80,51.1207,0.1894,1367571300
80,51.0287,0.3948,1367158200
80,51.1205,0.1897,1367088420
80,51.0287,0.3954,1367012100
80,51.0289,0.3945,1366919280
80,51.0713,0.3626,1366481340
80,51.1205,0.1897,1366368720
80,51.062,0.3293,1366269000
80,51.0629,0.3307,1366096140
80,50.3588,5.1431,1365751200
80,50.3588,5.1431,1365751080
80,50.3471,5.1529,1365703680
80,50.3497,5.1549,1365703260
80,50.3118,5.133,1365687660
80,50.3385,4.7934,1365681180
80,50.3483,5.1521,1365601680
80,50.4137,5.0824,1365596280
80,50.4138,5.086,1365594780
80,50.347,5.1517,1365520020
80,50.3588,5.1431,1365519720
80,50.2642,5.0518,1365513960
80,50.2632,5.0511,1365507540
80,50.3446,5.154,1365440400
80,51.0286,0.395,1365180360
80,51.0286,0.395,1365180240
80,51.0284,0.3953,1364998020
80,51.1207,0.1894,1364923620
80,51.1207,0.1894,1364912520
80,51.0618,0.3275,1364838240
80,51.0623,0.3278,1364838060
80,51.0625,0.3277,1364838000
80,51.0625,0.3275,1364822640
80,51.0627,0.3272,1364822520
80,51.0627,0.3277,1364822280
80,51.062,0.3277,1364821620
80,51.063,0.327,1364821500
80,51.062,0.3283,1364821440
80,51.062,0.3283,1364821320
80,51.062,0.3283,1364821200
80,51.0623,0.3278,1364820900
80,51.0625,0.3278,1364820780
80,51.0625,0.3277,1364820720
80,51.0628,0.3275,1364820660
80,51.0625,0.3277,1364820420
80,51.0277,0.3927,1364726880
80,51.0285,0.3951,1364726520
80,51.0287,0.3949,1364336040
80,51.1207,0.1894,1364042940
80,51.0285,0.3946,1364036820
80,51.0653,0.3575,1364028540
80,51.0612,0.326,1364028240
80,51.0287,0.3951,1363792620
80,51.1205,0.1898,1363536780
80,51.0286,0.3952,1363473000
80,51.1207,0.1894,1362942480
80,51.0285,0.3952,1362927360
80,51.028,0.3907,1362784620
80,51.0287,0.3953,1362784380
80,51.0285,0.3951,1362666840
80,50.9862,0.6105,1362497700
80,51.0286,0.3952,1362437040
80,51.0286,0.3952,1362123240
80,50.8997,0.578,1361870400
80,51.514,0.1243,1361870280
80,51.0252,0.5068,1361870100
80,51.0287,0.3952,1361797440
80,51.1204,0.1895,1361367720
80,51.0287,0.3952,1361311500
80,50.777,0.9088,1361288400
80,50.777,0.9088,1361286660
80,51.0287,0.3952,1361007840
80,51.0802,0.3155,1360961940
80,51.0803,0.3153,1360961280
80,51.0287,0.3952,1360863360
80,51.0616,0.329,1360754460
80,51.0614,0.3302,1360754340
80,51.0613,0.3299,1360749900
80,51.1207,0.1894,1360441920
80,51.0287,0.3952,1360146660
80,51.0281,0.391,1360146480
80,51.0287,0.3952,1360146120
80,51.1207,0.1894,1360007220
80,51.0287,0.3953,1359917340
80,51.0252,0.5068,1359912000
80,51.0662,0.3187,1359889200
80,51.0287,0.3952,1359841680
80,51.0286,0.3952,1359831720
80,51.0672,0.3213,1359820560
80,51.0286,0.395,1359385440
80,51.1137,0.1932,1359303120
80,51.0287,0.3952,1359222300
80,51.0287,0.3952,1359051600
80,51.0698,0.359,1358699040
80,51.0805,0.3075,1358635800
80,51.0295,0.3977,1358523660
80,51.0303,0.4027,1358523600
80,51.0288,0.3773,1358523480
80,51.0298,0.399,1358523420
80,51.0285,0.3952,1358365200
80,51.0634,0.3293,1358271360
80,51.0287,0.3952,1358012520
80,51.1207,0.1894,1357998300
80,51.0287,0.3952,1357855620
80,51.0633,0.332,1357558200
80,51.1203,0.1893,1357418220
80,50.777,0.9088,1357308660
80,50.777,0.9088,1357306560
80,50.777,0.9088,1357306500
80,51.0287,0.3953,1357252620
80,51.0631,0.3297,1357230000
80,51.0632,0.3299,1357229880
80,51.0632,0.3299,1357135860
80,51.0634,0.3294,1357116480
80,51.0286,0.3951,1356998580
80,51.0285,0.3937,1356977700
80,51.0288,0.3953,1356977640
80,51.0287,0.395,1356737220
80,51.0288,0.3953,1356565020
80,51.0233,0.3007,1356531660
80,51.0233,0.3008,1356531600
80,51.0287,0.3952,1356464280
80,51.0285,0.3952,1356444480
80,51.0285,0.3953,1356433260
80,51.0287,0.3952,1356433080
80,51.0633,0.3292,1356340260
80,51.0286,0.3951,1356298260
80,51.0287,0.3952,1356297960
80,51.0287,0.3952,1356203880
80,52.2052,0.1445,1355574900
80,51.0632,0.3299,1354818300
80,51.0622,0.3286,1354643700
80,51.0286,0.3951,1354573140
80,51.0286,0.3955,1354572900
80,51.0286,0.3951,1354310280
80,51.4381,0.2706,1354193880
80,51.4382,0.2722,1354092300
80,51.0288,0.3952,1353945120
80,51.0287,0.3953,1353620700
80,51.0287,0.3952,1353619560
80,51.1207,0.1894,1353183300
80,51.0632,0.3299,1353159360
80,51.0633,0.3302,1353141600
80,51.028,0.3943,1353139560
80,51.0287,0.3952,1352414220
80,51.0287,0.3953,1352413500
80,51.1203,0.1892,1352413080
80,51.064,0.3333,1352412960
80,51.0633,0.3322,1351954260
80,51.3462,0.1465,1351800360
80,51.051,0.3637,1351800300
80,51.5118,0.1222,1351800060
80,51.512,0.1228,1351799940
80,51.0288,0.3948,1351799820
80,51.0287,0.3952,1351799520
80,51.0286,0.3952,1351799400
80,51.5048,0.1497,1351799280
80,51.4971,0.1774,1351771860
80,51.0285,0.3953,1351718640
80,51.0281,0.3945,1351718400
80,51.0635,0.333,1351611480
80,52.1999,0.138,1351522680
80,51.0286,0.395,1351441500
80,51.4035,0.3393,1351352280
80,51.4032,0.3374,1351343340
80,51.4032,0.3374,1351343280
80,51.4061,0.3376,1351343220
80,51.4032,0.3374,1351342080
80,51.0287,0.3952,1351284540
80,51.063,0.3285,1350905880
80,51.0615,0.3217,1350905820
80,51.0287,0.3952,1350507180
80,51.0286,0.3952,1350507000
80,51.0287,0.3952,1350506880
80,51.0285,0.3949,1350506640
80,51.0625,0.3298,1350506460
80,51.0247,0.3508,1350410040
80,51.0287,0.3952,1349708340
80,51.0597,0.3303,1349708220
80,51.0597,0.3305,1349679660
80,51.0287,0.3952,1349675400
80,51.0288,0.3955,1349634000
80,51.0287,0.3952,1349212260
80,51.0597,0.3292,1348330920
80,51.0285,0.395,1348071180
80,51.0587,0.3298,1347912240
80,51.0287,0.3948,1347186720
80,51.061,0.3275,1347088620
80,50.7822,0.6702,1347053700
80,50.7822,0.67,1347053640
80,50.7813,0.6752,1347053520
80,51.5145,0.1407,1346488200
80,51.3625,0.1192,1346488080
80,51.3805,0.1238,1346487900
80,51.1905,0.2318,1346337360
80,51.3808,0.1243,1346337300
80,51.5105,0.1312,1346191320
80,51.5137,0.1393,1346191260
80,51.5112,0.1295,1346191260
80,51.5137,0.1393,1346191080
80,51.5097,0.1355,1346190960
80,51.2385,0.1905,1346190960
80,50.9082,0.7725,1346095080
80,51.0283,0.395,1346094960
80,51.0233,0.5057,1346094900
80,51.0242,0.5055,1346094840
80,51.0238,0.5057,1346093760
80,51.0238,0.5057,1346093760
80,51.024,0.5058,1346093760
80,51.0233,0.5053,1346093700
80,51.0232,0.5057,1346088180
80,51.0243,0.5048,1346088120
80,50.9082,0.7725,1346070120
80,50.9133,0.7638,1346070120
80,50.9058,0.7747,1346070120
80,50.909,0.7683,1346070120
80,50.9325,0.3899,1345327080
80,50.9326,0.3897,1345193460
80,51.0625,0.3298,1344774180
80,51.0288,0.3953,1344180780
80,51.5062,0.0905,1344102600
80,51.5085,0.1012,1344102300
80,51.5083,0.0995,1344102240
80,51.495,0.145,1344096300
80,51.5123,0.1232,1344073380
80,50.7745,0.9112,1343414160
80,50.774,0.9122,1343403120
80,51.0625,0.3297,1343159340
80,51.1203,0.1893,1342982400
80,51.0287,0.3952,1342807560
80,51.063,0.3285,1342792500
80,51.061,0.3295,1342514580
80,51.063,0.3285,1342251600
80,51.0605,0.3303,1342162620
80,51.059,0.33,1342122660
80,51.0577,0.3277,1342029540
80,51.0285,0.3952,1341935400
80,51.0288,0.3955,1341601200
80,51.0628,0.3272,1341086880
80,51.0287,0.3953,1340821140
80,51.0285,0.3949,1340744460
80,51.017,0.4518,1340719140
80,51.0168,0.4525,1340710680
80,50.8935,0.5752,1340656380
80,51.0287,0.3953,1340488260
80,50.8365,0.7788,1340175180
80,51.063,0.3285,1339860720
80,50.8363,0.7763,1339398420
80,51.0283,0.3952,1338927720
80,51.0285,0.3952,1338847080
80,51.0287,0.3953,1338827880
80,51.0285,0.3949,1338826680
80,51.0286,0.3951,1338826500
80,51.0285,0.395,1338826440
80,51.0284,0.3952,1338826380
80,51.0286,0.3949,1338826320
80,51.0623,0.3291,1338376200
80,51.0286,0.3951,1338056700
80,51.0583,0.3293,1337768520
80,51.0697,0.3041,1337684760
80,51.0692,0.3045,1337683620
80,51.0697,0.3041,1336933620
80,51.07,0.3039,1336932780
80,51.0697,0.3043,1336858560
80,51.0696,0.304,1336858260
80,51.0696,0.304,1336858200
80,51.0696,0.3041,1336858140
80,51.0698,0.3044,1336858020
80,51.0286,0.395,1336826820
80,51.3804,0.4764,1336503540
80,51.3804,0.4764,1336503480
80,51.0696,0.3042,1336397460
80,51.0286,0.3953,1336298880
80,51.0288,0.3953,1336252080
80,51.0696,0.304,1336029420
80,51.07,0.3041,1335977040
80,51.0696,0.3039,1335976740
80,51.0698,0.3041,1335976620
80,51.0696,0.3046,1335976500
80,51.0285,0.395,1335289680
80,51.0697,0.3042,1335260820
80,51.0695,0.3037,1335257160
80,51.0694,0.3041,1335179520
80,51.2405,0.0017,1335043440
80,51.2405,0.0018,1335043080
80,51.0661,0.325,1334823240
80,51.5561,0.2791,1334512320
80,51.5561,0.279,1334512260
80,51.5554,0.2798,1334512080
80,51.5557,0.2796,1334508180
80,51.5561,0.2789,1334508060
80,51.0697,0.3043,1334444340
80,51.0697,0.3043,1334444280
80,51.0697,0.3043,1334444160
80,51.0286,0.395,1334408580
80,51.0696,0.3041,1333982640
80,51.0696,0.3042,1333982520
80,51.0696,0.3041,1333982460
80,51.0696,0.3041,1333982400
80,51.0695,0.3039,1333982160
80,51.0698,0.3038,1333982100
80,51.0696,0.3041,1333982040
80,51.0696,0.3041,1333981920
80,51.0696,0.304,1333981920
80,51.0696,0.304,1333981800
80,51.0696,0.304,1333791960
80,51.0287,0.3952,1333728420
80,51.0287,0.395,1333728360
80,51.0641,0.3237,1333648020
80,51.0633,0.3238,1333647900
80,51.0671,0.3124,1333005360
80,51.0285,0.3952,1332880920
80,51.0284,0.3953,1332876960
80,51.0285,0.3949,1332681420
80,51.0696,0.3041,1332629100
80,51.0803,0.3155,1332624600
80,51.0698,0.304,1332508080
80,51.0696,0.304,1332353160
80,51.0284,0.3948,1331999340
80,51.0696,0.3041,1331588520
80,51.0732,0.3079,1331588400
80,51.0285,0.3949,1331399520
80,51.0696,0.3041,1331296620
80,51.0696,0.3041,1330623000
80,51.0699,0.3041,1330263000
80,51.0641,0.3225,1330117440
80,51.0641,0.3226,1330110720
80,51.0696,0.304,1330107960
80,51.0284,0.3953,1329686220
80,51.0688,0.3018,1329646860
80,51.0287,0.3951,1329633180
80,51.0281,0.393,1328964120
80,51.0285,0.3951,1328963940
80,51.0285,0.3951,1328963880
80,51.0672,0.3128,1328612400
80,51.0685,0.3051,1328611800
80,51.0691,0.3047,1328611740
80,51.0697,0.3037,1328460780
80,51.0696,0.3037,1328459280
80,51.0285,0.395,1328437260
80,51.0696,0.3041,1328379180
80,51.0641,0.3236,1328355840
80,51.0696,0.3041,1328295240
80,51.0577,0.3277,1327802460
80,51.0577,0.3279,1327797420
80,51.0595,0.3288,1327786260
80,51.0696,0.304,1327705140
80,51.0696,0.304,1327658820
80,51.0698,0.304,1327658340
80,51.0698,0.304,1327658160
80,51.0692,0.3034,1327479120
80,51.072,0.2989,1327340220
80,51.0287,0.3953,1327166460
80,51.0624,0.3296,1327149180
80,51.0695,0.3038,1327091460
80,51.0696,0.304,1327045500
80,51.0696,0.304,1327009380
80,51.0696,0.304,1326973740
80,51.0696,0.3039,1326837060
80,51.0694,0.304,1326749880
80,51.0697,0.3039,1326749400
80,51.0696,0.3041,1326569220
80,51.1177,0.1609,1326443940
80,51.0696,0.3041,1326234360
80,51.0696,0.3031,1326234240
80,51.0697,0.3042,1326234120
80,51.0696,0.3041,1326227880
80,51.0696,0.3039,1326227400
80,51.0647,0.3222,1326194640
80,51.0732,0.3059,1326149220
80,51.0697,0.3038,1326146640
80,51.0687,0.3042,1325974020
80,51.0676,0.3073,1325837880
80,51.0696,0.304,1325629440
80,51.0696,0.3041,1325628480
80,51.0696,0.304,1325628000
80,51.0699,0.3039,1325627340
80,51.0692,0.304,1325627220
80,51.0697,0.3041,1325627100
80,51.0696,0.3041,1325626980
80,51.0582,0.3253,1325377320
80,51.0578,0.3276,1325376420
80,51.0696,0.3041,1325195460
80,51.0285,0.3951,1324999800
80,51.0697,0.304,1324932840
80,51.0696,0.3041,1324932540
80,51.0697,0.3042,1324932300
80,51.0286,0.395,1324847940
80,51.0702,0.3606,1324847880
80,51.0285,0.3951,1324813020
80,51.0284,0.3951,1324812900
80,51.07,0.3037,1324734300
80,51.0673,0.3109,1324731900
80,51.0696,0.3039,1324589700
80,51.0698,0.3041,1324452360
80,51.0696,0.3041,1324140180
80,51.0695,0.3036,1324140120
80,51.0286,0.3951,1324124820
80,50.8725,0.009,1323708780
80,50.8729,0.0087,1323708780
80,51.0696,0.304,1323625020
80,51.0668,0.3187,1323618360
80,51.0483,0.364,1323504300
80,51.0696,0.3041,1323025260
80,51.0696,0.304,1323025140
80,51.0286,0.395,1322950920
80,51.0285,0.395,1322950740
80,51.0285,0.3949,1322944380
80,51.0285,0.3955,1322944200
80,51.0285,0.3951,1322944140
80,51.0696,0.304,1322518560
80,51.0659,0.3247,1321526340
80,51.0673,0.3129,1321525680
80,51.0676,0.3074,1321525260
80,51.0666,0.3228,1321199400
80,50.8542,0.5527,1321187100
80,51.0696,0.304,1321026660
80,51.0717,0.3079,1321014420
80,51.0659,0.3247,1320915060
80,51.0696,0.3041,1316732520
80,51.0696,0.3041,1316550300
80,51.0696,0.3041,1316368800
80,51.0696,0.3041,1316368620
80,51.0696,0.3041,1316368500
80,51.0696,0.3041,1316368440
80,51.0696,0.3041,1316368380
80,51.0696,0.3041,1316368200
80,51.0696,0.3041,1316181840
80,51.0696,0.304,1315691760
80,51.0696,0.304,1315691580
80,51.0696,0.304,1315691460
80,51.0608,0.341,1315662480
80,51.0696,0.3041,1315413480
80,51.0647,0.3222,1315325160
80,51.0696,0.304,1315174860
80,51.0696,0.304,1315174740
80,51.0696,0.304,1315174620
80,51.0696,0.3041,1315156680
80,51.0696,0.3041,1315155240
80,51.0696,0.3041,1315066260
80,51.0724,0.3339,1315052340
80,51.0696,0.3042,1314384240
80,51.0696,0.3042,1314384120
80,51.0696,0.3042,1314384060
80,51.0288,0.3953,1313784780
80,51.0288,0.3953,1313784540
80,51.0288,0.3953,1313784360
80,51.0288,0.3953,1313784240
80,51.0288,0.3953,1313784060
80,51.0696,0.3042,1313700180
80,51.0697,0.3043,1313673720
80,51.0696,0.3041,1313351340
80,51.337,0.1145,1313336460
80,51.5527,0.0444,1313270700
80,51.5528,0.0445,1313261100
80,51.5116,0.1267,1313258580
80,51.5116,0.1267,1313258580
80,51.5067,0.0814,1313163420
80,51.0696,0.3041,1312731540
80,51.0707,0.306,1312707720
80,51.0672,0.3121,1312528380
80,51.064,0.324,1312380060
80,51.0682,0.3062,1312183260
80,51.0695,0.3043,1312124460
80,51.0696,0.3043,1312108320
80,51.0279,0.3949,1312041660
80,51.0633,0.3262,1311950040
80,51.0641,0.3236,1311874140
80,51.063,0.3268,1311866340
80,51.0639,0.324,1311861840
80,51.0696,0.3042,1311813360
80,51.0696,0.304,1311799020
80,51.0634,0.3321,1311762660
