805,23.2648,113.3063,1378232820
805,34.0951,118.3738,1378079640
805,34.0616,118.3758,1378076040
805,23.2648,113.3063,1377750660
805,34.0836,118.3424,1377743400
805,34.0836,118.3674,1377243840
805,34.0616,118.3758,1377233100
805,23.2648,113.3063,1377201000
805,34.0822,118.3854,1377199140
805,34.1122,118.3386,1376622300
805,34.1122,118.3386,1376621700
805,34.142,118.4154,1376611560
805,34.1421,118.4153,1376598420
805,34.0627,118.3834,1376511480
805,34.1122,118.3386,1376462820
805,34.1122,118.3386,1376451480
805,34.1456,118.4142,1376325720
805,34.0657,118.4105,1376266560
805,34.0657,118.4105,1376253720
805,34.0158,118.4922,1376188800
805,34.0158,118.4922,1376175960
805,34.0158,118.4922,1376158380
805,34.1435,118.3953,1375644360
805,34.1435,118.3953,1375581420
805,34.0926,118.3771,1375502220
805,34.1012,118.3255,1375475280
805,34.1435,118.3953,1375381200
805,34.0158,118.4922,1375327980
805,34.1435,118.3953,1375324140
805,34.0557,118.3334,1375206780
805,34.0972,118.352,1375206480
805,34.1435,118.3953,1375122060
805,34.1573,118.639,1375074060
805,34.1435,118.3953,1375041720
805,34.0836,118.3702,1374975120
805,34.1435,118.3953,1374866520
805,34.0822,118.3854,1374864540
805,34.1491,118.3391,1374617400
805,34.1491,118.3391,1374614400
805,34.1456,118.4142,1374607020
805,34.1435,118.3953,1374545220
805,33.9455,118.4072,1374345180
805,34.1409,118.3497,1374178020
805,34.1491,118.3391,1374115380
805,34.1491,118.3391,1374108780
805,36.0926,115.1768,1373793900
805,36.0926,115.1768,1373792460
805,36.0926,115.1768,1373791860
805,36.1014,115.1722,1373783340
805,36.0894,115.1748,1373754840
805,36.0919,115.1748,1373750820
805,33.9465,118.4072,1373739840
805,34.0815,118.3894,1373596980
805,34.0815,118.3894,1373596860
805,23.2648,113.3063,1373492160
805,34.1457,118.417,1373477820
805,34.0587,118.2449,1373357400
805,34.1462,118.2527,1373255880
805,34.1597,118.4661,1373234340
805,34.2357,118.9505,1373074500
805,34.1616,118.1676,1373056620
805,34.1616,118.1676,1373005920
805,34.1616,118.1676,1372997040
805,34.1616,118.1676,1372987440
805,34.1616,118.1676,1372985460
805,34.1122,118.3386,1372824240
805,23.2648,113.3063,1372793580
805,23.2648,113.3063,1372791000
805,23.2648,113.3063,1372487940
805,34.1435,118.3953,1372458540
805,23.2648,113.3063,1372311900
805,23.2648,113.3063,1372297500
805,23.2648,113.3063,1372297020
805,23.2648,113.3063,1372271040
805,36.1312,115.1534,1371946800
805,23.2648,113.3063,1371525720
805,34.142,118.4154,1371525300
805,34.142,118.4154,1371494940
805,34.0822,118.3854,1371427260
805,23.2648,113.3063,1371324420
805,23.2648,113.3063,1371273720
805,23.2648,113.3063,1371273420
805,23.2648,113.3063,1371270960
805,23.2648,113.3063,1371240480
805,23.2648,113.3063,1371230640
805,34.0698,118.3766,1371095100
805,34.1012,118.3255,1370719080
805,34.1012,118.3255,1370718600
805,23.2648,113.3063,1370716080
805,34.0761,118.3772,1370628000
805,34.0761,118.3772,1370627520
805,28.4351,81.3017,1370380680
805,28.4271,81.4593,1370119920
805,25.7945,80.2488,1370032560
805,28.4251,81.4568,1370030340
805,28.4271,81.4593,1369955280
805,33.9465,118.4072,1369927920
805,34.1012,118.3255,1369847520
805,34.1418,118.4153,1369793220
805,33.9465,118.4072,1369792620
805,34.0906,118.386,1369547160
805,23.2648,113.3063,1369513140
805,23.2648,113.3063,1369512660
805,33.9465,118.4072,1369510680
805,33.9467,118.4074,1369363740
805,23.2648,113.3063,1369339320
805,23.2648,113.3063,1369328460
805,23.2648,113.3063,1369246740
805,34.0912,118.3657,1369202820
805,23.2648,113.3063,1369201500
805,23.2648,113.3063,1369200480
805,23.2648,113.3063,1369083540
805,23.2648,113.3063,1368741120
805,34.1456,118.4161,1368734160
805,34.1456,118.4161,1368732780
805,23.2648,113.3063,1368730140
805,23.2648,113.3063,1368729240
805,34.0481,118.4623,1368686640
805,33.9464,118.4069,1368682080
805,33.9464,118.4069,1368681420
805,33.9464,118.4069,1368680820
805,23.2648,113.3063,1368302400
805,37.6172,122.3825,1368043080
805,23.2648,113.3063,1367998560
805,23.2648,113.3063,1367998320
805,37.6172,122.3825,1367991780
805,33.9465,118.4072,1367965920
805,23.2648,113.3063,1367641980
805,23.2648,113.3063,1367640660
805,23.2648,113.3063,1367608920
805,44.8844,93.2118,1367434080
805,44.8795,93.4096,1367374260
805,44.8795,93.4096,1367370060
805,44.8795,93.4096,1367351940
805,44.8795,93.4096,1367328960
805,44.8795,93.4096,1367294160
805,44.8795,93.4096,1367290740
805,44.9689,93.2074,1367269080
805,44.8772,93.3227,1367200320
805,44.8772,93.3227,1367195100
805,33.9406,118.4043,1367176920
805,34.142,118.4153,1367138640
805,40.77,73.9822,1367119620
805,23.2648,113.3063,1367030940
805,23.2648,113.3063,1366914180
805,23.2648,113.3063,1366785300
805,34.142,118.4153,1366677000
805,23.2648,113.3063,1366648080
805,34.1508,118.1137,1366526580
805,34.147,118.4235,1366525860
805,23.2648,113.3063,1366397040
805,33.6818,116.243,1366047300
805,34.2046,117.4019,1366046820
805,33.6818,116.243,1365996000
805,33.6812,116.2384,1365995640
805,33.6814,116.2459,1365913200
805,33.684,116.2372,1365824100
805,23.2648,113.3063,1365700740
805,23.2648,113.3063,1365700320
805,23.2648,113.3063,1365699960
805,34.1485,118.4126,1365493380
805,34.1012,118.3255,1365474000
805,34.1017,118.342,1365282780
805,34.147,118.4235,1365234180
805,34.1477,118.4135,1365109740
805,34.147,118.4235,1365102960
805,34.147,118.4235,1364934720
805,34.147,118.4235,1364934060
805,34.0121,118.4956,1364794500
805,34.1477,118.4135,1364794020
805,34.1477,118.4135,1364762340
805,34.0223,118.8,1364694120
805,34.142,118.4154,1364694000
805,34.142,118.4154,1364693760
805,34.142,118.4154,1364692320
805,34.142,118.4154,1364691360
805,34.142,118.4154,1364691060
805,34.0106,118.7947,1364690580
805,34.0223,118.8,1364690340
805,34.1444,118.4102,1364607600
805,34.0926,118.3081,1364602200
805,34.1444,118.4102,1364523720
805,36.1888,103.227,1364334240
805,40.7691,73.9771,1364264100
805,33.9465,118.4072,1364105940
805,34.142,118.4153,1364090760
805,34.147,118.4235,1364083500
805,34.147,118.4235,1364083140
805,34.147,118.4235,1363987920
805,34.147,118.4235,1363987620
805,34.147,118.4235,1363987440
805,34.147,118.4235,1363985880
805,34.147,118.4235,1363985520
805,34.164,118.416,1363930380
805,34.147,118.4235,1363844040
805,34.147,118.4235,1363843020
805,40.6429,73.7801,1363737480
805,40.77,73.9821,1363636020
805,40.77,73.9821,1363479540
805,40.7691,73.9771,1363475280
805,40.7635,73.9734,1363474680
805,40.7699,73.9821,1363474320
805,40.7699,73.9821,1363473900
805,40.7699,73.9821,1363473540
805,40.7727,73.9852,1363392660
805,40.7727,73.9852,1363392180
805,40.7727,73.9852,1363391640
805,40.7727,73.9852,1363391340
805,40.7699,73.9822,1363391040
805,40.7699,73.9822,1363390740
805,55.7573,37.6131,1363259280
805,55.7571,37.6132,1363135380
805,40.7594,73.9901,1363096800
805,55.7543,37.6202,1363092780
805,55.7573,37.6131,1363091880
805,44.5041,11.3447,1362934860
805,44.4932,11.3446,1362934620
805,44.4932,11.3446,1362934500
805,44.5046,11.3473,1362933960
805,44.4932,11.3446,1362871680
805,52.3092,4.7622,1362724980
805,52.3045,4.7622,1362724500
805,40.6409,73.7868,1362691080
805,40.7691,73.9771,1362634260
805,40.7594,73.9901,1362626040
805,40.7691,73.9771,1362539460
805,40.7699,73.9821,1362538440
805,40.77,73.9822,1362533580
805,40.77,73.9821,1362460500
805,40.7618,73.9799,1362361620
805,40.7691,73.9771,1362354300
805,40.7687,73.982,1362351300
805,40.7691,73.9771,1362350580
805,40.769,73.9816,1362288180
805,40.7653,73.9657,1362091080
805,42.1174,76.8151,1362016680
805,40.7664,73.9622,1361935920
805,42.1174,76.8151,1361925480
805,40.7643,73.9774,1361831820
805,40.7691,73.9771,1361745720
805,40.7691,73.9771,1361733900
805,33.9462,118.4079,1361644500
805,42.1174,76.8151,1361550660
805,34.142,118.4154,1361522700
805,34.142,118.4154,1361474460
805,44.8844,93.2118,1361330760
805,44.8844,93.2118,1361330700
805,44.8844,93.2118,1361330340
805,44.8795,93.4096,1361282100
805,40.7691,73.9771,1360968660
805,40.7691,73.9771,1360966860
805,40.7732,73.9846,1360951500
805,40.77,73.9821,1360821000
805,40.77,73.9821,1360793520
805,45.5273,122.5956,1360767720
805,40.7505,73.9935,1360724580
805,40.7504,73.9931,1360724340
805,42.1174,76.8151,1360650480
805,40.7691,73.9771,1360625940
805,40.7691,73.9771,1360611240
805,40.758,73.9685,1360546740
805,34.1419,118.4154,1360378440
805,34.142,118.4154,1360212840
805,34.0983,118.3212,1360200840
805,34.0983,118.3212,1360185360
805,34.0983,118.3212,1360184940
805,34.142,118.4154,1360132980
805,34.0983,118.3212,1360122360
805,42.1174,76.8151,1360053840
805,33.8096,117.919,1360024620
805,34.1409,118.3497,1359841740
805,34.147,118.4235,1359828600
805,34.147,118.4235,1359828420
805,34.147,118.4235,1359828300
805,34.142,118.4154,1359787080
805,34.142,118.4154,1359786600
805,34.142,118.4154,1359786420
805,34.142,118.4154,1359786180
805,34.142,118.4154,1359785880
805,34.142,118.4154,1359785580
805,34.142,118.4154,1359764580
805,34.1409,118.3497,1359743880
805,34.1409,118.3497,1359696720
805,34.1409,118.3497,1359665580
805,44.8844,93.2118,1359588960
805,44.8795,93.4096,1359536760
805,44.8795,93.4096,1359535260
805,44.8795,93.4096,1359535020
805,44.8795,93.4096,1359439560
805,44.8795,93.4096,1359439140
805,44.8795,93.4096,1359438240
805,33.7643,118.1907,1359313680
805,33.7643,118.1907,1359260760
805,33.7643,118.1907,1359182880
805,34.147,118.4235,1358702940
805,34.1444,118.4102,1358542620
805,34.1444,118.4102,1358542380
805,34.1444,118.4102,1358536140
805,34.142,118.4154,1358484600
805,34.1409,118.3497,1358483880
805,34.147,118.4235,1358480880
805,34.1444,118.4102,1358479440
805,34.1409,118.3497,1358479260
805,34.1409,118.3497,1358478960
805,34.1409,118.3497,1358478780
805,34.1409,118.3497,1358453280
805,34.147,118.4235,1358383500
805,34.147,118.4235,1358383260
805,34.147,118.4235,1358383140
805,34.142,118.4154,1358203260
805,34.142,118.4154,1358202900
805,42.1174,76.8151,1358122740
805,34.0725,118.3956,1358105700
805,34.0725,118.3956,1358104380
805,34.142,118.4154,1357680180
805,34.142,118.4154,1357679880
805,34.142,118.4154,1357592520
805,34.1444,118.4102,1357588320
805,34.1444,118.4102,1357586460
805,34.142,118.4154,1357505040
805,34.1409,118.3497,1357504260
805,34.142,118.4154,1357355400
805,34.1409,118.3497,1357353660
805,34.1409,118.3497,1357353420
805,34.1409,118.3497,1357352820
805,34.142,118.4154,1357266240
805,34.142,118.4154,1356987960
805,34.142,118.4154,1356987540
805,42.1174,76.8151,1356834900
805,34.142,118.4154,1356820560
805,34.142,118.4154,1356820260
805,34.147,118.4235,1356818640
805,42.1174,76.8151,1356818100
805,34.1477,118.4135,1356727620
805,33.9439,118.405,1356675780
805,42.1277,76.8317,1356632340
805,42.1277,76.8317,1356395880
805,42.1174,76.8151,1356321420
805,42.15,76.8373,1356321180
805,42.1288,76.827,1356318300
805,42.1288,76.827,1356318000
805,42.1619,76.8242,1356207180
805,42.1706,76.8563,1356206760
805,42.1702,76.8561,1356138900
805,42.2133,83.3546,1356010440
805,34.1204,118.3447,1355781900
805,34.0837,118.3686,1355701980
805,34.147,118.4235,1355697180
805,34.147,118.4235,1355633040
805,34.147,118.4235,1355632800
805,34.147,118.4235,1355632620
805,34.147,118.4235,1355602740
805,34.1409,118.3497,1355506140
805,34.147,118.4235,1355467200
805,34.1012,118.3255,1355421420
805,34.147,118.4235,1355363640
805,34.1012,118.3255,1355014740
805,34.098,118.2898,1355014140
805,34.098,118.2898,1355013240
805,34.0835,118.3662,1355012400
805,34.098,118.2898,1354998960
805,34.098,118.2898,1354956660
805,34.098,118.2898,1354956420
805,34.098,118.2898,1354956060
805,34.098,118.2898,1354955760
805,34.1439,118.2564,1354933200
805,34.1019,118.3357,1354600500
805,34.1019,118.3357,1354600260
805,34.142,118.4153,1354529400
805,34.1019,118.3357,1354480500
805,34.147,118.4235,1354258080
805,34.147,118.4235,1354256520
805,34.0836,118.3628,1354243800
805,34.1376,118.3543,1354220640
805,34.1349,118.3508,1354212900
805,34.147,118.4235,1354160580
805,34.1364,118.3522,1353821640
805,34.1363,118.3534,1353820380
805,34.1019,118.3256,1353814020
805,34.1019,118.3256,1353813900
805,34.147,118.4235,1353275820
805,34.147,118.4235,1353223980
805,34.142,118.4153,1353101580
805,34.147,118.4235,1352750340
805,40.7594,73.9901,1352668200
805,34.147,118.4235,1352402400
805,34.1421,118.4154,1352229780
805,34.0898,118.2683,1352189040
805,34.0898,118.2683,1352188800
805,34.0898,118.2683,1352182680
805,34.0898,118.2683,1352182500
805,34.147,118.4235,1351891200
805,34.147,118.4235,1351890720
805,34.147,118.4235,1351890600
805,34.147,118.4235,1351890360
805,33.8135,117.9247,1351542600
805,34.1496,118.4805,1351314060
805,34.1496,118.4805,1351313820
805,40.761,73.9918,1351140900
805,40.761,73.9918,1351140360
805,40.761,73.9918,1351140120
805,40.761,73.9918,1351139760
805,40.7562,73.9865,1351131660
805,40.7562,73.9865,1351128120
805,40.7594,73.9901,1351054860
805,34.1329,118.2553,1350603900
805,34.1328,118.2554,1350602760
805,34.142,118.4154,1350507840
805,34.147,118.4235,1350332040
805,34.147,118.4235,1350152820
805,34.147,118.4235,1350109500
805,34.147,118.4235,1350094920
805,34.142,118.4154,1350020400
805,34.147,118.4235,1349893920
805,34.147,118.4235,1349834700
805,34.147,118.4235,1349831940
805,34.147,118.4235,1349740740
805,34.147,118.4235,1349648820
805,34.147,118.4235,1349118780
805,34.147,118.4235,1349063700
805,34.147,118.4235,1348944120
805,34.147,118.4235,1348803900
805,34.0724,118.3593,1348467480
805,34.147,118.4235,1348421460
805,34.147,118.4235,1348361280
805,34.0581,118.3627,1348351980
805,34.1431,118.4023,1347854520
805,38.6384,90.2758,1347728520
805,42.6215,82.9873,1347493080
805,34.147,118.4235,1347240240
805,42.6218,82.9872,1347037800
805,42.6214,82.9875,1347030960
805,42.6225,82.9862,1347029820
805,42.5468,83.2136,1346980200
805,44.978,93.2751,1346805420
805,41.8914,87.609,1346559600
805,41.8914,87.609,1346559360
805,41.8766,87.6206,1346531820
805,41.8912,87.6279,1346361360
805,39.7465,104.998,1345938000
805,39.6895,104.9806,1345868160
805,39.7355,104.9956,1345846320
805,39.7479,104.9949,1345845900
805,40.7193,74.0049,1345165980
805,45.5481,122.5907,1344887400
805,37.7948,122.3946,1344305340
805,37.7948,122.3946,1344305100
805,37.7948,122.3946,1344304980
805,32.6762,117.0708,1344121920
805,32.5774,117.0528,1344121680
805,34.147,118.4235,1343723940
805,34.147,118.4235,1343723340
805,34.147,118.4235,1343520480
805,34.147,118.4235,1343520300
805,34.0722,118.3575,1343273400
805,36.0914,115.1762,1342935480
805,36.0933,115.176,1342924560
805,36.0933,115.176,1342924500
805,34.1036,118.3384,1342817100
805,34.0477,118.4641,1342816380
805,34.147,118.4235,1342815540
