807,33.9233,118.068,1378129020
807,33.7879,117.8531,1378096860
807,33.8484,118.354,1378060200
807,33.827,118.2607,1377928080
807,33.8234,118.3279,1377877320
807,33.8307,118.264,1377562980
807,33.6885,117.8331,1377307620
807,33.8802,118.334,1377134400
807,33.823,118.2654,1376972460
807,33.8269,118.256,1376963340
807,33.827,118.2609,1376350980
807,33.827,118.2608,1376246580
807,34.0258,118.4833,1376195460
807,33.7972,118.17,1376173560
807,33.8422,118.2622,1376110920
807,33.9211,117.8362,1375675860
807,33.9211,117.8362,1375673340
807,33.7262,117.9884,1375566420
807,33.9234,118.068,1375190040
807,33.859,118.1813,1375058760
807,33.8269,118.256,1375027920
807,33.7606,118.1913,1374902040
807,33.827,118.2607,1374716700
807,33.827,118.2608,1374471480
807,34.1226,118.4006,1374468960
807,34.0844,118.3845,1374464700
807,33.7346,118.2778,1373747640
807,33.823,118.2654,1373665200
807,33.8237,118.2835,1373148660
807,33.8736,118.1933,1372796700
807,33.827,118.2607,1372742280
807,33.827,118.2607,1372739820
807,33.7925,118.3294,1372709340
807,33.827,118.2607,1372703400
807,33.827,118.2607,1372478400
807,33.819,118.2859,1372135560
807,33.8096,117.919,1372015860
807,33.8234,118.3279,1371842520
807,33.823,118.2654,1371454140
807,33.827,118.2607,1371362460
807,33.8242,118.266,1371343620
807,33.827,118.2608,1371195480
807,33.827,118.2607,1371083880
807,33.8578,118.2892,1370924160
807,33.8269,118.2607,1370096160
807,33.9061,117.8446,1370052060
807,33.8269,118.2607,1369599120
807,33.6199,117.6754,1369442280
807,33.8086,118.3705,1369277640
807,33.8075,118.3709,1369277520
807,33.8085,118.3709,1369275420
807,33.6255,117.6799,1368801300
807,33.8231,118.2655,1368376920
807,33.8308,118.2638,1368296580
807,33.827,118.2607,1368283560
807,33.8895,118.1531,1367700300
807,33.7445,117.9556,1367299140
807,33.8269,118.2607,1367213760
807,33.8269,118.2607,1367020260
807,33.8269,118.2607,1366777620
807,33.823,118.2654,1366690680
807,33.8269,118.2606,1366560300
807,33.8269,118.2606,1365984420
807,33.8574,118.0847,1365492720
807,33.741,117.8198,1365486660
807,33.7615,118.1902,1365397500
807,33.827,118.2608,1364947140
807,33.8999,117.8566,1364772840
807,33.6289,117.6797,1364632320
807,33.8883,118.2923,1364521200
807,33.8894,118.309,1364510580
807,33.823,118.2653,1364423100
807,33.8269,118.2607,1364386200
807,33.8269,118.2607,1364169180
807,33.8279,118.2612,1364159160
807,33.8271,118.2608,1364060400
807,33.8254,118.3254,1363999740
807,33.8268,118.2607,1363921980
807,33.8269,118.2607,1363714920
807,33.8269,118.2607,1363542420
807,33.8269,118.2605,1363483080
807,33.8523,118.3532,1363301760
807,33.8883,118.2923,1363035120
807,33.6238,117.6815,1360577100
807,35.1436,120.6424,1360518660
807,35.1496,120.6372,1360461420
807,35.1496,120.6372,1360423080
807,33.8249,118.2416,1359853260
807,34.0696,118.4059,1359837060
807,34.0696,118.406,1359833040
807,33.8694,118.3091,1359827700
807,33.827,118.2608,1359822120
807,33.8425,118.393,1359776700
807,33.6501,117.7966,1359337800
807,33.8332,118.3518,1359243120
807,33.6212,117.6592,1357501260
807,33.6212,117.6592,1357500600
807,33.8302,118.0289,1354050180
807,33.8327,118.1254,1353704340
807,33.8269,118.2608,1353211920
807,33.8087,117.9241,1353101520
807,33.8087,117.9241,1353100560
807,33.827,118.261,1353034980
807,33.8317,118.3082,1352965440
807,33.9439,118.405,1352961180
807,21.2824,157.6769,1352915220
807,21.3312,157.92,1352860140
807,21.3312,157.92,1352850720
807,21.2837,157.8325,1352791560
807,21.6184,158.0855,1352695980
807,21.591,158.1028,1352690460
807,21.6775,157.9487,1352688360
807,21.431,157.8318,1352659560
807,21.6394,157.9204,1352608740
807,21.6394,157.9204,1352608380
807,21.285,157.8134,1352533740
807,21.5076,157.8466,1352504520
807,21.6484,157.9146,1352499660
807,21.397,157.7275,1352426880
807,21.2962,157.8406,1352410920
807,21.2962,157.8406,1352410200
807,21.2809,157.8308,1352392320
807,21.2791,157.8293,1352353560
807,21.2911,157.8433,1352344620
807,21.3312,157.92,1352327880
807,33.7075,117.7825,1352180160
807,33.7898,118.3092,1352006940
807,33.8166,118.3068,1351707720
807,33.6718,117.9872,1350677760
807,34.0383,118.2552,1350610380
807,33.839,118.3915,1350201780
807,34.1515,118.4524,1350173520
807,33.6565,117.9186,1349883300
807,34.0673,118.1342,1349645100
807,33.8269,118.2612,1349540280
807,36.0044,115.2813,1349035920
807,35.9655,115.1685,1348967340
807,33.8935,118.3086,1348441380
807,32.7754,117.2324,1348359900
807,32.7758,117.2342,1348358820
807,32.7758,117.2342,1348350000
807,33.2574,117.4258,1348340100
807,33.672,117.9197,1348335120
807,33.8447,118.394,1348281240
807,33.7342,118.2777,1348090560
807,33.6261,117.6799,1347888000
807,33.8321,118.2966,1347837300
807,33.839,118.3915,1347188820
807,33.839,118.3915,1347176520
807,33.8639,118.2616,1347164340
807,33.78,118.1859,1346979960
807,33.804,118.2095,1346295360
807,33.6504,117.7435,1345953300
807,33.8267,118.2606,1345482960
807,33.8397,118.3917,1345445700
807,33.839,118.3915,1345433340
807,34.0569,117.7078,1345259700
807,33.8178,118.3816,1345225440
807,33.6704,117.8962,1344725280
807,33.6708,117.8957,1344724560
807,33.7405,118.04,1344132660
807,33.7892,118.3174,1344128820
807,33.6671,117.902,1343956740
807,33.669,117.8934,1343955720
807,33.7629,118.192,1342925940
807,36.1336,115.1633,1341640980
807,33.7095,117.9888,1340818500
807,33.9405,118.1334,1340551440
807,34.1236,118.4003,1340334480
807,33.7096,117.3422,1339801980
807,33.7319,118.2761,1339729200
807,33.9439,118.405,1339334040
807,33.8314,118.2784,1339018560
807,33.8883,118.2921,1338736500
807,33.7023,118.0545,1338693420
807,34.1369,118.3561,1338142380
807,33.8077,118.2721,1337640000
807,33.8733,118.3521,1336076460
807,34.1803,118.4943,1336002240
807,33.765,118.183,1335934800
807,33.7623,118.1928,1335931440
807,33.8323,118.0077,1335901860
807,33.7622,118.1164,1335647880
807,33.7904,118.294,1335388440
807,33.7716,118.3732,1335329760
807,34.0696,118.406,1334640720
807,33.7657,118.19,1334343420
807,33.706,117.784,1333946040
807,33.8465,118.395,1333512000
807,33.8465,118.395,1333511700
807,33.7925,118.3294,1333410060
807,33.6889,117.8337,1332981900
807,34.1484,118.2837,1331761980
807,34.1006,118.2905,1331755200
807,33.8368,118.3548,1331587200
807,36.1093,115.1728,1330834620
807,35.2664,116.0727,1330729200
807,33.8177,118.3817,1330374300
807,33.8888,118.3045,1329350880
807,34.0696,118.406,1328751300
