828,37.8775,122.2575,1378415400
828,37.5507,122.2778,1378004520
828,37.8775,122.2575,1377900840
828,37.8775,122.2575,1377829440
828,37.8721,122.2578,1377811680
828,37.5507,122.278,1377400800
828,37.8775,122.2575,1377211200
828,37.8706,122.2597,1377137640
828,37.5367,122.3612,1377051240
828,39.9964,116.2692,1376969700
828,40.0729,116.5972,1376896260
828,40.0004,116.2739,1376796300
828,22.5856,113.8456,1376727120
828,37.5372,122.1553,1376621160
828,37.5363,122.1573,1376548020
828,37.5368,122.1568,1376532720
828,37.5442,122.14,1376485620
828,23.3884,113.2976,1376013000
828,23.1609,113.5079,1375931400
828,23.1605,113.5078,1375764060
828,23.1297,113.5723,1375405200
828,23.1245,113.3225,1375065000
828,24.9362,113.8353,1374722700
828,23.1245,113.3225,1374234720
828,38.8776,121.6703,1374196980
828,38.8755,121.675,1374102720
828,38.962,121.5393,1373952720
828,40.2353,122.1092,1373792760
828,38.8792,121.5689,1373600460
828,38.8791,121.5636,1373583360
828,39.975,116.3267,1373519580
828,37.6164,122.3863,1373303520
828,37.6178,122.3868,1373237280
828,37.6164,122.3863,1373143500
828,37.6164,122.3863,1373127540
828,32.8467,117.2759,1372977720
828,32.7241,117.1885,1372817880
828,32.8739,117.2357,1372708320
828,32.9342,117.2552,1372645860
828,32.85,117.2731,1372626480
828,32.8703,117.22,1372465920
828,32.8747,117.2358,1372204740
828,32.8467,117.2759,1372014180
828,32.9233,117.0873,1371933060
828,32.8703,117.22,1371865860
828,32.874,117.2357,1371670620
828,32.8729,117.2175,1371573000
828,32.8703,117.22,1371513360
828,32.8702,117.22,1371339600
828,32.8702,117.22,1371261660
828,32.8703,117.2198,1371151080
828,32.874,117.2355,1371074100
828,32.8739,117.2357,1370981100
828,37.6164,122.3863,1370831160
828,37.6164,122.3863,1370721960
828,32.8703,117.22,1370666280
828,32.8692,117.2317,1370655600
828,32.8739,117.2357,1370543220
828,32.8747,117.2361,1370196780
828,32.6903,117.01,1370024100
828,37.5507,122.2778,1369523040
828,37.5507,122.2778,1369369500
828,37.865,122.2497,1368849780
828,37.8643,122.2484,1368759480
828,37.868,122.2574,1368694260
828,37.8667,122.2517,1368662520
828,37.8647,122.2497,1368377160
828,37.865,122.2495,1368247980
828,37.868,122.2575,1367969280
828,37.8692,122.251,1367882100
828,37.4586,122.4297,1367793120
828,37.873,122.2545,1367539980
828,37.8706,122.2597,1367378340
828,37.8655,122.2497,1367289780
828,37.865,122.2497,1367196360
828,37.8643,122.2484,1366889760
828,40.0212,116.2555,1366867920
828,37.8648,122.2497,1366686180
828,37.8648,122.2497,1366338900
828,37.8652,122.2495,1365916980
828,37.8706,122.2597,1365803220
828,37.8649,122.2497,1365743400
828,37.8648,122.2498,1364866560
828,37.8647,122.2498,1364783280
828,37.8678,122.2553,1364703300
828,37.8706,122.2597,1364680680
828,37.8649,122.2496,1364620020
828,37.5507,122.2777,1364515140
828,37.5448,122.291,1364442240
828,37.5508,122.2776,1364352180
828,37.5507,122.2777,1364272560
828,37.5507,122.2778,1364261820
828,37.4337,122.4415,1364178000
828,37.8693,122.2582,1363917840
828,37.8705,122.2605,1363736340
828,37.8706,122.2597,1363661700
828,37.7858,122.4011,1363474080
828,37.8725,122.2669,1363309740
828,37.8657,122.2493,1363139640
828,37.8643,122.3183,1362889200
828,37.8712,122.2592,1362627600
828,37.7847,122.4077,1362274920
828,37.8706,122.2597,1361922000
828,59.3501,18.0455,1361499060
828,37.7832,122.5112,1361060160
828,37.8691,122.2548,1360905960
828,37.8687,122.2514,1360651740
828,37.7694,122.5113,1360463160
828,37.7785,122.514,1360448880
828,37.8653,122.2498,1360114080
828,37.7845,122.4063,1359862080
828,37.8737,122.257,1359768000
828,37.8706,122.2597,1359323460
828,37.8691,122.2681,1358812560
828,37.5507,122.2777,1358315100
828,37.5407,122.3347,1358265840
828,37.5507,122.2778,1358219280
828,22.3153,113.9348,1358090160
828,40.0567,116.609,1358072880
828,59.355,18.0492,1357876020
828,59.3635,18.0321,1357824900
828,59.3396,18.0525,1357790280
828,52.3083,4.7652,1357712400
828,52.3683,4.9015,1357705020
828,52.3584,4.8811,1357659360
828,52.3762,4.8971,1357644900
828,52.1648,4.4842,1357590000
828,40.0763,116.5885,1357449900
828,40.0213,116.2554,1356951660
828,40.0214,116.2551,1356852840
828,40.0219,116.2546,1356771720
828,39.9915,116.3903,1356163080
828,40.0307,116.2572,1355985240
828,49.1949,123.1795,1355769840
828,37.8651,122.2495,1355535120
828,37.8648,122.2497,1355460360
828,37.8648,122.2497,1355194980
828,37.865,122.2495,1354580160
828,37.8649,122.2497,1354339920
828,37.8937,122.0629,1354257180
828,37.8648,122.2497,1354163400
828,37.8643,122.2484,1353977460
828,37.5468,122.2748,1353876960
828,37.3328,121.9012,1353734760
828,37.5507,122.2778,1353647160
828,37.5657,122.3201,1353571500
828,37.8648,122.2495,1353183060
828,37.8658,122.3147,1352569680
828,37.865,122.2495,1352515020
828,37.8651,122.2495,1352434200
828,37.8643,122.2484,1352177940
828,37.8636,122.318,1351917780
828,37.8648,122.2497,1351824960
828,37.8636,122.318,1351298640
828,37.8658,122.3147,1351298340
828,37.8637,122.2483,1351058160
828,37.8698,122.2597,1350944160
828,37.8636,122.2506,1350780240
828,37.869,122.265,1350708600
828,37.8081,122.2706,1350625980
828,37.8656,122.2495,1350600780
828,37.8721,122.2578,1350451200
828,37.874,122.2685,1350354420
828,38.2696,122.2988,1350241020
828,38.3229,122.3122,1350181980
828,38.295,122.3029,1350170580
828,37.8655,122.2406,1350091200
828,37.8649,122.2497,1349835120
828,37.8649,122.2498,1349675340
828,37.866,122.2549,1349645760
828,37.867,122.2564,1349582100
828,37.8737,122.2543,1349402400
828,37.8649,122.2495,1349325420
828,37.8653,122.2494,1349245020
828,37.7916,122.3893,1349210040
828,37.8153,122.355,1349210040
828,37.8738,122.2565,1349117460
828,37.8637,122.2586,1349058840
828,37.8737,122.2543,1348896720
828,37.864,122.2529,1348790100
828,37.8652,122.259,1348368420
828,37.8752,122.2553,1348285440
828,37.8724,122.2596,1348105920
828,37.5507,122.2778,1347819840
828,37.4424,122.1711,1347764820
828,37.8637,122.2482,1347735900
828,37.8681,122.258,1347684180
828,37.8625,122.2474,1347152460
828,37.8642,122.2492,1347082680
828,37.8796,122.2689,1347067140
828,37.8731,122.2597,1346898840
828,37.8643,122.2484,1346639160
828,37.5982,122.3644,1346619420
828,37.5669,122.3234,1346559960
828,37.26,122.4122,1346551680
828,37.8678,122.2518,1346520720
828,37.8669,122.2589,1346179740
828,37.8698,122.3005,1345670160
828,37.554,122.2487,1345254300
828,22.3153,113.9348,1344589920
828,23.1285,113.2793,1344425700
828,23.3884,113.2976,1343734860
828,22.3153,113.9348,1342869540
828,23.1458,113.319,1342791660
828,23.1463,113.3208,1342782360
828,23.1429,113.3232,1342698300
828,23.1463,113.3208,1342611960
828,23.1461,113.3199,1342528080
828,23.1455,113.3205,1342448040
828,23.1283,113.2767,1342435140
828,23.175,113.4449,1342413420
828,40.0555,116.6088,1341964260
828,40.0548,116.6093,1341962760
828,55.9666,37.4157,1340988360
828,51.4717,0.4681,1340973060
828,51.4926,0.194,1340892540
828,51.4921,0.1931,1340890260
828,51.4995,0.1286,1340885520
828,51.5035,0.1196,1340884800
828,52.2056,0.1194,1340725980
828,52.2001,0.1203,1340723220
828,52.2052,0.1166,1340716020
828,52.2005,0.1164,1340709120
828,52.4777,1.8977,1340694900
828,51.5006,0.1246,1340636700
828,51.5022,0.1232,1340631480
828,51.5022,0.1232,1340631300
828,52.4518,1.9293,1340611980
828,51.929,1.6786,1340567340
828,51.842,1.3616,1340543520
828,51.7528,1.2512,1340474760
828,51.7524,1.2579,1340473680
828,51.755,1.2566,1340467860
828,37.6171,122.3832,1340302560
828,37.6007,122.3824,1340135640
828,37.6007,122.3824,1340134920
828,37.8097,122.2684,1339739280
828,37.8097,122.2684,1339737180
828,37.867,122.2587,1339479120
828,37.5722,122.2836,1339129500
828,33.808,117.919,1338859920
828,33.8096,117.919,1338832860
828,33.7612,118.1374,1338782220
828,34.0087,118.4945,1338772740
828,34.0696,118.406,1338769320
828,34.0692,118.403,1338767220
828,33.7591,118.1317,1338699660
828,37.5589,122.2713,1338659580
828,37.4435,122.1697,1338093060
828,37.4435,122.1697,1338091260
828,37.5559,122.293,1337389740
828,37.4435,122.1697,1336879560
828,37.4435,122.1697,1336875300
828,37.4664,122.4458,1335660600
828,37.4969,122.3622,1335655680
828,36.1155,115.1729,1334462220
828,36.0919,115.1748,1334458320
828,36.1222,115.1701,1334431320
828,36.0817,115.1376,1334425080
828,37.6164,122.3863,1334417220
828,37.5505,122.3289,1333156440
828,37.5506,122.2778,1331500080
828,37.8085,122.2724,1331443920
828,37.5586,122.2664,1331172420
828,42.2087,83.3598,1330280100
828,42.3383,83.0537,1330219080
828,42.3384,83.0527,1330210620
828,42.3384,83.0525,1330208460
828,42.3384,83.0525,1330205880
828,42.3384,83.0525,1330203120
828,42.2087,83.3598,1330186260
828,42.2087,83.3598,1330185420
828,37.5723,122.2828,1329874380
828,37.5508,122.2779,1329432000
828,33.8105,117.919,1325230860
828,33.8105,117.919,1325230440
828,33.8051,117.9222,1325218920
828,33.8089,117.9269,1325193600
828,33.8121,117.9178,1325183160
828,33.8127,117.919,1325134620
828,33.8123,117.9183,1325132280
828,33.8089,117.9269,1325117400
828,33.8092,117.9192,1325101560
828,33.8123,117.9181,1325100840
828,33.8096,117.919,1325089260
828,35.6247,121.1563,1325034300
828,37.5981,122.3878,1324953780
828,37.551,122.2732,1324623120
828,37.5935,122.3817,1322784120
828,37.5534,122.3269,1322580420
828,37.5593,122.2728,1321935720
828,37.5506,122.2782,1320642720
828,37.5507,122.2776,1320642060
828,37.551,122.2774,1320614100
828,37.5505,122.2784,1320374940
828,37.559,122.2836,1320367320
828,36.9506,121.8772,1317575820
