831,34.3657,89.5348,1377575640
831,34.3657,89.5385,1377292260
831,34.3625,89.5345,1377289080
831,34.3657,89.5357,1377214260
831,36.525,82.3206,1377068280
831,36.4998,82.2866,1376620920
831,36.5247,82.3139,1376352720
831,36.4995,82.2864,1376276040
831,36.5872,82.3615,1376104860
831,36.4995,82.2864,1376019660
831,36.4928,82.0798,1376013720
831,36.4928,82.0798,1376013480
831,36.4928,82.0798,1376013180
831,36.5655,82.1998,1375993200
831,36.5268,82.3177,1375759860
831,36.5993,82.2205,1375663620
831,36.4995,82.2864,1375659300
831,36.4996,82.2864,1375052220
831,36.5985,82.2183,1373942520
831,36.4996,82.2864,1373854800
831,36.5263,82.2445,1373830260
831,35.3266,80.7117,1373689920
831,36.4995,82.2865,1373566260
831,36.4995,82.2864,1373344800
831,40.7383,73.6134,1372097700
831,40.8114,73.6229,1372030080
831,40.6974,73.6575,1372016340
831,36.4997,82.2865,1371564420
831,35.4737,86.0533,1371441240
831,35.4692,86.0488,1371420540
831,35.4738,86.0533,1371357060
831,35.4706,86.054,1371323220
831,36.3367,82.4022,1333197720
