838,10.2586,103.9357,1377818820
838,10.7665,106.6917,1377140040
838,10.2584,103.9355,1377023460
838,10.2665,103.9288,1376919120
838,10.3493,106.3631,1376718720
838,10.3361,106.3688,1376672580
838,15.8768,108.3277,1376494980
838,15.8973,108.3651,1376493180
838,20.8636,107.0378,1376232600
838,22.3339,103.8432,1376015760
838,20.6065,105.776,1375949340
838,21.0252,105.8466,1375811280
838,41.5326,1.3836,1375209240
838,41.5382,1.3873,1375019760
838,41.4973,1.516,1374934260
838,41.1385,1.3756,1374443040
838,41.0445,1.0044,1374187740
838,41.5854,1.6267,1373757120
838,41.5028,1.492,1373568720
838,41.3379,1.7011,1373234340
838,41.2121,1.7208,1373186160
838,41.5428,1.3593,1372876560
838,41.2121,1.7208,1372724640
838,41.5301,1.3843,1372101600
838,41.5237,1.3873,1372087620
838,41.4928,1.4378,1371672180
838,41.5167,1.3675,1371410880
838,41.5167,1.3675,1371374760
838,41.5305,1.3845,1370982840
838,41.5301,1.3843,1370806500
838,41.5313,1.3747,1370379900
838,41.5326,1.3836,1370372040
838,41.5323,1.473,1370297880
838,41.5301,1.3843,1370193840
838,41.5013,1.4477,1369861800
838,41.5297,1.3872,1369589100
838,41.5131,1.3914,1369494480
838,41.4908,1.5138,1369476240
838,41.4908,1.5136,1369433640
838,41.3937,2.0977,1368978420
838,41.5235,1.4407,1368730140
838,41.5135,1.4583,1368379200
838,41.4678,1.3465,1368379080
838,41.5125,1.3655,1368378900
838,41.5326,1.3836,1368297000
838,41.4912,1.5135,1368224100
838,41.4113,2.079,1367532480
838,41.384,2.0949,1367424480
838,41.5326,1.3836,1367165700
838,41.5338,1.3605,1366568520
838,42.1523,2.5425,1366067580
838,41.49,1.3506,1365966600
838,41.5326,1.3836,1365534660
838,42.1447,2.5108,1365363360
838,42.1989,2.6997,1364749320
838,42.2191,2.5511,1364636940
838,42.1453,2.5709,1364584200
838,42.1561,2.5182,1364579400
838,42.1537,2.5172,1364511360
838,41.49,1.3506,1364155980
838,41.5326,1.3836,1362842220
838,41.4792,1.3945,1362236160
838,41.5326,1.3836,1361635320
838,41.5131,1.3914,1361634000
838,42.679,1.0856,1361138580
838,42.6792,1.0853,1361138160
838,42.6267,1.1232,1361137800
838,42.576,1.0889,1361042280
838,41.491,1.5134,1360191840
838,41.5131,1.3914,1359922380
838,41.4928,1.4378,1359812760
838,41.4912,1.5135,1358623500
838,41.4765,1.4118,1357862340
838,41.53,1.3849,1357605900
838,41.4837,1.3722,1356973140
838,41.4927,1.349,1356875340
838,41.5205,1.3143,1355078280
838,41.49,1.364,1353795120
838,41.4945,1.4428,1353368580
838,41.5205,1.3143,1353068940
838,41.5326,1.3836,1352832240
838,41.5307,1.3793,1352649660
838,41.5555,1.5808,1352420700
838,41.5303,1.3786,1352124000
838,41.5326,1.3836,1351870980
838,41.5326,1.3836,1351794900
838,41.49,1.364,1351605900
838,41.5307,1.3793,1351540440
838,41.0883,1.1623,1351349880
838,41.3908,2.1363,1351288260
838,41.5326,1.3836,1351112520
838,41.5538,1.3638,1350836880
838,41.5313,1.3747,1350571860
838,41.5889,1.8415,1350214200
838,41.5949,1.8379,1350213720
838,41.4239,1.2021,1350077400
838,41.511,1.3608,1349795520
838,41.49,1.364,1349356260
838,41.518,1.2914,1349004780
838,41.4837,1.3722,1348682280
838,41.5293,1.3853,1348500000
838,41.3835,2.1279,1348328280
838,41.1309,1.3617,1347981300
838,41.3915,2.164,1347380700
838,41.6447,1.1347,1347203580
838,41.5949,1.8379,1346938560
838,41.1309,1.3617,1346529420
838,41.1341,1.3778,1346509620
838,12.0462,77.0307,1345913700
838,12.1237,77.0385,1345709340
838,41.5326,1.3836,1343573700
838,41.5527,1.4185,1342978320
838,41.49,1.3506,1342376160
838,41.5622,1.273,1342119720
838,41.5107,1.3165,1341942600
838,41.3748,2.15,1341686280
838,41.3863,2.1815,1341609840
838,41.6028,1.4017,1341342780
838,41.5167,1.3758,1340743440
838,41.4443,1.3492,1340464500
838,41.4132,2.137,1340374740
838,41.5237,1.3873,1340145900
838,41.6173,1.3998,1339798200
838,41.3732,2.0851,1339348860
838,41.358,2.1292,1339252740
838,41.5338,1.3605,1339020480
838,41.5326,1.3836,1337969700
838,41.5326,1.3836,1337709120
838,41.5267,1.387,1337366160
838,41.5167,1.3758,1337190120
838,41.517,1.3762,1337189460
838,41.5237,1.3873,1336827900
838,41.5135,1.4583,1336223940
838,41.5538,1.3638,1336150020
838,41.5338,1.3605,1335884520
838,41.49,1.3506,1335555720
838,41.5317,1.3748,1335002520
838,41.365,2.1318,1334923440
838,41.5298,1.3782,1334872560
