855,37.775,144.9646,1377849240
855,37.8071,144.9972,1377219360
855,37.7337,144.9029,1377164220
855,37.813,144.9604,1376804460
855,37.9259,145.0939,1374580500
855,37.8056,144.9752,1374235500
855,37.8056,144.9752,1374232920
855,37.8056,144.9752,1374230340
855,37.7762,144.9712,1373195700
855,37.7627,144.9885,1370678460
855,37.8069,144.9987,1370575440
855,37.8121,144.965,1370341980
855,37.8068,144.998,1370147460
855,37.8065,144.9979,1370128080
855,37.8249,144.9926,1370006340
855,37.8249,144.9926,1370003880
855,37.8069,144.9987,1369967640
855,37.8069,144.9987,1369966860
855,37.8044,144.9724,1369461900
855,37.8047,144.9718,1369459440
855,37.8063,144.9979,1369398660
855,37.8119,144.9364,1368789780
855,37.8057,144.977,1368356880
855,37.8057,144.977,1368353700
855,37.8057,144.977,1368352620
855,37.7623,144.989,1368056820
855,37.807,144.9832,1367906400
855,37.807,144.9985,1367883540
855,37.8061,144.9982,1367881440
855,37.8061,144.9981,1367828220
855,37.8058,144.998,1367827500
855,37.8064,144.9983,1367702400
855,37.825,144.9837,1367654940
855,37.813,144.9604,1367631600
855,37.8123,144.9592,1367631060
855,37.8249,144.9926,1367416680
855,37.7999,144.994,1367286240
855,37.7634,145.2441,1367147340
855,37.763,145.2444,1367135220
855,37.7634,145.2441,1367128680
855,37.8068,144.9978,1367109540
855,37.8119,144.9364,1367044500
855,37.7147,144.8887,1367030700
855,37.7144,144.8888,1367029320
855,37.7141,144.8879,1367028300
855,37.8166,144.9695,1366979460
855,37.8119,144.9364,1366969020
855,37.807,144.996,1366933080
855,37.8069,144.9985,1366665180
855,37.8069,144.9985,1366586580
855,37.813,144.9604,1366526160
855,37.7964,144.9705,1366459740
855,37.8072,144.9969,1366416600
855,37.8072,144.9971,1366413960
855,37.7324,145.0379,1364460000
855,37.8068,144.9979,1364273400
855,37.7762,144.9712,1364112480
855,37.7762,144.9712,1364111280
855,37.8069,144.9985,1364094720
855,37.8069,144.9986,1364074200
855,37.8065,144.9983,1363901640
855,37.8071,144.9981,1363659060
855,37.8069,144.9985,1363645440
855,37.7982,144.9763,1363514040
855,37.8069,144.9987,1363128060
855,37.8068,144.9981,1363077180
855,37.8241,144.9476,1362903780
855,37.8251,144.9518,1362825060
855,37.8251,144.9518,1362821940
855,37.8251,144.9518,1362819660
855,37.8251,144.9518,1362818940
855,37.8255,144.9541,1362809760
855,37.8255,144.9541,1362785220
855,37.8255,144.9541,1362783120
855,37.8255,144.9541,1362782820
855,37.8056,144.9552,1362360120
855,37.864,144.9727,1361970180
855,37.864,144.9727,1361966100
855,37.8064,144.9981,1361829480
855,37.8068,144.9981,1361739660
855,37.7328,145.0377,1361698200
855,37.807,144.9958,1361590260
855,37.7626,144.9879,1361581200
855,37.7625,144.9886,1360875840
855,37.7955,144.9708,1360650780
855,37.8067,144.9986,1360452480
855,37.76,144.9977,1360360560
855,37.7628,144.9886,1360294020
855,37.7626,144.9888,1360274460
855,37.8256,144.9969,1360209780
855,37.7628,144.9887,1360191780
855,37.807,144.9979,1360102260
855,37.8063,144.9982,1360032600
855,37.8069,144.9986,1359936300
855,37.8068,144.9979,1359922620
855,37.813,144.9604,1359868140
855,37.8255,144.996,1358402760
855,37.8069,144.9985,1358377500
855,37.7624,144.9887,1358369640
855,37.7964,144.9709,1358319300
855,37.8063,144.9982,1358222940
855,37.813,144.9604,1358048400
855,37.8066,144.9981,1358042820
855,37.8617,145.0785,1357994040
855,37.8619,145.0785,1357988280
855,37.8617,145.0786,1357983480
855,37.7143,144.8976,1357904460
855,37.7142,144.8977,1357903680
855,37.732,144.8745,1357890360
855,37.8092,144.9605,1357455120
855,37.8069,144.9985,1357418280
855,37.8561,145.0238,1357357260
855,37.8041,144.9663,1356776580
855,37.727,144.8956,1356595740
855,27.4866,153.0366,1355968860
855,27.4605,153.0372,1355899680
855,37.6681,144.8497,1355884080
855,37.8119,144.9364,1355557620
855,37.8251,144.9518,1355477880
855,37.7309,144.872,1354940400
855,38.1439,144.3496,1354927140
855,38.1438,144.3497,1354922040
855,37.8069,144.9987,1354842480
855,37.8069,144.9987,1354756320
855,37.8069,144.9987,1354756080
855,37.8069,144.9987,1354671000
855,37.7324,145.0379,1354176600
855,37.8063,144.9982,1353879660
855,37.8066,144.998,1353720600
855,37.7324,145.0379,1353661860
855,37.8063,144.9982,1353264960
855,37.8063,144.9982,1353194400
855,37.8111,144.9721,1352978100
855,37.8255,144.997,1352953740
855,37.7687,144.9912,1352759340
855,37.8069,144.9987,1352672340
855,37.805,144.9045,1352543700
855,37.805,144.9045,1352543220
855,37.7682,144.9915,1352326200
855,37.8315,144.9615,1352027880
855,37.8318,144.9599,1352021340
855,37.735,144.8748,1351906680
855,37.8069,144.9985,1351809060
855,37.7324,145.0379,1351762500
855,37.8119,144.9692,1351678020
855,37.8066,144.9977,1351650840
855,37.8073,144.9973,1351551240
855,37.8069,144.9987,1351462680
855,37.8069,144.9986,1351207200
855,37.8069,144.9971,1351125420
855,37.8067,144.9976,1350955740
855,37.8069,144.9987,1350943020
855,37.8069,144.9982,1350859740
855,37.8066,144.9977,1350796680
855,37.8063,144.9982,1350774540
855,37.8119,144.9364,1350712560
855,37.8067,144.9977,1350615180
855,37.8069,144.9987,1350610020
855,37.8158,144.968,1350549840
855,37.8071,144.9971,1350478440
855,37.8069,144.998,1350354120
855,37.8069,144.9987,1350334500
855,37.813,144.9604,1350187740
855,37.8063,144.9981,1350182100
855,37.8071,144.9971,1350162840
855,37.8219,145.0455,1350042060
855,37.8218,145.0455,1350032220
855,37.8069,144.9987,1349995260
855,37.7757,145.1652,1349861160
855,37.8069,144.9987,1349820240
855,37.8069,144.9987,1349820060
855,37.8069,144.9987,1349734920
855,37.8069,144.998,1349733600
855,37.8063,144.9983,1349648520
855,37.8076,144.9919,1349581380
855,37.8111,144.9721,1349438580
855,37.807,144.9977,1349380620
855,37.8071,144.9975,1349289660
855,37.8069,144.9987,1349216880
855,37.8105,144.9491,1349151480
855,37.8069,144.9987,1349130540
855,37.7626,144.9884,1348876860
855,38.1438,144.3495,1348786200
855,37.8249,144.9926,1348741500
855,37.8691,144.9809,1348732500
855,37.8069,144.9987,1348712100
855,37.775,144.9646,1348557180
855,37.8348,144.9967,1348295520
855,37.7965,144.9837,1348288440
855,37.7965,144.9838,1348288260
855,37.8116,144.9877,1348285680
855,37.9075,145.0703,1348276560
855,37.8064,144.9978,1347936480
855,37.8064,144.9981,1347936360
855,37.8066,144.9976,1347936000
855,37.8218,145.0455,1347877920
855,37.7993,144.987,1347627300
855,37.8063,144.9982,1347149700
855,37.8067,144.9978,1347141660
855,37.773,144.8841,1347093840
855,37.8105,145.0001,1346842860
855,37.775,144.9646,1346832600
855,37.8057,144.977,1346419200
855,37.8057,144.977,1346416320
855,37.7628,144.9887,1346214900
855,37.8069,144.9987,1346205180
855,37.813,144.9604,1345955940
855,37.7993,144.987,1345902900
855,37.8137,144.9608,1345720500
855,37.8137,144.9608,1345720080
855,37.8069,144.9987,1345590960
855,37.8069,144.9987,1345429860
855,37.8119,144.9364,1345199280
855,37.731,144.872,1345099800
855,37.7311,144.8718,1345096080
855,37.731,144.8721,1345025940
855,37.7309,144.8722,1345019280
855,37.731,144.8719,1345012440
855,37.807,144.998,1344986460
855,37.7309,144.872,1344928080
855,37.7308,144.8719,1344925620
855,37.8065,144.9976,1344917340
855,37.7308,144.872,1344841260
855,37.8065,144.9982,1344821220
855,37.7311,144.8721,1344776580
855,37.8067,144.9982,1344722340
855,37.8168,144.955,1344694140
855,37.813,144.9573,1344682920
855,37.731,144.8718,1344674460
855,37.731,144.8719,1344673200
855,37.7308,144.872,1344654840
855,37.7309,144.872,1344605400
855,37.8069,144.9979,1344549600
855,37.8068,144.9979,1344489240
855,37.8069,144.9976,1344465600
855,37.8457,144.9937,1344422580
855,37.8457,144.9943,1344422460
855,37.8464,144.9942,1344419940
855,37.8512,144.9902,1344415980
855,37.8512,144.9902,1344414360
855,37.8067,144.9978,1344385620
855,37.8065,144.998,1344379380
855,37.7309,144.872,1344345900
855,37.7309,144.8721,1344325200
855,37.7309,144.8719,1344241620
855,37.7309,144.8719,1344241620
855,37.7309,144.872,1344241500
855,37.8068,144.9978,1344218940
855,37.8069,144.9986,1344203460
855,37.8066,144.998,1344203040
855,37.8069,144.9986,1344202140
855,37.9259,145.0939,1344155220
855,37.7309,144.8722,1344151380
855,37.813,144.9604,1344137760
855,37.813,144.9604,1344137520
855,37.7308,144.872,1344074700
855,37.731,144.8719,1344073680
855,37.7333,144.867,1344053760
855,37.7309,144.872,1344048480
855,37.731,144.8716,1344038040
855,37.7308,144.8721,1344036840
855,37.7313,144.8719,1344004020
855,37.7309,144.872,1343991300
855,37.8703,144.9809,1343979780
855,37.8691,144.9809,1343976720
855,37.8069,144.9987,1343949000
855,37.731,144.8719,1343897040
855,37.7803,144.9782,1343854500
855,37.7307,144.872,1343809080
855,37.7308,144.872,1343808360
855,37.8066,144.9974,1343780880
855,37.8064,144.9971,1343699940
855,37.7309,144.872,1343655600
855,37.7308,144.8718,1343633460
855,37.7309,144.872,1343632440
855,37.8119,144.9367,1343552880
855,27.3842,153.1207,1343357160
855,27.4772,153.0206,1343346720
855,27.4584,153.0343,1343310060
855,27.4584,153.0343,1343309760
855,27.4584,153.0343,1343305260
855,27.4782,153.0214,1343256840
855,37.7311,144.8721,1341901620
855,37.731,144.872,1341890280
855,37.8069,144.9977,1341871320
855,37.8068,144.9979,1341858120
855,37.8069,144.9987,1341799680
855,37.8069,144.9987,1341355200
855,37.8069,144.9987,1341355080
855,37.8691,144.9809,1340948580
855,37.8691,144.9809,1340948400
855,37.8119,144.9364,1340884860
855,37.8119,144.9364,1340883540
855,37.8165,144.9476,1339235280
855,37.8162,144.9446,1339230000
855,37.8062,144.9658,1338640800
855,37.8062,144.9658,1338638580
855,37.8119,144.9364,1338543660
