860,24.4599,54.3855,1378371900
860,24.4696,54.3525,1378218240
860,24.4675,54.3522,1378217640
860,24.4599,54.3855,1378042500
860,24.4675,54.3522,1378023420
860,25.1167,55.1365,1377869520
860,25.1208,55.1293,1377867900
860,24.4594,54.3858,1376834640
860,24.4599,54.3855,1376467740
860,24.4199,54.4374,1375727880
860,24.4594,54.3858,1375611360
860,24.4125,54.4752,1375396920
860,24.462,54.317,1375039140
860,24.4594,54.3858,1373537760
860,24.5063,54.5719,1371911460
860,24.4316,54.4355,1370689380
860,24.4442,54.4397,1370437800
860,24.4705,54.3421,1369222500
860,24.4705,54.3421,1369062120
860,24.4163,54.4541,1368199080
860,24.4167,54.4545,1368198720
860,24.4163,54.4541,1368195180
860,25.3134,55.5397,1368102660
860,24.4782,54.3324,1367500440
860,24.4577,54.3292,1367298060
860,24.4594,54.3858,1366195140
860,25.114,55.1387,1363434900
860,24.4594,54.3858,1363173780
860,24.4594,54.3858,1363171920
860,24.4279,54.3773,1362914160
860,24.5012,54.3704,1361962380
860,24.5012,54.3704,1361890740
860,24.4199,54.4374,1361095500
860,24.4199,54.4374,1361095200
860,25.1218,55.1933,1360591380
860,25.1345,55.1857,1360575060
860,24.432,54.4355,1359954960
860,24.4599,54.3855,1359878580
860,24.42,54.4391,1359623700
860,24.42,54.4391,1359453420
860,24.4599,54.3855,1359364740
860,24.4736,54.3405,1359022500
860,24.4736,54.3405,1358690340
860,24.4319,54.4355,1358517000
860,24.4755,54.3424,1357994160
860,24.4594,54.3858,1357108920
860,24.4599,54.3855,1355837040
860,24.4599,54.3855,1355831520
860,24.4594,54.3858,1355823240
860,24.4594,54.3858,1355821320
860,24.4172,54.4452,1355645400
860,24.4599,54.3855,1355292600
860,24.4172,54.4452,1355126040
860,24.4335,54.4435,1353057660
860,24.4334,54.4434,1353055020
860,24.4334,54.4433,1353054420
860,24.4334,54.4433,1353047040
860,24.6141,54.8042,1353003900
860,24.6141,54.8042,1352998140
860,24.6141,54.8042,1352989260
860,24.6141,54.8042,1352985660
860,24.4414,54.42,1352979900
860,24.4704,54.3517,1352546820
860,24.4418,54.42,1352469180
860,24.448,54.3584,1352381040
860,25.7379,55.8873,1351258200
860,25.7379,55.8873,1351256880
860,25.7377,55.8875,1351255140
860,25.7377,55.8875,1351254720
860,25.7377,55.8875,1351242540
860,25.7377,55.8875,1351147440
860,25.7377,55.8875,1351085040
860,24.3683,54.5178,1350909900
860,24.4686,54.3702,1350749280
860,24.4687,54.3702,1350748800
860,24.4209,54.4203,1350736680
860,24.4729,54.3775,1350733740
860,24.4201,54.4389,1350720960
860,24.4419,54.42,1350650760
860,24.4422,54.4198,1350648840
860,24.4482,54.3664,1350585420
860,24.4498,54.3666,1350580440
860,24.4485,54.3665,1350579540
860,24.4483,54.3669,1350579300
860,24.4494,54.3674,1350579240
860,24.4484,54.3667,1350579060
860,24.4484,54.3669,1350578640
860,24.4481,54.3662,1350578580
860,24.4469,54.366,1350578520
860,24.4483,54.3669,1350578400
860,24.4485,54.3665,1350578100
860,24.4199,54.4374,1350390660
860,24.3938,54.5817,1350383100
860,24.3938,54.5817,1350379020
860,24.4418,54.42,1350314340
860,24.4417,54.42,1350313680
860,24.442,54.419,1350313020
860,24.9242,54.9963,1350123540
860,24.455,54.6234,1350121740
860,24.6143,54.8039,1350060600
860,24.6141,54.8042,1350056340
860,24.6141,54.8042,1350049860
860,24.4227,54.5054,1350043260
860,24.4614,54.3793,1349961120
860,24.434,54.4132,1349886960
860,24.432,54.4354,1349615520
860,24.4271,54.3778,1349415960
860,24.4279,54.3773,1349414760
860,24.4414,54.42,1349080320
860,24.4419,54.42,1349002560
860,24.4237,54.4736,1348923900
860,24.4237,54.4736,1348920060
860,24.464,54.6017,1348820220
860,55.7035,12.5484,1347015840
860,55.7035,12.5484,1347015360
860,55.6759,12.5624,1346964840
860,55.7035,12.5484,1346944560
860,55.7035,12.5484,1346937480
860,24.4486,54.363,1344968220
860,24.4691,54.3701,1344288060
860,24.4735,54.3692,1344287580
860,24.4219,54.5867,1343935020
860,24.4242,54.5815,1343923680
860,24.4685,54.3415,1342713240
860,24.4582,54.3456,1342711140
860,24.4704,54.3421,1342630380
860,24.4706,54.3419,1342628160
860,24.4659,54.3392,1342595820
860,24.4659,54.3392,1342595460
860,25.2177,55.4089,1342548720
860,25.2149,55.4065,1342545900
860,24.458,54.3223,1341944160
860,24.458,54.3223,1341942360
860,24.458,54.3223,1341942000
860,24.458,54.3223,1341941880
860,24.458,54.3223,1341941640
860,24.458,54.3223,1341940620
860,24.458,54.3223,1341940200
860,24.458,54.3223,1341939960
860,24.458,54.3223,1341937380
860,24.458,54.3223,1341937140
860,24.6844,54.7716,1341341940
860,25.114,55.1387,1341333000
860,25.114,55.1387,1341323700
860,25.114,55.1387,1341322800
860,25.114,55.1387,1341320940
860,25.1198,55.1307,1341316320
860,25.114,55.1387,1341300540
860,24.4222,54.5196,1341296760
860,24.4705,54.352,1341237300
860,24.4705,54.352,1341237060
860,24.4705,54.352,1341236640
860,24.4578,54.322,1340487000
860,24.4578,54.322,1340486400
860,24.4581,54.3219,1340481660
