868,53.1556,1.1789,1377553020
868,53.1556,1.1789,1377384960
868,53.1337,1.1841,1377335880
868,53.012,1.1338,1377305040
868,53.078,1.1945,1376670300
868,53.0781,1.1954,1376669400
868,53.1556,1.1788,1376659500
868,53.1559,1.1789,1376580960
868,51.4763,0.1497,1376249220
868,51.515,0.1505,1376173440
868,51.6565,0.2018,1376160960
868,53.1558,1.1792,1375455060
868,53.1555,1.1785,1375131960
868,54.9625,1.683,1374936180
868,53.1052,1.1793,1374088380
868,53.1557,1.1788,1373824260
868,51.5048,0.0867,1372631940
868,51.6532,0.1817,1372631700
868,51.5028,0.0838,1372631520
868,51.5055,0.0872,1372631340
868,51.6533,0.1817,1372631220
868,51.5545,0.1717,1372608480
868,51.5155,0.1418,1372608480
868,51.5203,0.1367,1372537560
868,51.6508,0.1945,1372533720
868,53.105,1.181,1372250340
868,53.1043,1.182,1371573240
868,53.1062,1.1798,1370964300
868,53.1293,1.2538,1370601000
868,53.1556,1.1789,1370532600
868,53.1055,1.1792,1370436540
868,53.104,1.1822,1369925160
868,28.9192,13.6535,1369355460
868,28.9205,13.6478,1369355400
868,28.8082,13.7817,1369355280
868,28.9201,13.6508,1369091400
868,28.9197,13.6545,1369059780
868,28.9232,13.6397,1369000680
868,28.923,13.6405,1368831120
868,28.9202,13.6555,1368823260
868,52.8267,1.3293,1368789180
868,53.1465,1.1943,1367522880
868,53.0688,1.2518,1367141340
868,53.1556,1.1789,1365876420
868,53.1556,1.1789,1361932500
868,53.1556,1.1789,1361931720
868,53.1554,1.179,1361931480
868,53.4,1.4188,1361905140
868,52.4486,1.7208,1361904960
868,51.5083,0.144,1361660400
868,51.523,0.0715,1361633220
868,51.522,0.0717,1361633100
868,51.5203,0.0715,1361632860
868,54.9637,1.6235,1361533320
868,54.9637,1.624,1361532600
868,54.9637,1.6235,1361532540
868,54.9637,1.6237,1361532360
868,54.9637,1.6238,1361532180
868,53.1673,1.0567,1358716560
868,53.1673,1.0573,1358701620
868,53.1555,1.1787,1357339740
868,53.1555,1.1788,1355255580
868,53.1554,1.1787,1355085480
868,53.1555,1.1786,1355085360
868,53.1555,1.179,1352070720
868,51.5123,0.2013,1350760800
868,28.9915,13.7425,1348345920
868,28.9195,13.6509,1348175820
868,28.9208,13.6623,1347971940
868,28.9209,13.6672,1347964740
868,53.1557,1.1788,1345487640
868,53.1557,1.1791,1345481460
868,52.9372,1.5053,1307292900
868,53.1556,1.1788,1306867560
868,51.502,0.1198,1306757820
868,51.502,0.1198,1306757760
868,51.555,0.1733,1306752900
868,51.555,0.1733,1306752120
868,51.555,0.1732,1306749840
