878,42.1331,24.7114,1378041240
878,42.1331,24.7114,1378019520
878,42.1332,24.7115,1377885780
878,42.1332,24.7115,1377884700
878,42.1332,24.7115,1377884580
878,42.1332,24.7115,1377884460
878,42.1332,24.7116,1377884280
878,42.1331,24.7114,1377884100
878,42.1332,24.7115,1377883800
878,42.1331,24.7114,1377883500
878,42.1331,24.7114,1377883440
878,42.1332,24.7115,1377802740
878,42.1332,24.7116,1377802200
878,42.1332,24.7115,1377801840
878,42.1332,24.7116,1377801600
878,42.1332,24.7116,1377801540
878,42.1332,24.7116,1377801480
878,42.1332,24.7116,1377801360
878,42.1332,24.7115,1377779400
878,42.1361,24.7611,1377774360
878,42.1332,24.7115,1377713640
878,42.1332,24.7115,1377713520
878,42.1332,24.7115,1377713400
878,42.1332,24.7115,1377692400
878,42.1332,24.7116,1377691140
878,42.1363,24.7611,1377686340
878,42.1331,24.7114,1377522060
878,42.1332,24.7116,1377455100
878,42.1332,24.7115,1377453600
878,42.1332,24.7116,1377453240
878,42.1448,24.7493,1377375060
878,42.1476,24.7481,1377371640
878,42.1479,24.7153,1377154800
878,42.1477,24.7867,1372267620
