904,4.9468,114.9411,1375055580
904,4.9468,114.9411,1373079540
904,23.1092,113.3182,1370577900
904,4.927,114.9232,1367231700
904,5.0357,115.0413,1367044620
904,4.9463,114.9442,1366902720
904,4.9463,114.9442,1366882980
904,4.9468,114.9411,1366458360
904,4.9437,114.9588,1366380000
904,4.9463,114.9442,1366359720
904,4.9463,114.9442,1366279140
904,4.8599,114.8976,1365853500
904,4.9392,114.94,1365771540
904,4.9463,114.9442,1365687180
904,4.9455,114.9443,1365416400
904,4.9407,114.9405,1365332460
904,4.9082,114.9147,1365323520
904,5.0358,115.0417,1365228660
904,4.9463,114.9443,1365167580
904,5.0355,115.041,1365071100
904,4.9464,114.9443,1364985000
904,5.0157,115.0078,1364895540
904,4.9678,114.8517,1364724540
904,4.86,114.8975,1364643900
904,5.0357,115.041,1364630640
904,23.1092,113.3182,1364565540
904,4.9463,114.9442,1364366100
904,4.9462,114.9444,1364207520
904,23.11,113.3187,1364125200
904,5.0355,115.0412,1364049240
904,5.0356,115.0412,1364030580
904,4.9468,114.9411,1364022060
904,23.1387,113.303,1363954200
904,4.9463,114.9442,1363880340
904,4.9463,114.9442,1363865580
904,23.1483,113.2555,1363851660
904,23.1348,113.3375,1363784460
904,23.1097,113.319,1363743540
904,3.1448,101.7123,1363688700
904,23.3892,113.2974,1363653960
904,23.1349,113.3377,1363607400
904,23.1398,113.3017,1363596420
904,23.1345,113.3378,1363584480
904,23.1097,113.3192,1363583760
904,23.136,113.3213,1363428720
904,23.1363,113.3287,1363428540
904,23.1377,113.3345,1363401120
904,23.1367,113.3258,1363341180
904,23.1505,113.2443,1363340940
904,23.137,113.3342,1363160160
904,23.1369,113.3333,1363147440
904,23.1352,113.3375,1363145760
904,4.9463,114.9442,1362572280
904,4.8599,114.8978,1362227280
904,5.0354,115.0412,1362214560
904,4.9006,114.9296,1362130020
904,4.9076,114.9156,1362058980
904,5.0358,115.0405,1362040980
904,4.9463,114.9442,1361455320
904,4.9464,114.9441,1361445660
904,4.9206,114.9344,1361185920
904,4.9445,114.9485,1360920000
904,4.9465,114.9444,1360750320
904,5.0367,115.0793,1360485720
904,4.9463,114.9442,1360316460
904,4.9464,114.9438,1360235700
904,4.9463,114.9444,1360062900
904,4.9403,114.9407,1359624960
904,4.9462,114.9442,1359371400
904,4.9463,114.9443,1359257280
904,4.8888,114.944,1358996940
904,4.934,114.8405,1358594040
904,4.9464,114.9445,1358247720
904,5.0362,115.0414,1357807260
904,4.9463,114.9442,1357637340
904,4.9065,114.9165,1357562220
904,4.9074,114.9153,1356942600
904,4.9464,114.9443,1356883500
904,4.3747,113.9714,1356745320
904,4.9078,114.9263,1356485640
904,4.9462,114.9443,1355997300
904,4.9978,115.065,1355754240
904,4.9065,114.9167,1355548080
904,4.9452,114.9313,1355131560
904,5.0235,115.0637,1355044200
904,4.946,114.9443,1354773540
904,4.9462,114.9444,1354352700
904,4.9459,114.9443,1354176840
904,4.9463,114.9442,1353914100
904,4.8598,114.8977,1353581400
904,4.8959,114.9226,1353234960
904,4.9463,114.9442,1353225660
904,4.9463,114.9444,1352716620
904,4.8598,114.8976,1352547360
904,4.945,114.9447,1351599720
904,4.9463,114.9443,1351421820
904,4.8668,114.8484,1351246200
904,4.915,114.922,1350644340
904,4.9434,114.9418,1350515040
904,4.9463,114.9443,1350035880
904,4.9461,114.9442,1349515980
904,4.9462,114.9443,1349345220
904,4.9464,114.9443,1349086860
904,4.907,114.9038,1348918200
904,4.9463,114.9443,1348659000
904,4.9462,114.9442,1347965220
904,4.9463,114.9442,1347787320
904,4.86,114.8974,1347106740
904,4.9462,114.9444,1346762040
904,4.9392,114.9407,1346557380
904,4.9463,114.9443,1345631400
904,4.9464,114.9443,1345041900
904,4.8892,114.9418,1344845580
904,4.9449,114.9453,1344346560
904,4.8599,114.8977,1344088080
904,4.9464,114.9442,1343653860
904,4.9463,114.9443,1343465400
904,4.9464,114.9446,1343055120
904,4.9463,114.9442,1342436760
904,4.9468,114.9411,1341641160
904,4.9617,114.9208,1340962860
904,4.9463,114.9442,1340187960
904,4.9462,114.9444,1340096820
904,4.9463,114.9445,1339919580
904,4.9659,114.8528,1339306440
904,4.9463,114.9443,1339063080
904,4.945,114.9508,1338441300
904,4.9464,114.9439,1337081400
904,4.8598,114.8978,1336822140
904,4.9463,114.9443,1336720020
904,4.9462,114.9443,1336138620
904,4.9468,114.9411,1335877620
904,5.0358,115.0409,1335577320
904,4.9464,114.9442,1335269880
904,5.034,115.0488,1335242040
904,5.0355,115.0422,1334666100
904,4.9682,114.8527,1334487780
904,4.9463,114.9449,1334487660
904,4.8599,114.8977,1334403060
904,5.0359,115.0405,1333940220
904,5.0359,115.0408,1333939380
904,4.9463,114.9444,1333725420
904,4.9452,114.9336,1333700940
904,4.899,114.939,1333621500
904,4.8598,114.8976,1333196640
904,4.9463,114.9443,1332771960
904,5.9788,116.0709,1332485460
904,5.9685,116.0713,1332424140
904,13.721,100.5133,1332223380
904,4.9462,114.9443,1332159780
904,4.9463,114.9442,1332002220
904,4.9463,114.9443,1331965320
904,4.9395,114.9405,1331266140
904,4.9462,114.9439,1331259780
904,4.9462,114.9445,1331020080
904,4.8599,114.8978,1330781160
904,2.7489,101.7129,1330765200
904,2.7477,101.7138,1330759500
904,13.7218,100.5142,1330612800
904,13.7212,100.5135,1330604640
904,13.7213,100.5135,1330600800
904,13.7211,100.5134,1330574700
904,4.9462,114.9411,1330053900
904,4.9349,114.8401,1330003860
904,4.9464,114.9428,1329836040
904,4.9468,114.941,1329817320
904,4.946,114.9441,1329228120
904,4.9471,114.941,1329144540
904,22.2769,114.1653,1328668140
904,4.9395,114.9395,1328540160
904,5.0357,115.0408,1327988880
904,4.8596,114.8977,1327752240
904,4.9525,114.9578,1327660260
904,4.9464,114.9442,1327316880
904,4.9473,114.9438,1326607320
904,4.9066,114.9164,1326461220
904,4.9467,114.827,1326012180
904,4.9466,114.9421,1325601660
904,4.9463,114.9442,1325240280
904,4.9451,114.9508,1325136360
904,4.9428,114.9475,1324975860
904,4.8878,114.94,1324793640
904,4.9073,114.916,1324645680
904,4.9464,114.9442,1324115100
904,4.9463,114.9442,1323938520
904,4.9463,114.9442,1323815460
904,4.9463,114.9443,1323775740
904,4.398,113.9927,1323672600
904,4.9463,114.944,1323612840
904,4.9463,114.9439,1323589140
904,4.9465,114.9443,1323268500
904,4.9392,114.9398,1323090480
904,4.9463,114.9443,1323013800
904,4.9457,114.9453,1322883540
904,4.8597,114.8975,1322741940
904,4.9468,114.8288,1322620980
904,4.9075,114.9157,1322578440
904,4.931,114.9267,1322460660
904,4.9465,114.944,1322391900
904,4.858,114.8959,1322312880
904,4.9469,114.9439,1321850580
904,5.0407,115.043,1321782300
904,4.9403,114.94,1321447800
904,4.94,114.9403,1321446780
904,4.9462,114.944,1321361280
904,4.9461,114.9429,1321259700
904,4.9398,114.9402,1321101960
904,4.9398,114.9403,1321085340
904,4.943,114.946,1321068900
904,4.9066,114.9164,1320930720
904,4.9063,114.9167,1320929940
904,4.9463,114.9442,1320927120
904,4.9074,114.9169,1320756840
904,4.9455,114.9442,1320639000
904,4.8957,114.9208,1320556980
904,4.9617,114.9208,1319901300
904,4.9463,114.9442,1318867440
904,4.9462,114.9442,1318683000
904,4.9462,114.9447,1318473360
904,4.9464,114.9442,1318432500
904,4.9463,114.9442,1318370100
904,4.8944,114.943,1318335480
904,4.8944,114.943,1318335420
904,4.9463,114.9442,1318237920
904,4.9071,114.9167,1317901920
904,4.9463,114.9442,1317739920
904,4.9446,114.9442,1317648300
904,4.9463,114.9442,1317467280
904,4.8999,114.939,1317438240
904,4.8891,114.9402,1317429240
904,4.9452,114.9458,1317379320
904,4.9463,114.9442,1317304800
904,4.9072,114.9157,1317216120
904,4.9463,114.9442,1317135240
904,4.9463,114.9442,1316967900
904,4.9461,114.944,1316855700
904,4.8946,114.9106,1316833200
904,4.9392,114.9393,1316782440
904,4.9463,114.9442,1316681880
904,4.9463,114.9442,1316681760
904,4.9463,114.9442,1316614560
904,4.9473,114.9408,1316326440
904,4.9002,114.9266,1316315640
904,4.9463,114.9442,1316276040
904,4.9463,114.9442,1316275740
904,4.9453,114.9457,1316151420
904,4.926,114.8373,1316092620
904,4.9446,114.9452,1316073360
904,4.9453,114.9457,1316011740
904,4.8945,114.9433,1315916040
904,4.8945,114.9433,1315915620
904,4.8945,114.9433,1315915440
904,4.8945,114.9433,1315915020
904,4.8517,114.8743,1315746120
904,4.9287,114.8424,1315730700
904,4.9306,114.8438,1315730520
904,4.947,114.9411,1315666140
904,4.9463,114.9442,1315546260
904,4.9463,114.9442,1315473120
904,4.9453,114.9458,1315394400
904,4.8512,114.8635,1315039920
904,4.9464,114.9443,1314950340
904,4.9463,114.9445,1314941820
904,4.9463,114.9443,1314887460
904,4.9463,114.9443,1314861180
904,4.9462,114.944,1314857940
904,4.9462,114.944,1314857640
904,4.9202,114.8445,1314784140
904,4.9202,114.8445,1314783720
904,4.9348,114.84,1314765660
904,4.933,114.8414,1314762180
904,4.8565,114.8915,1314717120
904,4.9462,114.9444,1314654420
904,4.9461,114.9442,1314648780
904,4.9456,114.9324,1314618240
904,4.9454,114.951,1314608580
904,4.9434,114.9434,1314538140
904,4.9463,114.9443,1314364740
904,4.9037,114.9275,1314363060
904,4.9452,114.9459,1314272640
904,4.9463,114.9447,1314266760
904,4.9069,114.9164,1314181800
904,4.9452,114.9459,1314036900
904,4.9452,114.9459,1313959620
904,4.9028,114.9246,1313920440
904,4.9462,114.9442,1313897820
904,4.9462,114.9442,1313856480
904,4.9462,114.9442,1313855580
904,4.9462,114.9442,1313828520
904,4.8945,114.9433,1313719620
904,4.946,114.9442,1313683620
904,4.9452,114.9457,1313501340
904,4.946,114.9442,1313500620
904,4.9469,114.9422,1313495100
904,4.9469,114.9422,1313494980
904,4.9417,114.9327,1313333760
904,4.946,114.944,1313328780
904,4.9462,114.9443,1313320440
904,4.9045,114.939,1313214360
904,4.9084,114.9426,1313212800
904,4.9445,114.9474,1313145540
904,4.9453,114.9458,1312896240
904,4.9463,114.9443,1312605600
904,4.945,114.945,1312376100
904,4.9454,114.9458,1312279620
904,4.9463,114.9442,1312210560
904,4.9665,114.8536,1312077600
904,4.8996,114.9384,1311988080
904,4.894,114.9418,1311946140
904,4.9445,114.9474,1311866820
904,4.9066,114.9165,1311827760
904,4.9659,114.853,1311818460
904,4.946,114.9442,1311745020
904,4.946,114.9442,1311744000
904,4.9063,114.9163,1311684120
904,4.9063,114.9163,1311683760
904,4.9469,114.8286,1311670140
904,4.9468,114.8286,1311667800
904,4.9463,114.9443,1311606660
904,4.9463,114.9443,1311480780
904,4.9463,114.9443,1311480780
904,4.9454,114.9459,1311436320
904,4.8599,114.8974,1311423900
904,4.9348,114.84,1311250860
904,4.9445,114.9474,1311247140
904,4.9512,114.8422,1311247020
904,4.946,114.8292,1311241500
904,4.9445,114.9474,1311181140
904,4.9064,114.9166,1311169500
904,4.9066,114.9164,1311168900
904,4.9056,114.9172,1311071520
904,4.9046,114.9198,1310998740
904,4.9048,114.9201,1310998740
904,4.9048,114.9201,1310998260
904,4.9462,114.9444,1310985660
904,4.907,114.9164,1310823840
904,4.9469,114.8286,1310733300
904,4.9446,114.9453,1310644440
904,4.9453,114.9447,1310641680
904,4.9463,114.9445,1310454480
904,4.9463,114.9443,1310356980
904,4.9445,114.9474,1310288640
904,4.9467,114.9426,1310287980
904,4.9445,114.9474,1310248080
904,4.8601,114.8974,1310221080
904,4.8601,114.8974,1310220960
904,4.8601,114.8974,1310216820
904,4.9448,114.9448,1310127480
904,4.9349,114.84,1310046960
904,4.9454,114.9459,1309961940
904,4.8987,114.9373,1309911780
904,4.9445,114.9475,1309876260
904,4.9443,114.9474,1309523640
904,4.9349,114.84,1309441380
904,4.9349,114.84,1309439460
904,4.9626,114.8532,1309320000
904,4.9454,114.9459,1309300980
904,4.9465,114.9449,1309245240
904,4.946,114.9437,1309243080
904,4.9464,114.9442,1309098660
904,4.9462,114.9444,1309084560
904,4.9451,114.944,1308919020
904,4.9623,114.8916,1308908400
904,4.9349,114.84,1308905640
904,4.9349,114.84,1308904440
904,4.9349,114.84,1308898140
904,4.9445,114.9475,1308580140
904,4.8938,114.9458,1308467820
904,4.8603,114.8973,1308022980
904,4.946,114.9438,1307896140
904,4.8867,114.9438,1307784180
904,4.9396,114.9444,1307711040
904,4.9906,115.0239,1307374680
904,4.9464,114.9443,1307334060
904,4.9464,114.9443,1307333100
904,4.9453,114.9456,1307331420
904,4.8999,114.9389,1307327700
904,4.9906,115.0239,1307290440
904,4.9462,114.944,1307250240
904,4.9067,114.9162,1307248260
904,4.905,114.9202,1307248020
904,4.987,114.9523,1307180820
904,4.946,114.9438,1307004900
904,4.9906,115.0239,1306249740
904,4.9906,115.0239,1305905580
904,4.9429,114.9459,1305710940
904,4.9463,114.9445,1305638460
904,4.8945,114.9432,1305632340
904,4.9906,115.0239,1305464220
904,4.9906,115.0239,1305458460
904,4.935,114.9465,1305428220
904,4.9906,115.0239,1305419100
904,4.9906,115.0239,1305418980
904,4.8603,114.8973,1305374940
904,4.8987,114.9383,1305349320
904,4.8942,114.9456,1305273540
904,4.946,114.9438,1305123180
904,4.9454,114.9459,1304929260
904,4.9349,114.9468,1304835780
904,4.9349,114.9468,1304835600
904,4.8998,114.9382,1304485920
904,4.9464,114.9439,1304256180
904,4.9647,114.8512,1304230920
904,4.9463,114.9443,1304145600
904,4.9906,115.0239,1304145480
904,4.9462,114.9441,1303659360
904,4.9435,114.9438,1303610880
904,4.9906,115.0239,1303603500
904,4.9906,115.0239,1303307460
904,4.9906,115.0239,1303217580
904,4.9906,115.0239,1303194720
904,4.9906,115.0239,1303194540
904,4.8987,114.9383,1303102920
904,4.9906,115.0239,1303003560
904,4.8987,114.9383,1296448560
904,4.9464,114.9442,1294220340
904,4.8987,114.9383,1294182540
