927,28.3029,82.6826,1378045080
927,28.2001,82.7787,1377981240
927,28.3075,82.6811,1377814140
927,28.303,82.6825,1377803460
927,28.303,82.6825,1377802800
927,28.2893,82.6781,1377718620
927,28.303,82.6825,1377657420
927,28.303,82.6825,1377646320
927,28.2885,82.6793,1377299400
927,28.3029,82.6826,1377201900
927,28.303,82.6825,1376955120
927,28.303,82.6825,1376940060
927,28.2886,82.6794,1376617320
927,28.3028,82.6825,1376587620
927,28.303,82.6825,1376301660
927,27.9659,82.4315,1376190480
927,28.2886,82.6795,1376020860
927,28.303,82.6825,1375920360
927,28.3029,82.6826,1375843080
927,28.2502,82.7282,1375816620
927,28.1854,82.5622,1375575660
927,28.0453,82.3987,1375449960
927,28.1878,82.547,1375395480
927,28.2886,82.6795,1375236480
927,28.1534,82.793,1375206720
927,28.2804,82.6848,1375200720
927,28.303,82.6825,1375144800
927,28.303,82.6825,1374968160
927,28.149,82.7759,1374948720
927,28.0175,82.4684,1374876480
927,28.004,82.505,1374875520
927,27.9521,82.5017,1374870060
927,27.9501,82.4768,1374869520
927,28.2888,82.6795,1374852660
927,28.1996,82.7797,1374774180
927,28.303,82.6825,1374625740
927,28.2893,82.6776,1374545820
927,28.1525,82.7405,1374353520
927,28.303,82.6825,1374177300
927,28.303,82.6825,1374096060
927,28.303,82.6825,1373927400
927,28.303,82.6825,1373844660
927,28.303,82.6825,1373785140
927,28.303,82.6825,1373784060
927,27.8388,82.7466,1373733420
927,28.3029,82.6825,1373650380
927,28.309,82.6865,1373649420
927,28.2888,82.6795,1373578080
927,27.9463,82.5279,1373566980
927,28.303,82.6825,1373507640
927,28.303,82.6825,1373442300
927,28.303,82.6825,1373402700
927,28.303,82.6825,1373330520
927,28.303,82.6825,1373330220
927,28.2541,82.7146,1373298060
927,28.2541,82.7146,1373225100
927,28.2541,82.7146,1373146080
927,28.2541,82.7146,1373130900
927,27.9774,82.8301,1372998300
927,27.9768,82.8288,1372998180
927,27.9775,82.8271,1372995600
927,28.2885,82.6793,1372981260
927,28.303,82.6825,1372831680
927,28.303,82.6825,1372811220
927,28.303,82.6825,1372797240
927,28.303,82.6825,1372718700
927,27.9603,82.4426,1372652040
927,27.9602,82.4424,1372652040
927,28.3051,82.7011,1372442700
927,28.303,82.6825,1372352400
927,28.2753,82.726,1372279680
927,28.2885,82.6793,1372279080
927,28.303,82.6825,1372178700
927,28.2886,82.6795,1372101000
927,28.303,82.6825,1372027860
927,28.303,82.6825,1372024260
927,28.0735,82.4857,1371880560
927,28.2589,82.7123,1371796380
927,28.3309,82.6661,1371562500
927,28.303,82.6825,1371402480
927,28.259,82.6745,1371349860
927,28.3314,82.685,1371258900
927,27.9517,82.4767,1371209280
927,28.303,82.6825,1371147420
927,27.9872,82.8288,1371144780
927,28.3029,82.6825,1371137160
927,28.319,82.6714,1370880240
927,28.3029,82.6826,1370698140
927,27.8935,82.5111,1370627640
927,28.303,82.6825,1370532120
927,28.303,82.6825,1370495940
927,28.2868,82.7188,1370471280
927,28.303,82.6825,1370407620
927,28.303,82.6825,1370322540
927,29.1927,81.004,1370302320
927,29.1888,81.0118,1369867020
927,28.303,82.6825,1369264800
927,28.3029,82.6826,1369173720
927,28.3029,82.6826,1369014720
927,28.2738,82.6253,1368990540
927,28.3028,82.6825,1368334320
927,27.9653,82.4393,1368330480
927,27.9653,82.4393,1368330420
927,27.9653,82.4393,1368330360
927,27.9653,82.4393,1368330180
927,27.9653,82.4393,1368329820
927,27.9938,82.365,1368329760
927,28.0675,82.5667,1368296820
927,28.1923,82.6315,1368295920
927,27.9882,82.8276,1368216720
927,28.2887,82.6792,1368155400
927,27.9914,82.7293,1368135000
927,27.9882,82.8276,1368132480
927,28.3065,82.6857,1367463480
927,28.3029,82.6826,1367453340
927,28.3272,82.6783,1366817640
927,28.303,82.6825,1366724880
927,28.3283,82.6796,1366679280
927,28.202,82.6645,1366325760
927,28.303,82.6825,1366085280
927,28.2048,82.6637,1366065660
927,28.3029,82.6826,1364969460
927,28.3029,82.6826,1364774460
927,28.3096,82.6922,1364453700
927,28.3002,82.6708,1364402460
927,28.303,82.6825,1364163420
927,28.303,82.6825,1364159580
927,28.303,82.6825,1364060760
927,28.2589,82.7123,1363924920
927,28.303,82.6825,1363915140
927,28.303,82.6825,1363909680
927,28.3029,82.6826,1363831200
927,28.3228,82.6993,1363803480
927,28.2985,82.6707,1363722540
927,28.3308,82.6581,1363668600
927,28.362,82.6883,1363655580
927,27.9535,82.5353,1363613340
927,27.9503,82.4768,1363612560
927,27.9602,82.4438,1363546440
927,28.2296,82.6664,1363486620
927,28.3029,82.6826,1363329480
927,28.3097,82.6921,1363311600
927,28.303,82.6825,1363273560
927,28.303,82.6825,1363210440
927,28.3101,82.7002,1363134840
927,28.3095,82.6922,1363128780
927,28.3028,82.6825,1363122660
927,28.2916,82.6809,1363118580
927,28.303,82.6825,1363118040
927,28.303,82.6825,1363081980
927,28.303,82.6825,1363068960
927,28.3029,82.6826,1363045500
927,28.303,82.6825,1362957960
927,28.0756,82.4516,1362901560
927,28.2832,82.6775,1362865140
927,28.3029,82.6825,1362705960
927,28.3792,82.2179,1362671340
927,28.3792,82.2179,1362668280
927,28.3028,82.6825,1362626820
927,28.294,82.7095,1362514800
927,28.303,82.6825,1362466200
927,28.303,82.6825,1362418200
927,28.303,82.6825,1362369660
927,28.3029,82.6826,1362328080
927,27.9382,82.5061,1362153120
927,27.9449,82.4722,1362150120
927,27.945,82.4847,1362145080
927,28.303,82.6825,1362122700
927,28.328,82.6798,1362096180
927,28.3029,82.6825,1361726820
927,28.3269,82.6789,1361495460
927,28.1535,82.7914,1361386440
927,27.96,82.4425,1361303760
927,27.9592,82.445,1361080260
927,27.9593,82.4448,1360993800
927,28.1527,82.7983,1360690140
927,28.3283,82.6796,1360611660
927,28.303,82.6825,1360379640
927,27.9597,82.4436,1359263160
927,27.9868,82.5461,1359257820
927,28.3315,82.6679,1359083040
927,28.3185,82.6722,1358733180
927,28.3029,82.6826,1358725200
927,28.3029,82.6826,1358649840
927,28.3186,82.6724,1357593300
927,28.3168,82.6895,1357267680
927,28.3029,82.6826,1357191420
927,28.3029,82.6826,1357182300
927,28.3029,82.6826,1357179480
927,28.3029,82.6826,1357169100
927,28.3029,82.6826,1357163160
927,25.9264,80.1425,1356897120
927,28.3029,82.6826,1356469200
927,28.3894,82.6737,1356460140
927,28.2928,82.7091,1356392640
927,28.3281,82.6797,1356236220
927,28.3297,82.6988,1356143760
927,28.3028,82.6826,1355797140
927,28.303,82.6825,1355796900
927,28.3029,82.6826,1355548740
927,28.3029,82.6826,1354904940
927,28.3029,82.6826,1354857060
927,28.2422,82.6743,1354826400
927,28.2422,82.6743,1354826340
927,28.3029,82.6826,1354823940
927,28.3025,82.6817,1354770780
927,28.3029,82.6826,1354395360
927,28.504,82.5279,1354241760
927,28.324,82.6665,1354132140
927,28.3026,82.6818,1353708120
927,28.3029,82.6826,1353605400
927,28.3023,82.696,1352960340
927,28.3029,82.6826,1352883780
927,28.3019,82.6864,1352879880
927,28.3029,82.6826,1352824800
927,28.2997,82.6083,1352533980
927,28.315,82.6859,1352527680
927,28.3029,82.6826,1352381460
927,28.3029,82.6826,1352341800
927,28.3029,82.6826,1352304060
927,28.3029,82.6826,1352251260
927,28.2882,82.6796,1352169180
927,28.3029,82.6826,1352162940
927,28.3028,82.6826,1352090880
927,28.2784,82.7081,1351973400
927,27.9674,82.5612,1351962180
927,28.3377,82.6085,1351888740
927,28.3027,82.6825,1351877700
927,28.3029,82.6826,1351713360
927,28.3029,82.6826,1351626240
927,28.3029,82.6827,1351625040
927,28.5045,82.5276,1351575660
927,28.2868,82.714,1351556700
927,28.2909,82.7112,1351544520
927,28.3027,82.6824,1351453200
927,28.3027,82.6824,1351452960
927,27.9923,82.3732,1351309020
927,28.3026,82.6824,1351224360
927,28.3026,82.6824,1351185120
927,28.3027,82.6825,1351183620
927,28.3027,82.6825,1351183140
927,28.3027,82.6824,1351182360
927,28.3028,82.6826,1351181880
927,28.2827,82.7038,1351014600
927,28.0692,82.5765,1350687840
927,28.3169,82.698,1350346560
927,28.3149,82.6862,1350345960
927,28.3149,82.6862,1350345660
927,28.3029,82.6826,1350166620
927,28.2539,82.686,1350061260
927,28.2539,82.686,1350060660
927,28.3029,82.6826,1349928660
927,28.3029,82.6826,1349928300
927,28.3029,82.6826,1349923740
927,28.3026,82.6825,1349899020
927,28.3695,82.6882,1349890740
927,28.3029,82.6826,1349856240
927,28.3027,82.6825,1349730900
927,27.8387,82.6847,1349549040
927,28.5021,82.5788,1349228400
927,28.5021,82.5788,1349228040
927,28.5021,82.5788,1349226900
927,28.3029,82.6826,1349224020
927,28.3163,82.648,1349207400
927,28.5347,82.5141,1349126760
927,27.9932,82.3641,1348883760
927,28.3026,82.6824,1348844880
927,28.2563,82.6894,1348520280
927,28.2081,82.7119,1348330740
927,28.2871,82.7123,1348324800
927,28.5045,82.5276,1348202520
927,28.3026,82.6825,1347730860
927,28.3021,82.6817,1347430920
927,28.3029,82.6826,1347352500
927,27.9612,82.4394,1347132000
927,28.3091,82.6923,1346995440
927,28.3002,82.6708,1346450100
927,28.3093,82.6922,1346380260
927,28.3002,82.6708,1346379960
927,28.2777,82.6752,1346288940
927,28.3029,82.6826,1345399200
927,28.1402,82.7509,1345276560
927,28.1402,82.7509,1345276260
