976,14.7418,121.0392,1377165780
976,14.7418,121.0392,1364287800
976,14.7419,121.0392,1363935960
976,14.7419,121.0392,1363932840
976,14.7419,121.0392,1363928040
976,14.7419,121.039,1361256600
976,14.7419,121.039,1361082300
976,14.7419,121.039,1360234680
976,14.7418,121.039,1360072080
976,14.6331,121.0599,1359889320
976,14.7418,121.039,1359547860
976,14.7419,121.039,1357725480
976,14.6508,121.0425,1357442760
976,14.7419,121.039,1357087680
976,14.7418,121.039,1356973020
976,14.7423,121.0371,1356906900
976,14.7418,121.039,1356341880
976,14.7471,121.0422,1356335700
976,14.7423,121.0371,1356331680
976,14.7418,121.039,1356287400
976,14.7418,121.039,1356243360
976,14.7428,121.0385,1351501380
976,14.7427,121.0371,1349610420
976,14.6447,121.0497,1349087760
976,14.6431,121.0493,1349087460
976,14.7398,121.0409,1348838880
976,14.7418,121.0392,1348405860
976,14.7418,121.0392,1348405560
976,14.7418,121.0392,1348309800
976,14.7418,121.0392,1348309800
976,14.7418,121.0392,1348309680
976,14.7418,121.0392,1348309560
976,14.7418,121.0392,1348309440
976,14.6563,121.0324,1348309320
976,14.6563,121.0324,1348309260
976,14.6563,121.0324,1348309140
976,14.7418,121.0392,1348309080
976,14.6544,120.97,1347781620
976,14.7418,121.0392,1347781560
976,14.595,120.9819,1347698940
976,14.7418,121.0392,1347698580
976,14.7418,121.0392,1347548400
976,14.7418,121.0392,1347548340
976,14.7418,121.0392,1347548280
976,14.7418,121.0392,1347548280
976,14.7418,121.0392,1347548160
976,14.6168,120.9666,1346766060
976,14.6961,120.9549,1346765880
976,14.6053,120.982,1346765820
976,14.6226,121.0526,1346487240
976,14.6453,121.0526,1346433180
976,14.7679,121.0736,1346432940
976,14.6015,121.0116,1346431620
976,14.6007,121.0103,1346431500
976,14.6069,121.0819,1346431440
976,14.6015,121.0116,1346431260
976,14.7418,121.0392,1346431200
976,14.5983,121.0109,1346430840
976,14.5855,121.0572,1346408820
976,14.7416,121.0392,1346063040
976,14.5368,121.0988,1346029440
976,14.5368,121.0988,1346028240
976,14.6051,121.0183,1343111100
976,14.7418,121.0393,1338665460
976,14.7418,121.0393,1338659520
976,14.7418,121.0393,1338657120
976,14.7418,121.0393,1338654900
976,14.7418,121.0393,1338653820
976,14.7418,121.0393,1337935140
976,14.7418,121.0393,1337932320
976,14.7418,121.0393,1337931480
976,14.7418,121.0393,1337930760
976,14.7418,121.0393,1337884680
976,14.7418,121.0393,1337884320
976,14.7418,121.0393,1337884140
976,14.7418,121.0393,1337880420
976,14.7418,121.0393,1337880120
976,14.7418,121.0393,1337879940
976,14.7418,121.0393,1337860680
976,14.7418,121.0393,1337860440
976,14.7418,121.0393,1337860320
976,14.7418,121.0393,1337860320
976,14.7418,121.0393,1337859540
976,14.7418,121.0393,1337859120
976,14.7418,121.0393,1337858580
976,14.7418,121.0393,1337858220
976,14.7418,121.0393,1337856000
976,14.7418,121.0393,1337855400
976,14.7418,121.0393,1337851560
976,14.7418,121.0393,1337849700
976,14.7418,121.0393,1337848740
976,14.7418,121.0393,1337848440
976,14.7418,121.0393,1337846700
976,14.7418,121.0393,1337846460
976,14.7418,121.0393,1337845920
976,14.7418,121.0393,1337845380
976,14.7418,121.0393,1337520360
976,14.7418,121.0393,1337519700
976,14.7418,121.0393,1337517960
976,14.7418,121.0393,1337517660
976,14.7418,121.0393,1337517540
976,14.7418,121.0393,1337517480
976,14.7418,121.0393,1337517360
976,14.7418,121.0393,1337517240
976,14.7418,121.0393,1337517120
976,14.7418,121.0393,1337420100
976,14.7418,121.0393,1337419800
976,14.5836,121.0619,1337418660
976,14.5835,121.0569,1337418660
976,14.5835,121.0569,1337418600
976,14.5824,121.0601,1336734060
976,14.5834,121.062,1336733820
976,14.5824,121.0601,1336733640
976,14.5822,121.0607,1336726860
976,14.5822,121.0607,1336725360
976,14.5818,121.061,1336725120
976,14.5822,121.0607,1336724640
976,14.7418,121.0393,1334484180
976,14.7418,121.0393,1334478780
976,14.7416,121.0392,1334478120
976,14.7418,121.0393,1334476380
976,14.7418,121.0393,1334476260
976,14.7418,121.0393,1334476080
976,14.7418,121.0393,1334475840
976,14.7418,121.0393,1334475600
