986,34.0498,118.2142,1378413300
986,34.2427,118.5381,1378308600
986,34.135,118.0511,1378252080
986,34.1016,118.1073,1378098420
986,34.097,118.1069,1377920580
986,34.0956,118.073,1377825120
986,34.2358,118.5351,1377731280
986,34.2426,118.538,1377583380
986,34.1016,118.1072,1377324960
986,34.1015,118.1072,1377150840
986,34.1016,118.1072,1377126600
986,33.8465,117.9858,1377056040
986,34.1018,118.1072,1376953860
986,34.1018,118.1074,1376877900
986,34.067,118.2356,1376806140
986,34.1015,118.1073,1376758980
986,34.1015,118.1072,1376718120
986,34.1016,118.1073,1376583060
986,34.1016,118.1072,1376418540
986,34.1016,118.1071,1376414820
986,34.1016,118.1072,1376352240
986,36.1223,115.171,1376200800
986,36.1095,115.1746,1376179320
986,36.1223,115.171,1376125980
986,36.1216,115.1691,1376093820
986,34.1016,118.1073,1375930920
986,34.1017,118.1069,1375851300
986,34.1016,118.1072,1375846920
986,34.1016,118.107,1375753020
986,34.1015,118.1072,1375693500
986,34.1015,118.1072,1375594500
986,34.1017,118.1072,1375222920
986,34.0798,118.0996,1374883860
986,34.112,118.2414,1374711960
986,34.1016,118.1072,1374618060
986,34.1016,118.1073,1374593760
986,34.1015,118.1073,1374467460
986,34.1016,118.1072,1374277800
986,34.1016,118.1073,1374252660
986,34.2222,118.536,1374070800
986,34.2425,118.538,1373933160
986,34.1015,118.1072,1373857200
986,34.0346,117.9441,1373697660
986,34.1015,118.1073,1373654160
986,34.1017,118.1073,1373593860
986,34.2425,118.538,1373392140
986,34.2376,118.53,1373306460
986,34.1015,118.1072,1373235060
986,34.1015,118.1072,1372976280
986,34.2426,118.538,1372875300
986,34.1015,118.1072,1372645320
986,34.1015,118.1072,1372623480
986,34.186,118.5006,1372373520
986,34.0832,118.3263,1372192260
986,34.1016,118.1072,1372027500
986,34.1015,118.1073,1371879960
986,34.1015,118.1072,1371759840
986,34.1023,118.1064,1371434460
986,34.1022,118.107,1371434040
986,34.0965,118.1094,1371335820
986,34.1014,118.1073,1371148140
986,34.1015,118.1072,1370834580
986,34.1016,118.1072,1370669580
986,34.1016,118.1072,1370594820
986,34.1017,118.1068,1370548200
986,34.1885,118.3235,1370476200
986,34.2426,118.538,1370409900
986,34.1016,118.1072,1369543260
986,34.1014,118.1071,1369407720
986,34.2267,118.536,1369329360
986,34.2425,118.538,1369117260
986,34.1847,118.4731,1369088580
986,33.9864,118.4737,1369007340
986,33.9183,118.1401,1368845880
986,34.2382,118.5296,1368635280
986,34.2428,118.538,1368483780
986,34.1017,118.1074,1368410220
986,34.0201,117.744,1368208380
986,34.2426,118.5381,1368066000
986,34.2426,118.538,1367881560
986,34.2363,118.5334,1367504700
986,34.0713,118.0502,1367369580
986,34.1016,118.1072,1367077440
986,34.1882,118.4656,1366851180
986,34.1656,118.5273,1366750980
986,34.2387,118.5311,1366652340
986,34.2379,118.5343,1366637460
986,34.1016,118.1074,1366513140
986,34.1014,118.1071,1366435800
986,34.2119,118.5362,1366406520
986,34.1487,118.0459,1366331820
986,34.2426,118.5381,1366229100
986,34.2387,118.5349,1366056540
986,34.16,118.3302,1365781080
986,34.0329,118.1436,1365744540
986,34.1016,118.1072,1365700800
986,33.8096,117.919,1365638580
986,33.808,117.919,1365623100
986,34.1598,118.3303,1365547740
986,34.1016,118.1072,1365362880
986,34.1019,118.3256,1365292680
986,34.1016,118.1073,1364703480
986,34.2066,118.5398,1364569080
986,34.035,118.1046,1364518800
986,34.2426,118.5271,1364488260
986,33.9427,118.0222,1364360100
986,34.2422,118.5378,1364241960
986,34.2426,118.538,1364100900
986,34.2425,118.538,1363899600
986,34.2364,118.5346,1363799220
986,34.16,118.3302,1363734120
986,34.2425,118.538,1362889500
986,34.1865,118.4836,1362178140
986,34.2811,118.4179,1362115320
986,34.2426,118.5379,1362086340
986,34.2427,118.5379,1362063780
986,34.2422,118.5376,1362009360
986,34.1016,118.1071,1361749320
986,34.1611,118.3293,1361576820
986,34.2426,118.538,1361461740
986,34.2362,118.5336,1361380860
986,34.2425,118.538,1361222160
986,34.0254,118.428,1361167680
986,34.2426,118.538,1360882440
986,34.2502,118.5012,1360820160
986,34.2426,118.538,1360251720
986,34.2427,118.538,1360201320
986,34.2426,118.538,1359167880
986,34.1016,118.1073,1358706360
986,34.1347,118.0497,1356922800
986,34.0446,118.2652,1356680880
986,34.1355,118.0493,1356320340
986,34.1026,118.137,1356152400
986,34.1016,118.1072,1356044820
986,34.1015,118.1073,1355597160
986,34.1849,118.5732,1354648200
986,34.2425,118.538,1354221120
986,33.8081,118.1099,1354076220
986,33.8083,118.11,1354075740
986,34.1846,118.5726,1354038900
986,34.1016,118.1073,1353639960
986,34.0447,118.2672,1353284640
986,34.1015,118.1073,1353206820
986,34.1016,118.1071,1353136020
986,34.1598,118.3303,1353112200
986,34.2425,118.5381,1352944620
986,34.2468,118.5401,1351827660
986,34.1376,118.3543,1351743480
986,34.1376,118.3543,1351743360
986,34.1598,118.3303,1351701840
986,34.2426,118.538,1351644840
986,34.0831,118.0913,1351310040
986,34.0831,118.0913,1351306260
986,34.2426,118.538,1351210260
986,34.2425,118.5381,1351133040
986,34.2426,118.5379,1351108560
986,34.2425,118.538,1350868500
986,34.2394,118.5293,1350791760
986,34.2396,118.5293,1350787680
986,34.0985,118.3243,1350525060
986,34.1598,118.3303,1348255320
986,34.2425,118.5379,1348158480
986,34.1665,118.5897,1347044220
986,34.1383,118.0451,1343533260
986,34.1013,118.3398,1341730560
