994,38.7177,9.4216,1377876420
994,43.7273,79.5642,1359267720
994,43.7287,79.5645,1358932320
994,43.7332,79.5697,1357228320
994,43.7275,79.564,1356667920
994,43.7272,79.5645,1356615780
994,43.7273,79.5642,1356161880
994,43.7273,79.5642,1355735640
994,43.6117,79.5568,1355453100
994,43.7275,79.6013,1355193000
994,43.7274,79.5642,1352262960
994,43.1402,80.2619,1352230680
994,43.1398,80.2617,1352182260
994,43.7187,79.3812,1352105820
994,43.7273,79.5641,1352006220
994,43.1403,80.2622,1351881300
994,43.7272,79.5642,1351583160
994,43.1405,80.2622,1351215900
994,43.1404,80.2622,1351153680
994,43.1403,80.2622,1351058100
994,43.7275,79.5641,1350970740
994,43.649,79.3907,1350798300
994,43.7272,79.5642,1350719220
994,43.7272,79.5642,1350717900
994,43.1405,80.2622,1350668880
994,43.1404,80.2623,1350069660
994,43.7272,79.5642,1349746980
994,43.7272,79.5642,1349746740
994,43.7521,79.4108,1349742900
994,43.7659,79.3601,1349742720
994,44.8552,77.6723,1349715120
994,43.7273,79.5643,1349628360
994,43.7272,79.5642,1349537820
994,43.1399,80.2667,1349359620
994,43.1405,80.2621,1349337060
994,43.1405,80.2621,1349336700
994,43.1404,80.2622,1349335980
994,43.1404,80.262,1349335860
994,43.1405,80.2621,1349335800
994,43.1406,80.2624,1349335320
994,43.1406,80.2623,1349335200
994,43.1403,80.2622,1349335020
994,43.1403,80.2623,1349334840
994,43.1405,80.2621,1349240280
994,43.1404,80.2627,1349136660
994,43.5875,79.5794,1349060040
994,43.1402,80.2624,1348612620
994,43.1405,80.2623,1348000560
