10,34.0493,118.2406,1427773980
10,34.4194,118.4777,1427676000
10,34.2403,118.5551,1427353920
10,34.1503,118.4462,1426929720
10,34.1922,118.6254,1426807320
10,34.1674,118.3466,1426722720
10,32.6942,117.1738,1425946560
10,34.0763,118.3089,1425822960
10,34.1505,118.3792,1425631440
10,34.155,118.4726,1425458580
10,34.1648,118.3684,1425211560
10,34.1644,118.3684,1425211500
10,33.8417,118.0686,1425205260
10,33.8421,118.0691,1425204300
10,33.8421,118.0691,1425204300
10,33.8422,118.0692,1425201960
10,33.8446,118.0727,1425192480
10,34.1337,118.0526,1424594040
10,34.1543,118.4671,1424414160
10,34.1616,118.4675,1423998660
10,34.1019,118.3256,1423729680
10,34.0486,118.2633,1423651320
10,34.0486,118.2633,1423649640
10,34.0486,118.2633,1423644900
10,34.0486,118.2633,1423644840
10,33.997,118.4316,1420439940
10,34.0666,118.2375,1418339700
10,34.4295,118.4387,1416737940
10,33.8096,117.919,1416565860
10,33.8837,118.0282,1416561300
10,33.9297,118.1842,1416119880
10,34.2738,118.5547,1415954100
10,34.1447,118.1506,1415786940
10,34.1459,118.1371,1415780220
10,34.0978,118.3429,1415447940
10,34.0143,118.4499,1415357280
10,34.0143,118.4499,1415357220
10,33.9976,118.4797,1414227420
10,34.4697,118.4709,1414128480
10,32.736,117.1506,1413687780
10,33.7716,117.1974,1413681420
10,34.2359,118.5887,1413600600
10,34.2359,118.5887,1413599760
10,34.2359,118.5887,1413599460
10,34.2359,118.5887,1413599400
10,34.2345,118.5925,1413599100
10,34.2345,118.5923,1413598800
10,34.2344,118.5898,1413598620
10,34.2346,118.5897,1413598440
10,34.167,118.3759,1412744340
10,33.6805,117.811,1412566680
10,34.4343,118.5295,1411980240
10,34.2637,118.5236,1411812000
10,34.161,118.5122,1411434360
10,34.1262,118.345,1410866820
10,34.1116,118.3396,1410864960
10,34.1117,118.3396,1410861660
10,34.1122,118.3386,1410850380
10,34.1821,118.3125,1410422460
10,34.1678,118.3466,1410419160
10,34.0836,118.341,1410246180
10,33.6795,117.8861,1410066900
10,33.7429,117.8426,1410057600
10,34.1652,118.3061,1409554320
10,33.7826,117.8924,1408868220
10,34.167,118.3759,1408614480
10,34.161,118.556,1408354560
10,34.3873,118.5808,1408093740
10,34.4207,118.5634,1408085520
10,34.1195,118.2964,1407913380
10,34.179,118.6,1407737460
10,34.1399,118.3787,1407665040
10,34.15,118.4444,1407548520
10,34.1912,118.3291,1407120600
10,34.2778,118.4843,1407065640
10,34.0734,118.2402,1406690820
10,34.226,118.599,1406601840
10,34.1718,118.3612,1406280540
10,34.15,118.4444,1406180820
10,45.5963,122.5955,1406074560
10,45.5963,122.5955,1406074380
10,45.586,122.592,1406074080
10,45.5892,122.5938,1406073900
10,45.5046,122.6322,1406000880
10,45.5777,122.1175,1405985220
10,45.5448,122.397,1405984200
10,47.6205,122.3494,1405923240
10,47.6089,122.3411,1405906260
10,47.0832,122.6663,1405902120
10,46.5749,122.8812,1405899840
10,46.3785,122.905,1405899120
10,46.3563,122.906,1405899060
10,45.6551,122.6637,1405896540
10,45.6038,122.6796,1405890120
10,45.6037,122.6796,1405872480
10,45.4789,122.6353,1405834200
10,45.5204,122.6805,1405819080
10,45.6038,122.6796,1405801680
10,45.5191,122.678,1405771200
10,45.4789,122.6353,1405740120
10,45.6032,122.6792,1405720200
10,45.6029,122.6793,1405720200
10,45.6029,122.6793,1405720140
10,45.6023,122.6662,1405720080
10,45.6033,122.6793,1405716300
10,45.6032,122.6793,1405690920
10,45.6036,122.6792,1405690080
10,45.5182,122.6818,1405681200
10,45.5179,122.682,1405681140
10,45.5865,122.6803,1405678620
10,45.54,122.6708,1405672440
10,45.5332,122.6199,1405671780
10,45.5335,122.62,1405668900
10,45.5188,122.678,1405646040
10,45.605,122.6836,1405645200
10,45.605,122.6836,1405645080
10,45.5682,122.5448,1405641060
10,33.9414,118.402,1405626480
10,33.9439,118.405,1405624740
10,34.1872,118.6239,1405578540
10,34.167,118.3759,1405405920
10,34.0734,118.2402,1405060920
10,34.167,118.3759,1405047240
10,34.1812,118.3088,1404975720
10,34.167,118.3759,1404961500
10,34.167,118.3739,1404869880
10,34.1768,118.3178,1404803220
10,34.1849,118.3228,1404798540
10,34.1849,118.3227,1404798540
10,34.1811,118.322,1404798480
10,34.1681,118.3706,1404797520
10,34.166,118.3731,1404796740
10,34.167,118.3759,1404791400
10,34.1752,118.2534,1404644040
10,34.1753,118.2534,1404643860
10,34.1754,118.2533,1404641940
10,34.1756,118.2535,1404636540
10,34.1754,118.2534,1404636120
10,34.1755,118.2534,1404636000
10,34.1754,118.2534,1404632700
10,34.1915,118.6263,1404287100
10,34.1679,118.3759,1404201240
10,34.0707,118.3601,1403769420
10,34.1676,118.3757,1403592480
10,34.1836,118.3149,1403166240
10,34.0431,118.2672,1401946380
10,33.2062,117.3897,1401665460
10,33.4556,117.1058,1401631920
10,33.3339,117.1607,1401630360
10,34.1581,118.4243,1401342240
10,34.1511,118.4509,1401340200
10,34.1458,118.4156,1401325140
10,34.2401,118.555,1400743680
10,34.16,118.5073,1400717760
10,34.1598,118.5037,1400484720
10,34.1429,118.4032,1400472300
10,34.2389,118.5363,1400394240
10,34.416,118.5581,1400304480
10,34.4143,118.5578,1400299800
10,34.1403,118.3757,1400225280
10,34.1835,118.3123,1400047860
10,32.7312,117.1503,1398655560
10,32.568,117.0715,1398591720
10,34.1873,118.4156,1398034380
10,34.1836,118.3149,1397984340
10,34.1492,118.4392,1397808780
10,34.1395,118.2105,1397280900
10,34.1549,118.4316,1397092680
10,34.1598,118.5037,1397025360
10,34.1549,118.4667,1397016960
10,34.155,118.4668,1397013480
