1018,35.6729,139.7565,1427472600
1018,35.7961,139.6808,1427000820
1018,35.5304,139.7136,1426423860
1018,21.0147,105.7776,1424625180
1018,26.6913,127.9293,1424094840
1018,26.7131,128.0152,1424085060
1018,26.1414,127.7472,1424007120
1018,26.2626,127.7148,1423910640
1018,26.2086,127.6927,1423905300
1018,35.7889,139.72,1420956660
1018,35.7049,139.577,1420130820
1018,35.7049,139.577,1420130640
1018,35.7071,139.6371,1420117980
1018,35.6604,139.7297,1419956100
1018,35.6912,139.6977,1419342000
1018,35.691,139.6985,1419340200
1018,35.691,139.6985,1419340080
1018,35.7115,139.7758,1418841300
1018,35.7636,140.3835,1418574000
1018,13.5056,144.7861,1418549760
1018,13.4929,144.8068,1418547180
1018,35.7036,139.6377,1418214360
1018,35.714,139.7001,1417359180
1018,35.6912,139.743,1416105720
1018,35.6948,139.7021,1416081180
1018,35.8978,139.9363,1415517780
1018,34.468,132.4179,1414858260
1018,35.3965,132.6861,1414761960
1018,35.4005,132.685,1414760880
1018,35.6918,139.7391,1414487580
1018,37.636,140.4834,1414317960
1018,35.6575,139.7489,1413717120
1018,36.577,137.5953,1411222620
1018,36.5664,137.6614,1411213500
1018,36.5664,137.6614,1411210080
1018,36.5666,137.6644,1411202640
1018,35.9864,139.3853,1411124520
1018,35.6977,139.6432,1410718680
1018,35.7052,139.6365,1408562640
1018,43.0578,141.361,1408560780
1018,35.6933,139.75,1408560600
1018,43.1848,141.2827,1408216920
1018,43.1848,141.2827,1408176300
1018,43.181,141.2802,1408099200
1018,35.7132,139.7013,1407861480
1018,35.7055,139.6366,1407343860
1018,35.7011,139.6371,1407343800
1018,35.7055,139.6366,1407343740
1018,35.6585,139.7013,1403987640
1018,35.6707,139.7142,1403986860
1018,35.6588,139.6955,1403362200
1018,35.6588,139.6955,1403352720
1018,35.6952,139.7013,1402680060
1018,35.6292,139.6853,1402332360
1018,35.6292,139.6853,1402331940
1018,35.7038,139.4095,1401455100
1018,35.7799,139.7523,1401131400
1018,35.6668,139.7606,1400935500
1018,35.6715,139.7554,1400683860
1018,35.6674,139.6968,1400358060
1018,35.6693,139.6973,1400310840
1018,35.6946,139.7022,1399732080
1018,35.6677,139.6969,1399729440
1018,35.6604,139.7294,1399394820
1018,35.6676,139.6967,1399205640
1018,35.6677,139.6972,1399202820
1018,35.6251,139.6675,1399125120
1018,35.6254,139.6614,1399120800
1018,36.2356,137.9721,1398772740
1018,38.2528,140.8651,1398576060
1018,38.1921,140.6024,1398486120
1018,35.6352,139.6801,1398200160
1018,35.6453,139.6792,1398199740
1018,35.6748,139.7644,1396886640
1018,35.6908,139.7475,1396604460
1018,35.694,139.7472,1396603620
1018,35.6908,139.7475,1396431180
1018,35.694,139.7472,1396430460
1018,35.6738,139.7561,1395385740
1018,35.6643,139.7118,1394649720
1018,25.0774,121.2289,1394452320
1018,25.0827,121.5253,1394391660
1018,25.0828,121.5253,1394384340
1018,25.1719,121.4371,1394376060
1018,25.0636,121.5182,1394217480
1018,42.7871,141.6819,1393772280
1018,43.0582,141.3556,1393749780
1018,43.0589,141.3546,1393699980
1018,43.0563,141.3536,1393680720
1018,43.0595,141.337,1393665300
1018,43.0591,141.3519,1393655940
1018,43.2369,141.0121,1393604580
1018,43.2369,141.0121,1393603980
1018,43.2369,141.0121,1393603620
1018,43.1989,140.9938,1393587300
1018,35.6442,139.6704,1393062000
1018,35.6441,139.7195,1391711100
1018,35.6981,139.7055,1391630280
1018,35.7039,139.8991,1390848060
1018,35.7089,139.8895,1390846920
1018,35.7014,139.8898,1390845840
1018,35.699,139.8898,1390845360
1018,35.6991,139.8874,1390844940
1018,35.6971,139.8872,1390844640
1018,35.6946,139.8905,1390844100
1018,35.6942,139.8907,1390843560
1018,35.6933,139.8912,1390843200
1018,35.6925,139.8917,1390843020
1018,35.6927,139.8926,1390842840
1018,35.6984,139.8936,1390758300
1018,35.6975,139.8939,1390754460
1018,35.6981,139.905,1390753380
1018,35.695,139.9009,1390752420
1018,35.6931,139.8978,1390752180
1018,35.6908,139.8933,1390750620
1018,35.6891,139.8919,1390750260
1018,35.6871,139.8918,1390749540
1018,35.6607,139.7291,1389629400
1018,35.6841,139.7805,1389426540
1018,35.6928,139.7353,1389376620
1018,36.6875,137.3035,1388585280
1018,34.9672,135.7733,1388343720
1018,34.9668,135.7744,1388343660
1018,35.0393,135.73,1388343360
1018,35.0393,135.73,1388343180
1018,35.116,135.7717,1388342760
1018,35.113,135.7725,1388342700
1018,35.0017,135.77,1388342160
1018,35.0399,135.7315,1388310180
1018,35.0049,135.7703,1388253360
1018,34.9862,135.7589,1388205060
1018,35.7044,139.6715,1387916340
1018,35.6591,139.7006,1387634100
1018,35.658,139.7008,1387570740
1018,35.6928,139.8971,1387474740
1018,35.6725,139.7628,1387383660
1018,35.6732,139.7637,1387379880
1018,35.6954,139.698,1386438060
1018,35.691,139.7356,1386433980
1018,35.659,139.6966,1386414720
1018,34.3895,132.4644,1385826600
1018,34.3885,132.4636,1385821800
1018,34.312,132.303,1385821560
1018,34.3,132.3238,1385816760
1018,34.2961,132.3197,1385807100
1018,34.2973,132.3181,1385806920
1018,34.3916,132.4527,1385805180
1018,34.3955,132.4536,1385801040
1018,33.9918,132.0249,1385721540
1018,34.3653,132.317,1385710020
1018,35.6555,139.7567,1385688960
1018,26.1996,127.7475,1385281320
1018,26.289,127.7562,1385209980
1018,26.3067,127.7633,1385195340
1018,26.2189,127.6792,1385150760
1018,26.2059,127.6506,1385108940
1018,35.6685,139.7523,1384886280
1018,35.6466,139.7121,1384270560
1018,35.6842,139.7021,1383767640
1018,35.695,139.6979,1383767580
1018,35.7164,139.706,1383567420
1018,35.6591,139.7006,1383239880
1018,35.6701,139.7066,1382724720
1018,35.7044,139.6715,1382553840
1018,35.6636,139.7246,1381679640
1018,35.6678,139.697,1380467280
1018,35.6707,139.6966,1380466980
1018,35.7081,139.6488,1379797680
1018,35.6685,139.7523,1379777760
1018,35.7341,139.715,1379266020
1018,35.7251,139.7165,1379255820
1018,35.7266,139.7179,1379253780
1018,35.6935,139.8957,1379182320
1018,35.662,139.6971,1379176140
1018,35.6684,139.7642,1379174400
1018,35.6582,139.6985,1379173080
1018,35.6707,139.6966,1379171760
1018,35.665,139.726,1379163120
1018,35.67,139.7327,1379161080
1018,35.6636,139.7317,1379160540
1018,36.3969,136.4124,1378653780
1018,36.0833,136.5066,1378628400
1018,36.5646,136.6636,1378480800
1018,36.4021,136.4127,1378444560
1018,35.692,139.7365,1378240380
1018,35.6962,139.747,1377980160
1018,35.6918,139.7461,1377776160
1018,35.6974,139.7498,1377774360
1018,35.6891,139.7438,1377591840
1018,35.7003,139.8929,1377383460
1018,35.6986,139.8933,1377368100
1018,35.6974,139.7014,1377362100
1018,35.7057,139.6496,1377359160
1018,35.7054,139.6499,1377355440
1018,35.7054,139.6499,1377355380
1018,35.6674,139.6967,1377351600
1018,35.6707,139.6966,1377351360
1018,35.6675,139.6969,1377350760
1018,35.6675,139.6969,1377350700
1018,35.6707,139.6966,1377350340
1018,35.6888,139.7872,1377347040
1018,35.6958,139.7772,1377254640
1018,35.6974,139.7496,1377253320
1018,35.6974,139.7498,1377253020
1018,35.698,139.7509,1377252840
1018,35.6928,139.8971,1377190920
1018,35.6928,139.8971,1377190860
1018,35.689,139.8933,1377190140
1018,35.689,139.7425,1377011580
1018,35.5483,139.7856,1376865900
1018,35.5473,139.7857,1376865300
1018,35.5484,139.7834,1376864400
1018,42.7859,141.6817,1376857080
1018,42.7855,141.6822,1376856960
1018,42.786,141.681,1376856300
1018,42.7876,141.681,1376854320
1018,42.7876,141.681,1376852760
1018,42.7876,141.681,1376850420
1018,42.786,141.6814,1376849280
1018,42.7876,141.681,1376847480
1018,42.7871,141.6823,1376847360
1018,42.7871,141.6757,1376840040
1018,42.7873,141.6776,1376839740
1018,42.787,141.6783,1376838060
1018,43.0621,141.35,1376827620
1018,43.061,141.3521,1376826780
1018,43.1811,141.285,1376754540
1018,43.1811,141.2816,1376733420
1018,43.1798,141.2827,1376731260
1018,43.1811,141.2816,1376675700
1018,43.1811,141.2816,1376671200
1018,43.1808,141.2815,1376654880
1018,43.1588,141.3357,1376638440
1018,43.0548,141.3519,1376590980
1018,43.0568,141.353,1376582100
1018,43.0619,141.3579,1376581440
1018,43.0599,141.3462,1376580300
1018,43.0599,141.3467,1376579460
1018,43.0605,141.3506,1376578380
1018,43.0602,141.3515,1376578260
1018,35.5519,139.7872,1376562000
1018,35.6553,139.7565,1376560080
1018,35.6881,139.7992,1375475100
1018,35.696,139.7725,1375301640
1018,35.6975,139.7534,1375036800
1018,35.6707,139.6966,1374927300
1018,35.6707,139.6966,1374926100
1018,35.6961,139.7608,1374514260
1018,35.668,139.6969,1374399300
1018,35.668,139.6969,1374399240
1018,35.668,139.6969,1374398640
1018,35.6707,139.6966,1374397620
1018,35.7019,139.8934,1374344760
1018,35.6954,139.8951,1374267840
1018,35.6975,139.7678,1374005700
1018,35.6937,139.8971,1373920380
1018,35.6973,139.7537,1373917920
1018,35.6991,139.7492,1373895780
1018,35.6999,139.5983,1373894340
1018,35.6999,139.5983,1373894040
1018,35.6999,139.5983,1373893980
1018,35.6934,139.6996,1373888940
1018,35.6817,139.7039,1373888760
1018,35.691,139.7356,1373888340
1018,35.6928,139.8971,1373833740
1018,35.6928,139.8971,1373833500
1018,35.6928,139.8971,1373832780
1018,35.6735,139.7568,1373798700
1018,35.6905,139.899,1373793360
1018,35.698,139.8919,1373791860
1018,35.6707,139.6966,1373719620
1018,35.6706,139.7036,1373716740
1018,35.7045,139.7012,1373715840
1018,35.6838,139.8639,1373704140
1018,35.7032,139.6678,1373641980
1018,35.7032,139.6679,1373641920
1018,35.7016,139.7456,1373639340
1018,35.6904,139.8422,1373605680
1018,35.7034,139.7631,1373560440
1018,35.7013,139.753,1373553960
1018,35.6839,139.8628,1373488200
1018,35.6881,139.797,1373487840
1018,35.698,139.7513,1373449020
1018,35.68,139.8678,1373402100
1018,35.6881,139.797,1373401500
1018,35.6881,139.7992,1373401320
1018,35.6933,139.8977,1373316000
1018,35.6882,139.7977,1373314800
1018,35.6893,139.8944,1373215500
1018,35.6975,139.894,1373204160
1018,35.6631,139.698,1373122800
1018,35.6932,139.8975,1373107200
1018,35.6889,139.8857,1373056620
1018,35.6981,139.7516,1373013180
1018,35.6893,139.8944,1372960380
1018,35.6866,139.855,1372959660
1018,35.689,139.8405,1372959360
1018,35.7026,139.7638,1372956300
1018,35.7031,139.9022,1372876980
1018,35.6957,139.76,1372863840
1018,35.6954,139.7592,1372863180
1018,35.6956,139.7514,1372862700
1018,35.6974,139.7535,1372861800
1018,35.6981,139.7515,1372840800
1018,35.698,139.751,1372677900
1018,35.7004,139.893,1372545180
1018,35.5373,139.5059,1372530660
1018,35.4956,139.4252,1372512360
1018,35.7004,139.893,1372458000
1018,35.7005,139.8928,1372455240
1018,35.7136,139.8629,1372452060
1018,35.7159,139.8605,1372451760
1018,35.6656,139.76,1372276200
1018,35.6673,139.7574,1372275840
1018,35.6683,139.7526,1372274160
1018,35.6687,139.7523,1372273080
1018,35.6688,139.7523,1372271640
1018,35.6688,139.7523,1372271580
1018,35.6744,139.7514,1372270260
1018,35.6721,139.7487,1372270020
1018,35.6974,139.7537,1372258620
1018,35.6811,139.8622,1372189320
1018,35.6932,139.8974,1372102860
1018,35.6881,139.7968,1372101660
1018,35.6953,139.7512,1371988800
1018,35.6806,139.8686,1371933300
1018,35.6587,139.6955,1371896520
1018,35.7001,139.747,1371894840
1018,35.6901,139.8415,1371893580
1018,35.6881,139.797,1371759960
1018,35.689,139.8411,1371532200
1018,35.6957,139.759,1371479700
1018,35.6838,139.8634,1371445560
1018,35.6967,139.7523,1371411420
1018,35.691,139.8986,1371377340
1018,35.6957,139.7528,1371296940
1018,35.7004,139.893,1371249840
1018,35.6959,139.8948,1371242100
1018,35.6623,139.7007,1371226920
1018,35.6908,139.8927,1371155880
1018,35.6881,139.7967,1371154380
1018,35.6956,139.7514,1371153300
1018,35.7028,139.7554,1371142080
1018,35.698,139.751,1371114420
1018,35.6956,139.75,1371068040
1018,35.696,139.7513,1371067740
1018,35.689,139.7033,1371062820
1018,35.6654,139.7138,1371060960
1018,35.7143,139.7045,1371055920
1018,35.6976,139.7533,1370971920
1018,35.6956,139.7514,1370967120
1018,35.6725,139.8234,1370966820
1018,35.6788,139.7879,1370966400
1018,35.7004,139.8929,1370909040
1018,35.6956,139.7514,1370895060
1018,35.6976,139.7533,1370848080
1018,35.6805,139.8684,1370840580
1018,35.7,139.8928,1370808960
1018,35.6881,139.7987,1370806920
1018,35.6882,139.8048,1370761380
1018,35.6801,139.8678,1370760720
1018,35.6895,139.8951,1370722800
1018,35.6956,139.7511,1370720580
1018,35.6935,139.6993,1370717460
1018,35.6916,139.7223,1370716320
1018,35.6956,139.7502,1370715600
1018,35.6997,139.8929,1370713260
1018,35.7004,139.8929,1370648280
1018,35.6972,139.7537,1370462640
1018,35.671,139.8218,1370344920
1018,35.7032,139.8723,1370296620
1018,35.7023,139.8647,1370295660
1018,35.6973,139.8438,1370294100
1018,35.6975,139.8434,1370293800
1018,35.6892,139.8403,1370292360
1018,35.6882,139.7963,1370291760
1018,35.6956,139.7513,1370290860
1018,35.6212,139.6669,1370188620
1018,35.6248,139.6622,1370187660
1018,35.6248,139.6622,1370186820
1018,35.625,139.6621,1370186700
1018,35.7028,139.7475,1370184180
1018,35.6947,139.7548,1370183520
1018,35.6881,139.7992,1370183100
1018,35.7005,139.8928,1370173140
1018,35.7341,139.715,1370139180
1018,35.7341,139.715,1370138880
1018,35.7341,139.715,1370138640
1018,35.7341,139.715,1370137740
1018,35.7327,139.7109,1370137320
1018,35.7323,139.7136,1370136720
1018,35.7341,139.715,1370129580
1018,35.7341,139.715,1370123040
1018,35.7341,139.715,1370116140
1018,35.7326,139.7138,1370109540
1018,35.7173,139.7347,1370108640
1018,35.7081,139.7529,1370108400
1018,35.6958,139.7531,1370027100
1018,35.7004,139.893,1369951200
1018,35.6878,139.7672,1369767240
1018,35.6881,139.7991,1369686240
1018,35.7051,139.5627,1369548600
1018,35.688,139.6967,1369547340
1018,35.695,139.7556,1369546860
1018,35.7003,139.8929,1369520880
1018,35.7107,139.7985,1369501260
1018,35.7125,139.7999,1369497780
1018,35.6593,139.6985,1369492620
1018,35.6707,139.6966,1369486560
1018,35.669,139.7028,1369484580
1018,35.7093,139.7097,1369484040
1018,35.6876,139.7156,1369481640
1018,35.6999,139.8928,1369427280
1018,35.6868,139.8527,1369424520
1018,35.6881,139.7992,1369424340
1018,35.69,139.806,1369372560
1018,35.6926,139.7496,1369338180
1018,35.6968,139.8944,1369255680
1018,35.6973,139.7546,1369150620
1018,35.7017,139.7456,1369062960
1018,35.6979,139.8937,1368986700
1018,35.662,139.699,1368981720
1018,35.6655,139.7124,1368981000
1018,35.6596,139.703,1368979740
1018,35.662,139.6971,1368978840
1018,35.662,139.6971,1368978600
1018,35.662,139.6971,1368978000
1018,35.6692,139.7,1368965520
1018,35.6707,139.6966,1368965040
1018,35.6718,139.6887,1368962580
1018,35.6669,139.7358,1368902220
1018,35.662,139.742,1368855120
1018,35.6895,139.837,1368825360
1018,35.6891,139.8287,1368825240
1018,35.69,139.8128,1368824820
1018,35.69,139.8114,1368824700
1018,35.6964,139.7519,1368823500
1018,35.6973,139.7538,1368812700
1018,35.7003,139.893,1368741600
1018,35.6893,139.8946,1368737580
1018,35.6689,139.7047,1368697500
1018,35.693,139.896,1368650520
1018,35.6956,139.75,1368647880
1018,35.6959,139.7507,1368647580
1018,35.698,139.751,1368647340
1018,35.6893,139.8944,1368557100
1018,35.6803,139.8681,1368507480
1018,35.6988,139.7547,1368436140
1018,35.6802,139.8678,1368379080
1018,35.689,139.8404,1368378660
1018,35.6707,139.6966,1368350820
1018,35.6691,139.696,1368345960
1018,35.6693,139.696,1368345000
1018,35.6901,139.8103,1368255540
1018,35.6893,139.8028,1368255360
1018,35.6956,139.75,1368234540
1018,35.6955,139.758,1368163440
1018,35.6976,139.894,1368037920
1018,35.6955,139.757,1368033840
1018,35.7004,139.893,1367878800
1018,35.4637,139.6162,1367856660
1018,35.4647,139.6201,1367848200
1018,35.6898,139.8475,1367842260
1018,35.6881,139.7992,1367784540
1018,35.6876,139.7974,1367784180
1018,35.6647,139.7315,1367779680
1018,35.6607,139.7291,1367778000
1018,35.6955,139.7499,1367720640
1018,35.689,139.7193,1367720220
1018,35.6955,139.7028,1367717400
1018,35.6953,139.7026,1367717340
1018,35.698,139.706,1367713260
1018,35.698,139.706,1367712180
1018,35.698,139.706,1367708940
1018,35.698,139.706,1367700360
1018,35.698,139.706,1367700120
1018,35.6953,139.7026,1367697120
1018,35.6979,139.7035,1367691000
1018,35.6978,139.7035,1367689560
1018,35.68,139.8677,1367676840
1018,35.67,139.704,1367585280
1018,35.6696,139.7035,1367584740
1018,35.6707,139.6966,1367583780
1018,35.6707,139.6966,1367582340
1018,35.7025,139.7452,1367578920
1018,35.698,139.751,1367483700
1018,35.6949,139.8961,1367440680
1018,35.6756,139.7533,1367437920
1018,35.644,139.713,1367422020
1018,35.702,139.7459,1367420280
1018,35.7004,139.893,1367355840
1018,35.6893,139.8944,1367349240
1018,35.6849,139.8673,1367348460
1018,35.6907,139.697,1367345460
1018,35.6974,139.7058,1367344860
1018,35.6976,139.706,1367343420
1018,35.7004,139.893,1367261640
1018,35.7004,139.893,1367261400
1018,38.2566,140.862,1367198760
1018,38.257,140.8624,1367101020
1018,38.257,140.8624,1367100900
1018,38.1995,140.6714,1367081340
1018,38.2005,140.6723,1367079780
1018,38.2005,140.6723,1367079660
1018,38.1461,140.5354,1367036100
1018,37.9081,140.5779,1367029740
1018,37.0581,140.1,1367023680
1018,35.8301,139.7576,1367014320
1018,35.7146,139.8505,1367013360
1018,35.6967,139.7517,1366920540
1018,35.6898,139.8063,1366835040
1018,35.6956,139.75,1366834440
1018,35.6972,139.7522,1366817760
1018,35.7004,139.893,1366669860
1018,35.6951,139.7022,1366555740
1018,35.6966,139.7021,1366555680
1018,35.662,139.6971,1366553760
1018,35.662,139.6971,1366552140
1018,35.7004,139.893,1366499760
1018,35.7156,139.8609,1366492680
1018,35.6744,139.7514,1366481880
1018,35.7053,139.7527,1366466100
1018,35.7015,139.7532,1366462500
1018,35.707,139.7603,1366389600
1018,35.7004,139.893,1366153500
1018,35.6881,139.7992,1366143780
1018,35.689,139.8405,1366056840
1018,35.6893,139.6969,1365965100
1018,35.6933,139.7034,1365964920
1018,35.662,139.6701,1365948180
1018,35.6657,139.6734,1365947640
1018,35.6713,139.6865,1365947340
1018,35.7026,139.7464,1365946500
1018,35.6974,139.7511,1365883680
1018,35.698,139.7598,1365850920
1018,35.7004,139.893,1365801720
1018,35.6955,139.8955,1365799620
1018,35.6881,139.7992,1365798300
1018,35.6956,139.8953,1365713160
1018,35.6565,139.6863,1365605520
1018,35.6683,139.676,1365604320
1018,35.6967,139.76,1365582960
1018,35.6968,139.7599,1365582360
1018,35.6949,139.896,1365540300
1018,35.5368,139.6995,1365317340
1018,35.5753,139.7334,1365316980
1018,35.6802,139.868,1365313920
1018,35.6994,139.8936,1365313140
1018,35.6882,139.7985,1365279600
1018,35.7004,139.893,1365210120
1018,35.6967,139.7599,1365150720
1018,35.6958,139.7748,1365101460
1018,35.6936,139.8964,1365013680
1018,35.68,139.8677,1364931960
1018,35.6977,139.8937,1364849220
1018,35.6944,139.8963,1364848920
1018,35.6956,139.75,1364847300
1018,35.7004,139.893,1364757540
1018,35.6956,139.75,1364697600
1018,35.7339,139.7149,1364693880
1018,35.7336,139.7148,1364687100
1018,35.7341,139.715,1364680800
1018,35.734,139.7149,1364674200
1018,35.7341,139.715,1364674080
1018,35.6975,139.7537,1364654760
1018,35.6941,139.7495,1364645220
1018,35.694,139.7472,1364643180
1018,35.694,139.7472,1364572260
1018,35.694,139.7472,1364546880
1018,35.6908,139.7475,1364494860
1018,35.694,139.7472,1364490480
1018,35.694,139.7472,1364489880
1018,35.693,139.748,1364489820
1018,35.6951,139.7482,1364489760
1018,35.6882,139.7976,1364413860
1018,35.7063,139.6657,1364410740
1018,35.7067,139.6657,1364409480
1018,35.7062,139.6655,1364409300
1018,35.7071,139.6657,1364409240
1018,35.6987,139.6705,1364406720
1018,35.6975,139.7497,1364397180
1018,35.6981,139.8943,1364331300
1018,35.6874,139.852,1364329740
1018,35.6951,139.7516,1364328480
1018,35.698,139.751,1364327400
1018,35.6908,139.7475,1364308020
1018,35.693,139.748,1364221200
1018,35.6707,139.6966,1364122800
1018,35.698,139.751,1363956780
1018,35.6944,139.7438,1363956720
1018,35.6908,139.7475,1363956660
1018,35.6908,139.7475,1363956600
1018,35.7047,139.9027,1363928520
1018,35.689,139.6971,1363759260
1018,35.6956,139.75,1363723920
1018,35.698,139.7539,1363723800
1018,35.698,139.7554,1363705200
1018,35.6944,139.7438,1363595040
1018,35.693,139.748,1363594680
1018,35.7002,139.893,1363552200
1018,35.7156,139.8979,1363548660
1018,35.6939,139.8956,1363544400
1018,35.6693,139.704,1363517460
1018,35.7004,139.893,1363379160
1018,35.7003,139.893,1363378800
1018,35.6976,139.7535,1363358520
1018,35.6952,139.7832,1363292220
1018,35.6941,139.7495,1363166880
1018,35.6944,139.7438,1363164180
1018,35.693,139.8598,1363120440
1018,35.6898,139.8026,1363119660
1018,35.698,139.7511,1363111020
1018,35.6897,139.8947,1363025220
1018,35.6944,139.7438,1363006140
1018,35.6941,139.7495,1363005780
1018,35.6911,139.8807,1362945180
1018,35.6971,139.7616,1362943860
1018,35.6707,139.6966,1362919020
1018,35.6692,139.6982,1362918960
1018,35.6949,139.8952,1362905940
1018,35.6869,139.7069,1362882540
1018,35.6798,139.6571,1362882360
1018,35.698,139.705,1362876360
1018,35.698,139.7053,1362870420
1018,35.6996,139.8928,1362819840
1018,35.7003,139.893,1362783600
1018,35.7003,139.8929,1362782220
1018,35.6985,139.8935,1362776940
1018,35.6982,139.8935,1362775740
1018,35.6865,139.8734,1362774840
1018,35.6973,139.7558,1362773280
1018,35.698,139.751,1362767400
1018,35.6975,139.7536,1362754140
1018,35.6953,139.7516,1362731880
1018,35.6941,139.7495,1362731700
1018,35.6901,139.8465,1362719160
1018,35.6975,139.7534,1362684060
1018,35.6982,139.7536,1362642960
1018,35.6969,139.7508,1362598860
1018,35.6968,139.7522,1362598800
1018,35.6906,139.8446,1362429960
1018,35.6453,139.707,1362427080
1018,35.644,139.7063,1362423540
1018,35.644,139.7063,1362422160
1018,35.6453,139.707,1362421140
1018,35.698,139.7552,1362402900
1018,35.6155,139.3791,1362221220
1018,35.6137,139.379,1362218880
1018,35.626,139.4757,1362213360
1018,35.6602,139.5795,1362212640
1018,35.6888,139.8331,1362208980
1018,35.7047,139.9025,1362208680
1018,35.6926,139.9007,1362208260
1018,35.6961,139.7746,1362168720
1018,35.6974,139.7546,1362168420
1018,35.6959,139.896,1362084180
1018,35.6901,139.8463,1362083340
1018,35.6881,139.7992,1362082920
