102,23.2023,45.9638,1412203740
102,23.2024,45.9636,1412203620
102,23.2025,45.9636,1410628260
102,23.2025,45.9636,1409295420
102,23.2024,45.9635,1409259240
102,23.2026,45.9639,1409205180
102,23.2024,45.9635,1409120940
102,23.2025,45.9637,1409120880
102,23.2026,45.9636,1407458100
102,23.2026,45.9636,1407457980
102,23.2026,45.9636,1407457980
102,23.2026,45.9637,1407391020
102,23.2025,45.9639,1407335280
102,23.2024,45.9636,1407334920
102,23.2025,45.9635,1407334500
102,23.2025,45.9635,1407334440
102,23.2024,45.9636,1407209400
102,23.2026,45.9637,1407141840
102,23.2027,45.9636,1407103200
102,23.2024,45.9636,1407056760
102,23.2025,45.9636,1406969400
102,23.2024,45.9641,1406963820
102,23.2025,45.9635,1406925300
102,23.2025,45.9635,1406925240
102,23.2026,45.9636,1406680080
102,23.2021,45.9641,1406624040
102,26.2525,48.8741,1406407980
102,26.2525,48.8741,1406407980
102,26.2525,48.8739,1406228460
102,23.2027,45.9633,1406141760
102,23.2027,45.9634,1406141700
102,23.2024,45.9636,1406140860
102,23.2025,45.9638,1406102700
102,23.2024,45.9634,1406049000
102,23.2026,45.9637,1406013720
102,23.2024,45.9636,1406013720
102,23.2026,45.9636,1405999620
102,23.2025,45.9638,1405999440
102,23.2023,45.9634,1405984920
102,23.2025,45.9638,1405984800
102,23.2025,45.9635,1405984800
102,23.2024,45.9637,1405970700
102,23.2024,45.9639,1405898520
102,23.2024,45.9637,1405898460
102,23.2024,45.9637,1405758060
102,23.2025,45.964,1405679340
102,23.2025,45.9636,1405671720
102,23.2026,45.9636,1405628280
102,23.2026,45.9636,1405628220
102,23.2027,45.9634,1405546080
102,23.2024,45.9639,1405544160
102,23.2024,45.9635,1405544100
102,23.2026,45.9636,1405511160
102,23.2025,45.9636,1405511100
102,23.2026,45.9636,1405511040
102,23.2024,45.9636,1405508940
102,23.2025,45.9636,1405508940
102,23.2024,45.9635,1405506240
102,23.2026,45.9637,1405458300
102,23.2026,45.9635,1405417020
102,23.2025,45.9635,1405416960
102,23.2026,45.9634,1405416780
102,23.2024,45.9635,1405416780
102,23.2026,45.9636,1405416540
102,23.2026,45.9636,1405416480
102,23.2026,45.9636,1405416420
102,23.2024,45.9638,1405391700
102,23.2025,45.964,1405388460
102,23.2024,45.9636,1405388340
102,23.2026,45.9636,1405382400
102,23.2024,45.9637,1405344060
102,23.2024,45.9636,1405343940
102,23.2024,45.9636,1405343700
102,23.2026,45.9634,1405343700
102,23.2025,45.9636,1405343700
102,23.2024,45.9635,1405307340
102,23.2025,45.9636,1405306740
102,23.2024,45.9635,1405306740
102,23.2024,45.9635,1405306680
102,23.2025,45.9635,1405302300
102,23.2026,45.9636,1405298880
102,23.2026,45.9647,1405287180
102,23.2025,45.9648,1405258380
102,23.2026,45.9646,1405257360
102,23.2024,45.9646,1405257300
102,23.2026,45.9646,1405255440
102,23.2024,45.9646,1405255260
102,23.2024,45.9646,1405255200
102,23.2024,45.9647,1405255140
102,23.2024,45.965,1405255020
102,23.2025,45.9646,1405254900
102,23.2025,45.9646,1405254540
102,23.2026,45.9646,1405254480
102,23.2026,45.9646,1405254420
102,23.2026,45.9634,1405112040
102,23.2023,45.9637,1404977100
102,23.201,45.9004,1404870120
102,23.2009,45.9005,1404870000
102,23.2009,45.9003,1404869400
102,23.2009,45.9004,1404869280
102,23.2011,45.9007,1404869100
102,23.2009,45.9004,1404868980
102,23.2025,45.964,1404639120
102,23.2025,45.9636,1404636600
102,23.2024,45.9635,1404603480
102,23.2024,45.9637,1404603480
102,23.2024,45.9635,1404598140
102,23.2025,45.9635,1404546720
102,23.2025,45.9649,1404461400
102,23.2039,45.9016,1404431580
102,23.2026,45.9637,1404425280
102,23.2025,45.9639,1404422460
102,23.2026,45.9634,1404372480
102,23.1967,45.8953,1404350460
102,23.2024,45.9635,1404340560
102,23.2025,45.964,1404340260
102,23.2025,45.964,1404339780
102,23.2024,45.9636,1404333000
102,23.2025,45.9636,1404248820
102,23.2025,45.964,1404248640
102,23.2026,45.9636,1404165840
102,23.2024,45.9635,1404072060
102,23.2027,45.9636,1404072000
102,23.2025,45.9635,1404032700
102,23.2024,45.9635,1404025260
102,23.2025,45.9636,1403999940
102,23.2025,45.9637,1403999820
102,23.2024,45.9637,1403997540
102,23.2026,45.9639,1403997420
102,23.2024,45.9637,1403996220
102,23.2024,45.9635,1403996100
102,23.2025,45.9635,1403996040
102,23.2025,45.9635,1403995320
102,23.2024,45.9639,1403995320
102,23.2025,45.9636,1403995260
102,23.2024,45.9636,1403994900
102,23.2024,45.9635,1403993940
102,23.2025,45.9634,1403993880
102,23.2024,45.9635,1403991660
102,23.2024,45.9636,1403942100
102,23.2026,45.9636,1403588760
102,23.2024,45.9636,1403435640
102,23.2025,45.964,1403435580
102,23.2025,45.964,1403435580
102,23.2022,45.9639,1403424000
102,23.2025,45.9636,1403322420
102,23.1967,45.8954,1403316540
102,23.1969,45.8953,1403316240
102,23.1968,45.8956,1403316180
102,23.1968,45.8956,1403316060
102,23.1967,45.8954,1403315640
102,23.1931,45.8954,1402976220
102,23.2025,45.9636,1402897920
102,22.7105,45.5578,1402790100
102,22.7433,45.6037,1402725360
102,23.2026,45.9635,1402669920
102,23.2025,45.964,1402351860
102,23.2024,45.9637,1402270800
102,23.2025,45.9636,1402130040
102,23.2024,45.9637,1402130040
102,23.2025,45.9636,1402129620
102,23.2025,45.9638,1402129080
102,23.2024,45.9637,1402120740
102,23.2025,45.9638,1402008240
102,23.2024,45.9636,1401978060
102,23.2025,45.9635,1401955500
102,23.2005,45.9607,1401941940
102,23.2024,45.9637,1401918600
102,23.2025,45.964,1401917640
102,23.2025,45.9635,1401854040
102,23.2025,45.9636,1401852660
102,23.2027,45.9634,1401832200
102,23.2026,45.9636,1401831900
102,23.2024,45.9636,1401805560
102,23.2027,45.9636,1401805500
102,23.2027,45.9638,1401743100
102,23.2025,45.9634,1401718080
102,23.2024,45.9635,1401693960
102,23.2026,45.9637,1401693840
102,23.2026,45.9637,1401693840
102,23.2024,45.9637,1401693000
102,23.2025,45.9636,1401690420
102,23.2026,45.9637,1401690300
102,23.2023,45.9637,1401676320
102,23.2024,45.9638,1401676200
102,23.2024,45.9638,1401675540
102,23.2024,45.9638,1401675540
102,23.2024,45.9639,1401670800
102,23.2024,45.9636,1401668220
102,23.2027,45.9635,1401659520
102,23.2025,45.9637,1401486900
102,23.2026,45.9636,1401486780
102,23.2025,45.9636,1401486600
102,23.2025,45.9639,1401486120
102,23.2027,45.9637,1401485580
102,23.2024,45.9637,1401485580
102,23.2024,45.9636,1401373620
102,23.2025,45.9636,1401351120
102,23.2025,45.9639,1401339180
102,23.2023,45.9636,1401318180
102,23.2028,45.9636,1401317520
102,23.2025,45.964,1401266220
102,23.2025,45.9636,1401265740
102,23.2025,45.964,1401265680
102,23.2025,45.9639,1401264000
102,23.2024,45.9636,1401222420
102,23.2025,45.964,1401221220
102,23.2024,45.9637,1401221160
102,23.2025,45.9637,1401171600
102,23.2025,45.9636,1401163260
102,23.2024,45.9636,1401141300
102,23.2025,45.9636,1401141120
102,23.2025,45.9637,1401140940
102,23.2025,45.9636,1401124380
102,23.2026,45.9634,1401031740
102,23.2024,45.9635,1401031680
102,23.2028,45.9639,1400970960
102,23.2028,45.9633,1400962980
102,23.2028,45.9636,1400962860
102,23.2027,45.9638,1400961120
102,23.2027,45.9633,1400920800
102,23.2026,45.9636,1400920380
102,23.203,45.9634,1400920380
102,23.2024,45.9636,1400919960
102,23.2028,45.9635,1400919780
102,23.2024,45.9637,1400919540
102,23.2025,45.9636,1400919420
102,23.2025,45.9636,1400919300
102,23.2025,45.964,1400919000
102,23.2025,45.9636,1400918880
102,23.2024,45.9635,1400918520
102,23.2025,45.9635,1400917920
102,23.2024,45.9636,1400916420
102,23.2025,45.9636,1400908800
102,23.2025,45.9636,1400905740
102,23.1967,45.8953,1400895060
102,23.2024,45.9636,1400889540
102,23.2025,45.9638,1400889420
102,23.2025,45.9636,1400821080
102,23.2025,45.9636,1400820960
102,23.2025,45.9636,1400820360
102,23.2025,45.9636,1400812320
102,23.2024,45.9635,1400798040
102,23.2026,45.9637,1400744700
102,23.2025,45.9636,1400744640
102,23.2024,45.9637,1400744160
102,23.2025,45.9636,1400743860
102,23.2025,45.9635,1400742900
102,23.2024,45.9636,1400681880
102,23.2027,45.9636,1400681820
102,23.2025,45.9636,1400650200
102,23.2025,45.9639,1400566860
102,23.2025,45.9639,1400566440
102,23.2024,45.9636,1400565900
102,23.2025,45.9635,1400508720
102,23.2025,45.9636,1400508720
102,23.2024,45.9637,1400505060
102,23.2025,45.9636,1400504940
102,23.2024,45.9635,1400486880
102,23.2024,45.9636,1400486400
102,23.2025,45.9639,1400486340
102,23.2025,45.9635,1400484540
102,23.2025,45.9634,1400484420
102,23.2024,45.9636,1400479500
102,23.2167,46.1498,1399861980
102,23.198,45.8936,1399347720
102,23.2025,45.9639,1396932900
102,23.2025,45.9636,1396929660
102,23.2024,45.9637,1396929420
102,23.1942,45.8919,1396925820
102,23.2024,45.9635,1396921380
102,23.2025,45.9635,1396921320
102,23.2027,45.9634,1396919400
102,23.2025,45.9636,1396907520
102,23.2027,45.9634,1396855740
102,23.2025,45.9636,1396853760
102,23.2026,45.9636,1396853100
102,23.2027,45.9639,1396853040
102,23.2025,45.964,1396852920
102,23.2027,45.9634,1396852560
102,23.2025,45.9636,1396852380
102,23.2023,45.9636,1396851060
102,23.2026,45.9635,1396850700
102,23.2026,45.9637,1396849740
102,23.2025,45.9637,1396846020
102,23.2335,45.9266,1396838280
102,23.2335,45.9266,1396838280
102,23.2335,45.9266,1396837980
102,23.2062,45.8978,1396825440
102,23.2061,45.8977,1396824000
102,23.2059,45.8977,1396823580
102,23.2025,45.9636,1396817040
102,23.2027,45.9638,1396816980
102,23.2026,45.9634,1396814340
102,23.2024,45.9635,1396814220
102,23.2025,45.9636,1396814220
102,23.2026,45.9634,1396771020
102,23.2026,45.9634,1396771020
102,23.2027,45.9634,1396770960
102,23.2026,45.9635,1396770780
102,23.2025,45.9636,1396770660
102,23.2026,45.9636,1396770660
102,23.2026,45.9635,1396770600
102,23.2027,45.9634,1396770600
102,23.2024,45.9637,1396770300
102,23.2026,45.9637,1396729200
102,23.2025,45.9636,1396697340
102,23.2025,45.9636,1396697280
102,23.2025,45.9636,1396697280
102,23.2024,45.9635,1396621920
102,23.2025,45.9635,1396621200
102,23.2026,45.9635,1396598940
102,23.2024,45.9635,1396598940
102,23.1965,45.8917,1396572720
102,23.1962,45.8916,1396572720
102,23.1962,45.8916,1396572600
102,23.1962,45.8916,1396572600
102,23.1965,45.8917,1396572540
102,23.2025,45.9636,1396535220
102,23.2025,45.9636,1396510020
102,23.2026,45.9638,1396509900
102,23.2024,45.9635,1396509840
102,23.2027,45.9634,1396509000
102,23.2025,45.9636,1396506000
102,23.1939,45.8919,1396496460
102,23.194,45.892,1396496340
102,23.194,45.8919,1396496220
102,23.1939,45.8919,1396488060
102,23.194,45.8919,1396486800
102,23.2024,45.9635,1396448280
102,23.2026,45.9636,1396448280
102,23.2024,45.9636,1396419180
102,23.2025,45.9636,1396360560
102,23.2027,45.9633,1396302840
102,23.203,45.9632,1396302780
102,23.2025,45.9636,1396275840
102,23.2024,45.9635,1396275180
102,23.2024,45.9635,1396275120
102,23.2026,45.9635,1396273500
102,23.2025,45.9635,1396253580
102,23.2025,45.9635,1396253520
102,23.2024,45.9637,1396249560
102,23.2025,45.9636,1396249560
102,22.7201,45.5679,1396134540
102,22.7201,45.5679,1396134480
102,23.2025,45.9636,1396126200
102,23.2027,45.9636,1396126140
102,23.2025,45.9635,1396126080
102,23.2025,45.9635,1396125240
102,23.2025,45.9637,1396071960
102,23.2024,45.9637,1396071840
102,23.2024,45.9636,1396071840
102,23.2024,45.9635,1396016640
102,23.2024,45.9637,1395955740
102,23.2024,45.9637,1395902460
102,23.2024,45.9637,1395900960
102,23.2024,45.9636,1395900900
102,23.2039,45.9435,1395894780
102,23.2037,45.9436,1395893160
102,23.2025,45.9637,1395805860
102,23.2024,45.9637,1395782880
102,23.2024,45.9637,1395782820
102,23.2027,45.9634,1395730200
102,23.2025,45.9636,1395725160
102,23.2024,45.9634,1395643500
102,23.2025,45.964,1395643500
102,23.2023,45.9636,1395643440
102,23.2023,45.9638,1395643320
102,23.2023,45.9638,1395643020
102,23.2022,45.9635,1395642780
102,23.2025,45.9635,1395637140
102,23.2024,45.9646,1395619200
102,23.2028,45.9636,1395613680
102,23.2024,45.9636,1395613380
102,23.2025,45.9646,1395563520
102,23.2023,45.9638,1395552660
102,23.2025,45.9635,1395524940
102,23.2024,45.9635,1395435840
102,23.2024,45.9636,1395306480
102,23.2026,45.9636,1395289560
102,23.2025,45.9636,1395289500
102,23.2024,45.9633,1395289200
102,23.2025,45.964,1395289140
102,23.2026,45.9635,1395287400
102,23.2025,45.9636,1395287340
102,23.2001,45.9608,1395198420
102,23.189,45.8757,1395193320
102,23.1966,45.8954,1395189420
102,23.1967,45.8954,1395188760
102,23.1966,45.8954,1395188040
102,23.2027,45.9636,1395092880
102,23.2027,45.9634,1395092760
102,23.2026,45.9637,1395046800
102,23.2026,45.9638,1395046800
102,23.2025,45.9636,1395046380
102,23.2023,45.9636,1395046260
102,23.2024,45.9638,1395045480
102,23.2024,45.9637,1395045300
102,23.2024,45.964,1395045120
102,23.2025,45.964,1395045000
102,23.2025,45.964,1395044820
102,23.2025,45.964,1395044760
102,23.2025,45.9637,1395044520
102,23.2025,45.9639,1395044520
102,23.2025,45.9639,1395044400
102,23.2025,45.9639,1395044400
102,23.2025,45.9639,1395044340
102,23.2025,45.9639,1395044280
102,23.2023,45.9637,1395040140
102,23.2025,45.964,1395040080
102,23.2025,45.9636,1395033240
102,23.2026,45.9636,1395016260
102,23.2024,45.9635,1395011340
102,23.2024,45.9636,1395011160
102,23.2025,45.9635,1395010920
102,23.2026,45.9635,1395010860
102,23.2025,45.9636,1394952360
102,23.2039,45.9634,1394952060
102,23.2023,45.9636,1394949240
102,23.2798,45.9229,1394922360
102,23.2932,45.9321,1394922060
102,23.2798,45.923,1394921220
102,23.2799,45.9229,1394921160
102,23.2798,45.923,1394916420
102,23.2798,45.9228,1394916060
102,23.2798,45.923,1394916000
102,23.2798,45.923,1394915700
102,23.2799,45.923,1394915340
102,23.2977,45.893,1394912400
102,23.2833,45.9261,1394881320
102,23.2887,45.9317,1394881260
102,23.2802,45.923,1394881020
102,23.2802,45.9256,1394880300
102,23.2993,45.8903,1394880180
102,23.2802,45.923,1394879820
102,23.2802,45.923,1394879760
102,23.2802,45.923,1394879640
102,23.2802,45.923,1394879640
102,23.2802,45.923,1394879580
102,23.2797,45.923,1394878500
102,23.2797,45.923,1394878500
102,23.2798,45.9229,1394878380
102,23.2843,45.9155,1394878140
102,23.2943,45.9329,1394878140
102,23.2798,45.923,1394877780
102,23.2798,45.923,1394877600
102,23.2768,45.9253,1394877600
102,23.2696,45.9306,1394877540
102,23.2026,45.9636,1394780340
102,23.2026,45.9635,1394778720
102,23.2026,45.9635,1394743680
102,23.2026,45.9637,1394743620
102,23.2026,45.9637,1394743560
102,23.2027,45.9637,1394743560
102,23.2025,45.9636,1394720400
102,23.1943,45.8919,1394509320
102,23.2024,45.9636,1394488920
102,23.2083,45.8907,1394481840
102,23.2025,45.9634,1394431260
102,23.2025,45.9637,1394431140
102,23.2025,45.9636,1394373840
102,23.2025,45.9636,1394270940
102,23.2021,45.9613,1394267460
102,23.2026,45.9634,1394089320
102,23.2024,45.9646,1394046960
102,23.2026,45.9646,1394046720
102,23.2023,45.9647,1394014500
102,23.2025,45.9646,1394014440
102,23.2026,45.9646,1394014140
102,23.2024,45.9637,1393962120
102,23.2024,45.9637,1393922820
102,23.2004,45.8808,1393901160
102,23.2024,45.9637,1393893060
102,23.2025,45.9637,1393892940
102,23.2027,45.9634,1393882260
102,23.2025,45.9635,1393869480
102,23.2004,45.8807,1393807500
102,23.2004,45.8808,1393807440
102,23.2024,45.9636,1393797000
102,23.2024,45.9636,1393796940
102,23.2024,45.9638,1393796940
102,23.2024,45.9637,1393744440
102,23.2025,45.9636,1393736160
102,23.2025,45.9636,1393711440
102,23.2026,45.9639,1393711140
102,23.2026,45.9635,1393711020
102,23.2026,45.9635,1393711020
102,23.2025,45.9636,1393710960
102,23.2026,45.9636,1393710900
102,23.2025,45.9636,1393710840
102,23.2029,45.9635,1393710720
102,23.2025,45.9636,1393710720
102,23.2024,45.9635,1393708800
102,23.2027,45.9634,1393706760
102,23.2026,45.9636,1393705080
102,23.2024,45.9637,1393705080
102,23.2024,45.9637,1393703880
102,23.2026,45.9638,1393703160
102,23.2025,45.964,1393702560
102,23.2025,45.964,1393663740
102,23.2025,45.964,1393663320
102,23.2026,45.9636,1393662540
102,23.2025,45.9636,1393662420
102,23.2027,45.9635,1393636740
102,23.2025,45.9637,1393597800
102,23.2026,45.9636,1393581180
102,23.2027,45.9637,1393581180
102,23.2026,45.9635,1393581180
102,23.2026,45.9635,1393581120
102,23.2026,45.9635,1393581060
102,23.2025,45.9635,1393581060
102,23.2026,45.9634,1393579200
102,23.2024,45.9636,1393578120
102,23.2026,45.9635,1393577340
102,23.2027,45.9636,1393576380
102,23.2027,45.9638,1393576200
102,23.2024,45.9636,1393575840
102,23.2026,45.9641,1393566960
102,23.2026,45.9636,1393485780
102,23.2025,45.9635,1393481580
102,23.2024,45.9635,1393481520
102,23.2024,45.9635,1393480260
102,23.2024,45.9635,1393480200
102,23.2023,45.9634,1393480080
102,23.2026,45.9635,1393479960
102,23.2024,45.9635,1393479120
102,23.2026,45.9635,1393472220
102,23.2026,45.9635,1393471380
102,23.2026,45.9637,1393462500
102,23.2024,45.9637,1393462320
102,23.2025,45.9635,1393462200
102,23.2025,45.964,1393462080
102,23.2026,45.9636,1393451580
102,23.2025,45.964,1393451340
102,23.2024,45.9636,1393449600
102,23.2024,45.9639,1393449000
102,23.2026,45.9634,1393386300
102,23.2026,45.9636,1393310520
102,23.2024,45.9637,1393310460
102,23.2023,45.9639,1393310280
102,23.2023,45.9639,1393309860
102,23.2024,45.9635,1393306320
102,23.2002,45.9608,1393304160
102,23.2001,45.9609,1393300500
102,23.202,45.9645,1393292160
102,23.2023,45.9639,1393292100
102,23.2025,45.964,1393290540
102,23.2024,45.964,1393290420
102,23.2027,45.9635,1393287420
102,23.2025,45.9636,1393279260
102,23.2026,45.9637,1393278660
102,23.2025,45.9636,1393278600
102,23.2026,45.9636,1393278420
102,23.2025,45.9637,1393278240
102,23.2024,45.9637,1393278180
102,23.2025,45.9636,1393251660
102,23.2026,45.9636,1393235040
102,23.2027,45.9634,1393234980
102,23.2025,45.9634,1393234860
102,23.2026,45.9639,1393234320
102,23.2026,45.9636,1393233840
102,23.2026,45.9636,1393233540
102,23.2025,45.9636,1393231800
102,23.2025,45.9636,1393230180
102,23.2024,45.9635,1393225980
102,23.2026,45.9636,1393225140
102,23.2026,45.9636,1393225020
102,23.2025,45.964,1393223760
102,23.2025,45.9636,1393223280
102,23.2025,45.9636,1393223280
102,23.6278,45.3831,1393209840
102,23.6278,45.3831,1393185480
102,23.6278,45.3831,1393184100
102,23.6276,45.3833,1393183980
102,23.6272,45.3825,1393183620
102,23.6278,45.3831,1393138860
102,23.6278,45.3832,1393138860
102,23.6276,45.3831,1393136520
102,23.6278,45.3832,1393051920
102,23.6277,45.3833,1393051920
102,23.6278,45.3831,1393051500
102,23.6278,45.3831,1393051140
102,23.6278,45.3831,1393050720
102,23.6278,45.3831,1393050600
102,23.6278,45.3832,1393050300
102,23.6275,45.3828,1393040400
102,23.6275,45.3829,1393040220
102,23.6272,45.3825,1393040220
102,23.6272,45.3825,1393040160
102,23.6275,45.3829,1393040040
102,23.6316,45.3857,1393031460
102,23.2027,45.9634,1392992640
102,23.2025,45.9634,1392992580
102,23.2027,45.9636,1392986100
102,23.2025,45.9636,1392971160
102,23.2025,45.9636,1392969780
102,23.2028,45.9637,1392965400
102,23.1962,45.8914,1392942300
102,23.1962,45.8913,1392942000
102,23.1962,45.8913,1392941280
102,23.1962,45.8913,1392940920
102,23.1962,45.8913,1392940740
102,23.1962,45.8913,1392940320
102,23.1893,45.8748,1392937140
102,23.189,45.8757,1392936960
102,23.2028,45.9637,1392928500
102,23.2026,45.9636,1392927420
102,23.2024,45.9635,1392906060
102,23.2026,45.9632,1392885180
102,23.2024,45.9635,1392885180
102,23.2025,45.9636,1392885120
102,23.2025,45.964,1392879900
102,23.2025,45.964,1392879240
102,23.2027,45.9634,1392879120
102,23.2024,45.9635,1392878880
102,23.2024,45.9635,1392878640
102,23.2025,45.9636,1392878460
102,23.2026,45.9636,1392878340
102,23.2024,45.9637,1392875520
102,23.2026,45.9636,1392870420
102,23.2024,45.9637,1392797400
102,23.2025,45.964,1392711780
102,23.2027,45.9634,1392711720
102,23.2026,45.9636,1392711480
102,23.2027,45.9634,1392711480
102,23.2026,45.9636,1392710940
102,23.2025,45.9636,1392710520
102,23.2025,45.9636,1392709860
102,23.2025,45.9636,1392704040
102,23.2026,45.9638,1392675660
102,23.2024,45.9634,1392646800
102,23.2025,45.9636,1392623640
102,23.2024,45.9637,1392622440
102,23.2024,45.9638,1392607740
102,23.2025,45.9638,1392607680
102,23.2154,45.9077,1392488460
102,23.2154,45.9076,1392488040
102,23.2024,45.9638,1392484080
102,23.2024,45.9638,1392428760
102,23.2023,45.9646,1392428040
102,23.2024,45.9639,1392427200
102,23.203,45.9069,1392393900
102,23.2026,45.9637,1392383760
102,23.2025,45.9637,1392383760
102,23.2027,45.9635,1392348060
102,23.2028,45.9636,1392278940
102,23.2024,45.9636,1392276300
102,23.2026,45.9638,1392276000
102,23.2029,45.9633,1392275880
102,23.2028,45.9635,1392275220
102,23.2031,45.9647,1392275040
102,23.2026,45.9637,1392274680
102,23.2026,45.9634,1392273480
102,23.2027,45.9633,1392273420
102,23.2027,45.9634,1392273240
102,23.2025,45.9639,1392273180
102,23.2025,45.9636,1392272880
102,23.2027,45.9637,1392272760
102,23.2024,45.9636,1392270060
102,23.2027,45.9634,1392269880
102,23.2027,45.9634,1392269760
102,23.2026,45.9634,1392269460
102,23.2028,45.9632,1392261120
102,23.2027,45.9638,1392260040
102,23.2048,45.9101,1392256500
102,23.2045,45.9104,1392256440
102,23.2027,45.9035,1392256080
102,23.2029,45.9038,1392256020
102,23.2039,45.9016,1392255600
102,23.2039,45.9016,1392255480
102,23.2039,45.9015,1392255300
102,23.2039,45.9014,1392255120
102,23.2039,45.9014,1392253680
102,23.2037,45.9017,1392248640
102,23.2025,45.9635,1392237900
102,23.2023,45.9633,1392212100
102,23.2026,45.9637,1392210840
102,23.2025,45.9636,1392210060
102,23.2025,45.9637,1392210060
102,23.2027,45.9639,1392209820
102,23.194,45.9361,1392209820
102,23.2028,45.9639,1392190380
102,23.2024,45.9635,1392185760
102,23.2027,45.9635,1392185460
102,23.2025,45.9636,1392182640
102,23.2027,45.9636,1392180240
102,23.2026,45.9639,1392177780
102,23.2024,45.9635,1392177600
102,23.2026,45.9646,1392169260
