1034,6.9195,107.6144,1392269460
1034,6.9224,107.6122,1392198180
1034,6.8986,107.6204,1391955120
1034,6.9091,107.6183,1391888160
1034,6.9181,107.61,1391794140
1034,7.3417,108.2163,1391626440
1034,6.8901,107.6131,1391201400
1034,6.8894,107.5963,1391191800
1034,6.9213,107.6134,1390678260
1034,6.4315,107.4531,1390665360
1034,6.4315,107.4531,1390665300
1034,6.2261,106.8039,1390599360
1034,6.2241,106.8084,1390541640
1034,6.2255,106.8144,1390494000
1034,6.8953,107.5892,1390461960
1034,6.8873,107.5965,1390075080
1034,6.9207,107.6137,1389874620
1034,6.9207,107.6137,1389857880
1034,6.8684,107.6157,1389095100
1034,6.8425,107.6766,1389078360
1034,6.8721,107.6106,1387909260
1034,6.8147,107.6198,1387808280
1034,6.8998,107.613,1387650120
1034,6.9022,107.627,1387432080
1034,6.9023,107.6124,1386861000
1034,6.9194,107.6096,1386776640
1034,6.9237,107.6207,1386243900
1034,6.9491,107.6231,1386142080
1034,6.905,107.6106,1386007680
1034,6.8715,107.6153,1385919300
1034,6.8978,107.604,1385911680
1034,6.8985,107.6204,1385843280
1034,6.8889,107.5968,1385747040
1034,6.9216,107.608,1385453880
1034,6.9073,107.6109,1385312880
1034,6.8713,107.6154,1384499640
1034,6.8714,107.6154,1384456800
1034,6.8714,107.6154,1384447260
1034,6.8714,107.6154,1384376700
1034,6.729,107.657,1384290300
1034,6.8714,107.6154,1384284840
1034,6.8714,107.6154,1384205880
1034,6.917,107.6165,1384017840
1034,6.8716,107.6154,1383599280
1034,6.8716,107.6154,1383595500
1034,6.9014,107.6265,1383361500
1034,6.8759,107.6155,1383116820
1034,6.8759,107.6155,1383110640
1034,6.8847,107.6051,1382866200
1034,6.8886,107.5963,1382806860
1034,6.9005,107.6214,1382797740
1034,6.8713,107.6154,1382573280
1034,6.8713,107.6154,1382572740
1034,6.2249,106.8141,1382448720
1034,6.8714,107.6153,1382343780
1034,6.8714,107.6153,1382276460
1034,6.8714,107.6153,1382262420
1034,6.8714,107.6153,1382204700
1034,6.8714,107.6153,1382203560
1034,6.8877,107.581,1382163540
1034,6.876,107.615,1382138760
1034,6.8988,107.6028,1382080260
1034,6.8715,107.6153,1381802940
1034,6.8762,107.6155,1381634880
1034,6.8714,107.6153,1381618260
1034,6.8944,107.603,1381283340
1034,6.1909,106.8361,1381139280
1034,6.8988,107.613,1374957480
1034,6.8752,107.6055,1374928860
1034,6.9268,107.6132,1374187260
1034,6.9306,107.5756,1374084840
1034,6.9306,107.5756,1373730000
1034,6.9306,107.5756,1373488560
1034,6.8728,107.6128,1373209860
1034,6.2645,106.8172,1372965300
1034,6.8728,107.6106,1372792140
1034,6.8891,107.598,1372778580
1034,6.9045,107.6196,1372533720
1034,6.905,107.6183,1372531980
1034,6.8865,107.5807,1372523460
1034,6.8928,107.6485,1372440240
1034,6.8716,107.6154,1372370640
1034,6.8729,107.615,1372347660
1034,6.8716,107.6154,1372336980
1034,6.8716,107.6155,1372304700
1034,6.8716,107.6155,1372277760
1034,6.8724,107.6117,1372267380
1034,6.8716,107.6155,1372262580
1034,6.8722,107.6156,1372194180
1034,6.9179,107.6168,1372189020
1034,6.8716,107.6154,1372168680
1034,6.875,107.6068,1372146240
1034,6.8728,107.6162,1372000020
1034,6.8728,107.6182,1371861960
1034,6.9049,107.6189,1371650760
1034,6.8716,107.6154,1371601860
1034,6.8726,107.6157,1371600540
1034,6.9155,107.6111,1371485040
1034,6.8732,107.6058,1371413460
1034,6.8716,107.6153,1371391020
1034,6.9124,107.5991,1371318060
1034,6.8716,107.6154,1371313800
1034,6.8716,107.6156,1371168960
1034,6.8716,107.6155,1371087120
1034,6.8716,107.6155,1371086280
1034,6.9104,107.6082,1371042540
1034,6.9202,107.6307,1370379900
1034,6.9202,107.6307,1370369700
1034,6.911,107.6052,1370345700
1034,6.8854,107.5964,1370095620
1034,6.8993,107.627,1367314980
1034,6.8859,107.5813,1366982580
1034,6.8989,107.6094,1366562700
1034,6.876,107.629,1366488960
1034,6.8308,107.656,1366487580
1034,6.876,107.629,1366487220
1034,6.9083,107.5984,1366207380
1034,6.8676,107.6207,1366187580
1034,6.897,107.6125,1365943500
1034,6.885,107.5823,1365619920
1034,6.8854,107.5964,1365184200
1034,6.9027,107.613,1365100020
1034,6.863,107.6295,1364660700
1034,6.8889,107.596,1364473620
1034,6.907,107.6201,1364464140
1034,6.8973,107.6311,1364328120
1034,6.9022,107.6562,1364325360
1034,6.9191,107.6154,1364049120
1034,6.9057,107.6103,1363964280
1034,6.8484,107.6279,1363876680
1034,6.8716,107.6154,1362859320
1034,6.8716,107.6154,1362859260
1034,6.8716,107.6154,1362858960
1034,6.8993,107.627,1362651720
1034,6.8728,107.6133,1362531000
1034,6.8716,107.6154,1362521220
1034,6.8989,107.6106,1362497820
1034,6.8724,107.6135,1362261240
1034,6.8724,107.6135,1362261180
1034,6.8724,107.6135,1362261060
1034,6.8724,107.6135,1362261000
1034,6.8724,107.6135,1362260940
1034,6.8724,107.6135,1362260820
1034,6.8724,107.6135,1362260760
1034,6.8724,107.6135,1362260520
1034,6.8724,107.6135,1362260400
1034,6.8724,107.6135,1362260340
1034,6.8722,107.6139,1362260220
1034,6.8721,107.6143,1362260160
1034,6.8724,107.6135,1362258900
1034,6.8724,107.6135,1362254820
1034,6.8724,107.6135,1362254520
1034,6.8724,107.6135,1362253440
1034,6.8859,107.5812,1362218340
1034,6.8874,107.5823,1362208680
1034,6.9059,107.6191,1362068820
1034,6.9027,107.613,1362063240
1034,6.9025,107.6092,1361973420
1034,6.8899,107.5965,1361969280
1034,6.8867,107.5811,1361873400
1034,6.8989,107.6106,1361730420
1034,6.8772,107.6177,1361729580
1034,6.876,107.5697,1361542140
1034,6.9049,107.6233,1361376900
1034,6.8889,107.596,1361365140
1034,6.9027,107.613,1361356980
1034,6.8998,107.6058,1361029620
1034,6.8998,107.6058,1361029500
1034,6.9269,107.6362,1360946220
1034,6.9262,107.6296,1360943580
1034,6.9121,107.6105,1359543300
1034,6.9121,107.6105,1359540420
1034,6.9079,107.6104,1359538740
1034,6.9079,107.6104,1359538680
1034,6.9396,107.6308,1359536580
1034,6.8869,107.5811,1359458280
1034,6.9022,107.6562,1359445740
1034,6.8897,107.5963,1358949060
1034,6.8751,107.605,1358945400
1034,6.9074,107.6088,1358940660
1034,6.9077,107.6091,1358937000
1034,6.9018,107.6121,1358875680
1034,6.9282,107.6209,1358780640
1034,6.9027,107.613,1358776500
1034,6.8913,107.6501,1358625420
1034,6.8913,107.6501,1358617860
1034,6.894,107.6047,1358594460
1034,7.8347,110.3913,1356454560
1034,7.7993,110.365,1356435000
1034,7.8067,110.3563,1356280740
1034,6.9718,107.6308,1355597280
1034,6.905,107.6231,1354290660
1034,6.9073,107.6233,1354031340
1034,6.8682,107.5915,1353174960
1034,6.8854,107.6132,1352803320
1034,6.8854,107.6132,1352799660
1034,6.8854,107.6132,1352798640
1034,6.8987,107.6111,1350250800
1034,6.9216,107.6105,1350212460
1034,6.8854,107.6132,1349714640
1034,6.859,107.6375,1349615340
1034,6.882,107.5744,1349550180
1034,6.8863,107.5807,1349357760
1034,6.9057,107.621,1349218920
1034,6.9223,107.6129,1349217660
1034,6.8878,107.5813,1349168940
1034,6.891,107.5811,1349090340
1034,6.9018,107.6122,1348842600
1034,6.9077,107.6091,1348839840
1034,6.8869,107.5811,1348762980
1034,6.8869,107.5811,1348482180
1034,6.8778,107.5673,1348400040
1034,6.8863,107.5807,1348126860
1034,6.8985,107.604,1348071660
1034,6.8878,107.5813,1348063860
1034,6.9018,107.6122,1348007580
1034,6.8869,107.5811,1347982260
1034,6.8869,107.5811,1347903660
1034,6.8869,107.5811,1347897900
