1038,22.9633,43.2222,1427047560
1038,22.9603,43.212,1426997820
1038,22.9706,43.1811,1426987560
1038,23.3661,46.7462,1425432540
1038,23.636,46.6397,1425316800
1038,23.5466,46.6417,1425264300
1038,22.8991,43.2091,1424300280
1038,22.8954,43.1995,1423974660
1038,23.3639,46.7407,1423632420
1038,23.636,46.6397,1422981360
1038,23.5634,46.6684,1422908760
1038,23.6349,46.643,1422904860
1038,23.5656,46.6663,1422855180
1038,23.5163,46.6466,1422760140
1038,23.636,46.6397,1421858580
1038,23.588,46.6889,1421808660
1038,23.5638,46.6679,1421122740
1038,23.636,46.6397,1420565640
1038,23.5705,46.6458,1420511340
1038,23.5705,46.6458,1420232040
1038,23.5654,46.6942,1417973580
1038,30.031,51.2346,1417365600
1038,30.0423,51.2384,1417316100
1038,30.031,51.2346,1417313400
1038,30.0336,51.2279,1417302240
1038,30.0288,51.2304,1417294680
1038,30.0308,51.2282,1417215060
1038,30.0583,51.1761,1417126920
1038,30.0583,51.1761,1417063500
1038,30.0243,51.222,1417025760
1038,30.0315,51.2058,1416979980
1038,30.0274,51.1982,1416976680
1038,23.6362,46.6411,1416677940
1038,23.2954,47.6905,1416085020
1038,23.5632,46.6545,1415814780
1038,23.6362,46.6411,1415636280
1038,23.6362,46.6399,1415234700
1038,23.5558,46.6578,1414818420
1038,23.5535,46.6358,1414743540
1038,23.6358,46.6399,1414082460
1038,23.6347,46.6405,1413952440
1038,23.5604,46.6561,1413760620
1038,23.6089,46.6961,1413107820
1038,23.3942,46.7154,1412927700
1038,23.5621,46.6535,1412469000
1038,23.53,46.6325,1411790580
1038,23.573,46.6759,1411701720
1038,23.6288,46.6442,1411673280
1038,23.5891,46.651,1409528640
1038,23.541,46.6836,1409466300
1038,23.573,46.6759,1409291220
1038,23.53,46.6325,1409195520
1038,23.6314,46.647,1409170620
1038,23.5614,46.6558,1409073900
1038,23.53,46.6325,1409032680
1038,23.53,46.6325,1409025540
1038,23.636,46.6397,1408992540
1038,23.5339,46.7043,1408834140
1038,23.5896,46.6402,1408826700
1038,23.5604,46.6561,1408778940
1038,23.636,46.6397,1408732380
1038,23.6354,46.64,1408053360
1038,23.636,46.6397,1408038300
1038,23.3628,46.7433,1407984060
1038,4.597,74.0763,1407896820
1038,40.6997,73.9867,1407814500
1038,40.7504,73.9876,1407717780
1038,40.7684,73.9812,1407645720
1038,23.5222,46.6518,1404701760
1038,23.5722,46.7034,1404097740
1038,21.1955,47.7948,1402024920
1038,21.1758,47.8135,1401940920
1038,23.6286,46.6443,1397062020
1038,27.605,48.467,1388255520
1038,27.6086,48.4532,1385778060
1038,22.2943,48.5491,1380213540
1038,22.296,48.5568,1380183960
1038,21.7955,48.1771,1374259020
1038,22.8816,43.1131,1372569420
1038,23.5677,46.6975,1369000200
1038,23.3614,46.743,1367917920
1038,23.5529,46.6588,1366947900
1038,23.6286,46.6443,1366220040
1038,23.5911,46.6807,1365715560
1038,23.5796,46.698,1364773800
1038,23.5832,46.698,1364588340
1038,23.6314,46.647,1363142400
1038,23.3623,46.7449,1362721980
1038,23.3517,46.7434,1361260440
1038,23.3517,46.7434,1361260380
1038,23.3555,46.7425,1361259840
1038,23.3517,46.7434,1361259660
1038,23.3517,46.7434,1361259660
1038,23.349,46.7418,1361259180
1038,23.349,46.7418,1361259120
1038,23.349,46.7418,1361259000
1038,23.349,46.7418,1361258940
1038,23.349,46.7418,1361258880
1038,23.349,46.7418,1361258880
1038,23.3481,46.7412,1361258400
1038,23.3481,46.7412,1361258340
1038,23.3517,46.7434,1361257200
1038,23.3517,46.7434,1361257080
1038,23.3517,46.7434,1361256000
1038,23.349,46.7418,1361255340
1038,23.3627,46.7436,1361196480
1038,23.3627,46.7436,1361196420
1038,23.3629,46.7452,1361170680
1038,23.3517,46.7434,1360851360
1038,23.3517,46.7434,1360851300
1038,23.3517,46.7434,1360851180
1038,23.3663,46.7428,1360850940
1038,23.363,46.7456,1360301640
1038,23.3656,46.7505,1360126860
1038,23.3629,46.7435,1360047480
1038,23.5354,46.7813,1360032420
1038,23.5479,46.6384,1360029840
1038,23.5765,46.657,1359664560
1038,23.6314,46.647,1359592260
1038,23.6356,46.6398,1359572640
1038,23.6359,46.6398,1359382260
1038,23.5253,46.6673,1359090420
1038,23.5161,46.6431,1358861100
1038,23.5163,46.6466,1358826060
1038,23.5163,46.6466,1358755260
1038,23.5163,46.6466,1358711340
1038,23.522,46.6489,1358659320
1038,23.5593,46.6573,1358528880
1038,23.588,46.6889,1358485860
1038,23.5593,46.6571,1358452680
1038,23.5593,46.6571,1358451900
1038,23.5598,46.6572,1358449680
1038,23.5593,46.6573,1358444580
1038,23.3659,46.7514,1358428980
1038,23.6362,46.6413,1358383980
1038,23.5354,46.7813,1358215440
1038,23.5575,46.6895,1358050440
1038,23.3629,46.7436,1357968960
1038,23.6333,46.6441,1357957020
1038,23.6333,46.6441,1357956960
1038,23.3629,46.7435,1357630560
1038,23.3614,46.7397,1357616340
1038,23.3629,46.7436,1357566120
1038,23.6185,46.6389,1357180260
1038,23.6359,46.6398,1357156440
1038,23.6359,46.6398,1357149300
1038,23.441,46.7455,1357139820
1038,23.3628,46.7434,1357134360
1038,23.6461,46.6418,1355614560
1038,27.4271,48.4577,1354418100
1038,27.5835,48.5448,1354327440
1038,27.5835,48.5448,1354216500
1038,27.5968,48.5494,1354156020
1038,27.665,48.545,1354149180
1038,23.626,46.6587,1354129500
1038,23.6336,46.6395,1353628560
1038,23.6336,46.6395,1353628440
1038,23.3629,46.7435,1353565860
1038,23.6336,46.6395,1353535260
1038,23.6363,46.64,1353452640
1038,23.3515,46.7426,1353283140
1038,23.3515,46.7426,1353283020
1038,23.645,46.6417,1353110880
1038,22.3237,49.0784,1352964720
1038,23.5233,46.192,1352674320
1038,23.5049,46.8345,1352516580
1038,23.5589,46.6597,1352487900
1038,23.5591,46.6602,1352436120
1038,23.5593,46.6585,1352387880
1038,23.6314,46.647,1352249400
1038,23.6359,46.6398,1352244120
1038,23.5842,46.6754,1352131980
1038,23.6354,46.64,1351620060
1038,23.8991,46.4683,1351450620
1038,24.0078,46.4249,1351446180
1038,23.6359,46.6398,1350665580
1038,23.5463,46.6426,1350092460
1038,23.5485,46.6465,1349549160
1038,23.6336,46.6392,1348696320
1038,23.5565,46.6582,1348246140
1038,23.555,46.676,1348175520
