104,41.0258,28.9811,1424623020
104,41.0102,29.042,1424543880
104,40.9999,28.932,1423261680
104,40.9075,29.3158,1422095580
104,41.0697,29.0015,1419420780
104,40.9643,29.0589,1419113880
104,40.9642,29.0589,1419112980
104,41.0217,29.0114,1418945700
104,41.0217,29.0114,1418945520
104,41.071,29.0013,1418423340
104,41.0217,29.0114,1417996200
104,41.0217,29.0113,1417883160
104,41.0217,29.0114,1417882680
104,41.078,29.009,1417549320
104,41.0715,29.0022,1417270320
104,40.9601,29.0916,1416088860
104,41.0347,28.9766,1416004140
104,41.1747,28.9899,1415793840
104,41.2017,29.1346,1415558640
104,41.1738,29.0886,1415552040
104,40.9075,29.3158,1414795260
104,40.9953,39.7802,1414787880
104,41.0085,39.7212,1414765560
104,41.0082,39.721,1414764660
104,40.9075,29.3158,1414664160
104,41.0217,29.0113,1414285920
104,41.0217,29.0114,1414197540
104,41.1667,29.05,1413932220
104,41.1681,29.056,1413930420
104,41.0217,29.0114,1413849060
104,41.0217,29.0114,1413672720
104,41.0712,29.0021,1413575640
104,41.0711,29.0024,1413542820
104,41.0217,29.0114,1413414480
104,41.0217,29.0113,1413414420
104,41.02,29.008,1412375700
104,41.0693,29.0004,1412073300
104,41.7349,27.2242,1411242420
104,41.0229,28.9783,1411182660
104,41.0347,28.9767,1411166100
104,41.02,29.008,1410819060
104,41.0599,29.0398,1410751200
104,41.0599,29.0398,1410742800
104,41.0598,29.0395,1410724920
104,41.1612,29.0166,1410024660
104,41.0243,29.0139,1408487820
104,41.0243,29.013,1408487340
104,41.0298,28.9739,1407541020
104,41.4081,27.3675,1406497920
104,41.02,29.008,1406069640
104,41.034,28.978,1405819560
104,41.0648,28.9951,1405635480
104,41.1745,28.9896,1405522500
104,41.0202,29.008,1405382460
104,41.0672,29.0035,1405331040
104,41.0202,29.008,1405279680
104,41.02,29.008,1405192980
104,41.0701,29.0016,1404987240
104,41.0672,29.0035,1404121320
104,40.8805,29.0697,1403972460
104,40.881,29.0674,1403960220
104,41.0438,29.0046,1403645520
104,41.4027,27.3569,1403309760
104,41.0672,29.0035,1403258160
104,41.072,28.8103,1403100960
104,41.016,29.0106,1402260780
104,40.9873,29.0269,1402187760
104,40.9902,29.025,1402180380
104,41.0697,29.0015,1401901860
104,41.1743,28.9896,1401712620
104,41.0799,29.0107,1401271680
104,41.0799,29.0107,1401212700
104,41.0783,29.0111,1400597280
104,40.957,29.0969,1400534700
104,41.0575,29.2968,1400532780
104,41.016,29.0106,1400436780
104,41.016,29.0106,1400420280
104,41.0202,29.008,1400364660
104,40.9886,29.0237,1400282940
104,41.1694,28.9908,1400255460
104,41.0202,29.008,1399931700
104,41.0783,29.0111,1399907580
104,41.0347,28.9767,1399670760
104,41.016,29.0106,1399415400
104,40.9,29.3717,1399377720
104,40.9632,29.0642,1399246980
104,41.7349,27.2243,1399076640
104,41.7348,27.224,1399076100
104,41.4026,27.3656,1399070940
104,41.0785,29.0112,1399043640
104,41.0783,29.0111,1399042500
104,41.0201,29.0081,1398990240
104,41.0189,29.009,1398990120
104,41.1693,28.9908,1398873900
104,40.9873,29.0269,1398561720
104,41.0356,28.9835,1398202140
104,41.0202,29.008,1398006120
104,40.9644,29.0732,1397947020
104,41.0494,28.9813,1397843160
104,41.016,29.0106,1397764800
104,40.9793,29.0229,1397751300
104,40.9907,29.0249,1397747400
104,41.0202,29.008,1397652900
104,41.0244,29.0138,1397512680
104,41.0236,29.0079,1397416140
104,41.1687,29.0579,1397333580
104,41.0617,28.9544,1397277300
104,40.2066,28.9917,1397090220
104,40.189,29.0615,1396971120
104,40.1886,29.056,1396909320
104,40.1887,29.0556,1396907880
104,41.1332,29.84,1396797360
104,41.1349,29.8534,1396794180
104,41.1186,29.6566,1396788600
104,41.0173,28.9681,1396716960
104,40.9784,28.8176,1396041960
104,37.3209,40.7237,1395864120
104,37.4153,41.3739,1395855120
104,37.7145,41.4118,1395852840
104,37.897,41.1319,1395845040
104,37.9277,41.9421,1395841560
104,37.9363,41.9321,1395834240
104,37.9122,40.1981,1395669120
104,38.7651,35.4819,1395423840
104,38.7476,35.4009,1395359640
104,38.7239,35.48,1395265500
104,38.7507,35.3958,1395182700
104,38.7507,35.3958,1395181440
104,38.7476,35.4009,1395097260
104,38.7649,35.4819,1395056400
104,40.9075,29.3158,1395047520
104,40.9784,28.8176,1394815260
104,38.3355,38.2192,1394462700
104,40.9784,28.8176,1394449500
104,41.0356,28.9943,1394233740
104,41.0366,28.9823,1394077920
104,41.0366,28.9823,1394065140
104,40.9784,28.8176,1393015140
104,41.1315,36.1312,1392910680
104,41.3304,36.2936,1392848820
104,41.2884,36.3292,1392846780
104,41.343,36.2564,1392768120
104,41.3297,36.2816,1392740580
104,41.3297,36.2816,1392738660
104,41.343,36.2564,1392681420
104,41.2884,36.3292,1392644580
104,40.9075,29.3158,1392627780
104,41.0676,29.0451,1392583620
104,40.9871,29.0269,1392510060
104,40.9951,39.78,1392393480
104,41.015,39.5976,1392327900
104,41.0003,39.7622,1392307860
104,41.0003,39.7622,1392242220
104,41.0079,39.7213,1392221100
104,40.9929,39.694,1392141600
104,40.9922,39.7879,1392066540
104,40.9947,39.7798,1392032340
104,40.9075,29.3158,1392023760
104,41.4058,27.3523,1391890140
104,41.0195,29.0106,1391283300
104,40.9784,28.8176,1391201160
104,40.9836,37.914,1391166120
104,40.9836,37.914,1391041920
104,40.9851,37.8808,1391036280
104,41.0039,37.8708,1390948500
104,41.0039,37.8708,1390946520
104,40.9836,37.914,1390903980
104,40.9836,37.914,1390859340
104,40.9852,37.8804,1390826940
104,41.2574,36.5553,1390819080
104,40.9075,29.3158,1390810380
104,41.0202,29.008,1390739760
104,41.0354,28.9944,1390738620
104,40.9784,28.8176,1390600980
104,36.9457,37.4737,1390591200
104,37.0701,37.3667,1390519140
104,37.0586,37.3876,1390342620
104,37.0635,37.3851,1390254840
104,36.9457,37.4737,1390217100
104,40.9075,29.3158,1390208400
104,41.0631,28.9923,1389738540
104,41.0284,29.0158,1389610620
104,40.9871,29.0269,1389484740
104,40.9784,28.8176,1389385680
104,37.9839,32.5757,1389379560
104,37.8688,32.5131,1389317220
104,37.8821,32.4889,1389304740
104,37.8888,32.4942,1389217200
104,37.8706,32.5012,1389115500
104,37.8706,32.5012,1389110940
104,37.8688,32.5131,1389043200
104,37.9839,32.576,1389010620
104,40.9075,29.3158,1389003120
104,40.115,32.991,1387575060
104,40.115,32.991,1387573500
104,39.9073,32.8588,1387491540
104,39.9072,32.8597,1387319040
104,40.1144,32.9912,1387200780
104,40.1146,32.9914,1387200780
104,40.9075,29.3158,1387191480
104,41.3838,27.4706,1386971040
104,41.3838,27.4706,1386970500
104,41.4083,27.3516,1386864540
104,41.4058,27.3523,1386798540
104,41.4073,27.3525,1386710280
104,41.4058,27.3523,1386630120
104,41.4027,27.3556,1386539460
104,40.9075,29.3158,1386379260
104,40.1147,32.9909,1386371100
104,40.1146,32.9914,1386370020
104,39.9049,32.8091,1386289500
104,39.913,32.8092,1386285000
104,39.9126,32.8093,1386284340
104,39.9094,32.7553,1386195180
104,39.9094,32.7553,1386194100
104,39.909,32.8589,1386111060
104,39.946,32.7628,1386086940
104,39.9113,32.8561,1386024240
104,40.9075,29.3158,1385985540
104,41.0423,29.0092,1385816760
104,41.0202,29.0096,1385767920
104,41.0238,29.1262,1385570580
104,41.0202,29.0096,1385509740
104,41.0202,29.0096,1385329920
104,41.0202,29.0096,1385249340
104,41.0423,29.0092,1385216400
104,41.0438,29.0046,1385162700
104,40.9075,29.3158,1385149740
104,36.9852,35.2971,1385140860
104,37.0011,35.3199,1385072580
104,36.9958,35.2694,1384986120
104,37.0011,35.3199,1384905960
104,36.9877,35.3203,1384812240
104,36.9852,35.2971,1384777620
104,40.9075,29.3158,1384767900
104,41.0423,29.0092,1384691820
104,41.0423,29.0092,1384605840
104,40.7637,30.3936,1384476120
104,40.7638,30.3938,1384297740
104,40.7638,30.3938,1384294680
104,40.7638,30.3938,1384209360
104,41.0631,28.9923,1384013100
104,41.0284,29.0158,1384011300
104,40.9075,29.3158,1383941280
104,36.9852,35.2971,1383930420
104,36.5751,36.1363,1383862620
104,36.5913,36.1693,1383840120
104,36.5947,36.1773,1383831180
104,36.5751,36.1363,1383753480
104,36.5705,36.1574,1383600300
104,36.9852,35.2971,1383570540
104,40.9083,29.3162,1383558960
104,40.9075,29.3158,1383556020
104,41.0037,29.0233,1383518100
104,41.0423,29.0092,1383483000
104,41.0201,29.0085,1383436320
104,41.0037,29.0233,1383425220
104,41.0423,29.0092,1383396540
104,40.9998,29.0317,1383328980
104,41.0037,29.0233,1383230700
104,41.0441,29.006,1383070920
104,41.0219,28.9735,1382988840
104,41.0167,28.9699,1382985960
104,41.0201,28.9732,1382984880
104,41.0284,29.0158,1382981520
104,41.0037,29.0233,1382912520
104,41.0423,29.0092,1382878200
104,41.0597,28.9936,1382822460
104,41.0423,29.0092,1382787720
104,40.9075,29.3158,1382724060
104,38.293,27.1483,1382717160
104,38.4587,27.0945,1382657280
104,38.4372,27.1427,1382583900
104,38.4372,27.1427,1382583720
104,38.4372,27.1427,1382581980
104,38.4373,27.1427,1382580360
104,38.45,27.2102,1382541660
104,38.441,27.1439,1382479320
104,38.4378,27.1436,1382393460
104,38.4269,27.1398,1382389860
104,38.293,27.1483,1382356380
104,40.9075,29.3158,1382346660
104,41.0037,29.0233,1382151180
104,41.02,29.0088,1382100720
104,41.02,29.0088,1381955880
104,41.02,29.0088,1381949220
104,41.0217,29.0112,1381882020
104,41.0217,29.0112,1381880640
104,41.0216,29.0113,1381879260
104,41.0216,29.0113,1381878540
104,41.0216,29.0113,1381877880
104,41.0217,29.0112,1381873140
104,40.9866,29.0273,1381775520
104,41.0356,28.9943,1381504860
104,41.0284,29.0158,1381311540
104,41.0037,29.0233,1381270740
104,41.0037,29.0233,1381185240
104,41.0037,29.0233,1381069380
104,40.9075,29.3158,1380913860
104,37.9362,40.2068,1380903660
104,37.9122,40.1981,1380903000
104,37.9362,40.2068,1380637980
104,37.9122,40.1981,1380549300
104,40.9075,29.3158,1380538140
104,37.8071,27.8382,1380487020
104,40.3559,28.9274,1380301020
104,40.2065,28.992,1380154980
104,40.3825,28.8718,1380146580
104,40.3825,28.8718,1380145260
104,40.373,28.8893,1380144720
104,40.2065,28.992,1380070740
104,40.2127,28.9851,1380057900
104,40.2083,28.9919,1379973480
104,40.2083,28.9919,1379972100
104,40.3559,28.9274,1379942220
104,40.9908,29.0188,1379935080
104,41.0198,29.0088,1379875260
104,41.0198,29.0088,1379721780
104,40.9075,29.3158,1379713800
104,40.9947,39.7798,1379703300
104,41.001,39.7603,1379623920
104,40.9997,39.7611,1379623380
104,41.0014,39.726,1379606580
104,41.0052,39.7298,1379539140
104,41.0052,39.7298,1379537280
104,41.0082,39.721,1379429460
104,41.0082,39.721,1379428920
104,41.0213,39.5761,1379365260
104,41.0158,39.5939,1379364120
104,40.9929,39.694,1379358780
104,40.9947,39.7798,1379332320
104,40.9075,29.3158,1379321640
104,40.9826,29.1334,1379190420
104,40.9826,29.1334,1379185560
104,40.9857,29.0997,1379178780
104,40.9828,29.0231,1379124480
104,40.9791,29.0216,1379118000
104,41.0146,28.8833,1379071320
104,41.0144,28.8826,1378807860
104,41.0631,28.9923,1378761900
104,41.0348,28.9822,1378530480
104,41.0356,28.9813,1378526880
104,41.0347,28.9767,1378506180
104,41.0354,28.9944,1378416420
104,41.0354,28.9944,1378329900
104,41.0354,28.9944,1378243500
104,41.018,28.9755,1378157760
104,41.0284,29.0157,1378114440
104,41.4081,27.3675,1377976020
104,41.4025,27.3559,1377956640
104,41.0198,29.0088,1377823260
104,40.9075,29.3158,1377818460
104,37.9839,32.5757,1377809880
104,37.8071,27.8382,1377779580
104,37.8688,32.5131,1377739080
104,37.887,32.4603,1377730440
104,37.887,32.4603,1377728760
104,37.8786,32.5158,1377716700
104,37.8688,32.5131,1377639480
104,37.8688,32.5131,1377555540
104,37.8821,32.4889,1377553440
104,37.8821,32.4889,1377551880
104,40.9075,29.3158,1377513780
104,40.9632,29.0642,1377466200
104,41.0202,29.008,1377427800
104,41.0202,29.008,1377426840
104,36.9457,37.4737,1377285900
104,37.0635,37.3851,1377120300
104,37.0775,37.3854,1377094800
104,37.0635,37.3851,1377040320
104,37.0589,37.3872,1377034860
104,37.0635,37.3851,1376949180
104,37.0635,37.3851,1376947860
104,40.9075,29.3158,1376902560
104,41.0744,28.7655,1376897400
104,41.0744,28.7655,1376862480
104,41.0597,28.9936,1376848740
104,41.0209,29.0394,1376758320
104,41.4058,27.3523,1376522940
104,41.3559,27.3346,1376435580
104,41.3559,27.3346,1376429640
104,41.4042,27.3587,1376259660
104,41.7349,27.2241,1376162760
104,41.7349,27.2241,1376162220
104,41.7368,27.2193,1376137620
104,41.8329,27.6744,1376075400
104,41.4048,27.3316,1375987500
104,41.4081,27.3675,1375835520
104,41.4081,27.3675,1375828020
104,41.4081,27.3675,1375656480
104,41.4081,27.3675,1375650360
104,41.4058,27.3523,1375573080
104,41.4021,27.3564,1375559640
104,40.1146,32.9914,1375470540
104,39.9072,32.8597,1375391100
104,39.9113,32.8565,1375316640
104,39.9081,32.8599,1375307880
104,39.9072,32.8597,1375226340
104,39.9056,32.8607,1375225800
104,40.1146,32.9914,1375105260
104,40.9075,29.3158,1375097100
104,40.993,29.0243,1375090860
104,40.4232,29.2157,1375032120
104,40.7634,29.4219,1374882060
104,40.9075,29.3158,1374871320
104,36.9137,30.8026,1374861120
104,36.8563,30.7422,1374793440
104,36.8808,30.6634,1374702420
104,36.8581,30.7342,1374616620
104,36.855,30.7439,1374576540
104,36.8558,30.7434,1374547560
104,36.9137,30.8026,1374494880
104,40.9075,29.3158,1374486180
104,40.9632,29.0642,1374362040
104,40.9075,29.3158,1374270060
104,40.9084,29.3151,1374270060
104,38.293,27.1483,1374263220
104,38.3653,26.7685,1374187800
104,38.4538,27.1007,1374115920
104,38.2851,26.3797,1374016140
104,38.2852,26.3754,1374014580
104,38.4269,27.1398,1373941560
104,37.8597,27.261,1373924580
104,38.293,27.1483,1373892540
104,40.9075,29.3158,1373882580
104,41.0199,29.0087,1373841540
104,40.4319,3.6634,1373760900
104,41.2208,29.0225,1373741160
104,40.9075,29.3158,1373654340
104,36.9852,35.2971,1373645760
104,41.1422,29.9082,1373619840
104,36.5927,36.1848,1373469660
104,36.5954,36.1636,1373406120
104,36.5704,36.1577,1373403840
104,36.6012,36.1985,1373286180
104,36.9852,35.2971,1373280600
104,40.9075,29.3158,1373271420
104,41.0872,29.0569,1373209860
104,40.9901,29.0279,1373083320
104,40.9873,29.0269,1373079540
104,41.0199,29.0087,1373062380
104,41.0263,29.1254,1373037060
104,41.0441,29.006,1372975260
104,41.0199,29.0087,1372971120
104,41.0263,29.1254,1372949100
104,41.0241,29.1262,1372776000
104,41.024,29.1264,1372691220
104,37.8071,27.8382,1372626240
104,41.0597,28.9936,1372615080
104,41.4058,27.3523,1372557120
104,41.4081,27.3675,1372546500
104,41.0106,28.8152,1372443420
104,40.9075,29.3158,1372383000
104,38.7653,35.4817,1372372380
104,38.7289,35.5176,1372367040
104,38.6402,35.4984,1372284180
104,38.7288,35.5171,1372280100
104,38.7292,35.5173,1372194900
104,38.7238,35.4773,1372117020
104,38.7201,35.501,1372112340
104,38.7653,35.4817,1372078200
104,40.9075,29.3158,1372068660
104,41.1232,29.888,1372000200
104,41.0901,29.3664,1371902640
104,41.0199,29.0087,1371858720
104,38.293,27.1483,1371844080
104,36.9623,28.6887,1371691380
104,37.8071,27.8382,1371602760
104,37.8067,27.8383,1371509760
104,38.293,27.1483,1371469380
104,40.9075,29.3158,1371463320
104,40.4165,3.7049,1371314700
104,40.4637,3.7492,1371310980
104,40.4142,3.6833,1371239100
104,40.4172,3.7061,1371238620
104,41.3869,2.1699,1371217740
104,40.4321,3.6564,1371166560
104,40.4166,3.7036,1371163800
104,40.4319,3.6634,1371162360
104,40.429,3.6775,1371076380
104,41.2172,2.2906,1371067260
104,41.3881,2.1706,1370908860
104,41.4141,2.1524,1370867760
104,41.4026,2.1736,1370806860
104,41.3687,2.1471,1370806500
104,40.9786,28.82,1370768640
104,40.9075,29.3158,1370637300
104,40.1143,32.9907,1370625900
104,40.1153,32.9928,1370623980
104,39.9479,32.8514,1370530740
104,39.9198,32.855,1370480100
104,39.9025,32.8603,1370468460
104,39.905,32.8607,1370293680
104,40.1153,32.9928,1370262600
104,40.9075,29.3158,1370252460
104,41.0341,28.979,1370211840
104,41.0383,28.9869,1370147220
104,41.0426,29.0069,1370113620
104,41.0341,28.979,1370039460
104,41.0405,28.9996,1370035560
104,40.9075,29.3158,1370026320
104,37.9122,40.1981,1370016540
104,37.9117,40.1982,1370016480
104,37.9065,40.2359,1370013840
104,37.9131,40.2374,1369862880
104,37.9167,40.2157,1369825140
104,37.9201,40.2191,1369778880
104,37.932,40.191,1369753560
104,37.9201,40.2191,1369689060
104,37.9122,40.1981,1369662900
104,40.9075,29.3158,1369651920
104,40.9939,29.0244,1369646940
104,41.0446,29.0447,1369598100
104,41.0446,29.0453,1369597980
104,41.0202,29.008,1369573620
104,41.4027,27.3553,1369504260
104,41.4045,27.3473,1369443900
104,41.436,27.3841,1369442580
104,41.0436,29.0046,1369352700
104,41.0436,29.0045,1369348740
104,41.0233,29.0532,1369300200
104,41.0119,28.8156,1369237080
104,41.0106,28.8152,1369145460
104,41.067,28.9944,1369128900
104,41.0597,28.9936,1369087620
104,41.0125,28.8133,1369047180
104,41.1438,29.5895,1368978780
104,41.0201,29.0086,1368889980
104,41.044,28.9935,1368834720
104,41.0436,28.9944,1368834660
104,41.0813,29.016,1368817260
104,41.0217,29.0112,1368397620
104,41.0202,29.008,1368386640
104,41.0217,29.0112,1368373920
104,41.0217,29.0113,1368373740
104,41.0217,29.0113,1368373680
104,41.0217,29.0113,1368373560
104,41.0217,29.0113,1368373380
104,41.0217,29.0113,1368373320
104,41.0217,29.0112,1368373200
104,41.0217,29.0112,1368373080
104,41.0216,29.0113,1368373020
104,41.0217,29.0113,1368372960
104,41.0181,29.0086,1368355980
104,41.0028,29.173,1368269340
104,40.9075,29.3158,1368210480
104,40.9948,39.7801,1368201300
104,41.01,39.7071,1368134700
104,41.0029,39.6958,1368133320
104,41.0053,39.7307,1368112200
104,41.0066,39.7258,1368043980
104,40.9929,39.694,1368024720
104,40.9929,39.694,1367941860
104,41.0082,39.721,1367937540
104,41.0082,39.721,1367937180
104,41.0089,39.7214,1367937120
104,41.0052,39.7298,1367873280
104,40.9999,39.7306,1367851560
104,40.9948,39.7801,1367836380
104,40.9075,29.3158,1367827920
104,41.0202,29.008,1367785140
104,41.2303,29.0143,1367699220
104,41.0354,28.9945,1367611500
104,41.0284,29.0157,1367574720
104,41.0284,29.0157,1367488200
104,41.0436,29.0045,1367358000
104,41.0129,28.9439,1367332440
104,41.0243,29.014,1367273580
104,41.0243,29.014,1367271720
104,41.0144,28.8826,1367255820
104,41.0426,29.0069,1367005680
104,41.067,28.9944,1366971360
104,40.9873,29.0269,1366928520
104,41.0429,29.0015,1366922760
104,41.0284,29.0157,1366882620
104,41.0426,29.0069,1366837440
104,41.0284,29.0157,1366796460
104,41.0227,29.0112,1366757100
104,41.0312,28.9834,1366730040
104,41.0236,28.9787,1366725540
104,41.0426,29.0069,1366665480
104,41.0284,29.0157,1366625100
104,41.0202,29.0082,1366563720
104,41.4058,27.3523,1366503180
104,41.4042,27.3587,1366491180
104,41.4081,27.3675,1366481220
104,41.4081,27.3675,1366479780
104,41.3979,27.3779,1366403580
104,37.9839,32.5757,1366387560
104,37.8707,32.5011,1366317240
104,37.8707,32.5011,1366316700
104,37.887,32.4968,1366232520
104,37.8822,32.489,1366146120
104,37.8822,32.489,1366145340
104,37.8885,32.4951,1366065660
104,37.8889,32.4931,1366056540
104,37.9838,32.5758,1366018860
104,40.9075,29.3158,1366012320
104,41.0245,29.0162,1365974280
104,41.0297,28.9744,1365911100
104,41.0381,28.9871,1365900060
104,41.177,29.6097,1365884880
104,41.1539,29.5898,1365884280
104,40.9655,29.1081,1365875700
104,41.0202,29.0082,1365816720
104,36.9457,37.4737,1365793680
104,37.0635,37.3851,1365788100
104,37.0588,37.3874,1365721380
104,37.0802,37.3658,1365630240
104,37.0588,37.3874,1365543060
104,37.0613,37.3876,1365460980
104,37.0635,37.3851,1365459540
104,37.0635,37.3851,1365457320
104,36.9457,37.4737,1365420780
104,40.9075,29.3158,1365411240
104,41.4062,27.3371,1365265500
104,41.4042,27.3587,1365205140
104,41.4081,27.3675,1365158640
104,41.4058,27.3523,1365022260
104,41.4611,27.3894,1364935680
104,41.4058,27.3523,1364867160
104,41.4058,27.3523,1364685660
104,41.3979,27.378,1364665800
104,41.0202,29.008,1364650560
104,41.0208,29.0078,1364601720
104,41.0283,28.8121,1364495580
104,41.0198,28.82,1364469660
104,41.0244,29.0138,1364335440
104,41.0209,29.0394,1364254680
104,41.4081,27.3675,1364063100
104,41.4081,27.3675,1364059320
104,41.4022,27.3561,1364007060
104,36.9852,35.2969,1363981440
104,36.5752,36.1363,1363819200
104,36.584,36.1716,1363744020
104,36.5868,36.1717,1363731240
104,36.5919,36.1732,1363709580
104,36.5954,36.1637,1363642440
104,36.5894,36.176,1363623600
104,37.0033,35.7029,1363609440
104,36.9852,35.2969,1363606080
104,40.9075,29.3158,1363598040
104,40.9601,29.0916,1363392540
104,40.9601,29.0916,1363390680
104,41.0283,28.8121,1363277220
104,41.0194,29.0053,1363133100
104,41.012,28.8201,1363087560
104,41.0125,28.8133,1363013040
104,40.9632,29.0642,1362944880
104,41.0287,29.0053,1362875220
104,41.021,29.0395,1362864300
104,41.0209,29.0394,1362783480
104,41.0119,28.8156,1362673020
104,41.0283,28.8121,1362500640
104,41.0162,29.0161,1362438360
104,41.0945,29.0939,1362232620
104,41.0946,29.0895,1362224940
104,41.0219,28.9731,1362180000
104,41.0198,28.82,1362137340
104,41.0511,28.9914,1362005940
104,41.0106,28.8152,1361990880
104,41.0209,29.0104,1361844120
104,41.0,29.0317,1361722320
104,40.9968,28.9194,1361575920
104,41.0199,28.82,1361445780
104,41.0436,29.0045,1361314860
104,41.0124,28.82,1361273460
104,41.0245,29.0163,1361229780
104,41.0209,29.01,1361052600
104,41.0119,28.8156,1360859760
104,41.0671,28.9943,1360753080
104,41.0597,28.9936,1360709640
104,41.0119,28.8156,1360686960
104,41.0436,29.004,1360502160
104,40.9075,29.3158,1360370580
104,36.9958,35.2694,1360342020
104,36.9958,35.2694,1360338720
104,37.0215,35.3232,1360276500
104,36.9877,35.3203,1360191660
104,36.9877,35.3203,1360190400
104,36.9899,35.3221,1360110600
104,37.0006,35.3203,1360107300
104,37.0009,35.3209,1360103820
104,36.9899,35.3221,1360024020
104,36.9877,35.3203,1360014720
104,36.9877,35.3203,1360014420
104,36.9852,35.2969,1359978180
104,40.9075,29.3158,1359969240
104,41.0412,29.0079,1359940920
104,41.4081,27.3675,1359901140
104,41.4218,27.168,1359896760
104,41.7349,27.2239,1359861480
104,41.7336,27.2231,1359848160
104,41.7349,27.2242,1359831300
104,41.7349,27.2242,1359830940
104,41.402,27.3582,1359769380
104,41.0426,29.0069,1359761040
104,40.7919,30.294,1359648180
104,40.7637,30.3937,1359584580
104,40.7637,30.3936,1359583620
104,40.7037,30.2124,1359562740
104,40.6705,30.2228,1359562080
104,40.7637,30.3937,1359499080
104,40.772,30.4041,1359475320
104,40.7637,30.3937,1359409980
104,40.7637,30.3936,1359407760
104,40.7264,30.3837,1359379080
104,41.0254,29.0156,1359370920
104,41.0217,29.0112,1359337200
104,41.0217,29.0113,1359331860
104,41.0217,29.0113,1359327360
104,41.0217,29.0113,1359323640
104,41.0131,29.0209,1359254340
104,40.9601,29.0916,1359244920
104,40.9601,29.0916,1359241080
104,41.021,29.0097,1359227460
104,41.0353,28.979,1359076980
104,41.0362,28.9847,1359066720
104,40.9931,29.0227,1359064380
104,40.993,29.0243,1359024840
104,40.993,29.0243,1358853780
104,40.8962,29.2,1358785260
104,40.993,29.0243,1358769540
104,41.0355,28.9944,1358685060
104,41.0597,28.9936,1358631300
104,41.0282,29.0155,1358626980
104,41.0209,29.0105,1358558760
104,40.9075,29.3158,1358549700
104,38.293,27.1483,1358538840
104,38.4259,27.1335,1358460780
104,38.4376,27.1427,1358377920
104,38.4329,27.1884,1358371680
104,38.4265,27.1398,1358305560
104,38.4326,27.1403,1358289360
104,38.4324,27.1369,1358204160
104,38.2947,27.1476,1358166420
104,38.293,27.1483,1358166000
104,40.9075,29.3158,1358158440
104,40.993,29.0243,1358154420
104,40.9075,29.3158,1357943520
104,40.1149,32.9931,1357938060
104,39.946,32.7628,1357819020
104,39.9113,32.8561,1357782180
104,39.9512,32.8316,1357778100
104,39.909,32.8581,1357767780
104,39.9113,32.8561,1357595940
104,40.1143,32.991,1357561080
104,40.9075,29.3158,1357553700
104,40.9857,29.0997,1357504200
104,40.9851,29.0987,1357501620
104,41.0437,29.0048,1357426260
104,41.0437,29.0048,1357424700
104,40.9075,29.3158,1357344420
104,38.2962,27.1486,1357332660
104,37.807,27.8384,1357254480
104,37.8494,27.8431,1357249440
104,38.4605,27.2122,1357181100
104,38.4538,27.1007,1357171860
104,38.4565,27.099,1357169940
104,38.2962,27.1486,1357129140
104,40.9075,29.3158,1357121040
104,41.214,29.1091,1357064280
104,41.0597,28.9936,1356992760
104,41.024,29.1264,1356887040
104,41.0196,29.0106,1356298980
104,41.0001,29.0318,1356277200
104,41.044,29.0072,1356193140
104,41.0212,29.0102,1356131280
104,41.0119,28.8156,1356120000
104,40.9905,29.0232,1356006180
104,40.9905,29.0232,1356005280
104,41.0597,28.9936,1355974260
104,41.0597,28.9936,1355960820
104,41.0422,29.0014,1355954700
104,40.9024,29.2165,1355934720
104,40.993,29.0243,1355921340
104,41.0119,28.8156,1355858040
104,41.0113,28.8153,1355847780
104,41.0649,29.0028,1355696040
104,41.042,29.0052,1355691720
104,41.0423,28.9919,1355687160
104,41.0227,29.0112,1355682900
104,41.0298,28.9739,1355607540
104,41.0309,28.9757,1355604900
104,41.0221,29.0095,1355592060
104,41.0201,29.0084,1355578260
104,41.0227,29.0112,1355540220
104,41.0221,29.0095,1355529540
104,41.0227,29.0112,1355440980
104,41.0227,29.0112,1355357700
104,41.0227,29.0112,1355277000
104,41.0229,29.0112,1355219580
104,41.0209,29.0394,1355182980
104,41.021,29.0394,1355181000
104,41.0229,29.0112,1355096160
104,41.0216,29.0106,1355081700
104,40.9631,29.0646,1355071920
104,41.0216,29.0106,1355006460
104,41.0392,28.9944,1354921740
104,41.0438,29.0047,1354915860
104,41.0597,28.9936,1354894680
104,41.0494,28.9813,1354887600
104,41.0171,29.014,1354879740
104,41.0113,28.8153,1354809480
104,41.0671,28.9943,1354791600
104,41.022,29.0108,1354666020
104,40.9601,29.0916,1354578060
104,41.0119,28.8156,1354554660
104,41.0,29.0318,1354473960
104,41.0313,28.9752,1354416840
104,41.0317,28.9759,1354416540
104,41.0036,28.9806,1354402020
104,41.0036,28.9806,1354401600
104,41.0227,28.9773,1354377900
104,41.0227,28.9773,1354377000
104,41.0529,28.9952,1354369320
104,40.9712,29.039,1354321920
104,41.0514,28.9916,1354318140
104,40.9075,29.3158,1354151400
104,40.1148,32.9914,1354141740
104,40.1149,32.9931,1354140480
104,39.9516,32.8325,1354103160
104,39.9069,32.8613,1354052160
104,39.9516,32.8325,1354049400
104,39.9036,32.8089,1354035420
104,39.9036,32.8089,1354032300
104,39.9046,32.8651,1353984180
104,40.1149,32.9931,1353981660
104,40.9075,29.3158,1353972360
104,40.993,29.0243,1353965940
104,41.0122,28.8156,1353687480
104,41.0671,28.9943,1353495180
104,41.0597,28.9936,1353467940
104,41.0529,28.9952,1353454740
104,41.0426,29.0069,1353177720
104,41.0113,28.8153,1353084300
104,41.0119,28.8156,1352821980
104,41.0439,29.0045,1352761680
104,41.087,29.0753,1352583660
104,40.9856,29.1011,1352579820
104,40.9857,29.0997,1352576640
104,41.0392,28.9944,1352502120
104,41.0248,29.0132,1352419500
104,41.0124,28.82,1352374380
104,40.9735,28.8777,1352246760
104,40.9751,28.8691,1352241240
104,41.0233,29.0532,1352196780
104,41.0217,29.0108,1352161320
104,41.214,29.1091,1352055780
104,41.0597,28.9936,1351975560
104,41.0665,28.9956,1351973160
104,41.034,28.9928,1351971720
104,41.021,29.0394,1351955700
104,41.0217,29.0108,1351896360
104,40.2306,28.9819,1351810740
104,40.3762,28.8861,1351720740
104,40.2563,29.0614,1351638600
104,40.2563,29.0614,1351637400
104,40.2065,28.9919,1351633680
104,40.3559,28.9274,1351599960
104,41.0333,28.9928,1351589580
104,41.0213,29.0084,1351548960
104,41.0168,29.0134,1351536780
104,41.0213,29.0084,1351515240
104,41.0202,29.008,1351510200
104,41.0217,29.0108,1351434660
104,41.4149,27.3352,1351365540
104,41.4149,27.3352,1351361580
104,41.4149,27.3352,1351361400
104,41.4058,27.3523,1351359480
104,41.7314,27.228,1351254120
104,41.402,27.3658,1351029060
104,41.0198,28.82,1350986940
104,41.0106,28.8152,1350929160
104,41.0187,29.0329,1350831480
104,41.0187,29.0329,1350830280
104,41.0106,28.8152,1350661860
104,41.0119,28.8156,1350661200
104,41.0217,29.0108,1350601980
104,41.0124,28.82,1350556800
104,41.0217,29.0108,1350515940
104,41.0168,29.0134,1350342000
104,41.0217,29.0108,1350337680
