106,7.2945,112.7302,1409940300
106,7.3207,112.7337,1408787820
106,7.2874,112.7187,1408556940
106,7.2875,112.7178,1408552080
106,7.2948,112.7308,1408283820
106,7.2819,112.7437,1408011540
106,7.3437,112.7338,1407862320
106,7.351,112.7405,1407611820
106,7.2624,112.7508,1407518460
106,7.2804,112.7698,1407063840
106,7.2829,112.695,1407003000
106,7.2802,112.7715,1406237880
106,7.2797,112.7713,1406220180
106,7.3496,112.7443,1406056500
106,7.2898,112.736,1405637520
106,7.2898,112.736,1404469380
106,7.2949,112.7303,1404323700
106,7.2947,112.7305,1404220260
106,7.2958,112.7206,1373297400
106,7.2964,112.7206,1373295900
106,7.3349,112.7189,1373268360
106,7.2779,112.8015,1373133360
106,7.3339,112.7203,1373111100
106,7.3348,112.7189,1373095800
106,7.3351,112.7191,1373058120
106,7.2767,112.7007,1373027460
106,7.2941,112.7313,1373016240
106,7.3349,112.7189,1373005620
106,7.2777,112.7023,1372956360
106,7.3349,112.7191,1372923540
106,7.3334,112.721,1372846440
106,7.2998,112.731,1372833840
106,7.333,112.7214,1372780080
106,7.333,112.7214,1372779660
106,7.3325,112.7208,1372713360
106,7.2775,112.6934,1372694880
106,7.2783,112.6937,1372627260
106,7.2775,112.6934,1372625940
106,7.2936,112.6371,1372613940
106,7.2964,112.7296,1372587960
106,7.3327,112.7209,1372578300
106,7.342,112.761,1372506780
106,7.2797,112.702,1372501320
106,7.2775,112.6934,1372458960
106,7.2694,112.7482,1372429740
106,7.3349,112.7191,1372244880
106,7.2495,112.7792,1372237560
106,7.3348,112.719,1372234440
106,7.3335,112.7202,1372196040
106,7.333,112.721,1372183620
106,7.3349,112.7191,1372182300
106,7.3326,112.7209,1372180620
106,7.3743,112.7941,1372162260
106,7.3693,112.7641,1372159560
106,7.3326,112.7208,1372144800
106,7.3348,112.719,1372113300
