1072,23.7011,46.6971,1427767920
1072,23.6722,46.5109,1427494500
1072,23.6535,46.5341,1426911420
1072,23.654,46.535,1426394580
1072,23.6691,46.5377,1425936600
1072,23.6464,46.5412,1424236320
1072,23.9469,46.2906,1424144040
1072,23.6725,46.5099,1423971540
1072,23.4243,46.482,1423884000
1072,23.9001,46.1533,1423536600
1072,23.688,46.5574,1423339080
1072,23.6458,46.5397,1423280220
1072,23.6735,46.5214,1422243120
1072,23.2192,44.7159,1421719500
1072,23.0199,44.5337,1421552040
1072,23.2174,44.726,1421358480
1072,23.6474,46.5335,1421294700
1072,23.6478,46.5408,1420861440
1072,12.5667,70.0487,1420406160
1072,12.5745,70.0461,1420250100
1072,12.567,70.0482,1420166280
1072,12.5668,70.048,1419905760
1072,8.9772,79.5178,1419616740
1072,23.4286,46.4826,1419576300
1072,23.6682,46.5249,1419220920
1072,23.8659,45.4316,1418788320
1072,23.8659,45.4316,1418697780
1072,23.8653,45.4312,1418614380
1072,23.8654,45.4311,1418578740
1072,23.8099,45.3654,1418543040
1072,23.7838,45.3597,1418501100
1072,23.8097,45.3971,1418496960
1072,23.6148,46.6754,1418110740
1072,23.6464,46.5412,1418098140
1072,23.6579,46.5345,1418078040
1072,23.6839,46.5582,1417899000
1072,23.6631,46.5277,1417230900
1072,23.6264,46.5797,1416864060
1072,16.6324,49.2267,1416770400
1072,17.7731,48.7516,1416434880
1072,17.7784,48.7539,1416382020
1072,23.626,46.6587,1416352620
1072,23.6567,46.5321,1416336720
1072,23.5617,46.6656,1415844420
1072,23.6603,46.5372,1414821240
1072,23.6735,46.5212,1414298340
1072,23.6721,46.5218,1413748560
1072,23.6464,46.5412,1413698220
1072,23.6471,46.5384,1413611640
1072,23.6484,46.5247,1413583260
1072,23.6458,46.5397,1413517560
1072,23.6234,46.699,1413325140
1072,23.6475,46.5332,1412914260
1072,23.6727,46.5109,1412651100
1072,23.6735,46.5214,1412487960
1072,23.6283,46.5361,1412454180
1072,23.6727,46.5109,1412376900
1072,23.6727,46.5109,1412129100
1072,23.6515,46.5343,1411858920
1072,23.6677,46.5335,1411703340
1072,23.6727,46.5109,1411615080
1072,23.6727,46.5109,1411526940
1072,23.6727,46.5109,1411176060
1072,23.6727,46.5109,1411008420
1072,23.6727,46.5092,1410730920
1072,23.1386,46.5551,1410671700
1072,23.1143,46.4818,1410655860
1072,23.121,46.5527,1410646680
1072,23.1097,46.4986,1410574980
1072,23.6683,46.5338,1409348640
1072,23.6672,46.5326,1408833720
1072,23.6683,46.5338,1408826400
1072,23.6722,46.5109,1408746000
1072,23.6478,46.5408,1408165920
1072,23.6681,46.5258,1406435640
1072,23.6474,46.5409,1406265120
1072,23.6677,46.5226,1406246160
1072,23.6733,46.5214,1406190660
1072,23.6633,46.5392,1406086800
1072,23.6464,46.5412,1404020880
1072,28.4309,81.3084,1402935000
1072,28.335,81.5415,1402896900
1072,28.4459,81.4714,1402637340
1072,28.3676,81.5192,1402557420
1072,28.3315,81.5201,1402375800
1072,28.4741,81.4508,1402210560
1072,28.3395,81.532,1402129080
1072,28.4309,81.3084,1402115400
1072,23.4262,46.4825,1402065900
1072,23.4286,46.4826,1402065780
1072,23.6683,46.5338,1402016940
1072,23.6464,46.5412,1401604440
1072,23.6642,46.5075,1401600120
1072,23.121,46.5527,1401570300
1072,23.1435,46.5535,1401516300
1072,23.6478,46.5408,1400993820
1072,23.6502,46.5392,1400905440
1072,23.6464,46.5412,1400304240
1072,23.6685,46.5378,1399421880
1072,23.6683,46.5338,1399066560
1072,23.668,46.5315,1399064460
1072,23.6685,46.5378,1398817260
1072,23.6739,46.5215,1398577620
1072,23.9676,46.3457,1398133560
1072,23.9865,46.3079,1397959680
1072,23.9679,46.3495,1397893200
1072,23.9676,46.3457,1397882760
1072,23.6458,46.5397,1397798640
1072,23.6685,46.5378,1397779020
1072,23.659,46.5295,1397749260
1072,23.6529,46.532,1397682480
1072,23.659,46.5295,1397487180
1072,23.5686,46.4057,1397442300
1072,23.6529,46.532,1397362860
1072,23.4722,46.6826,1392783300
1072,12.9678,38.5119,1391546220
1072,23.0054,44.3111,1391381280
1072,20.9885,86.8289,1388734800
1072,21.1506,86.8255,1388264280
1072,23.6245,46.5114,1384748100
1072,23.6735,46.5214,1384052220
1072,23.6638,46.5415,1379227200
1072,23.6664,46.526,1378861380
1072,17.7735,48.7509,1378579200
1072,17.7747,48.7487,1378422780
1072,23.5894,46.6596,1376025840
1072,23.6734,46.5215,1372552740
1072,23.6094,46.6348,1371781560
1072,24.0141,46.2734,1369959540
1072,23.6727,46.5092,1369806060
1072,23.6683,46.5338,1368222900
1072,23.6589,46.5294,1368065040
1072,23.6683,46.5378,1367971680
1072,23.6603,46.5368,1367814000
1072,23.6727,46.5092,1367708460
1072,23.5968,46.601,1367023320
1072,23.6632,46.5403,1366940640
1072,23.6503,46.5395,1366434960
1072,23.6565,46.5211,1365935220
1072,23.6351,46.5211,1365022740
1072,23.6683,46.5378,1364947320
1072,23.6501,46.5391,1364706060
1072,23.6683,46.5378,1364340660
1072,23.8201,45.3687,1364150160
1072,23.7766,45.3575,1364105100
1072,23.6351,46.5211,1363912560
1072,23.6589,46.5294,1363817700
1072,23.6683,46.5378,1363735800
1072,23.7492,46.5535,1363496880
1072,23.6321,46.5456,1363410540
1072,23.6589,46.5294,1363369860
