1096,34.4321,118.5266,1419252600
1096,34.4321,118.5266,1419252480
1096,34.0447,118.267,1419248280
1096,34.4322,118.5265,1419118020
1096,34.4321,118.5265,1419077640
1096,34.4321,118.5266,1419074820
1096,34.4323,118.5266,1419034680
1096,34.4323,118.5267,1418956860
1096,34.4321,118.5267,1418956800
1096,34.432,118.5266,1418845620
1096,34.432,118.5264,1418845620
1096,34.4599,118.5341,1418812080
1096,34.4321,118.5266,1418796720
1096,34.4321,118.5267,1418796660
1096,34.4321,118.5265,1418796000
1096,34.4321,118.5266,1418730060
1096,34.4322,118.5266,1418728440
1096,34.432,118.5266,1418727240
1096,34.4321,118.5266,1418726700
1096,34.4321,118.5266,1418726640
1096,34.4321,118.5266,1418725980
1096,34.4321,118.5266,1418725860
1096,34.4321,118.5266,1418725860
1096,34.4321,118.5265,1418725800
1096,34.432,118.5265,1418724420
1096,34.4321,118.5267,1418709840
1096,34.432,118.5265,1418646600
1096,34.4321,118.5266,1418629080
1096,34.432,118.5266,1418615640
1096,34.4321,118.5266,1418598600
1096,34.4297,118.5351,1418532720
1096,34.4318,118.5267,1418479800
1096,34.4322,118.5267,1418387220
1096,34.432,118.5263,1418386920
1096,34.432,118.5266,1418384640
1096,34.4321,118.5266,1418380020
1096,34.443,118.5189,1418253840
1096,34.4321,118.5267,1418214660
1096,34.432,118.5267,1418213940
1096,34.4321,118.5265,1418200980
1096,34.4321,118.5267,1418190300
1096,34.432,118.5265,1418188980
1096,34.4428,118.5179,1418173020
1096,34.4322,118.5265,1418041380
1096,34.4321,118.5265,1417927500
1096,34.432,118.5266,1417777440
1096,34.4321,118.5266,1417777140
1096,34.4321,118.5266,1417693620
1096,34.4419,118.5195,1417652880
1096,34.4321,118.5265,1417515180
1096,34.4321,118.5267,1417437420
1096,34.4322,118.5266,1417435260
1096,34.4321,118.5265,1417358640
1096,34.4322,118.5265,1417358160
1096,34.4321,118.5265,1417357440
1096,34.432,118.5266,1417354680
1096,34.4321,118.5266,1417343340
1096,34.4322,118.5267,1417340160
1096,34.4321,118.5266,1417334580
1096,34.4321,118.5265,1417311480
1096,34.4322,118.5265,1417265700
1096,34.432,118.5265,1417248180
1096,34.4322,118.5267,1417223040
1096,34.4854,118.6388,1417163160
1096,34.4854,118.6389,1417149840
1096,34.432,118.5265,1417142820
1096,34.432,118.5266,1417141980
1096,34.432,118.5267,1417134900
1096,34.4322,118.5266,1417132860
1096,34.4321,118.5265,1417132020
1096,34.432,118.5266,1417093800
1096,34.4321,118.5267,1417093740
1096,34.4321,118.5263,1417093200
1096,34.4321,118.5264,1417091400
1096,34.4322,118.5266,1417085760
1096,34.4321,118.5267,1417084860
1096,34.4321,118.5266,1417080900
1096,34.4321,118.5265,1417062960
1096,34.4321,118.5266,1417062840
1096,34.4321,118.5267,1417057560
1096,34.432,118.5265,1417015560
1096,34.432,118.5266,1417011060
1096,34.4319,118.5267,1417009560
1096,34.4321,118.5266,1392894480
1096,34.432,118.5267,1392892260
1096,34.4321,118.5266,1392881880
1096,34.4322,118.5266,1392874020
1096,34.4322,118.5267,1392813720
1096,34.4321,118.5267,1392812580
1096,34.4322,118.5267,1392804600
1096,34.4326,118.5268,1392804360
1096,34.432,118.5265,1392804180
1096,34.4321,118.5266,1392801360
1096,34.4319,118.5265,1392799620
1096,34.4321,118.5266,1392795900
1096,34.4321,118.5266,1392789960
1096,34.4428,118.518,1392759960
1096,34.432,118.5265,1392724320
1096,34.4322,118.5266,1392721020
1096,34.4321,118.5266,1392719940
1096,34.432,118.5268,1392615720
1096,34.4318,118.5265,1392615420
1096,34.4551,118.5001,1392609840
1096,34.432,118.5265,1392554640
1096,34.4322,118.5267,1392550980
1096,34.4322,118.5266,1392543060
1096,34.4325,118.5268,1392540360
1096,34.4321,118.5266,1392535800
1096,34.4321,118.5267,1392534300
1096,34.4322,118.5267,1392513060
1096,34.4321,118.5267,1392510540
1096,34.4323,118.5267,1392506640
1096,34.4321,118.5266,1392475260
1096,34.4319,118.5265,1392475080
1096,34.432,118.5266,1392467580
1096,34.4321,118.5267,1392467340
1096,34.4322,118.5266,1392463020
1096,34.4322,118.5266,1392461760
1096,34.4322,118.5266,1392461400
1096,34.4321,118.5266,1392461040
1096,34.4323,118.5271,1392447840
1096,34.4323,118.5268,1392447240
1096,34.4319,118.5262,1392424080
1096,34.4321,118.5266,1392382980
1096,34.4321,118.5266,1392382860
1096,34.4321,118.5266,1392381060
1096,34.432,118.5265,1392380760
1096,34.4324,118.5266,1392378240
1096,34.4321,118.5266,1392377160
1096,34.4321,118.5266,1392377040
1096,34.4322,118.5265,1392376380
1096,34.4322,118.5266,1392376320
1096,34.432,118.5266,1392372000
1096,34.4321,118.5265,1392354360
1096,34.4321,118.5266,1392353700
1096,34.4321,118.5266,1392319680
1096,34.4321,118.5264,1392294180
1096,34.4321,118.5265,1392292500
1096,34.4321,118.5267,1392281460
1096,34.432,118.5265,1392278700
1096,34.432,118.5266,1392235740
1096,34.4322,118.5265,1392204420
1096,34.432,118.5265,1392202680
1096,34.4322,118.5265,1392202500
1096,34.4321,118.5266,1392194760
1096,34.432,118.5266,1392185640
1096,34.4321,118.5266,1392185640
1096,34.4425,118.5191,1392159000
1096,34.4428,118.518,1392155760
1096,34.432,118.5265,1392147240
1096,34.4323,118.5264,1392146760
1096,34.4321,118.5266,1392119880
1096,34.4321,118.5266,1392117060
1096,34.4321,118.5266,1392115980
1096,34.4322,118.5264,1392115860
1096,34.4321,118.5265,1392107820
1096,34.4321,118.5266,1392101220
1096,34.432,118.5266,1392100860
1096,34.4318,118.5263,1392100560
1096,34.4321,118.5265,1392098220
1096,34.4321,118.5266,1392096480
1096,34.4424,118.5177,1392063600
1096,34.4321,118.5266,1392034260
1096,34.4322,118.5266,1392033360
1096,34.4321,118.5266,1392032760
1096,34.4322,118.5265,1392032700
1096,34.4322,118.5265,1392030900
1096,34.4321,118.5266,1392028860
1096,34.4321,118.5264,1392025740
1096,34.4322,118.5266,1392019920
1096,34.4322,118.5265,1392016200
1096,34.4497,118.4996,1392003480
1096,34.4594,118.534,1391997240
1096,34.4321,118.5267,1391934960
1096,34.4319,118.5266,1391926320
1096,34.4321,118.5266,1391911080
1096,34.4321,118.5266,1391910060
1096,34.4321,118.5267,1391864460
1096,34.4322,118.5266,1391859840
1096,34.4323,118.5267,1391853720
1096,34.4323,118.5267,1391852700
1096,34.432,118.5267,1391843100
1096,34.4322,118.5266,1391842440
1096,34.4324,118.5265,1391827260
1096,34.432,118.5267,1391775300
1096,34.4321,118.5267,1391771520
1096,34.4321,118.5267,1391770140
1096,34.4321,118.5266,1391767500
1096,34.4428,118.5179,1391720520
1096,34.4321,118.5266,1391688720
1096,34.4321,118.5266,1391688180
1096,34.4323,118.5265,1391687520
1096,34.4322,118.5264,1391687220
1096,34.4322,118.5266,1391687100
1096,34.4322,118.5264,1391686980
1096,34.4321,118.5266,1391686800
1096,34.4323,118.5265,1391686800
1096,34.4322,118.5266,1391686560
1096,34.4321,118.5265,1391686440
1096,34.4322,118.5265,1391686320
1096,34.4321,118.5267,1391685480
1096,34.4321,118.5266,1391685360
1096,34.4321,118.5266,1391685180
1096,34.4322,118.5266,1391683260
1096,34.3886,118.5662,1391670060
1096,34.4428,118.5189,1391642580
1096,34.432,118.5265,1391602740
1096,34.4321,118.5264,1391600880
1096,34.432,118.5265,1391596620
1096,34.4321,118.5266,1391591340
1096,34.4321,118.5266,1391588640
1096,34.4321,118.5265,1391588640
1096,34.4321,118.5266,1391588580
1096,34.4321,118.5266,1391587380
1096,34.3879,118.5664,1391575080
1096,34.4428,118.5195,1391560080
1096,34.4432,118.5183,1391552940
1096,34.432,118.5265,1391516280
1096,34.432,118.5265,1391514840
1096,34.4319,118.5264,1391511000
1096,34.432,118.5267,1391510760
1096,34.432,118.5264,1391510520
1096,34.4321,118.5266,1391508900
1096,34.4321,118.5265,1391508720
1096,34.4321,118.5265,1391506740
1096,34.432,118.5266,1391504580
1096,34.4323,118.5265,1391504280
1096,34.4323,118.5265,1391503920
1096,34.4319,118.5266,1391503680
1096,34.4322,118.5266,1391490660
1096,34.4424,118.5177,1391460180
1096,34.4321,118.5266,1391433180
1096,34.432,118.5265,1391432160
1096,34.4322,118.5265,1391425800
1096,34.432,118.5265,1391416080
1096,34.432,118.5265,1391414220
1096,34.4322,118.5267,1391410740
1096,34.4321,118.5266,1391400120
1096,34.2481,117.2762,1391347140
1096,34.4322,118.5267,1391224260
1096,34.432,118.5265,1391222460
1096,34.4425,118.5191,1391212920
1096,34.4321,118.5266,1391208000
1096,34.432,118.5265,1391164620
1096,34.4321,118.5266,1391162220
1096,34.4322,118.5267,1391161260
1096,34.4321,118.5266,1391160000
1096,34.4321,118.5267,1391159580
1096,34.4321,118.5266,1391158500
1096,34.4321,118.5266,1391126040
1096,34.4321,118.5266,1391084220
1096,34.432,118.5264,1391084100
1096,34.4322,118.5266,1391083620
1096,34.4319,118.5265,1391083020
1096,34.432,118.5265,1391072760
1096,34.3885,118.5663,1391066100
1096,34.432,118.5265,1390999260
1096,34.432,118.5267,1390994520
1096,34.4319,118.5264,1390986300
1096,34.4321,118.5265,1390984140
1096,34.4321,118.5266,1390977360
1096,34.4322,118.5265,1390977180
1096,34.432,118.5265,1390976460
1096,34.4323,118.5265,1390976160
1096,34.4322,118.5265,1390975860
1096,34.4428,118.5179,1390945200
1096,34.4321,118.5266,1390912440
1096,34.432,118.5266,1390910220
1096,34.432,118.5265,1390890180
1096,34.432,118.5265,1390889100
1096,34.4321,118.5266,1390888560
1096,34.4428,118.5178,1390858860
1096,34.432,118.5265,1390852200
1096,34.4321,118.5264,1390829100
1096,34.4321,118.5267,1390823100
1096,34.4325,118.5267,1390819980
1096,34.4321,118.5266,1390816620
1096,34.4321,118.5266,1390816500
1096,34.4321,118.5266,1390802160
1096,34.4321,118.5266,1390745700
1096,34.4322,118.5264,1390742580
1096,34.4318,118.5268,1390735920
1096,34.4318,118.5268,1390735320
1096,34.4325,118.5268,1390731000
1096,34.4322,118.5267,1390714440
1096,34.4321,118.5267,1390713720
1096,34.4322,118.5266,1390711440
1096,34.4321,118.5267,1390697340
1096,34.4321,118.5266,1390655700
1096,34.4321,118.5265,1390654620
1096,34.432,118.5267,1390648920
1096,34.4429,118.5194,1390611420
1096,34.4319,118.5264,1390564500
1096,34.4321,118.5266,1390562640
1096,34.4321,118.5264,1390561800
1096,34.432,118.5264,1390561260
1096,34.4322,118.5265,1390556880
1096,34.4424,118.5193,1390514760
1096,34.4425,118.5192,1390514700
1096,34.432,118.5265,1390479780
1096,34.4594,118.5585,1390470660
1096,34.4428,118.5195,1390439460
1096,34.4428,118.5179,1390431060
1096,34.4429,118.5179,1390430580
1096,34.4321,118.5266,1390393020
1096,34.432,118.5266,1390392900
1096,34.4321,118.5266,1390392420
1096,34.4321,118.5266,1390390560
1096,34.432,118.5266,1390385640
1096,34.4428,118.5195,1390353600
1096,34.4318,118.5263,1390331880
1096,34.4322,118.5266,1390305060
1096,34.4319,118.5264,1390300200
1096,34.4321,118.5266,1390294260
1096,34.4326,118.5268,1390290120
1096,34.4322,118.5265,1390283460
1096,34.4318,118.5264,1390280940
1096,34.4318,118.5266,1390277340
1096,34.4322,118.5265,1390269480
1096,34.432,118.5265,1390262940
1096,34.4322,118.5265,1390224660
1096,34.4321,118.5266,1390222800
1096,34.432,118.5266,1390220940
1096,34.4322,118.5265,1390220700
1096,34.4321,118.5266,1390199520
1096,34.4323,118.5265,1390195800
1096,34.4076,118.463,1390192620
1096,34.3887,118.5659,1390135020
1096,34.4321,118.5266,1390097220
1096,34.4321,118.5264,1390044660
1096,34.4321,118.5266,1390042020
1096,34.4321,118.5266,1390041480
1096,34.4323,118.5265,1390038420
1096,34.4319,118.5264,1390037760
1096,34.432,118.5265,1390037340
1096,34.4321,118.5266,1390033140
1096,34.4321,118.5266,1390028700
1096,34.4599,118.5344,1390018680
1096,34.4424,118.5192,1389999540
1096,34.4424,118.5191,1389999300
1096,34.4424,118.5192,1389999120
1096,34.4428,118.5178,1389993060
1096,34.432,118.5266,1389960840
1096,34.4321,118.5265,1389960120
1096,34.432,118.5266,1389958980
1096,34.4321,118.5266,1389948840
1096,34.4321,118.5266,1389943620
1096,34.4322,118.5265,1389943560
1096,34.4321,118.5266,1389942060
1096,34.4428,118.5178,1389906960
1096,34.432,118.5265,1389874080
1096,34.4321,118.5264,1389872880
1096,34.4321,118.5265,1389871500
1096,34.4318,118.5263,1389870540
1096,34.432,118.5266,1389791220
1096,34.4322,118.5265,1389789300
1096,34.4323,118.5265,1389784800
1096,34.4323,118.5265,1389784320
1096,34.4318,118.5263,1389783780
1096,34.4322,118.5266,1389779040
1096,34.4324,118.5267,1389757140
1096,34.4422,118.5187,1389750000
1096,34.4428,118.5195,1389748260
1096,34.4425,118.5192,1389739860
1096,34.4428,118.5178,1389736020
1096,34.4321,118.5267,1389696180
1096,34.432,118.5266,1389696000
1096,34.4321,118.5266,1389695400
1096,34.4318,118.5263,1389694200
1096,34.4321,118.5265,1389690660
1096,34.4322,118.5266,1389688860
1096,34.432,118.5266,1389621600
1096,34.4319,118.5264,1389621420
1096,34.432,118.5266,1389613200
1096,34.4321,118.5266,1389612960
1096,34.4322,118.5265,1389612420
1096,34.4321,118.5266,1389611760
1096,34.4338,118.5265,1389601680
1096,34.4324,118.5266,1389594840
1096,34.432,118.5267,1389585060
1096,34.432,118.5266,1389568320
1096,34.4321,118.5266,1389535140
1096,34.4321,118.5266,1389520500
1096,34.4321,118.5266,1389520260
1096,34.4321,118.5266,1389516360
1096,34.443,118.5122,1389503280
1096,34.432,118.5266,1389486000
1096,34.3886,118.5662,1389435720
1096,32.7091,117.1713,1389416400
1096,32.7234,117.2283,1389328560
1096,32.7232,117.2283,1389270540
1096,32.7232,117.2286,1389269580
1096,32.7233,117.2284,1389261240
1096,34.4318,118.5265,1389221040
1096,34.432,118.5265,1389187740
1096,34.432,118.5266,1389183840
1096,34.4604,118.5275,1389170700
1096,34.4604,118.5277,1389166500
1096,34.4321,118.5264,1389161040
1096,34.0149,118.2859,1389140700
1096,34.0742,118.2721,1389135120
1096,34.432,118.5267,1389098760
1096,34.4323,118.5267,1389087840
1096,34.4321,118.5267,1389087660
1096,34.4322,118.5269,1389087600
1096,34.4324,118.5268,1389087540
1096,34.4319,118.5266,1389084300
1096,34.4316,118.5266,1389084240
1096,34.4321,118.5267,1389024600
1096,34.4321,118.5267,1389020340
1096,34.4322,118.5268,1389016920
1096,34.4322,118.5268,1389014760
1096,34.4322,118.5264,1389014520
