1099,37.7581,144.9399,1387000380
1099,37.7614,144.9441,1386505680
1099,37.7706,144.9052,1379207520
1099,37.8103,144.9631,1378702860
1099,37.8104,144.9558,1378700940
1099,37.8217,144.9608,1375549680
1099,37.8099,144.9652,1375304820
1099,37.8099,144.9653,1375185360
1099,37.7721,144.9581,1374280320
1099,37.7551,144.9751,1373660160
1099,37.814,144.9728,1373496120
1099,37.8209,144.9664,1373299440
1099,37.8103,144.9631,1372779600
1099,37.8103,144.9631,1372779480
1099,37.705,144.9721,1372580340
1099,31.4816,74.3034,1349781480
1099,31.5097,74.2299,1349464740
1099,31.5087,74.35,1348885560
1099,31.4811,74.3032,1348885140
1099,31.4812,74.3035,1348846320
1099,31.4824,74.3952,1348622880
1099,31.5203,74.4115,1348236780
1099,32.0741,72.6621,1347955320
1099,31.5203,74.4115,1347788100
1099,32.0697,72.6596,1347759720
1099,32.0741,72.6621,1347757680
1099,31.5002,74.3528,1347493020
1099,31.5002,74.3528,1347492780
1099,31.5002,74.3528,1347492420
1099,31.4815,74.3036,1347461160
1099,31.4813,74.3031,1347452460
1099,31.5002,74.3528,1347404100
1099,31.5003,74.353,1347342000
1099,31.5002,74.3528,1347304680
1099,32.0697,72.6596,1347127320
1099,31.822,72.5317,1347070440
1099,31.822,72.5317,1347041820
1099,31.5064,74.3313,1346948820
1099,31.5031,74.349,1346946960
1099,31.5062,74.3313,1346946360
1099,31.5002,74.3528,1346925240
1099,31.5002,74.3528,1346874000
1099,31.4811,74.3032,1346872800
1099,31.5003,74.3528,1329373680
