1113,22.1566,100.977,1424476680
1113,39.8387,86.1734,1415755980
1113,39.8387,86.1734,1415752440
1113,22.1478,101.0074,1411780560
1113,22.1517,100.9537,1409227740
1113,19.427,99.1417,1406792700
1113,32.9319,70.2826,1400106120
1113,39.4711,87.4098,1395263460
1113,39.4666,87.4066,1395204600
1113,39.8373,86.1729,1395036660
1113,34.0511,118.2498,1394314200
1113,33.4455,70.6626,1393965120
1113,33.0151,71.5556,1392451980
1113,33.1214,71.5619,1392350700
1113,32.9955,71.186,1391896980
1113,33.4455,70.6626,1390942500
1113,33.0452,71.6189,1389643500
1113,33.0447,71.6126,1389634080
1113,33.0447,71.6126,1389224220
1113,33.414,70.6054,1389122400
1113,33.4455,70.6626,1388435520
1113,33.4456,70.662,1387253460
1113,33.397,70.7938,1386025260
1113,33.434,70.8104,1386022500
1113,33.0087,71.5473,1385872260
1113,33.3967,70.7945,1385375460
1113,33.4575,70.7159,1384578060
1113,33.0143,71.5557,1384317660
1113,33.0423,71.6056,1384019400
1113,33.0096,71.5465,1382229720
1113,33.0506,71.3787,1382205780
1113,36.6092,72.1028,1382106540
1113,36.6067,72.1039,1382046600
1113,36.6067,72.1038,1382039340
1113,36.6068,72.104,1382038980
1113,36.6064,72.1038,1381956840
1113,33.4455,70.6626,1381343100
1113,33.4455,70.6626,1380569940
1113,33.0506,71.3787,1380486720
1113,33.0089,71.5475,1380416460
1113,33.0088,71.5475,1380415260
1113,33.4455,70.6626,1379962920
1113,33.1215,71.562,1378394220
1113,33.4453,70.6627,1378170120
1113,33.4455,70.6626,1378158300
1113,33.4446,70.6619,1377815040
1113,33.4447,70.662,1377814920
1113,33.0448,71.6067,1377722760
1113,33.4506,70.5384,1377221760
1113,33.4453,70.6625,1377216600
1113,33.0447,71.6057,1377120720
1113,33.4455,70.6626,1376517000
1113,33.4502,70.5384,1376419260
1113,38.5345,72.4359,1376093700
1113,38.7421,72.5869,1376069040
1113,38.7363,72.6065,1376031900
1113,38.7401,72.5901,1375988100
1113,33.0088,71.5476,1375904160
1113,33.4505,70.5384,1375829640
1113,33.4455,70.6626,1375816140
1113,33.4446,70.662,1375390200
1113,33.4453,70.6626,1375330500
1113,33.4452,70.6625,1375330440
1113,33.4453,70.6626,1375330260
1113,33.4463,70.6606,1375322940
1113,33.4455,70.6626,1375310880
1113,33.4478,70.6363,1375289280
1113,33.4455,70.6626,1375229640
1113,33.0448,71.6059,1375132020
1113,33.4455,70.6626,1374522300
1113,33.4343,70.6351,1374294180
1113,33.0448,71.6059,1374090540
1113,33.0447,71.6057,1373489580
1113,33.4339,70.8103,1373364600
1113,33.4456,70.662,1372984560
1113,33.397,70.7934,1372679100
1113,33.0107,71.5451,1372414920
1113,39.8151,73.2354,1372127400
1113,39.8149,73.2354,1372127220
1113,40.4777,73.0355,1372118160
1113,40.4777,73.0356,1372117560
1113,40.5762,73.1291,1372033440
1113,40.4642,73.0305,1371965700
1113,40.4642,73.0306,1371965220
1113,39.8372,73.2783,1371957000
1113,39.8372,73.2783,1371942480
1113,39.8371,73.2782,1371940020
1113,39.828,73.2413,1371904440
1113,38.7483,72.6175,1371880560
1113,38.7485,72.6174,1371879780
1113,38.9381,72.6205,1371859560
1113,39.8281,73.2414,1371797580
1113,39.8281,73.2414,1371797160
1113,39.8281,73.2414,1371784680
1113,39.8148,73.2464,1371757440
1113,33.0091,71.5475,1371687300
1113,33.0274,71.5522,1370718600
1113,33.0174,71.558,1370491860
1113,33.0445,71.6125,1370471940
1113,33.0124,71.5387,1370461500
1113,33.4455,70.6626,1370291280
1113,34.0117,70.7038,1370205180
1113,33.4455,70.6626,1369950300
1113,33.3972,70.7945,1369786620
1113,33.397,70.7938,1369785120
1113,33.4455,70.6626,1369765140
1113,33.0447,71.6057,1369426380
1113,33.0447,71.6057,1369353360
1113,33.0447,71.6126,1368563340
1113,33.4343,70.6351,1368347640
1113,33.0445,71.6125,1368128760
1113,33.0448,71.6067,1368044940
1113,33.0445,71.6125,1367955360
1113,33.4404,70.6459,1367869560
1113,33.0506,71.3788,1365884340
1113,33.0506,71.3787,1365755280
1113,33.4397,70.64,1365712860
1113,33.4456,70.662,1365646320
1113,33.4452,70.6628,1365191400
1113,27.1639,109.4352,1364599260
1113,27.1633,109.4404,1364586900
1113,27.1602,109.4236,1364466120
1113,27.1602,109.4236,1364466000
1113,27.1602,109.4236,1364465880
1113,27.1602,109.4236,1364465760
1113,27.1602,109.4236,1364465160
1113,27.1605,109.4238,1364325660
1113,32.8774,71.2353,1363135740
1113,33.0446,71.6056,1363028460
1113,33.4452,70.6628,1362792120
1113,33.4452,70.6628,1362770220
1113,33.4417,70.6541,1362448500
1113,33.4452,70.6628,1362420420
1113,33.0483,71.6115,1361903280
1113,33.4452,70.6628,1361812680
1113,33.0178,71.5506,1357500720
1113,33.0492,71.5604,1357314480
1113,33.0451,71.613,1356377580
1113,33.0506,71.3788,1354472280
1113,33.0443,71.6125,1354074000
1113,33.0216,71.6421,1353569280
1113,33.0445,71.6127,1352829060
1113,33.0505,71.3787,1351271400
1113,33.0506,71.3787,1351268640
1113,33.0506,71.3787,1351268400
1113,33.4046,70.6004,1351195980
1113,33.0506,71.3787,1351173480
1113,33.0505,71.3787,1351148100
1113,33.0506,71.3787,1351049160
1113,33.0451,71.6059,1351031460
1113,33.0506,71.3787,1351009920
1113,33.0442,71.6126,1350943560
1113,33.0445,71.612,1350590820
1113,33.0505,71.3787,1349330580
1113,33.0505,71.3787,1349314080
1113,33.4456,70.662,1348542240
1113,33.0447,71.6126,1347336840
1113,33.7249,70.6738,1346790180
1113,33.0447,71.6055,1346100060
1113,33.0446,71.6124,1345849260
1113,33.0445,71.6059,1345575720
1113,33.0172,71.5579,1345372860
1113,33.0445,71.6059,1345247700
1113,33.0506,71.3788,1344918000
1113,33.0506,71.3788,1344848040
1113,33.0506,71.3788,1344727740
1113,33.0506,71.3788,1344717180
1113,33.0505,71.3788,1344715680
1113,33.0506,71.3788,1344713640
1113,33.0448,71.6067,1344632640
1113,33.0447,71.6071,1344629100
1113,33.0453,71.6071,1344628200
1113,34.5779,70.9981,1343557500
1113,33.0472,71.6073,1343364900
1113,33.0444,71.6059,1343331900
1113,33.0444,71.6059,1343331420
1113,33.0443,71.6059,1343329800
1113,33.0444,71.606,1343329200
1113,33.0506,71.3789,1343278740
1113,33.0506,71.3788,1343278500
1113,33.0444,71.606,1343272200
1113,33.0446,71.6059,1343267100
1113,33.0445,71.6059,1343187540
1113,33.0451,71.6058,1343187120
1113,33.0445,71.6125,1343157300
1113,33.4478,70.6362,1343077560
1113,33.0506,71.3788,1343019120
1113,33.0506,71.3788,1343008320
1113,33.0506,71.3789,1342955460
1113,33.4477,70.636,1342856280
1113,33.0506,71.3788,1341063180
1113,33.0447,71.6067,1341007440
1113,33.0506,71.3788,1340939580
1113,33.0506,71.3788,1340938920
1113,33.0506,71.3788,1340938800
1113,33.0506,71.3788,1340934420
1113,33.0506,71.3788,1340934120
1113,33.0506,71.3788,1340905560
1113,33.0506,71.3788,1340880720
1113,33.0505,71.3788,1340860500
1113,33.0505,71.3788,1340450820
1113,33.0506,71.3788,1340418660
1113,33.0446,71.6059,1340328120
1113,33.0331,71.5902,1340251320
1113,33.045,71.6059,1340155500
1113,33.0505,71.3788,1339992420
1113,33.0506,71.3788,1339965180
1113,33.0506,71.3788,1339964400
1113,33.0506,71.3788,1339711500
1113,33.0505,71.3788,1339647660
1113,33.0506,71.3788,1339643100
1113,33.0506,71.3788,1339611720
1113,33.0505,71.3787,1339608720
1113,33.0505,71.3788,1339314360
1113,33.0451,71.6066,1339187280
1113,33.0506,71.3788,1338940620
1113,33.0506,71.3788,1338940440
1113,33.0505,71.3788,1338800280
1113,33.0505,71.3787,1338799740
1113,33.0505,71.3788,1338799560
1113,33.0505,71.3788,1338799500
1113,33.0505,71.3788,1338799380
1113,33.0505,71.3788,1338798540
1113,33.0446,71.6125,1338413100
1113,33.0192,71.5602,1338037260
1113,33.0448,71.6063,1337980140
1113,33.0505,71.3788,1337935020
1113,33.0505,71.3788,1337934420
1113,33.0506,71.3788,1337909580
1113,33.0122,71.5356,1337901420
1113,33.0505,71.3788,1337672760
1113,33.0505,71.3788,1337670540
1113,33.0188,71.5602,1337510880
1113,33.0506,71.3787,1337506140
1113,33.0506,71.3788,1337411640
1113,33.0506,71.3788,1337298840
1113,33.0125,71.539,1337291880
1113,33.0125,71.5391,1337290860
1113,33.0328,71.59,1337282880
1113,33.0331,71.5902,1337282700
1113,33.033,71.5904,1337244780
1113,33.033,71.5905,1337146260
1113,33.033,71.5904,1337145000
1113,33.0326,71.59,1337143560
1113,33.0506,71.3788,1337110440
1113,33.0506,71.3787,1337110260
1113,33.0506,71.3788,1337077440
1113,33.0505,71.3788,1336783260
1113,33.0333,71.5903,1336761120
1113,33.0505,71.3788,1336424460
1113,33.0505,71.3787,1336361340
1113,33.0506,71.3788,1336361220
1113,33.0506,71.3787,1336183680
1113,33.0327,71.5901,1336110000
1113,33.0505,71.3788,1336093800
1113,33.0505,71.3788,1336090260
1113,33.0506,71.3788,1336090020
1113,33.0506,71.3788,1336072380
1113,33.0506,71.3787,1336071840
1113,33.0505,71.3788,1336041120
1113,33.0505,71.3788,1336039260
1113,33.0505,71.3788,1336038900
1113,33.0506,71.3788,1336038600
1113,36.7856,73.0346,1335679020
1113,36.8135,73.011,1335661080
1113,33.0446,71.6057,1335562920
1113,33.0129,71.5395,1334870160
1113,33.0444,71.3805,1334725680
