1124,19.2938,99.1258,1422408120
1124,19.3486,99.1448,1422406920
1124,19.3595,99.1735,1422402060
1124,19.3588,99.1731,1422342900
1124,19.3588,99.1731,1422340440
1124,19.3592,99.1737,1422319980
1124,19.3588,99.1731,1422266220
1124,19.3588,99.1731,1422246360
1124,19.3586,99.1731,1420280400
1124,19.3586,99.1731,1420267440
1124,19.3586,99.1731,1420234980
1124,19.3586,99.1731,1420188660
1124,19.3586,99.1731,1420069020
1124,19.3586,99.1731,1420068840
1124,19.3586,99.1731,1420062120
1124,19.3586,99.173,1420061280
1124,19.3586,99.173,1419857040
1124,19.413,99.1722,1415103180
1124,19.3726,98.9626,1399101660
1124,19.4288,99.1618,1395488280
1124,19.3933,99.1734,1394230140
1124,19.4392,99.2024,1387115280
1124,19.4394,99.2033,1385899680
1124,19.4394,99.2033,1385898840
1124,19.4059,99.0931,1384123740
1124,19.4059,99.0931,1383565440
1124,19.4059,99.0931,1382267040
1124,19.4059,99.0931,1382006040
1124,19.4059,99.0931,1381921080
1124,19.4392,99.2024,1381305120
1124,19.4386,99.2219,1379936940
1124,19.4386,99.2219,1378288620
