1144,45.5003,73.569,1427351460
1144,45.4987,73.5672,1427341980
1144,34.0207,118.2874,1425784680
1144,34.111,118.2583,1425331440
1144,34.1105,118.2585,1425288240
1144,34.1106,118.2586,1423814460
1144,34.1107,118.2585,1423437360
1144,34.0223,118.2844,1423260600
1144,34.1108,118.2585,1423107900
1144,34.1108,118.2588,1423104720
1144,34.1191,118.2488,1422907200
1144,34.1109,118.2586,1422701580
1144,34.1113,118.2591,1422685380
1144,34.0175,118.2789,1422597600
1144,34.1228,118.2538,1422483420
1144,34.0508,118.3645,1422352560
1144,34.0508,118.3645,1422350940
1144,34.0509,118.3645,1422350820
1144,34.0509,118.3645,1422350220
1144,34.1106,118.2587,1422342060
1144,34.0217,118.2839,1422048480
1144,34.0224,118.2847,1421790780
1144,34.1107,118.2586,1419403200
1144,34.1106,118.2588,1419230160
1144,34.1106,118.2585,1419202560
1144,34.1106,118.2587,1419096600
1144,34.1149,118.2635,1418978460
1144,33.9436,118.3985,1418725920
1144,34.1106,118.2587,1418582640
1144,34.1106,118.2586,1418428860
1144,34.1106,118.2586,1418428860
1144,34.1106,118.2586,1418428800
1144,34.0251,118.2888,1418345280
1144,34.1105,118.2589,1418217900
1144,34.0511,118.2498,1410047940
1144,34.0616,118.4466,1409799480
1144,34.0782,118.2631,1367300100
1144,43.7718,79.5015,1367013780
1144,43.773,79.4993,1367013180
1144,43.7735,79.4997,1367001660
1144,43.649,79.3907,1366945740
1144,34.033,118.1817,1364767140
1144,34.1261,118.2697,1363499340
1144,34.1262,118.2698,1363499220
1144,34.1261,118.2697,1363426620
1144,34.126,118.2696,1362786840
1144,36.1136,115.1731,1350774060
1144,36.114,115.173,1350772140
1144,36.114,115.173,1350772020
1144,36.114,115.173,1350771840
1144,36.1143,115.1731,1350715140
1144,36.1143,115.1731,1350714480
1144,36.1143,115.1731,1350714240
1144,36.1143,115.1731,1350713760
1144,36.1143,115.1731,1350712680
1144,36.1143,115.1731,1350712500
1144,36.1143,115.1731,1350711660
1144,36.1142,115.1731,1350710580
1144,36.1143,115.1731,1350689400
1144,36.1143,115.1731,1350689040
1144,36.1137,115.1731,1350618600
1144,36.1135,115.1731,1350618480
1144,36.1135,115.1731,1350618360
1144,34.0483,118.2417,1350287340
1144,33.8837,117.8878,1347657420
