1154,37.4899,126.8682,1427915280
1154,37.517,126.9082,1427905020
1154,37.5238,126.9175,1427898960
1154,37.5233,126.9158,1427895120
1154,37.49,126.8682,1427830800
1154,37.4899,126.8683,1427742240
1154,37.5324,126.9037,1427716740
1154,37.5324,126.9037,1427716560
1154,37.4899,126.8683,1427653380
1154,37.4899,126.8683,1427626620
1154,37.4899,126.8683,1427626620
1154,37.4899,126.8683,1427624700
1154,37.5324,126.9037,1427460720
1154,37.5117,126.8886,1427432100
1154,37.5083,126.9906,1427382000
1154,37.487,126.8641,1427210640
1154,37.5305,126.9076,1427191200
1154,37.4899,126.8682,1427034600
1154,37.4899,126.8682,1426787640
1154,37.5158,126.9428,1426325820
1154,37.5545,126.922,1426263180
1154,37.4899,126.8683,1426107900
1154,37.4942,126.8563,1425961980
1154,37.4899,126.8682,1425748980
1154,37.5007,126.878,1425711420
1154,37.4899,126.8682,1425705840
1154,37.5385,126.9043,1425494940
1154,37.5276,126.9154,1425479340
1154,37.5072,126.8911,1425392220
1154,37.5094,126.8903,1425383160
1154,37.5096,126.8901,1425383100
1154,37.513,126.9276,1425382200
1154,37.5293,127.0085,1425381060
1154,37.4898,126.8683,1425153180
1154,37.4898,126.8682,1425153000
1154,37.5497,126.9138,1425097920
1154,37.5278,126.9146,1424950800
1154,37.5002,126.861,1424838720
1154,37.4898,126.8683,1424437740
1154,37.4899,126.8683,1424239860
1154,37.4899,126.8683,1424228280
1154,37.5278,126.9146,1424068920
1154,37.5278,126.9146,1424068740
1154,37.4904,126.8691,1424038260
1154,37.4904,126.8691,1424038200
1154,37.49,126.8685,1424031120
1154,37.4742,126.9687,1424011800
1154,37.4827,126.9141,1423999020
1154,37.523,126.9212,1423818660
1154,37.5097,126.8871,1423765080
1154,37.5292,126.8982,1423764360
1154,37.5278,126.9144,1423721880
1154,37.523,126.9212,1423634520
1154,37.5278,126.9146,1423550460
1154,37.5246,126.9179,1423459080
1154,37.5264,126.9277,1423232760
1154,37.4899,126.8683,1421519520
1154,37.5278,126.9144,1419326400
1154,37.49,126.8691,1419024780
1154,37.49,126.8691,1419024180
1154,37.5368,126.905,1414846560
1154,37.5369,126.9871,1414318620
1154,37.5674,126.9773,1414088820
1154,37.5674,126.9773,1414079100
1154,37.5674,126.9773,1414077960
1154,37.5674,126.9773,1414077780
1154,37.5638,126.9769,1414077480
1154,37.5674,126.9773,1414076280
1154,37.5278,126.9146,1413968220
1154,37.5001,126.927,1413716640
1154,37.4804,126.8645,1413715800
1154,37.4899,126.8683,1413488400
1154,37.5278,126.9146,1409735640
1154,37.5277,126.9143,1407828900
1154,37.5118,126.8936,1406868120
1154,37.5365,126.9896,1406819820
1154,13.7287,100.5307,1403486460
1154,37.5278,126.914,1402412580
1154,37.5241,126.917,1402286520
1154,37.5334,126.9034,1402286400
1154,37.4486,126.4485,1402280100
1154,37.4555,126.4447,1402278420
1154,22.2822,114.1375,1402253580
1154,22.2822,114.1375,1402252380
1154,22.2878,114.1472,1402252140
1154,22.2822,114.1374,1402239540
1154,22.2822,114.1375,1402217160
1154,22.2821,114.1376,1402216680
1154,22.2803,114.156,1402207560
1154,22.2803,114.156,1402160640
1154,22.2822,114.1375,1402151100
1154,22.2823,114.1374,1402148100
1154,22.2823,114.1374,1402143540
1154,22.2823,114.1374,1402143360
1154,22.2822,114.1375,1402142400
1154,22.2823,114.1374,1402139220
1154,22.2822,114.1375,1402137780
1154,37.4557,126.4429,1402025040
1154,37.4807,126.855,1402015260
1154,37.474,126.8663,1402015140
1154,37.49,126.8682,1401484800
1154,37.49,126.8683,1401482700
1154,37.4899,126.8683,1401482640
1154,37.4895,126.8667,1401388440
1154,37.5103,126.8976,1401382920
1154,37.5263,126.9162,1401265620
1154,37.4899,126.8683,1401005220
1154,37.5278,126.9146,1400842140
1154,37.5278,126.9146,1400841900
1154,37.4903,126.8679,1400645880
1154,37.4899,126.8683,1400614080
1154,37.49,126.8682,1400611620
1154,37.5638,126.941,1399892100
1154,37.4979,126.8697,1398359400
1154,37.5272,126.9146,1398255000
1154,37.5544,126.9695,1398097380
1154,37.5342,126.9369,1398092520
1154,37.5275,126.9255,1398091860
1154,37.5259,126.9144,1396094580
1154,37.55,126.9166,1395857820
1154,37.5403,126.9613,1395856800
1154,37.5367,126.986,1395856620
1154,37.5346,126.9943,1395846540
1154,37.5368,126.9905,1395846240
1154,37.5351,126.9865,1395845820
1154,37.5239,126.9174,1395837360
1154,16.7835,96.1414,1394545800
1154,16.7769,96.1568,1394494440
1154,16.777,96.1569,1394487780
1154,16.7832,96.1413,1394466420
1154,16.7833,96.1414,1394462640
1154,37.4871,126.9125,1393826460
1154,37.4905,126.8691,1393788120
1154,37.5458,126.9224,1393773420
1154,37.5463,126.9141,1393766640
1154,37.4898,126.8685,1393750440
1154,37.5185,126.9126,1393699740
1154,37.4898,126.8685,1393355460
1154,37.4898,126.8683,1393354980
1154,37.4899,126.8682,1393354920
1154,37.4899,126.8683,1393354860
1154,37.4899,126.8683,1393354800
1154,37.4905,126.8691,1392918600
1154,37.4899,126.8685,1392544260
1154,37.4899,126.8683,1392544140
1154,37.4899,126.8685,1392543600
1154,37.4899,126.8682,1392543360
1154,37.4899,126.8684,1392543300
1154,37.4899,126.8684,1392543120
1154,37.4899,126.8676,1392542580
1154,37.4899,126.8676,1392542580
1154,37.5221,126.9241,1392219060
1154,37.5221,126.9241,1392218580
1154,37.4901,126.8685,1392180600
1154,37.4899,126.8686,1392064140
1154,37.4898,126.8683,1392062880
1154,37.4899,126.8683,1392051780
1154,37.5031,127.0259,1392047220
1154,37.5278,126.914,1392041160
1154,37.5278,126.9146,1392019680
1154,37.5278,126.9146,1392018180
1154,37.49,126.8684,1391373660
1154,37.4898,126.8685,1390686720
1154,37.4899,126.8686,1390686420
1154,37.4899,126.8684,1390684980
1154,37.4899,126.8683,1390662660
1154,37.49,126.8681,1390662300
1154,37.4899,126.8685,1390409760
1154,37.5338,126.9911,1390230300
1154,37.5278,126.914,1390218960
1154,37.5278,126.9146,1390213440
1154,37.5278,126.9146,1389798000
1154,37.49,126.8682,1389648000
1154,37.5384,126.9039,1389290880
1154,37.5205,126.9132,1389122100
1154,37.525,126.9166,1389081600
1154,37.4902,126.8691,1388949540
1154,37.4902,126.8691,1388949480
1154,37.4902,126.8691,1388949420
1154,37.4899,126.8683,1388910660
1154,37.5371,126.9776,1382627760
1154,37.5384,126.9734,1382627640
1154,37.4957,126.8567,1379910720
1154,37.4895,126.8691,1379595900
1154,37.5278,126.914,1379433180
1154,37.5278,126.914,1379433180
1154,37.5278,126.914,1379432460
1154,37.5832,127.0345,1379263920
1154,37.5444,126.9107,1379092560
1154,37.5184,126.93,1378369140
1154,37.5184,126.93,1378367820
1154,37.4896,126.8691,1378212480
1154,37.4895,126.8691,1378024560
1154,37.5462,126.9487,1377616020
1154,37.546,126.9487,1377616020
1154,37.5245,126.9171,1377148500
1154,37.5245,126.9171,1377148500
1154,37.4898,126.8691,1376513100
1154,37.4898,126.8691,1376509620
1154,37.49,126.8682,1376239320
1154,37.4894,126.8691,1376165940
1154,37.4894,126.8691,1376165940
1154,37.5095,126.8924,1376161200
1154,37.5272,126.9306,1376142300
1154,37.4899,126.8683,1376105820
1154,37.4893,126.8691,1376081100
1154,37.4893,126.8691,1376073720
1154,37.4762,126.8661,1376066940
1154,37.4852,126.8734,1376065140
1154,37.4852,126.8734,1376065080
1154,37.5096,126.8892,1375239480
1154,37.5209,126.954,1375123560
1154,37.5157,126.9833,1375109160
1154,37.5239,126.9162,1374840180
1154,37.49,126.8684,1374779160
1154,37.5259,126.9135,1374156720
1154,37.5271,126.9147,1374037020
1154,37.5271,126.9147,1373902620
1154,37.4962,126.856,1373862480
1154,37.4924,126.8557,1373862060
1154,37.4904,126.8559,1373861700
1154,37.4909,126.8567,1373861580
1154,37.5183,127.1296,1373820660
1154,37.4921,126.9521,1373656800
1154,37.5219,126.9183,1373299320
1154,37.4887,126.8691,1372737120
1154,37.5228,126.9209,1371825420
1154,37.525,126.9183,1371790080
1154,20.8688,105.4409,1370507520
1154,20.6027,105.236,1370398440
1154,37.4557,126.4429,1370089440
1154,37.4557,126.4467,1370087760
1154,37.4467,126.4474,1370085480
1154,37.4467,126.4474,1370085420
1154,37.4467,126.4474,1370085300
1154,37.4917,126.4922,1370084160
1154,37.4917,126.4922,1370084160
1154,37.4917,126.4922,1370084160
1154,37.4917,126.4922,1370084100
1154,37.4917,126.4922,1370084100
1154,37.5692,126.6723,1370083800
1154,37.5694,126.6732,1370082900
1154,37.5932,126.8712,1370081580
1154,37.5825,126.8915,1370081460
1154,37.5825,126.8915,1370081400
1154,37.5544,126.9226,1370081100
1154,37.5544,126.9226,1370080980
1154,37.5544,126.9226,1370080920
1154,37.496,126.8697,1370079240
1154,37.496,126.8697,1370079240
1154,37.4933,126.8691,1370078700
1154,37.4933,126.8691,1370078700
1154,37.4933,126.8691,1370078640
1154,37.4933,126.8691,1370078640
1154,37.4933,126.8691,1370078640
1154,37.4933,126.8691,1370078580
1154,37.4933,126.8691,1370078580
1154,37.4933,126.8691,1370078520
1154,37.4933,126.8691,1370078520
1154,37.493,126.8687,1370078520
1154,37.4923,126.8692,1370078400
1154,37.4921,126.869,1370078400
1154,37.4914,126.8685,1370078400
1154,37.4914,126.8671,1370078340
1154,37.5272,126.9158,1370010300
1154,37.5269,126.9154,1370010180
1154,37.5246,126.9165,1369975500
1154,37.4917,126.8592,1369888140
1154,33.5431,126.6693,1369541040
1154,33.5431,126.6693,1369515720
1154,33.5431,126.6693,1369513740
1154,33.543,126.6697,1369458060
1154,37.3296,126.8816,1369028820
1154,37.2477,126.9176,1369028760
1154,35.1141,129.0424,1369018800
1154,35.1448,129.061,1369017480
1154,35.1563,129.0594,1369017360
1154,37.5099,126.8905,1368633420
1154,37.5282,126.9184,1368631620
1154,37.5283,126.9185,1368631380
1154,37.5283,126.9185,1368631200
1154,37.5256,126.9175,1368608460
1154,37.5237,126.9167,1368506760
1154,37.4827,126.884,1368111660
1154,37.4897,126.8691,1367701740
1154,37.5376,126.9605,1367684640
1154,37.5418,126.9552,1367684580
1154,37.5458,126.95,1367684520
1154,37.5272,126.9146,1367332680
1154,37.5165,126.9195,1367156820
1154,37.6901,127.0462,1367152740
1154,37.6916,127.0465,1367152680
1154,37.6916,127.0465,1367152620
1154,37.6917,127.0338,1367148480
1154,37.6915,127.0341,1367148480
1154,37.5826,127.0371,1367142240
1154,37.5736,127.0117,1367142060
1154,37.5101,126.8945,1367072940
1154,37.5176,126.911,1367072880
1154,37.5454,126.9505,1367071920
1154,37.5277,126.915,1366991700
1154,37.5271,126.9147,1366778820
1154,37.5146,126.9016,1366606500
1154,37.5274,126.9158,1366381200
1154,37.5278,126.914,1366106820
1154,37.5278,126.914,1366106400
1154,37.4889,126.8732,1366050480
1154,37.5237,126.9203,1366049160
1154,37.4922,126.8697,1365864960
1154,37.5265,126.9158,1365776220
1154,37.5273,126.9128,1365755040
1154,37.5007,126.8693,1365738840
1154,37.4968,126.8678,1365738660
1154,37.5272,126.9154,1364790540
1154,37.5116,126.8933,1364025660
1154,37.5076,126.8863,1364025480
1154,37.499,126.8685,1364025060
1154,37.4883,126.8699,1364024880
1154,37.5252,126.9156,1363753320
1154,37.5274,126.9128,1363753260
1154,37.5273,126.9128,1363753200
1154,37.5548,126.6162,1362832080
1154,37.5686,126.6484,1362832020
1154,37.5688,126.6487,1362831900
1154,37.5548,126.923,1362831660
1154,37.5249,126.9182,1362061860
1154,37.4926,126.8712,1361606820
1154,37.5022,126.8785,1361606760
1154,37.5273,126.9145,1360852260
1154,37.5278,126.923,1360767840
1154,37.5278,126.923,1360767840
1154,37.5278,126.923,1360767840
1154,37.5114,127.0594,1360497720
1154,37.5166,126.9074,1360343160
1154,37.527,126.9157,1360161000
1154,37.527,126.9157,1360160940
1154,37.5368,126.9859,1359872820
1154,37.5344,126.9902,1359828300
1154,37.5344,126.9902,1359824580
1154,37.5369,126.9859,1359805080
1154,37.5347,126.9948,1359760800
1154,37.5346,126.9947,1359760140
1154,37.5368,126.9948,1359755340
1154,37.5273,126.9145,1359629640
1154,37.5205,126.9169,1359547140
1154,37.2152,127.3452,1359291780
1154,37.5252,126.916,1359099720
1154,37.5253,126.9158,1358846220
1154,37.5252,126.916,1358846100
1154,37.5252,126.916,1358845800
1154,37.5238,126.9177,1358747820
1154,37.4889,126.8691,1358680440
1154,37.5097,126.8874,1358679960
1154,37.5093,126.8894,1358679840
1154,37.5098,126.8871,1358675520
1154,37.5453,126.9364,1358670120
1154,37.5456,126.9509,1358669820
1154,37.5358,126.9872,1358593800
1154,37.539,126.9885,1358592420
1154,37.5391,126.9873,1358592060
1154,37.5238,126.9177,1358492880
1154,37.5251,126.9159,1358413260
1154,37.5253,126.916,1358412660
1154,37.524,126.9174,1358331780
1154,37.5252,126.9162,1358239200
1154,37.5252,126.9165,1358238960
1154,37.5085,126.8886,1358177340
1154,37.5085,126.8886,1358177280
1154,37.4899,126.8683,1358006700
1154,37.4942,126.8705,1357755300
1154,37.5696,126.9871,1357753920
1154,37.5697,126.9872,1357753620
1154,37.5687,126.9859,1357751820
1154,37.5687,126.9859,1357751820
1154,37.5685,126.9859,1357751700
1154,37.5699,126.989,1357749240
1154,37.5241,126.9174,1357619100
1154,37.5097,126.8909,1357580040
1154,37.5114,126.8981,1357579980
1154,37.5431,126.9714,1357579320
1154,37.5239,126.9176,1357549080
1154,37.524,126.9173,1357548840
1154,37.5098,126.8878,1357482300
1154,37.5042,126.8835,1357465680
1154,37.5702,126.9847,1357323000
1154,37.5685,126.9859,1357322520
1154,37.5679,126.9876,1357321740
1154,37.5695,126.9885,1357321560
1154,37.5687,126.9876,1357320720
1154,37.5687,126.9876,1357320540
1154,37.5688,126.9876,1357320360
1154,37.569,126.9876,1357320180
1154,37.5689,126.9876,1357319880
1154,37.5691,126.9876,1357319820
1154,37.571,126.9895,1357318800
1154,37.5707,126.9888,1357318740
1154,37.4944,126.8713,1357149000
1154,37.524,126.9174,1357123320
1154,37.5181,126.9038,1357118160
1154,37.5181,126.9038,1357117920
1154,37.5239,126.9162,1357102140
1154,37.5501,126.9224,1356997620
1154,37.5502,126.9224,1356993060
1154,37.5522,126.9185,1356992460
1154,37.5522,126.9185,1356986100
1154,37.5522,126.9185,1356985920
1154,37.5485,126.921,1356980940
1154,37.4884,126.8691,1356971700
1154,37.5474,126.9717,1356963900
1154,37.5645,126.9765,1356961980
1154,37.5244,126.9225,1356812880
1154,37.5253,126.9255,1356793920
1154,37.5255,126.9255,1356793920
1154,37.5255,126.9254,1356793020
1154,37.556,126.9243,1356716460
1154,37.5565,126.9245,1356714060
1154,37.5563,126.925,1356713160
1154,37.5562,126.9247,1356713160
1154,33.6399,84.4195,1355002140
1154,26.1942,80.2668,1353027960
1154,29.9542,90.0681,1352373840
1154,29.941,90.1287,1352191740
1154,29.9215,90.0933,1352164380
1154,30.0037,90.1841,1351822920
1154,29.9585,90.0654,1351391040
1154,29.9771,90.0969,1351069260
1154,25.7227,80.2755,1350699120
1154,25.7512,80.2578,1350543360
1154,25.9794,80.2759,1350482100
1154,25.7941,80.276,1350464160
1154,33.64,84.4338,1350456600
1154,33.6403,84.4341,1350456540
1154,33.6388,84.4357,1350455640
1154,33.6386,84.4358,1350455460
1154,33.639,84.4359,1350448380
1154,33.6386,84.4359,1350448320
1154,33.6408,84.4361,1350445380
1154,17.5365,88.3079,1350427320
1154,17.5366,88.3077,1350424800
1154,17.156,89.0769,1350125460
1154,17.1598,89.069,1350015300
1154,17.1598,89.069,1350015180
1154,17.1585,89.0701,1349767140
1154,17.9201,87.9612,1349608920
1154,17.9206,87.9607,1349607540
1154,17.9206,87.9607,1349607480
1154,17.9206,87.9607,1349607420
1154,17.9188,87.9628,1349576400
1154,17.9188,87.9628,1349576280
1154,17.9188,87.9628,1349576220
1154,17.9188,87.9628,1349576100
1154,17.9206,87.9607,1349575920
1154,17.9206,87.9607,1349553420
1154,17.9201,87.9612,1349524140
1154,17.9188,87.9619,1349523960
1154,17.9323,87.9545,1349523660
1154,17.9206,87.9607,1349510040
1154,17.9206,87.9607,1349509980
1154,17.9206,87.9607,1349509800
1154,17.9206,87.9607,1349509740
1154,17.9206,87.9607,1349499060
1154,17.9206,87.9607,1349498880
1154,17.9325,87.9546,1349496300
1154,17.9327,87.9547,1349495100
1154,17.9324,87.9547,1349495100
1154,17.9206,87.9607,1349420580
1154,17.9206,87.9607,1349404740
1154,17.9206,87.9607,1349404440
1154,33.6407,84.4329,1349374560
1154,33.6377,84.4405,1349373720
1154,25.7913,80.2773,1349364900
1154,25.7914,80.2773,1349364600
1154,25.7914,80.2773,1349364540
1154,25.7917,80.2769,1349362440
1154,26.0977,80.385,1349207940
1154,25.6708,80.3503,1349116920
1154,25.6761,80.3572,1349111220
1154,25.6754,80.3564,1349111160
1154,26.1667,80.2563,1349074260
1154,26.1222,80.1046,1349066100
1154,26.1219,80.1043,1349065800
1154,26.1216,80.1044,1349062980
1154,26.1188,80.1046,1349062920
1154,26.1215,80.1045,1349061660
1154,26.1218,80.104,1349055960
1154,26.1218,80.104,1349055780
1154,26.169,80.2677,1349049720
1154,26.1441,80.2064,1348773660
1154,26.1443,80.2054,1348773300
1154,26.1443,80.2052,1348773060
1154,29.9867,90.258,1348700220
1154,29.9881,90.2567,1348699980
1154,29.9881,90.2571,1348699920
1154,29.9881,90.2571,1348699860
1154,29.9876,90.2562,1348699500
1154,29.9874,90.2561,1348698420
1154,29.9873,90.2562,1348698240
1154,29.9875,90.2562,1348698000
1154,29.9875,90.2563,1348697880
1154,29.9849,90.2571,1348697700
1154,29.9874,90.2562,1348697400
1154,29.9875,90.2561,1348696140
1154,29.9875,90.2561,1348696020
1154,29.9875,90.2562,1348695720
1154,29.9875,90.2561,1348694820
1154,29.9682,90.0999,1348452300
1154,29.9684,90.0999,1348359660
1154,29.9682,90.0999,1348357080
1154,29.9555,90.0637,1348294140
1154,29.9483,90.0702,1348286100
1154,29.9422,90.0704,1348285140
1154,30.0065,90.1562,1348037460
1154,30.0062,90.1566,1348036920
1154,29.9831,90.1106,1348022640
1154,29.9627,90.0577,1347971340
1154,29.9427,90.066,1347961080
1154,29.9428,90.066,1347960900
1154,29.9685,90.0523,1347951420
1154,29.9684,90.0524,1347951360
1154,29.9684,90.0523,1347951300
1154,29.968,90.0521,1347944880
1154,29.9767,90.097,1347786120
1154,29.9771,90.097,1347786060
1154,29.9769,90.097,1347786000
1154,29.9767,90.0969,1347785940
1154,29.9768,90.0969,1347785820
1154,29.9692,90.0789,1347760860
1154,29.9689,90.079,1347755100
1154,29.9642,90.0578,1347615120
1154,29.9642,90.0578,1347615000
1154,29.9639,90.0578,1347614160
1154,29.9392,90.0738,1347612360
1154,29.942,90.0749,1347607980
1154,29.9419,90.0749,1347607680
1154,29.942,90.0749,1347607380
1154,29.942,90.0749,1347606000
1154,29.9809,90.1144,1347603000
1154,29.9438,90.0753,1347601740
1154,29.9504,90.0721,1347594540
1154,29.9538,90.0716,1347593400
1154,29.9538,90.0715,1347593100
1154,29.9537,90.0715,1347593040
1154,29.9538,90.0716,1347592380
1154,29.9538,90.0716,1347591600
1154,29.9538,90.0716,1347590640
1154,29.9798,90.0927,1347537660
1154,30.2479,92.2025,1347438900
1154,30.2498,92.2321,1347438840
1154,30.044,95.8687,1347417360
1154,30.0538,95.8835,1347417360
1154,30.1317,96.2191,1347416460
1154,30.1738,96.455,1347415860
1154,30.1107,97.3683,1347412320
1154,30.203,97.6676,1347409740
1154,30.2991,97.7415,1347336000
1154,30.2953,97.7421,1347265380
1154,30.3293,97.7403,1347253260
1154,30.3293,97.74,1347252420
1154,30.251,97.7495,1347155640
1154,30.2954,97.7414,1346670600
1154,30.2956,97.7418,1346668260
1154,30.2958,97.7424,1346668200
1154,30.2954,97.7413,1346668080
1154,30.2956,97.7417,1346667480
1154,30.2957,97.7416,1346667300
1154,30.2901,97.7365,1346649720
1154,30.3294,97.7399,1346642460
1154,30.3121,97.7738,1346284860
1154,30.0043,95.271,1346172660
1154,30.0043,95.2709,1346172660
1154,30.2468,92.8847,1346120100
1154,30.0093,90.2375,1346107380
1154,29.9975,90.1493,1346106240
1154,29.9489,90.132,1345963020
1154,29.9431,90.131,1345688100
1154,29.9263,90.0825,1345608780
1154,29.9264,90.0826,1345608240
1154,29.9263,90.0826,1345605720
1154,29.9299,90.085,1345590000
1154,29.9569,90.0746,1345421040
1154,29.9569,90.0668,1345365420
1154,29.9569,90.0668,1345365120
1154,29.9568,90.0668,1345365060
1154,29.964,90.0578,1345359180
1154,29.964,90.0578,1345359120
