1167,37.244,27.6737,1427707800
1167,40.9075,29.3158,1427697300
1167,41.0142,28.9763,1426972620
1167,41.0257,28.9809,1424551860
1167,41.1766,28.9848,1420675620
1167,40.9075,29.3158,1416679380
1167,41.0449,29.0348,1416144000
1167,41.0664,29.017,1411752480
1167,41.1654,29.5832,1411242120
1167,40.9075,29.3158,1411160340
1167,37.244,27.6737,1411155480
1167,38.4355,27.1401,1410734640
1167,37.4758,27.4599,1410712860
1167,37.0541,27.2365,1410541620
1167,40.9075,29.3158,1410456060
1167,40.9075,29.3158,1400369160
1167,40.991,29.0389,1399752600
1167,40.9702,29.0823,1390960140
