1174,37.0014,35.3199,1388187300
1174,36.9977,35.3191,1387758300
1174,36.9877,35.3365,1387672920
1174,37.0477,35.3682,1387557660
1174,37.0523,35.298,1383331920
1174,37.052,35.2984,1383160140
1174,38.3994,27.0758,1382370300
1174,38.2854,26.3746,1382212080
1174,38.3209,26.3033,1382131200
1174,38.2849,26.3757,1382054220
1174,38.2854,26.3745,1382043120
1174,38.4381,27.1415,1381931220
1174,36.9852,35.2971,1381918980
1174,36.7015,34.4631,1380975780
1174,37.052,35.2984,1380584880
1174,36.9989,35.3207,1379813100
1174,36.9874,35.3144,1378941660
1174,36.9874,35.3144,1378941600
1174,37.0484,35.2987,1378135860
1174,37.0025,35.3269,1376845320
1174,26.6186,80.178,1374803400
1174,26.7045,80.232,1373932620
1174,26.6447,80.1491,1373495880
1174,26.7085,80.0571,1373267760
1174,26.6448,80.149,1373073060
1174,26.8494,80.0934,1372936080
1174,26.8496,80.0932,1372936020
1174,26.6447,80.149,1371872760
1174,37.0,35.3193,1362529560
1174,37.0,35.3193,1362425040
1174,37.0016,35.3273,1362361860
1174,36.9993,35.3207,1362358380
1174,36.987,35.3159,1353462900
1174,37.0009,35.3297,1351129380
1174,37.0024,35.3267,1349183340
1174,37.0022,35.3273,1348068300
1174,37.0463,35.3048,1346117460
1174,37.0024,35.3266,1345767060
1174,36.9875,35.3145,1344818220
1174,36.987,35.3128,1344531780
1174,36.9973,35.3192,1324681980
1174,36.9875,35.3144,1324479300
1174,36.9874,35.3144,1324312080
1174,36.9874,35.3144,1324097040
1174,36.9874,35.3144,1324096860
1174,36.9874,35.3144,1324096380
1174,36.987,35.3128,1324068480
1174,36.9875,35.3145,1324051320
1174,36.9875,35.3145,1324051200
1174,36.987,35.3128,1324013220
1174,36.9872,35.3143,1324010580
1174,36.9875,35.3144,1324003440
1174,36.987,35.3128,1323996360
1174,36.9875,35.3144,1323979380
1174,36.9875,35.3144,1323979260
1174,36.9875,35.3144,1323977760
1174,36.9875,35.3145,1323977160
1174,36.9875,35.3144,1323975720
1174,36.9875,35.3144,1323975660
1174,37.0097,35.3239,1323912720
1174,36.9875,35.3144,1323828360
1174,36.987,35.3128,1323786180
1174,37.018,35.2437,1323730560
1174,37.039,35.3211,1323647400
1174,37.039,35.3211,1323647040
1174,37.0392,35.3211,1323643380
1174,37.0387,35.3181,1323641040
1174,36.9875,35.3144,1323626280
1174,36.987,35.3128,1323622740
1174,36.987,35.3308,1323588600
1174,36.9425,35.1233,1323580620
1174,36.9873,35.3144,1323487320
1174,36.9875,35.3145,1323487080
1174,36.9875,35.3145,1323486960
1174,36.9875,35.3145,1323486540
1174,36.9875,35.3144,1323486060
1174,36.9976,35.3183,1323478920
1174,36.987,35.3128,1323402900
1174,36.9874,35.3146,1323397320
1174,36.987,35.3128,1323356700
1174,36.987,35.3128,1323312180
1174,36.9975,35.3183,1323302520
1174,36.9975,35.3183,1323299520
1174,36.9976,35.3183,1323299160
1174,36.9875,35.3145,1323271140
1174,36.9874,35.3144,1323270900
1174,36.996,35.3198,1323211260
1174,36.9976,35.3182,1323134160
1174,36.9975,35.3182,1322608620
1174,36.9974,35.3183,1322601120
1174,36.9873,35.3144,1322448840
1174,36.5921,35.4544,1322375460
1174,36.9874,35.3145,1322155380
1174,36.9875,35.3144,1321898340
1174,36.9875,35.3144,1321897740
1174,36.9875,35.3145,1321845360
1174,36.987,35.3128,1321845240
1174,37.0028,35.3213,1321829940
1174,36.987,35.3128,1321817760
1174,36.987,35.3128,1321810860
1174,36.987,35.3128,1321788900
1174,36.9875,35.3144,1321720800
1174,36.9875,35.3144,1321705980
1174,36.9875,35.3145,1321674420
1174,36.9975,35.3183,1321408980
1174,36.987,35.3126,1321297800
1174,36.7013,34.4625,1320851400
1174,36.9874,35.3145,1320114600
1174,36.987,35.3128,1319983620
1174,36.9874,35.3145,1319640840
1174,36.987,35.3128,1318904580
1174,36.9975,35.3183,1318898520
1174,36.987,35.3128,1318393740
1174,37.0692,35.2697,1315693560
1174,36.9875,35.3144,1315504860
1174,36.9874,35.3145,1315361040
1174,36.9874,35.3141,1315339380
1174,36.9874,35.3141,1315339320
1174,36.7012,34.4633,1314818760
1174,36.987,35.3128,1314360840
1174,36.9874,35.3145,1313868060
