1198,23.5669,46.8259,1427703960
1198,23.5151,46.6968,1427660700
1198,23.5111,46.6977,1426985580
1198,23.511,46.6977,1426985520
1198,23.5325,46.9041,1426440720
1198,23.6059,47.0262,1424620200
1198,23.6008,46.8328,1423724880
1198,23.5865,46.8391,1422684900
1198,23.6363,46.7188,1422430440
1198,23.5881,46.6586,1422240240
1198,23.5851,46.6769,1421085300
1198,23.5953,46.6914,1420701180
1198,23.6379,46.7214,1418281980
1198,23.6363,46.7188,1418280600
1198,23.6363,46.719,1418274840
1198,23.6041,46.7966,1418231940
1198,23.5945,46.7772,1418019120
1198,23.5763,46.7215,1418018100
1198,23.5726,46.707,1418017800
1198,23.6478,46.7236,1417843320
1198,23.6032,46.9201,1417446780
1198,23.5865,46.7401,1417403280
1198,23.5176,46.775,1416779520
1198,26.9168,48.6734,1416138960
1198,26.9168,48.6734,1416117600
1198,26.979,48.6351,1416115320
1198,27.1017,48.6178,1416099240
1198,26.9168,48.6734,1416061740
1198,26.9168,48.6733,1416061560
1198,26.9168,48.6733,1416035160
1198,26.9168,48.6733,1416035160
1198,26.9168,48.6733,1416035040
1198,26.9167,48.6781,1416034740
1198,26.9168,48.6733,1416032160
1198,26.9168,48.6733,1416032160
1198,26.916,48.6705,1416030300
1198,23.6236,46.7681,1414913280
1198,23.6236,46.7681,1414813200
1198,23.4515,46.9004,1414733400
1198,23.5979,46.8401,1414703400
1198,23.5853,46.677,1414541340
1198,23.571,46.6903,1414176240
1198,23.586,46.6628,1414169220
1198,23.5279,46.6703,1413537900
1198,23.5873,46.6639,1413072480
1198,23.5864,46.663,1413072420
1198,23.5857,46.6629,1413072360
1198,23.5073,46.7359,1412926200
1198,23.5048,46.7386,1412924520
1198,23.5068,46.736,1412915040
1198,23.571,46.6906,1412911200
1198,23.5709,46.6906,1412910780
1198,23.5711,46.6906,1412910660
1198,23.5768,46.745,1411656060
1198,23.577,46.7443,1411655940
1198,23.5854,46.7384,1410903780
1198,23.579,46.745,1410208440
1198,23.2439,47.3407,1410089760
1198,23.596,46.6828,1408607220
1198,23.5599,46.7206,1407612180
1198,23.7181,46.8412,1405856760
1198,23.7167,46.8333,1405172940
1198,23.5889,46.7333,1404887160
1198,23.7223,46.8284,1404672000
1198,23.5471,46.6622,1404671940
1198,23.54,47.1368,1402892820
1198,23.6003,46.7201,1402612560
1198,23.5951,46.8729,1402114140
1198,23.523,46.6192,1401694740
1198,23.6476,46.7241,1397817120
1198,23.6048,46.9231,1396506360
1198,23.5959,46.6829,1395920640
1198,23.5498,46.6456,1395909480
1198,23.6038,46.9202,1395605820
1198,23.5997,46.8831,1395538080
1198,23.6005,46.9017,1394965860
1198,23.7079,46.8531,1394933520
1198,23.528,46.6703,1393670520
1198,23.5279,46.6707,1393666860
1198,23.4257,46.4817,1389877920
1198,23.4352,46.4663,1389877680
1198,8.1417,34.9299,1389865380
1198,8.1417,34.9299,1389864000
1198,7.8967,34.8246,1389839340
1198,7.8967,34.8246,1389833820
1198,7.8967,34.8246,1389708300
1198,7.8973,34.8282,1389374520
1198,7.8973,34.8282,1389320340
1198,7.8967,34.8246,1389304380
1198,7.8967,34.8247,1389289980
1198,8.0022,34.8419,1389254520
1198,8.132,34.9162,1389252720
1198,8.132,34.9162,1389252660
1198,23.604,46.7966,1387749420
1198,23.5728,46.6584,1387321740
1198,22.9221,43.2462,1379265420
1198,22.9813,43.409,1379202540
1198,22.9803,43.4073,1379199600
1198,23.6227,46.6612,1379168700
1198,23.285,47.3334,1378647480
1198,23.5429,46.6825,1374027180
1198,23.2934,47.6896,1373845200
1198,23.5057,46.8643,1373728860
1198,23.5892,46.8089,1373728200
1198,23.6388,46.8343,1373375820
1198,23.6994,46.8202,1373369160
1198,23.6852,46.8028,1373361300
1198,23.6852,46.8027,1373180220
1198,23.5948,46.7973,1373088780
1198,23.5692,46.6615,1372444080
1198,23.6194,47.0301,1371209580
1198,23.5486,47.1214,1371036420
1198,23.5486,47.1214,1371026040
1198,23.5706,46.6616,1370626140
1198,23.5706,46.6616,1370626020
1198,23.5747,46.7363,1369359240
1198,23.339,46.837,1368967740
1198,23.4342,46.4947,1367217120
1198,22.9135,43.1677,1367208900
1198,22.9134,43.1677,1367208240
1198,22.9125,43.1664,1367207520
1198,22.9745,43.1924,1367206320
1198,22.9745,43.1924,1367205660
1198,22.9519,43.2105,1367192280
1198,22.9131,43.1807,1367145420
1198,22.9131,43.1807,1367141340
1198,22.9541,43.1664,1367093580
1198,22.9552,43.166,1367090700
1198,22.9112,43.1689,1367082780
1198,22.9121,43.1664,1367081760
1198,22.9112,43.1689,1367081580
1198,22.9112,43.1689,1367081160
1198,23.4286,46.4825,1367075880
1198,23.6047,46.9234,1365415500
1198,23.6037,46.9189,1365412140
1198,23.6041,46.9169,1365406680
1198,23.6036,46.9193,1365406620
1198,23.6047,46.9234,1365396120
1198,23.5992,46.8936,1365335880
1198,23.6036,46.9192,1365329100
1198,23.6037,46.9188,1365315900
1198,23.6038,46.9181,1364814180
1198,23.6038,46.9181,1364805360
1198,23.6036,46.9193,1364804640
1198,23.536,46.6755,1362317580
1198,22.8421,45.2382,1359834000
1198,23.545,46.6369,1359163500
1198,23.5882,46.7055,1359078120
1198,23.5694,46.6606,1359075720
1198,23.9979,46.4075,1357538340
1198,23.9979,46.4075,1357538280
1198,24.0116,46.4376,1357515120
1198,24.0113,46.4241,1357503540
1198,24.0113,46.4241,1357413420
1198,24.0113,46.4241,1357412280
1198,24.0113,46.4241,1357411800
1198,24.0113,46.4241,1357411800
1198,24.0113,46.4248,1357411440
1198,24.067,46.5699,1356906420
1198,23.006,47.114,1352938860
1198,23.5713,46.7008,1351989540
1198,23.5856,46.677,1351973160
1198,23.5477,47.1235,1350859260
1198,23.5487,47.1207,1350855180
1198,23.5891,46.6803,1350609540
1198,23.5287,46.6678,1349047740
