1215,25.1907,55.2451,1417261620
1215,25.163,55.2192,1416267060
1215,25.1089,55.3451,1414568040
1215,25.1065,55.3653,1414403880
1215,25.1066,55.3653,1414403700
1215,25.1427,55.3479,1414400400
1215,25.1908,55.245,1414373760
1215,25.1908,55.245,1414163640
1215,25.1909,55.2451,1412544120
1215,25.3387,55.428,1402013160
1215,25.2326,55.2645,1396481700
1215,25.2101,55.2594,1396121160
1215,25.1906,55.245,1387314960
1215,25.1907,55.245,1387243260
1215,25.1627,55.219,1386543180
1215,25.1908,55.245,1386331440
1215,25.1174,55.2001,1386198180
1215,25.1648,55.2344,1386193500
1215,25.1908,55.245,1385496900
1215,25.0423,56.3544,1384530180
1215,25.2107,55.2585,1383783480
1215,25.1991,55.2737,1383781800
1215,25.1586,55.207,1383515340
1215,24.0781,55.7681,1383411780
1215,25.1705,55.3233,1383404340
1215,25.1965,55.2771,1383329880
1215,25.1626,55.2191,1373420760
1215,25.1861,55.2589,1372721640
1215,25.1185,55.1987,1372465920
1215,25.1965,55.2786,1372434480
1215,25.196,55.2776,1371858300
1215,25.1855,55.2389,1367780640
1215,25.196,55.2777,1365963540
1215,25.1645,55.2075,1365895740
1215,25.1911,55.2736,1365728400
