126,15.8708,48.0965,1412087880
126,15.7862,47.8973,1411433700
126,15.8517,47.9542,1410117600
126,15.8517,47.9542,1410117540
126,15.8707,48.097,1401581280
126,15.8707,48.097,1401580560
126,15.8707,48.097,1401580500
126,15.8707,48.097,1401580320
126,15.8707,48.097,1401580320
126,15.8707,48.097,1401579540
126,15.8707,48.097,1401579480
126,15.8707,48.097,1401579180
126,15.8707,48.097,1401579060
126,15.8707,48.097,1401579000
126,15.8707,48.097,1401578760
126,15.8707,48.097,1401578520
126,15.8707,48.097,1401578520
126,15.8707,48.097,1401578400
126,15.8707,48.097,1401578340
126,15.8707,48.097,1401578280
126,15.8707,48.097,1401578280
126,15.8707,48.097,1401578160
126,15.8707,48.097,1401578160
126,15.8707,48.097,1401578040
126,15.8707,48.097,1401577860
126,15.8707,48.097,1401577860
126,15.8707,48.097,1401577740
126,15.8707,48.097,1401577740
126,15.8707,48.097,1401577560
126,15.8707,48.097,1401577320
126,15.8707,48.097,1401577260
126,15.8707,48.097,1401577260
126,15.8707,48.097,1401577200
126,15.8707,48.097,1401577140
126,15.8707,48.097,1401576960
126,15.8707,48.097,1401576660
126,15.8707,48.097,1401576540
126,15.8707,48.097,1401576540
126,15.8707,48.097,1401576480
126,15.8707,48.097,1401576420
126,15.8707,48.097,1401576420
126,15.8707,48.097,1401576360
126,15.8735,48.0956,1401515760
126,15.8735,48.0956,1401515640
126,15.8707,48.097,1401491280
126,15.8013,48.1398,1401435660
126,15.8735,48.0956,1401433560
126,15.8707,48.0964,1401428820
126,15.8707,48.0964,1401428760
126,15.8735,48.0956,1401425640
126,15.8735,48.0956,1401408180
126,15.8735,48.0956,1401406260
126,15.8735,48.0956,1401406020
126,15.8735,48.0956,1401405720
126,15.8735,48.0956,1401404700
126,15.8735,48.0956,1401404460
126,15.8735,48.0956,1401403860
126,15.8735,48.0956,1401403800
126,15.8735,48.0956,1401403740
126,15.8735,48.0956,1401403680
126,15.8735,48.0956,1401402960
126,15.8735,48.0956,1401402900
126,15.8734,48.0952,1393919700
126,15.8734,48.0952,1393786020
126,15.8734,48.0952,1393785840
126,15.839,48.1184,1392447000
126,15.8705,48.097,1391485860
