1280,52.4161,1.8362,1426862160
1280,52.4128,1.8276,1426817220
1280,52.4529,1.9038,1426793160
1280,52.4483,1.8879,1426789260
1280,51.6204,0.2738,1426688340
1280,51.6204,0.2739,1426542600
1280,51.6204,0.2742,1426424580
1280,51.6133,0.2767,1426264200
1280,51.6202,0.2737,1425655260
1280,51.4255,0.17,1424919240
1280,51.5725,0.1954,1421848260
1280,51.5493,0.1663,1421613780
1280,51.5273,0.108,1418327820
1280,51.5243,0.1889,1417571940
1280,51.4584,0.3062,1417369860
1280,51.5388,0.143,1417224600
1280,51.542,0.202,1417182540
1280,51.5174,0.0802,1416326040
1280,51.5205,0.1282,1416077100
1280,51.6205,0.2738,1415564820
1280,51.6204,0.2743,1415510280
1280,51.543,0.082,1415468460
1280,51.5392,0.0778,1415462940
1280,51.5391,0.0774,1415462580
1280,51.5078,0.1273,1415157240
1280,51.5075,0.1289,1415146260
1280,51.5093,0.1281,1415055180
1280,51.5094,0.1281,1415054940
1280,51.5084,0.1081,1414455480
1280,51.5616,0.2796,1414343040
1280,51.5174,0.1218,1413224340
1280,51.6006,0.2579,1412045880
1280,51.5943,0.1305,1411949940
1280,51.5944,0.1309,1411948620
1280,51.5435,0.1517,1411348680
1280,51.5435,0.1517,1411344240
1280,51.5621,0.4525,1411229280
1280,51.5248,0.0837,1409924100
1280,51.5257,0.0886,1409869020
1280,51.5248,0.0836,1409866740
1280,51.5214,0.0771,1409748360
1280,51.5438,0.1458,1409699220
1280,51.5419,0.1392,1409699100
1280,51.5418,0.1389,1409698860
1280,51.5239,0.0739,1409696760
1280,51.5152,0.1226,1409619060
1280,51.5154,0.1276,1409614320
1280,51.5248,0.0837,1409074920
1280,51.5247,0.0836,1409074740
1280,51.5379,0.902,1408806480
1280,51.5375,0.9057,1408759260
1280,51.5248,0.0837,1408565700
1280,51.5378,0.1027,1408496220
1280,51.5378,0.1027,1408490280
1280,51.5378,0.1027,1408488540
1280,51.5136,0.1279,1408225320
1280,51.531,0.1191,1408146240
1280,51.5248,0.0837,1407520200
1280,51.5897,0.1447,1407001560
1280,51.518,0.091,1406992920
1280,51.526,0.078,1406134620
1280,51.5389,0.1417,1405821720
1280,51.5148,0.1247,1405639140
1280,51.4837,0.115,1405565460
1280,51.5248,0.0837,1403229060
1280,51.5248,0.0836,1403222340
1280,51.5467,0.1039,1403056380
1280,51.5467,0.1038,1403053560
1280,51.5247,0.0842,1402940220
1280,51.5296,0.1725,1402765620
1280,51.5296,0.1721,1402763040
1280,51.5294,0.1727,1402758420
1280,51.5231,0.0929,1402592820
1280,51.525,0.0821,1402197240
1280,51.758,1.2629,1401121680
1280,51.5078,0.0992,1400427840
1280,51.526,0.078,1400087340
1280,51.5261,0.0838,1400081940
1280,51.5802,0.1018,1399216320
1280,51.5413,0.1788,1398634980
1280,51.5492,0.1714,1398634440
1280,51.5509,0.1658,1398528660
1280,51.5454,0.163,1398388740
1280,51.5455,0.1626,1398384180
1280,51.5455,0.1628,1398383220
1280,51.5227,0.0855,1398286380
1280,51.5389,0.143,1397871720
1280,51.5145,0.1383,1397847180
1280,51.5172,0.0824,1397755980
1280,51.5653,0.1317,1397173080
1280,51.5394,0.1609,1396819320
1280,51.533,0.1816,1396739940
1280,51.52,0.1801,1396723140
1280,51.5159,0.1276,1396278780
1280,51.5442,0.1751,1395439380
1280,51.5321,0.1779,1395197700
1280,51.5321,0.1779,1395162720
1280,51.5028,0.0771,1394586420
1280,51.5247,0.0826,1394131020
1280,51.5227,0.0855,1393884900
1280,51.5524,0.149,1393700940
1280,51.441,0.0614,1393098780
1280,51.5389,0.143,1392949200
1280,51.5058,0.1379,1390833720
1280,51.5464,0.1905,1390683600
1280,51.5126,0.1509,1390530000
1280,51.497,0.2106,1390513440
1280,51.4999,0.1527,1389391500
1280,51.5277,0.0804,1389380220
1280,51.5177,0.1515,1386987420
1280,51.5303,0.1856,1386639000
1280,51.51,0.1363,1386359400
1280,51.5061,0.1307,1385503620
1280,51.5061,0.1308,1385501400
1280,51.5246,0.0868,1385415360
1280,51.5389,0.143,1385258880
1280,51.5897,0.1632,1385223180
1280,51.5029,0.0032,1384826340
1280,52.4796,1.9024,1384720140
1280,52.4797,1.9084,1384716360
1280,51.6892,1.187,1384633440
1280,51.5061,0.1308,1384549380
1280,55.6805,12.5776,1384130100
1280,55.6739,12.5678,1384048140
1280,51.5218,0.1285,1383688920
1280,52.2408,0.7172,1383413100
1280,51.5101,0.1301,1382889660
1280,51.5272,0.0825,1382813220
1280,51.5439,0.1739,1382469660
1280,51.5027,0.0718,1382207340
1280,51.5294,0.1727,1381962720
1280,52.373,1.8868,1381690800
1280,52.2437,1.8798,1381616940
1280,51.5422,0.1745,1381253940
1280,51.5302,0.1694,1380857640
1280,51.5131,0.1316,1380852360
1280,51.5407,0.1968,1380069600
1280,51.5151,0.1393,1379700180
1280,51.483,0.607,1377459840
1280,51.4916,0.6093,1377454440
1280,51.51,0.1363,1377219180
1280,51.5391,0.0215,1376760060
1280,51.5402,0.0213,1376757660
1280,51.54,0.1409,1376673120
1280,51.5541,0.1445,1376157540
1280,51.5504,0.141,1376157480
1280,51.5123,0.1357,1375917660
1280,51.5124,0.1362,1375915920
1280,52.3479,1.5918,1375557000
1280,51.5135,0.1391,1375466160
1280,51.5323,0.0992,1375410180
1280,51.5323,0.0992,1375406760
1280,51.5323,0.0992,1375402680
1280,51.5006,0.0994,1375028460
1280,51.7482,0.349,1374970320
1280,51.7508,0.3406,1374941700
1280,51.5159,0.1399,1374770760
1280,51.546,0.1918,1374716700
1280,51.4937,0.2239,1374710460
1280,51.519,0.1353,1373567520
1280,51.5555,0.1657,1373135640
1280,51.5108,0.1343,1373045280
1280,51.5446,0.1729,1372982220
1280,51.5207,0.0718,1372898580
1280,51.5207,0.0718,1372895880
1280,51.521,0.0721,1372894320
1280,51.5341,0.1067,1372891560
1280,51.5071,0.1456,1372623780
1280,51.5238,0.1343,1372539540
1280,51.5202,0.1308,1372534860
1280,51.5193,0.1268,1372530360
1280,51.5356,0.1557,1372470660
1280,51.5356,0.1557,1372460400
1280,51.5345,0.1742,1372428480
1280,51.5344,0.1742,1372015800
1280,51.5344,0.1742,1372011180
1280,51.5411,0.1553,1371926040
1280,51.5405,0.1451,1371924900
1280,51.5394,0.1609,1371919080
1280,51.5207,0.1519,1371421740
1280,51.5403,0.1578,1371419640
1280,51.5779,0.1236,1371320640
1280,51.5806,0.124,1371318000
1280,50.8166,0.1369,1371240240
1280,50.8224,0.1377,1371239640
1280,51.5152,0.0839,1371153900
1280,51.5152,0.0838,1371153120
1280,51.5134,0.0957,1371140400
1280,51.5303,0.1856,1370566740
1280,51.5303,0.1856,1370565240
1280,51.5303,0.1856,1370562120
1280,51.5303,0.1856,1370560020
1280,51.5187,0.6306,1370451240
1280,51.5389,0.143,1370396940
1280,53.3442,2.0571,1370296680
1280,51.5148,0.1247,1370143260
1280,51.5165,0.1398,1370022840
1280,51.5566,0.1774,1369877640
1280,51.5566,0.1774,1369875240
1280,51.5566,0.1774,1369872540
1280,51.5566,0.1774,1369870860
1280,51.508,0.0763,1369706340
1280,51.5059,0.0753,1369680840
1280,51.5562,0.1461,1369595460
1280,51.5542,0.1742,1369499760
1280,51.5157,0.1399,1369422600
1280,51.5352,0.1817,1369357020
1280,51.5352,0.1817,1369354980
1280,51.5464,0.1796,1368908340
1280,51.5132,0.1321,1368745500
1280,51.5389,0.143,1368501420
1280,51.5389,0.143,1368492420
1280,52.0078,0.4091,1368306540
1280,51.5235,0.1143,1368204960
1280,51.5303,0.1856,1368142560
1280,51.5088,0.1375,1368105060
1280,51.5163,0.1392,1368021720
1280,51.5211,0.1815,1367864040
1280,51.5128,0.1391,1367455920
1280,51.5381,0.1026,1367019840
1280,50.7956,1.1086,1366914480
1280,51.5356,0.1557,1365975000
1280,51.5356,0.1557,1365971460
1280,51.5465,0.1804,1365871200
1280,51.5184,0.1405,1365186600
1280,51.5133,0.1384,1365012600
1280,51.5133,0.1384,1365012120
1280,52.4137,1.828,1364845200
1280,51.507,0.1422,1364183400
1280,51.5135,0.1349,1363983480
1280,51.5898,0.1448,1363474020
1280,51.5898,0.1448,1363468560
1280,51.5114,0.1323,1363285380
1280,51.5134,0.1361,1363203960
1280,51.5131,0.1342,1363203480
1280,51.5159,0.1399,1363202700
1280,51.5155,0.1355,1363026840
1280,51.5453,0.1775,1362967800
1280,51.5219,0.139,1362676380
1280,51.5235,0.0768,1361734260
1280,51.5236,0.0772,1361730180
1280,51.5245,0.0741,1361729820
1280,51.5236,0.0772,1361726160
1280,51.5537,0.1659,1361239140
1280,51.5722,0.1668,1361050980
1280,51.516,0.1416,1360349160
1280,51.5334,0.1665,1359865620
1280,51.5115,0.1194,1359596760
1280,51.5148,0.1354,1359398100
1280,51.5133,0.089,1359336480
1280,51.5582,0.1749,1359313680
1280,51.5495,0.168,1359306780
1280,51.5151,0.1393,1359142920
1280,51.5139,0.1402,1359137220
1280,51.497,0.2106,1359043320
1280,51.4961,0.208,1358981400
1280,51.497,0.2106,1358967360
1280,51.5159,0.1399,1358793240
1280,51.5566,0.0816,1358626980
1280,51.5507,0.1405,1358262540
1280,51.5433,0.1742,1358175840
1280,51.5462,0.1419,1358106300
1280,51.5507,0.1405,1358104440
1280,51.5163,0.1244,1358052540
1280,51.5163,0.1242,1358052240
1280,51.6442,0.4326,1357830480
1280,51.5162,0.124,1357457880
1280,51.4828,0.0096,1357424940
1280,51.236,0.5721,1357082700
1280,51.2344,0.5719,1357062240
1280,53.5147,1.6309,1356747720
1280,53.6759,1.4912,1356633780
1280,53.6759,1.4912,1356630420
1280,51.4777,0.2966,1356210840
1280,51.5131,0.1305,1356140220
1280,51.5389,0.143,1355971140
1280,51.5125,0.1372,1355856360
1280,51.5906,0.1553,1355598660
1280,51.5182,0.1352,1355525400
1280,51.5182,0.1352,1355513340
1280,51.5166,0.1331,1355429700
1280,51.544,0.1745,1355322960
1280,51.5509,0.1658,1354847400
1280,51.5099,0.1368,1354752300
1280,51.5348,0.1733,1354475460
1280,51.5348,0.1733,1354471740
1280,51.5074,0.1149,1354387800
1280,51.5423,0.1724,1354240440
1280,51.5006,0.1932,1354038840
1280,51.5136,0.139,1353941700
1280,51.7557,1.2644,1353823200
1280,51.5159,0.1399,1353707040
1280,51.5348,0.1741,1353596520
1280,51.5137,0.0994,1353365940
1280,51.5128,0.0992,1353362700
1280,51.5128,0.0993,1353353400
1280,51.5133,0.0958,1353352200
1280,51.5128,0.0993,1353349320
1280,51.5128,0.0998,1353349140
1280,51.5127,0.0995,1353337620
1280,51.5128,0.0992,1353333840
1280,51.5137,0.0994,1353332640
1280,51.5708,0.1486,1353192300
1280,51.5708,0.1486,1353192000
1280,51.5807,0.125,1353179760
1280,51.5812,0.1236,1353172020
1280,51.5513,0.201,1353034140
1280,51.5513,0.201,1353034020
1280,51.5131,0.1388,1352950380
1280,51.513,0.1375,1352944020
1280,51.513,0.1375,1352942220
1280,51.5043,0.0825,1352767620
1280,51.5043,0.0825,1352766660
1280,51.4951,0.0635,1352667600
1280,51.4741,0.0929,1352660820
1280,51.4744,0.0928,1352657460
1280,51.4623,0.1118,1352654880
1280,51.5425,0.1556,1352570640
1280,51.5403,0.1541,1352569800
1280,51.5439,0.1739,1352216040
1280,51.5541,0.1445,1351970160
1280,51.5542,0.1449,1351968300
1280,51.5426,0.1476,1351742760
1280,51.5389,0.143,1351739520
1280,51.5381,0.1443,1351733580
1280,51.4919,0.2228,1351718220
1280,51.5163,0.1388,1351710480
1280,51.5435,0.1748,1351695960
1280,51.5018,0.0078,1351382640
1280,51.7507,0.3392,1350845820
1280,51.7439,0.3305,1350839940
1280,51.7508,0.3394,1350838500
1280,51.5167,0.1259,1350795900
1280,51.5167,0.1402,1350693120
1280,51.5145,0.1347,1350657720
1280,51.5156,0.1399,1350593820
1280,51.5063,0.1124,1350525540
1280,51.5063,0.1124,1350523260
1280,47.4842,19.0522,1350244320
1280,47.4305,19.2622,1350222960
1280,51.5469,0.1903,1350000600
1280,51.548,0.1912,1349999460
1280,51.548,0.191,1349999400
1280,51.5156,0.1401,1349972340
1280,51.4957,0.1428,1349918280
1280,51.5156,0.1322,1349893440
1280,51.5154,0.1398,1349702280
1280,51.5136,0.139,1349701320
1280,51.5154,0.1398,1349468880
1280,51.4936,0.1462,1349188260
1280,51.5432,0.1518,1349059260
1280,51.5432,0.1518,1349051700
1280,51.4443,0.3141,1348950720
1280,51.4469,0.3265,1348941420
1280,51.5154,0.1398,1348859220
1280,51.5227,0.0855,1348581420
1280,51.5139,0.1365,1348580040
1280,51.5139,0.1365,1348533480
1280,51.5139,0.1365,1348532280
1280,51.5139,0.1365,1348526040
1280,51.5177,0.1415,1348519020
1280,51.5467,0.1607,1348347180
1280,51.5064,0.0832,1348336380
1280,51.513,0.0824,1348329300
1280,51.5144,0.1407,1348268700
1280,51.5133,0.1333,1348093500
1280,51.4818,0.1447,1347848700
1280,51.543,0.1994,1347752280
1280,51.5269,0.1325,1347740940
1280,51.5196,0.0994,1347725400
1280,51.5432,0.1518,1347591300
1280,51.5432,0.1518,1347586080
1280,51.5433,0.1742,1347543780
1280,51.5115,0.1194,1347492420
1280,51.49,0.35,1347305700
1280,51.4899,0.3508,1347148260
1280,51.4837,0.2587,1347128100
1280,51.5162,0.1403,1347053820
1280,51.5144,0.1415,1346951220
1280,51.5184,0.1434,1346800500
1280,51.5485,0.0139,1346634660
1280,51.5485,0.0139,1346633160
1280,51.5443,0.0201,1346625000
1280,51.9775,0.2702,1346530320
1280,51.5131,0.139,1346434680
1280,51.4926,0.2246,1346266200
1280,51.5392,0.1424,1346210700
1280,51.5392,0.1424,1346202300
1280,51.5383,0.1912,1346030280
1280,51.5159,0.2041,1346006520
1280,51.5118,0.1228,1345854900
1280,51.5087,0.1283,1345851360
1280,51.519,0.1365,1345761120
1280,51.5432,0.1518,1345687980
1280,51.5378,0.1392,1345686120
1280,51.5157,0.1277,1345661400
1280,51.4921,0.2236,1345476600
1280,51.5394,0.1609,1345315080
1280,51.5222,0.1029,1345310760
1280,51.5225,0.1025,1345306740
1280,51.5051,0.1881,1345223520
1280,51.5439,0.1739,1345137900
1280,51.544,0.1745,1344958860
1280,51.5425,0.1621,1344559200
1280,51.5564,0.1508,1344548700
1280,51.5433,0.1742,1344393420
1280,51.5402,0.0213,1344017700
1280,51.5046,0.129,1343951580
1280,51.5046,0.129,1343933700
1280,51.5136,0.135,1343757480
1280,51.515,0.1389,1343754720
1280,51.516,0.1416,1343668260
1280,51.5433,0.1507,1343301300
1280,51.54,0.1592,1343078940
1280,51.5425,0.175,1343000700
1280,51.5512,0.1138,1342899120
1280,51.4964,0.1442,1342807320
1280,51.5245,0.143,1342202760
1280,51.5242,0.143,1342198560
1280,51.5245,0.143,1342188060
1280,51.5249,0.1414,1342114740
1280,51.5352,0.1817,1341965520
