1326,35.432,133.8253,1425291780
1326,35.4718,133.9037,1425285480
1326,35.4328,133.7892,1424774880
1326,35.4118,133.891,1424451120
1326,35.4331,133.3515,1424168160
1326,35.5029,133.6887,1421141580
1326,35.2675,133.7792,1419247140
1326,35.2675,133.7792,1419241080
1326,35.2675,133.7792,1419240720
1326,35.4968,134.2311,1419183180
1326,35.4077,133.8982,1418922060
1326,35.4104,133.8927,1418060520
1326,35.4013,132.6719,1418035260
1326,35.4787,133.0504,1418024760
1326,35.2675,133.7792,1417968960
1326,35.4326,133.8241,1417343100
1326,35.4008,134.004,1416918660
1326,35.4881,134.231,1416905280
1326,35.4312,133.815,1415893260
1326,35.4315,133.3324,1415090040
1326,35.4312,133.815,1415030580
1326,34.341,134.0506,1413904560
1326,34.2818,134.0493,1413895200
1326,33.6112,133.6436,1413888480
1326,33.5907,133.6274,1413878100
1326,33.5592,133.5264,1413872220
1326,33.5592,133.5264,1413871440
1326,33.5592,133.5264,1413870360
1326,33.5484,133.5784,1413802260
1326,33.5484,133.5784,1413801960
1326,33.5687,133.5465,1413794520
1326,33.5687,133.5465,1413794460
1326,33.5685,133.5464,1413793320
1326,33.5592,133.5264,1413788340
1326,33.5592,133.5264,1413787800
1326,33.5592,133.5264,1413787680
1326,33.5592,133.5264,1413786420
1326,33.5552,133.5173,1413738000
1326,33.5562,133.533,1413697260
1326,33.5555,133.5318,1413693720
1326,34.6648,133.9316,1412693460
1326,34.6641,133.9298,1412691360
1326,35.4686,133.0577,1412596680
1326,35.4686,133.0577,1412595300
1326,35.4745,133.0544,1412594580
1326,35.4649,133.0592,1412589000
1326,35.4649,133.0592,1412515380
1326,35.3725,133.472,1411998300
1326,35.4281,133.3427,1411980420
1326,35.4321,133.8205,1411979460
1326,35.505,133.4876,1411373220
1326,35.4994,134.2322,1410970080
1326,35.4994,134.2322,1410967380
1326,35.425,133.7822,1410863940
1326,35.4118,133.891,1410456900
1326,35.302,133.6791,1410167760
1326,35.4487,133.8488,1409659320
1326,35.0633,134.0009,1409574060
1326,35.0965,134.0097,1409570100
1326,35.0965,134.0097,1409563560
1326,35.4631,133.3051,1409498700
1326,35.4965,134.2287,1408967880
1326,35.4962,134.227,1408963560
1326,35.4921,134.2269,1408961700
1326,35.4962,134.227,1408960740
1326,35.4321,133.8205,1408639560
1326,35.4272,133.3342,1407756300
1326,35.4584,133.348,1407749760
1326,35.4584,133.348,1407748500
1326,35.4584,133.348,1407748200
1326,35.5236,134.1087,1406445900
1326,35.5236,134.1087,1406433300
1326,35.5236,134.1087,1406430120
1326,35.5236,134.1087,1406407740
1326,35.5236,134.1087,1406393520
1326,35.5236,134.1087,1406393460
1326,35.505,133.4876,1405320240
1326,35.4701,133.9033,1403279100
1326,35.651,140.0695,1402486620
1326,35.6519,140.0654,1402484400
1326,35.3213,139.5533,1402306200
1326,35.3213,139.5533,1402306080
1326,35.707,139.6695,1402139280
1326,35.4317,139.4003,1402116360
1326,34.8512,137.3615,1402105500
1326,34.829,135.2957,1402095180
1326,35.5554,134.3623,1401707460
1326,35.4688,134.9687,1401694920
1326,35.4688,134.9687,1401694560
1326,35.505,133.4876,1401092640
1326,35.505,133.4876,1401092520
1326,35.4317,133.8378,1401042780
1326,35.5105,133.0245,1399891200
1326,35.5105,133.0245,1399890060
1326,35.4787,133.0683,1399885200
1326,35.4994,134.2322,1399473240
1326,35.4994,134.2322,1399469820
1326,35.4317,133.8251,1398685020
1326,35.4502,133.8492,1398182220
1326,35.4105,133.8945,1398015240
1326,34.6689,133.9098,1397915580
1326,34.6689,133.9098,1397914500
1326,34.666,133.9324,1397887560
1326,35.539,134.2284,1397458860
1326,35.2677,133.7792,1396851720
1326,35.4104,133.8927,1396717740
1326,35.44,133.8506,1396455000
1326,35.4331,133.3516,1395655440
1326,35.4331,133.3516,1395655260
1326,35.4457,133.3405,1395653160
1326,35.4321,133.8207,1395490140
1326,35.4993,134.1786,1394938800
1326,35.434,133.8376,1394818560
1326,35.4776,134.239,1393230060
1326,35.4105,133.8945,1392627840
1326,35.4105,133.8945,1392627780
1326,35.4105,133.8945,1392623700
1326,35.4118,133.891,1391704620
1326,35.4545,133.8472,1391420640
1326,35.4849,133.8813,1390814400
1326,35.4849,133.8813,1390813920
1326,35.4727,133.8458,1389693900
1326,35.4342,133.8255,1388313240
1326,35.4917,134.2241,1387881360
1326,35.4326,133.8241,1386573360
1326,35.4973,134.2288,1385997540
1326,35.4972,134.2288,1385995800
1326,35.496,134.2278,1385987100
1326,35.4986,134.2311,1385974860
1326,35.5177,133.9725,1385968620
1326,34.6689,133.9098,1385433360
1326,34.6689,133.9098,1385415420
1326,34.6656,133.9303,1385394840
1326,34.669,133.9098,1385377920
1326,35.4962,134.2277,1384790520
1326,35.4962,134.2277,1384790340
1326,35.505,133.4876,1384165320
1326,35.505,133.4876,1384165020
1326,35.4285,133.8243,1384098960
1326,35.5183,134.0237,1383648540
1326,35.4475,133.8505,1382805900
1326,35.4475,133.8505,1382805300
1326,35.4276,133.8245,1382506440
1326,35.4333,133.825,1382352120
1326,35.4488,133.8487,1382348520
1326,35.2947,133.6299,1382269860
1326,35.4746,133.0587,1381932360
1326,35.4014,132.6844,1381916160
1326,35.3999,132.6858,1381914540
1326,35.2785,132.8797,1381913280
1326,35.4315,133.8222,1381595520
1326,34.6648,133.9316,1380462120
1326,35.4514,133.8495,1380303300
1326,35.4997,134.2332,1378126380
1326,35.5522,134.2795,1378112220
1326,35.2218,133.92,1377008100
1326,34.669,133.9098,1374521520
1326,34.5964,133.7708,1374521100
1326,34.5967,133.7749,1374520980
1326,34.669,133.9098,1374499980
1326,34.669,133.9098,1374499860
1326,35.4363,133.8165,1373964480
1326,35.4363,133.8165,1373963820
1326,35.4578,133.4273,1371222540
1326,35.4578,133.4273,1371220620
1326,35.4598,133.435,1371218460
1326,35.4727,133.8458,1370249160
1326,35.467,133.9005,1369654680
1326,35.467,133.9005,1369654680
1326,35.4005,133.957,1369647780
1326,35.4942,133.6807,1369058520
1326,35.493,133.693,1368894840
1326,35.4401,133.8438,1368433260
1326,35.2073,133.7336,1367925420
1326,35.2023,133.7308,1367919720
1326,35.2818,133.637,1367915340
1326,35.2818,133.637,1367915160
1326,35.4488,133.8487,1367316120
1326,35.4769,133.8853,1367306580
1326,34.6688,133.91,1367065140
1326,34.6688,133.91,1367064900
1326,34.6688,133.91,1367064720
1326,34.6688,133.91,1367064000
1326,34.6688,133.91,1367053260
1326,34.6688,133.91,1367053200
1326,34.6688,133.91,1367047740
1326,35.4118,133.891,1366999440
1326,35.4894,134.2287,1366647720
1326,35.4326,133.8241,1366621680
1326,35.4326,133.8241,1366621440
1326,35.5123,134.0487,1365435180
1326,35.4005,133.957,1365415140
1326,35.4005,133.957,1365415080
1326,35.4319,133.8213,1364896620
1326,35.497,134.2286,1364831640
1326,35.4363,133.8165,1364203860
1326,35.4363,133.8165,1364203380
1326,35.4317,133.8251,1364051760
1326,35.4545,133.8471,1363594980
1326,35.5001,134.1787,1363491300
1326,35.4994,134.2322,1362999480
1326,35.4994,134.2322,1362999180
1326,35.4978,134.2306,1362996240
1326,35.4978,134.2306,1362992580
1326,35.498,134.2305,1362990360
1326,35.4319,133.8213,1361865180
1326,35.3643,133.76,1361802300
1326,35.4363,133.8165,1360659660
1326,35.4116,133.893,1359376680
1326,35.4322,133.8163,1359369600
