1341,18.3586,66.1105,1422921600
1341,34.051,118.3803,1421484660
1341,34.0552,118.3882,1421472060
1341,34.1483,118.596,1421464440
1341,34.0758,118.3568,1421462640
1341,34.0755,118.3568,1421443560
1341,34.0818,118.3615,1421443380
1341,34.161,118.3133,1421401140
1341,34.161,118.3133,1421401080
1341,34.1614,118.3135,1421400900
1341,34.1615,118.3136,1421400600
1341,34.0769,118.3576,1421366580
1341,34.0761,118.3568,1421355900
1341,34.0757,118.3566,1421332500
1341,34.076,118.357,1421321460
1341,34.0512,118.3805,1421316900
1341,34.0512,118.3804,1421313840
1341,34.0511,118.3803,1421310360
1341,34.0498,118.3773,1421307960
1341,34.0511,118.3804,1421286420
1341,34.0755,118.3567,1421282100
1341,34.0752,118.3567,1421259600
1341,34.0757,118.3568,1421223300
1341,34.0999,118.3306,1421205420
1341,34.0759,118.3567,1421197260
1341,34.0752,118.3561,1421197140
1341,34.0762,118.3567,1421194800
1341,34.1001,118.3306,1421147520
1341,34.0832,118.3385,1421145720
1341,34.0752,118.3563,1421143980
1341,34.0251,118.3936,1421141100
1341,33.9449,118.376,1421138580
1341,34.0729,118.359,1421055120
1341,34.0619,118.3761,1421038560
1341,34.1704,118.3603,1420968240
1341,34.1839,118.2823,1420879980
1341,34.1837,118.2822,1420849500
1341,34.1638,118.3128,1420788660
1341,34.172,118.3124,1420768500
1341,34.1637,118.3128,1420765920
1341,34.075,118.3567,1420729140
1341,34.0749,118.3567,1420728540
1341,34.0511,118.3803,1420681140
1341,34.0511,118.3803,1420681080
1341,34.0757,118.3566,1420635960
1341,33.9451,118.3766,1420630380
1341,33.9485,118.3779,1420630320
1341,33.9463,118.3772,1420629120
1341,34.1484,118.5952,1420618980
1341,37.7873,122.3998,1420618800
1341,34.1483,118.5963,1420612620
1341,34.1483,118.5961,1420611420
1341,34.1483,118.5962,1420602480
1341,34.1582,118.4556,1420591860
1341,34.0759,118.3567,1420587780
1341,37.81,122.41,1420529100
1341,37.827,122.4215,1420521180
1341,37.8032,122.4497,1420517760
1341,37.6451,122.4053,1420491900
1341,37.6445,122.4055,1420491840
1341,37.6515,122.407,1420465980
1341,37.807,122.4745,1420440120
1341,37.7699,122.4504,1420429020
1341,37.6499,122.4065,1420385220
1341,37.6446,122.4055,1420384980
1341,37.7531,122.4446,1420352340
1341,37.7531,122.4446,1420352340
1341,37.732,122.4188,1420348980
1341,35.9516,119.9292,1420335300
1341,35.9079,119.8846,1420335120
1341,34.5412,118.6594,1420326480
1341,34.0512,118.3804,1420269600
1341,34.0511,118.3803,1420265520
1341,34.0761,118.3567,1420251360
1341,34.0758,118.3567,1420243740
1341,34.1018,118.3374,1420181940
1341,34.0758,118.3567,1420164540
1341,34.0758,118.3567,1420163640
1341,34.076,118.3569,1420163340
1341,34.0662,118.3592,1420123860
1341,34.066,118.35,1420123140
1341,34.0662,118.3483,1420113420
1341,34.0663,118.35,1420112040
1341,34.0662,118.35,1420111080
1341,34.0661,118.3496,1420097580
1341,34.0917,118.336,1420089600
1341,34.0828,118.3386,1420089360
1341,34.0508,118.38,1420030800
1341,34.0511,118.3804,1420020540
1341,34.0499,118.3776,1420019940
1341,34.0512,118.3804,1420019760
1341,34.0498,118.3773,1420019400
1341,34.043,118.3768,1419996360
1341,34.0438,118.377,1419938880
1341,34.0439,118.3769,1419938760
1341,34.0508,118.3802,1419923580
1341,34.0661,118.35,1419900900
1341,34.0664,118.3502,1419891600
1341,34.0664,118.35,1419865380
1341,33.9413,118.2802,1419851520
1341,34.1821,118.1691,1419848520
1341,34.1822,118.1691,1419848460
1341,34.1822,118.169,1419847560
1341,34.0664,118.3505,1419830280
1341,34.0664,118.35,1419819000
1341,34.1025,118.3439,1419817620
1341,34.1016,118.3452,1419812820
1341,34.0663,118.35,1419773580
1341,34.0661,118.35,1419772860
1341,34.047,118.2395,1419762480
1341,34.0468,118.2411,1419755340
1341,34.0924,118.2798,1419749760
1341,34.0919,118.2797,1419749220
1341,34.0757,118.3566,1419123780
1341,34.2482,116.9674,1418880000
1341,34.1636,118.3129,1418619600
1341,34.1639,118.3129,1418619300
1341,34.1667,118.3125,1418616360
1341,34.1638,118.313,1418607660
1341,34.0672,118.2792,1418560500
1341,34.0672,118.2791,1418560140
1341,34.067,118.2789,1418559840
1341,34.1638,118.3127,1418539800
1341,34.1638,118.3127,1418539800
1341,34.1636,118.3126,1418539800
1341,34.1636,118.3126,1418539800
1341,34.1636,118.3126,1418539740
1341,34.0706,118.2685,1418512140
1341,25.9263,80.3028,1406704380
1341,25.8666,80.3147,1406618520
1341,25.7259,80.4612,1406323860
1341,25.7259,80.4612,1406323800
1341,25.9263,80.3028,1406293020
1341,25.9264,80.3027,1406280120
1341,25.9265,80.3026,1406279040
1341,25.6072,80.3998,1405906980
1341,25.7457,80.2729,1405726080
1341,18.3884,65.7551,1404607860
1341,18.2059,67.1358,1402202820
