1369,41.0234,73.7436,1427776020
1369,40.7298,73.988,1427693220
1369,40.5924,73.9297,1427434320
1369,40.7079,74.0184,1427345640
1369,40.7937,73.3382,1427259780
1369,40.7937,73.3382,1426656300
1369,40.6171,73.9924,1426303080
1369,40.7937,73.3382,1426138080
1369,40.7937,73.3382,1426137900
1369,41.9067,12.4545,1425449580
1369,40.6996,73.784,1422957240
1369,40.7938,73.3377,1422956460
1369,28.4204,81.5803,1420107480
1369,28.1301,81.6303,1420065660
1369,28.1302,81.6303,1420065540
1369,28.1305,81.63,1420065480
1369,28.4704,81.4704,1419905100
1369,51.503,0.1193,1418626860
1369,36.1476,95.9854,1418441160
1369,36.1476,95.986,1418440080
1369,40.8737,73.4185,1418101080
1369,40.6859,73.8266,1418022600
1369,40.742,73.9189,1417512060
1369,40.745,73.9563,1417511940
1369,51.5017,0.1413,1416810660
1369,40.7939,73.3383,1412834340
1369,39.6795,75.4946,1411796340
1369,40.7283,73.9942,1411792680
1369,39.6796,75.6654,1411791060
1369,38.8787,77.0591,1411769520
1369,38.9022,77.0417,1411766760
1369,38.9017,77.0418,1411766640
1369,38.9017,77.0417,1411766580
1369,38.8995,77.0411,1411766280
1369,38.897,77.0394,1411764600
1369,38.8974,77.0461,1411762320
1369,38.904,77.0491,1411759380
1369,40.7939,73.3383,1411448460
1369,39.6614,75.7496,1410664080
1369,40.7605,73.9808,1410420660
1369,40.7091,74.0135,1410069840
1369,40.7097,74.0136,1410069720
1369,40.7132,74.0071,1410069600
1369,41.0321,72.4663,1408241160
1369,40.71,74.0013,1406428380
1369,51.5107,0.0775,1405010220
1369,51.5108,0.0772,1404779160
1369,51.5083,0.0734,1404765480
1369,38.1867,13.1067,1404734820
1369,37.974,12.9612,1404677460
1369,37.974,12.9612,1404675480
1369,43.6982,10.4003,1404439020
1369,43.6981,10.4004,1404421800
1369,43.6985,10.4002,1404421200
1369,43.6983,10.4002,1404421080
1369,43.6982,10.4003,1404420960
1369,43.6983,10.4003,1404420900
1369,43.6982,10.4003,1404420840
1369,43.7832,11.2373,1404356820
1369,41.9024,12.5357,1404190620
1369,41.9024,12.5356,1404190440
1369,41.9025,12.5355,1404181620
1369,41.9024,12.5355,1404014040
1369,40.6666,73.4924,1403512020
1369,40.8714,73.428,1403399280
1369,40.7215,73.9964,1400996640
1369,40.7936,73.3379,1388857680
1369,28.4095,81.4701,1388783160
1369,28.4098,81.4709,1388782500
1369,28.4072,81.4557,1388699160
1369,28.3802,81.501,1388380080
1369,28.3802,81.501,1388379960
1369,28.3802,81.501,1388379780
1369,28.3802,81.501,1388379780
1369,28.3802,81.501,1388379120
1369,28.4052,81.471,1388373060
