1388,27.9608,82.4418,1427785560
1388,27.9662,82.4102,1426984200
1388,27.9604,82.4426,1425893460
1388,27.9851,82.5104,1424486340
1388,27.9877,82.3622,1424062560
1388,34.0498,118.238,1423900740
1388,34.0456,118.2506,1423707660
1388,33.0444,117.272,1422851580
1388,34.0369,118.2559,1422686940
1388,34.0438,118.2544,1422400560
1388,34.0461,118.2541,1422243360
1388,34.0382,118.4539,1422166500
1388,34.0454,118.2499,1421979960
1388,34.1014,118.3267,1421886840
1388,34.0427,118.2562,1421628960
1388,34.0618,118.3002,1421383920
1388,34.0443,118.254,1421281920
1388,33.944,118.4025,1421193420
1388,27.9504,82.4601,1420594740
1388,27.9603,82.4423,1420274880
1388,27.9604,82.4427,1420189620
1388,27.9507,82.4591,1420079640
1388,27.9601,82.4427,1419216120
1388,27.9587,82.5093,1418890500
1388,27.9662,82.4102,1418876160
1388,27.9602,82.4441,1418694240
1388,27.9604,82.4413,1418454780
1388,27.9662,82.4103,1418189340
1388,27.9662,82.4103,1418183520
1388,27.9662,82.4103,1417586220
1388,27.9851,82.5104,1417511160
1388,27.9662,82.4103,1417413540
1388,27.9608,82.4406,1415781720
1388,30.0829,94.104,1415586960
1388,29.6478,95.2478,1415522640
1388,29.736,95.1462,1415419200
1388,29.9524,90.0677,1415395440
1388,29.6894,82.4499,1415294700
1388,27.9615,82.4386,1415232300
1388,27.9615,82.4386,1414913580
1388,27.7662,82.6313,1414786740
1388,27.7266,82.743,1414631400
1388,34.045,118.2518,1414371600
1388,34.0372,118.2552,1414274940
1388,34.0974,118.3225,1414220700
1388,34.1027,118.3268,1414208580
1388,34.1027,118.3268,1414199400
1388,32.9934,117.2717,1414110840
1388,33.0181,117.2828,1414030320
1388,32.73,117.1504,1413939480
1388,33.8188,117.8858,1413872040
1388,34.0478,118.2508,1413851880
1388,34.0468,118.2498,1413783120
1388,33.8278,118.1373,1413772740
1388,34.0433,118.2672,1413619320
1388,34.1181,118.3004,1413413520
1388,40.7202,74.0031,1413324600
1388,40.7064,74.0094,1413250500
1388,40.713,74.0135,1413149400
1388,40.7167,73.9978,1412997660
1388,40.7114,73.9928,1412988360
1388,40.7548,73.9814,1412918700
1388,40.6833,73.9112,1412902740
1388,40.7138,73.9799,1412811600
1388,40.7115,73.9927,1412569680
1388,40.6971,73.9355,1412478960
1388,40.7267,73.9768,1412388780
1388,40.7527,73.9774,1412226480
1388,40.7028,73.9174,1412130420
1388,40.7028,73.9174,1412123880
1388,40.7063,73.9974,1411961640
1388,40.6702,73.9899,1411875480
1388,27.9435,82.4478,1409552040
1388,27.9604,82.4426,1407833940
1388,34.1181,118.3004,1406343180
1388,34.0523,118.3086,1406201460
1388,34.0478,118.2497,1406158560
1388,34.0452,118.2496,1405831740
1388,34.0511,118.2498,1405638420
1388,34.0508,118.2491,1405466160
1388,34.0505,118.2479,1405382160
1388,34.0488,118.2531,1405218180
1388,33.767,118.1915,1405138920
1388,33.0247,117.2863,1404693480
1388,33.4366,111.9943,1404622080
1388,33.8925,94.8141,1404593160
1388,34.06,95.0031,1404336540
1388,33.8965,94.8112,1404183360
1388,33.8944,94.8263,1404086940
1388,34.0127,94.7336,1403905680
1388,33.5924,96.1924,1403732340
1388,32.7831,96.8052,1403731500
1388,34.0321,84.6323,1401585720
1388,33.7615,84.3841,1401551820
1388,27.961,82.4417,1401229920
1388,27.9662,82.4103,1400897220
1388,27.9418,82.4559,1400461140
1388,33.8456,84.3615,1399756620
1388,33.767,84.3816,1399674000
1388,33.7623,84.3833,1399610400
1388,34.0464,118.252,1399159020
1388,33.4192,117.6194,1399076100
1388,34.05,118.257,1399017960
1388,33.0247,117.2863,1398984660
1388,33.0294,117.2645,1398891900
1388,34.0178,118.3818,1398816420
1388,34.0418,118.2569,1398725760
1388,34.084,118.3593,1398652500
1388,34.0993,118.3521,1398567840
1388,34.1017,118.3266,1398551220
1388,34.098,118.313,1398479520
1388,34.0837,118.352,1398294600
1388,34.1012,118.3256,1398218760
1388,34.1028,118.2906,1398136380
1388,34.0804,118.3615,1397800860
1388,34.0395,118.2179,1397712720
1388,34.039,118.2953,1397626440
1388,34.1181,118.3004,1397537160
1388,34.0522,118.243,1397092620
1388,35.2203,80.9437,1397061900
1388,28.0149,81.958,1396842720
1388,27.9429,82.4518,1396493340
1388,27.9662,82.4102,1396157160
1388,28.0253,82.4882,1395966180
1388,27.9615,82.4386,1395800880
1388,27.9662,82.4102,1395703860
1388,27.9629,82.4371,1395275040
1388,27.9627,82.4438,1394676540
1388,35.4696,83.2995,1393897920
1388,35.5322,83.2762,1393731360
1388,35.5581,82.551,1393648620
1388,34.049,81.2179,1393301700
1388,33.9697,81.2446,1393113300
1388,33.9775,81.2296,1393027440
1388,32.839,97.1184,1392799680
1388,33.76,118.1473,1392687060
1388,33.6558,118.0016,1392351300
1388,33.1554,117.35,1392266220
1388,33.6539,117.9624,1392179280
1388,33.7692,118.1831,1392011760
1388,33.8901,118.2498,1391254380
1388,33.7668,118.1679,1391047920
1388,33.6793,118.0264,1390803060
1388,33.3385,115.6676,1390706580
1388,33.2541,115.4732,1390628460
1388,33.9036,116.546,1390526460
1388,33.59,117.7216,1390356780
1388,33.7066,118.2934,1390282380
1388,33.9557,118.3671,1390103100
1388,33.7063,118.2911,1389665520
1388,33.7063,118.2911,1389661980
1388,33.8814,117.8866,1389595020
1388,35.3898,85.9832,1389401940
1388,35.2198,80.9444,1389299940
1388,27.9662,82.4103,1388547000
1388,28.0869,82.7541,1388018100
1388,25.7767,80.142,1387165260
1388,25.8104,80.1414,1386983820
1388,27.9608,82.4406,1386814680
1388,27.9662,82.4103,1386315660
1388,28.006,82.4656,1385953920
1388,27.96,82.4428,1385266980
1388,30.2467,92.882,1384745940
1388,29.742,95.1459,1384733760
1388,29.759,95.3542,1384573380
1388,29.7605,95.3657,1384563900
1388,30.2196,93.3251,1384505220
1388,30.0083,90.2265,1384473540
1388,29.9497,90.0671,1384468980
1388,27.9464,82.4581,1384139340
1388,27.9603,82.4423,1383882780
1388,34.5641,114.3937,1382247660
1388,34.4574,114.343,1382217360
1388,33.4591,112.3414,1382161740
1388,33.4661,111.9156,1382147700
1388,32.7734,115.4333,1381974300
1388,32.733,117.1993,1381906980
1388,37.6164,122.3863,1381903440
1388,37.7793,122.4192,1381628820
1388,37.7917,122.3901,1381537380
1388,37.7876,122.4088,1381462500
1388,37.7832,122.5112,1381282920
1388,35.041,118.1101,1381181880
1388,35.081,118.6355,1381127760
1388,35.1309,118.4387,1381101660
1388,35.0818,118.6353,1380917100
1388,35.2199,80.9435,1380736140
1388,28.7137,81.4443,1380509940
1388,28.0727,80.6003,1380422220
1388,27.9662,82.4103,1379733720
1388,27.9599,82.4451,1379656140
1388,28.4505,81.4853,1378613940
1388,27.9662,82.4103,1378336740
1388,27.9415,82.4542,1378182960
1388,25.7907,80.186,1378077060
1388,25.778,80.1906,1378070880
1388,25.765,80.1933,1377987960
1388,40.7084,73.9579,1377462900
1388,40.7331,74.1708,1377404220
1388,40.7378,74.1742,1377394260
1388,40.7185,74.0078,1377305520
1388,40.707,73.9539,1377230760
1388,40.7515,73.9753,1377124800
1388,40.7353,73.9904,1377048960
1388,40.7271,73.9889,1376887020
1388,40.7145,73.9994,1376800260
1388,40.7472,73.9583,1376627820
1388,40.6813,73.9911,1376620080
1388,40.7059,73.99,1376452920
1388,40.7449,73.9583,1376371020
1388,40.7036,74.0162,1376264940
1388,40.7024,74.0126,1376187660
1388,40.7106,73.9558,1376103780
1388,40.7238,73.9509,1376012820
1388,40.7136,73.9724,1375912200
1388,40.7468,73.8916,1375822080
1388,27.9602,82.4442,1375508340
1388,27.7922,82.3692,1375076220
1388,28.3023,81.575,1374470340
1388,27.7143,82.6516,1374367320
1388,27.9622,82.4444,1373599080
1388,27.7694,82.7695,1373248920
1388,28.0086,82.4516,1373176260
1388,27.9602,82.4442,1372372560
1388,27.7555,82.7638,1371687180
1388,27.9375,82.4582,1371102420
1388,27.9591,82.4434,1370927400
1388,27.9491,82.4619,1370839260
1388,28.0914,82.4283,1370220600
1388,29.6466,82.3381,1370128200
1388,27.9664,82.4102,1370063760
1388,28.2751,82.6459,1369546680
1388,27.9664,82.4102,1369163400
1388,27.9668,82.446,1368340020
1388,27.9455,82.4575,1368246420
1388,28.006,82.4639,1367988060
1388,40.6924,73.8829,1367724000
1388,40.7106,73.9605,1367637960
1388,40.7288,73.9906,1367540040
1388,40.7565,73.9863,1367449740
1388,40.6943,73.9187,1367384400
1388,40.715,74.0157,1367301060
1388,40.7308,73.9976,1367203800
1388,40.7568,73.9887,1367146380
1388,40.6877,73.9041,1367120340
1388,40.7106,73.9364,1367050860
1388,40.8906,73.9019,1367028360
1388,40.6063,74.0035,1367004300
1388,40.7139,73.9932,1366946400
1388,40.7507,73.9904,1366770960
1388,40.7482,74.0084,1366692120
1388,40.8907,73.901,1366525260
1388,40.7276,73.9854,1366426020
1388,40.7014,73.9183,1366244640
1388,40.7738,73.8712,1366223700
1388,28.002,82.3271,1366078440
1388,33.752,84.3636,1365932160
1388,33.74,84.3467,1365880620
1388,33.5485,83.9713,1365831600
1388,33.4268,84.1787,1365743100
1388,27.9664,82.4102,1365641460
1388,27.9511,82.4603,1365306900
1388,27.8798,81.5072,1364772180
1388,27.9664,82.4102,1364096700
1388,27.9603,82.4411,1362167760
1388,27.9514,82.4591,1361074380
1388,27.9602,82.4442,1360383840
1388,27.9608,82.4417,1359847020
1388,27.9664,82.4102,1359261300
1388,27.9326,82.4707,1358744760
1388,28.0243,82.4575,1358481180
1388,28.0225,82.4594,1358479800
1388,27.9604,82.4421,1357436400
1388,27.9664,82.4102,1357363440
1388,27.9608,82.4417,1357202280
1388,27.9312,82.483,1357093860
1388,27.9664,82.4102,1356767820
1388,28.0891,82.7438,1356491940
1388,27.9312,82.483,1356231240
1388,27.9959,82.4845,1355803080
1388,28.0248,82.5034,1355364480
1388,27.9664,82.4102,1355100840
1388,27.9664,82.4102,1354937880
1388,27.9664,82.4102,1354863180
1388,27.9664,82.4102,1354858440
1388,27.9664,82.4102,1354763220
1388,27.9603,82.4429,1354325100
1388,27.7064,82.4355,1353379800
1388,27.9443,82.3953,1352673960
1388,30.2955,82.8927,1352189040
1388,30.4395,91.196,1352086020
1388,29.7547,95.3887,1351896180
1388,29.9451,90.098,1351828440
1388,29.9607,90.0941,1351812960
1388,29.9584,90.0658,1351808220
1388,29.9584,90.0658,1351808160
1388,29.9584,90.0658,1351808100
1388,30.4857,84.1588,1351720800
1388,27.9668,82.446,1351136760
1388,28.0253,82.4882,1350608760
1388,27.9558,82.4607,1350269460
1388,28.1062,82.3891,1350173460
1388,27.9223,82.4888,1350090840
1388,27.925,82.4874,1349902140
1388,27.9514,82.5195,1349166540
1388,27.964,82.4296,1348868280
1388,40.7565,73.9863,1348546800
1388,40.8154,73.958,1348460040
1388,40.7336,73.9548,1348350420
1388,40.7208,73.9646,1348261320
1388,40.7115,73.993,1348198080
1388,40.7271,73.9803,1348043040
1388,40.7265,73.9817,1347926160
1388,40.7368,74.0009,1347758580
1388,40.8894,73.8985,1347658380
1388,40.7413,73.9894,1347513900
