1433,37.605,122.3881,1386405780
1433,37.605,122.388,1386400860
1433,37.778,122.3922,1386127020
1433,37.7781,122.3922,1386126900
1433,37.778,122.3922,1386124440
1433,37.605,122.388,1385897100
1433,37.605,122.3881,1385896560
1433,37.757,122.4135,1385798940
1433,37.7832,122.5112,1366683660
1433,37.8844,122.3135,1364185980
1433,37.5368,122.2959,1364122140
1433,37.6222,122.4124,1363502820
1433,37.7548,122.4465,1361973000
1433,37.5368,122.2959,1361872080
1433,37.7889,122.4067,1354865940
1433,37.7865,122.4218,1354724100
1433,37.7649,122.4216,1354008420
1433,37.6065,122.3857,1353654960
1433,37.7793,122.3944,1353295500
1433,37.785,122.419,1352412120
1433,37.7684,122.4198,1351686840
1433,37.7859,122.4121,1350136080
1433,37.7858,122.4009,1349247660
1433,37.7781,122.3923,1349154660
1433,37.7974,122.4338,1348790160
1433,37.606,122.3844,1348205640
1433,37.5112,122.349,1348022580
1433,37.7781,122.3923,1347772200
1433,37.7847,122.4025,1347343980
1433,37.7847,122.418,1347055980
1433,37.7603,122.4191,1346415300
1433,37.7631,122.4344,1345902600
1433,37.7343,122.4745,1345634760
1433,38.9645,119.9577,1344648300
1433,37.7902,122.4078,1344238680
1433,37.6023,122.3922,1343884560
1433,37.7847,122.4179,1343637420
1433,37.778,122.3921,1343613000
1433,37.7846,122.4179,1343510940
1433,37.7866,122.4065,1343483520
1433,37.778,122.3921,1343478960
1433,37.778,122.3921,1343478840
1433,37.779,122.3928,1343463840
1433,37.778,122.3919,1343388960
1433,37.605,122.388,1343309400
1433,37.7523,122.4186,1343305320
1433,37.7523,122.4185,1343304960
1433,37.7523,122.4185,1343304840
1433,37.7523,122.4186,1343304660
1433,37.605,122.3881,1343245320
1433,37.605,122.3879,1343245260
1433,37.6057,122.3869,1343245200
1433,37.7285,122.4074,1343232000
1433,37.768,122.4244,1343219220
1433,37.7528,122.4204,1343218980
1433,37.7659,122.3944,1343217360
1433,37.7843,122.4178,1343132820
1433,37.7847,122.418,1343129340
1433,37.7848,122.4179,1343127420
1433,37.7845,122.418,1343126160
1433,37.783,122.4179,1343109360
1433,37.7781,122.3923,1343102640
1433,37.7781,122.392,1343086980
1433,37.7847,122.418,1343020440
1433,37.7866,122.4063,1342969320
1433,37.7785,122.3925,1342965360
1433,37.7787,122.3925,1342936680
1433,37.7847,122.418,1342863900
1433,37.7815,122.3961,1342858920
1433,37.7781,122.3923,1342846140
1433,37.605,122.3879,1342772520
1433,37.605,122.3881,1342769160
1433,37.7572,122.4211,1342760040
