1446,3.1568,101.6115,1427565360
1446,3.157,101.6129,1427563920
1446,3.1148,101.6124,1426613100
1446,3.1535,101.7083,1425765720
1446,2.9762,101.5088,1424638440
1446,3.1591,101.7003,1424625060
1446,3.1955,101.6753,1424209740
1446,3.1479,101.7129,1424197740
1446,3.1538,101.6966,1424111580
1446,3.1537,101.6966,1424110320
1446,3.1573,101.6107,1423677540
1446,3.1575,101.6111,1423506960
1446,3.0222,101.5805,1423225200
1446,3.1592,101.7137,1422897600
1446,3.157,101.6129,1422798780
1446,3.0958,101.6355,1421909880
1446,3.0958,101.6355,1421650140
1446,3.1757,101.6597,1421617380
1446,3.0958,101.6355,1421133840
1446,3.1123,101.5792,1420956420
1446,3.0958,101.6355,1420877340
1446,3.0958,101.6355,1420701540
1446,3.0959,101.6354,1420687860
1446,3.0958,101.6355,1420526940
1446,3.0924,101.6355,1420438620
1446,3.0958,101.6354,1420241280
1446,3.0957,101.6355,1420178340
1446,2.9151,101.6288,1419669960
1446,2.9193,101.6549,1419204600
1446,2.9193,101.6549,1419204420
1446,3.1096,101.6371,1419000000
1446,3.1503,101.6157,1418463480
1446,3.0574,101.4902,1418307600
1446,3.0574,101.4902,1418289840
1446,3.0708,101.5028,1418233440
1446,2.5247,101.8015,1417875720
1446,3.1578,101.612,1417541940
1446,3.0651,101.499,1417535880
1446,3.0651,101.499,1417506300
1446,3.171,101.7098,1417195680
1446,3.1587,101.6265,1417113420
1446,3.1757,101.66,1417106820
1446,3.1095,101.6372,1417007400
1446,3.1757,101.66,1416493680
1446,3.1573,101.6107,1416414480
1446,3.1107,101.6362,1416210540
1446,3.1048,101.5957,1416149400
1446,3.1048,101.5958,1416147540
1446,3.1112,101.6325,1415948340
1446,3.1569,101.6101,1415735640
1446,3.1568,101.6101,1415724840
1446,3.1364,101.7083,1415264580
1446,3.0998,101.6355,1414497480
1446,3.1872,101.6278,1414328760
1446,2.9061,101.4668,1414224540
1446,3.1478,101.7182,1413454680
1446,3.1359,101.6884,1413287580
1446,3.0746,101.485,1413281160
1446,3.1598,101.7168,1412939160
1446,3.1972,101.6749,1412890020
1446,3.1594,101.7149,1412842980
1446,3.1621,101.7122,1412838540
1446,2.521,101.8015,1412532540
1446,3.1571,101.61,1412328840
1446,3.144,101.7098,1411737420
1446,3.1574,101.611,1411659240
1446,3.1573,101.611,1411657440
1446,3.1574,101.6111,1411654500
1446,3.1575,101.6111,1411491900
