1461,38.4395,27.1434,1427599440
1461,38.4395,27.1434,1427151840
1461,38.4377,27.1431,1426999320
1461,38.4377,27.1431,1426988700
1461,40.9784,28.8177,1426499220
1461,41.0667,29.0167,1426454400
1461,41.048,28.9937,1426447920
1461,41.0488,28.9927,1426440900
1461,41.0514,28.9916,1426440120
1461,41.029,28.9742,1426393020
1461,41.0322,28.9746,1426390500
1461,38.6473,26.5156,1426138800
1461,38.4395,27.1434,1425776880
1461,38.4378,27.143,1425261480
1461,38.6473,26.5156,1425235860
1461,38.4395,27.1434,1425181500
1461,38.3297,26.7462,1424548800
1461,38.4395,27.1434,1423971420
1461,38.422,27.1291,1423835820
1461,38.3896,27.1104,1423626900
1461,38.3895,27.1109,1423620120
1461,38.3937,27.0344,1423599720
1461,38.3949,27.0472,1423599540
1461,38.3911,27.0425,1423592760
1461,38.3911,27.0425,1423592760
1461,38.3911,27.043,1423592700
1461,38.3918,27.0545,1423591080
1461,38.401,27.0912,1423530960
1461,38.436,27.142,1423510140
1461,38.3939,27.0524,1423496640
1461,38.3949,27.0559,1423496580
1461,38.3948,27.0566,1423496580
1461,38.4019,27.1098,1423496220
1461,38.4002,27.1125,1423465380
1461,38.4006,27.1124,1423459920
1461,38.4006,27.1125,1423430160
1461,38.4021,27.1117,1423418460
1461,38.437,27.143,1423383300
1461,38.4003,27.1121,1423358280
1461,38.4006,27.1125,1423332840
1461,38.4006,27.1125,1423294980
1461,38.4006,27.1122,1423277580
1461,38.4005,27.1126,1423274760
1461,38.4005,27.1125,1423274700
1461,38.4006,27.1127,1423268940
1461,38.4004,27.1126,1423267680
1461,38.4008,27.1126,1423204980
1461,38.4005,27.1126,1423202940
1461,38.4005,27.1126,1423202820
1461,38.4004,27.1127,1423202700
1461,38.4005,27.1126,1423201260
1461,38.4005,27.1126,1423201200
1461,38.4005,27.1126,1423201080
1461,38.4004,27.1126,1423201020
1461,38.3998,27.1127,1423200900
1461,38.4004,27.1124,1423178460
1461,38.4004,27.1124,1423178400
1461,38.4003,27.1126,1423154940
1461,38.4002,27.1126,1423154700
1461,38.4003,27.1126,1423154700
1461,38.4002,27.1126,1423154580
1461,38.4002,27.1126,1423154520
1461,38.4002,27.1126,1423154460
1461,38.4002,27.1125,1423154400
1461,38.4004,27.1128,1423154340
1461,38.4002,27.1126,1423154280
1461,38.4002,27.1126,1423154280
1461,38.4002,27.1126,1423154160
1461,38.4005,27.1124,1423095240
1461,38.2918,27.1496,1423001700
1461,38.293,27.1483,1423001160
1461,40.9734,28.817,1422993180
1461,40.9784,28.8177,1422991800
1461,49.004,2.5711,1422974160
1461,48.9297,2.4189,1422971340
1461,48.8699,2.3892,1422902760
1461,48.87,2.3892,1422890580
1461,48.8698,2.3894,1422890460
1461,48.8699,2.3892,1422890400
1461,48.87,2.3892,1422850860
1461,48.8699,2.3892,1422850860
1461,48.87,2.3891,1422802680
1461,48.8699,2.3891,1422745320
1461,48.8698,2.3892,1422733980
1461,48.8699,2.3892,1422733920
1461,48.8699,2.3892,1422733860
1461,48.8699,2.3892,1422733860
1461,48.8699,2.3891,1422733860
1461,48.8698,2.3891,1422733800
1461,48.8698,2.389,1422733680
1461,48.8699,2.3892,1422733680
1461,48.8673,2.7789,1422637380
1461,48.8694,2.781,1422624180
1461,48.8712,2.303,1422564720
1461,48.8741,2.3303,1422561840
1461,48.8751,2.3305,1422561780
1461,48.8699,2.3891,1422547020
1461,48.8606,2.3371,1422464760
1461,48.8699,2.3891,1422420360
1461,48.8698,2.3891,1422418260
1461,48.8699,2.3892,1422417720
1461,48.8539,2.3372,1422411300
1461,48.8538,2.3371,1422411060
1461,48.8538,2.3371,1422410940
1461,48.8538,2.3371,1422406500
1461,48.8538,2.337,1422405180
1461,48.8488,2.3362,1422400680
1461,48.8488,2.3362,1422400440
1461,48.8388,2.3507,1422394380
1461,48.8388,2.3506,1422390060
1461,48.8582,2.2944,1422385980
1461,48.8598,2.292,1422385500
1461,48.8389,2.3507,1422372600
1461,48.8388,2.3507,1422372480
1461,48.8526,2.3446,1422313620
1461,48.87,2.3892,1422308280
1461,48.9801,2.5255,1422302040
1461,49.0062,2.5318,1422301800
1461,49.004,2.5711,1422300780
1461,38.291,27.1513,1422261000
1461,38.4005,27.1124,1422254760
1461,38.4004,27.1125,1422254760
1461,38.4005,27.1125,1422254700
1461,38.4004,27.1126,1422254700
1461,38.4004,27.1124,1422254640
1461,38.4005,27.1125,1422252720
1461,38.4006,27.1124,1422238140
1461,38.4005,27.1124,1422238020
1461,38.4005,27.1125,1422237600
1461,38.4007,27.1126,1422211740
1461,38.4395,27.1434,1422149460
1461,38.4019,27.1095,1422119640
1461,38.4377,27.1421,1422074460
1461,38.4005,27.1126,1422034380
1461,38.4003,27.1126,1421990520
1461,38.4025,27.1143,1421976480
1461,38.4023,27.1138,1421975040
1461,38.395,27.0411,1421965320
1461,38.4004,27.1125,1421885340
1461,38.4522,27.0983,1421803860
1461,38.4293,27.1416,1421707500
1461,38.4006,27.1124,1421600520
1461,38.4011,27.1115,1421598060
1461,38.293,27.1483,1421590920
1461,40.9784,28.8176,1421582460
1461,41.0341,28.9309,1421580540
1461,41.0674,28.9883,1421580060
1461,41.0607,29.0025,1421559840
1461,41.0607,29.0025,1421559840
1461,41.0576,29.0029,1421555400
1461,41.0596,29.0048,1421507640
1461,41.058,29.0027,1421507580
1461,41.048,28.9937,1421466660
1461,41.0487,28.9937,1421457720
1461,41.0577,29.0026,1421442780
1461,41.0574,29.0029,1421435340
1461,41.0576,29.0027,1421434980
1461,41.0574,29.0028,1421378340
1461,41.0575,29.0027,1421372040
1461,41.0785,29.0447,1421358900
1461,41.0487,28.9926,1421352120
1461,41.0481,28.9931,1421346780
1461,41.1101,29.0326,1421268180
1461,41.0626,29.0114,1421257800
1461,41.0421,29.0089,1421181720
1461,41.0421,29.0092,1421181480
1461,41.0429,29.0066,1421180640
1461,41.0514,28.9916,1421173560
1461,41.0574,29.0027,1421127960
1461,41.0575,29.0027,1421102160
1461,41.0577,29.0029,1421102040
1461,41.0579,29.0032,1421101800
1461,41.0575,29.0028,1421101740
1461,41.0783,29.0111,1421095620
1461,41.0701,29.0156,1421087520
1461,41.066,29.0178,1421087340
1461,41.0665,29.0167,1421086920
1461,41.0574,29.0027,1421030640
1461,41.0253,28.9798,1420998060
1461,40.9784,28.8176,1420970880
1461,38.2913,27.15,1420964100
1461,38.293,27.1483,1420963320
1461,38.4021,27.1112,1420962360
1461,38.4073,27.109,1420952520
1461,38.4006,27.1125,1420910640
1461,38.4007,27.1124,1420859400
1461,38.4005,27.1126,1420850460
1461,38.4008,27.1124,1420849800
1461,38.4014,27.1115,1420844460
1461,38.4006,27.1125,1420745700
1461,38.4007,27.1126,1420700880
1461,38.4005,27.1124,1420697340
1461,38.4005,27.1125,1420697280
1461,38.4006,27.1125,1420680300
1461,38.4004,27.1126,1420678500
1461,38.4005,27.1125,1420673880
1461,38.4004,27.1126,1420671660
1461,38.4006,27.1125,1420657320
1461,38.4006,27.1125,1420651620
1461,38.4001,27.1126,1420651320
1461,38.4002,27.1126,1420649880
1461,38.4025,27.1143,1420606980
1461,38.4003,27.1125,1420586580
1461,38.4013,27.111,1420578540
1461,38.4011,27.1116,1420578540
1461,38.4021,27.1165,1420576380
1461,38.4003,27.1126,1420572060
1461,38.4003,27.1126,1420571940
1461,38.4003,27.1126,1420571940
1461,38.4004,27.1126,1420519140
1461,38.4006,27.1127,1420518960
1461,38.4005,27.1126,1420515600
1461,38.4006,27.1125,1420500000
1461,38.4006,27.1124,1420499880
1461,38.4002,27.1126,1420449840
1461,38.4003,27.1126,1420448520
1461,38.4006,27.1125,1420438200
1461,38.4004,27.1127,1420435140
1461,38.4004,27.1127,1420435140
1461,38.4006,27.1126,1420426080
1461,38.4005,27.1126,1420424940
1461,38.4005,27.1125,1420424760
1461,38.4005,27.1124,1420424760
1461,38.4005,27.1126,1420424580
1461,38.4007,27.1123,1420424580
1461,38.4002,27.1125,1420424520
1461,38.4005,27.1124,1420422360
1461,38.4004,27.1128,1420418460
1461,38.4005,27.1125,1420416660
1461,38.4004,27.1126,1420384740
1461,38.4669,27.1534,1420078860
1461,38.3951,27.042,1418839500
1461,38.4378,27.143,1417378200
1461,38.4373,27.1425,1417233480
1461,38.3949,27.0525,1416521160
1461,38.3951,27.042,1415912220
1461,38.4504,27.2072,1415048820
1461,38.4395,27.1434,1414891140
1461,38.3951,27.042,1414619880
1461,38.4395,27.1434,1414282140
1461,38.4376,27.1431,1414276320
1461,38.4395,27.1434,1413682380
1461,38.4018,27.1117,1413490800
1461,38.6473,26.5156,1412349660
1461,38.3951,27.042,1412291460
1461,38.4378,27.143,1412108160
1461,38.3951,27.042,1411571760
1461,38.4373,27.1427,1411262940
1461,38.4378,27.143,1411255620
1461,41.1019,29.0234,1410900480
1461,40.9075,29.3158,1410884220
1461,38.293,27.1483,1410878580
1461,38.6366,26.5228,1410050580
1461,38.4116,27.0322,1409947080
1461,38.6366,26.5228,1409438040
1461,38.6366,26.5228,1408663920
1461,38.5263,26.624,1408245240
1461,38.3402,26.3149,1408156140
1461,38.3226,26.3087,1408144980
1461,38.5263,26.624,1405827120
1461,38.5263,26.624,1405221960
1461,38.6473,26.5156,1404625260
1461,38.3402,26.3149,1404534060
1461,38.2549,26.3827,1404527040
1461,38.3402,26.3149,1404504840
1461,38.293,27.1483,1403917200
1461,40.9075,29.3158,1403905980
1461,41.0429,29.0066,1403895720
1461,41.0631,28.9923,1403811660
1461,41.0509,28.9927,1403803620
1461,41.1101,29.0326,1403721600
1461,41.046,28.9899,1403651400
1461,41.0462,28.9902,1403625720
1461,40.9075,29.3158,1403566200
1461,38.293,27.1483,1403557320
1461,38.5263,26.6236,1403406180
1461,38.6366,26.5228,1402779540
1461,38.6366,26.5228,1402702980
1461,38.4372,27.1428,1402195140
1461,38.395,27.0547,1401812460
1461,38.426,27.133,1401669420
1461,38.3951,27.042,1401147600
1461,38.3951,27.042,1401125220
1461,38.3402,26.3149,1401032700
1461,38.3269,26.3079,1400997840
1461,38.3402,26.3149,1400982120
1461,38.3555,26.3135,1400971680
1461,38.3159,26.3072,1400971140
1461,38.4378,27.143,1400715600
1461,38.401,27.1126,1399953840
1461,38.4373,27.1425,1399166340
1461,38.6139,26.5238,1398697320
1461,38.6432,26.5149,1398643620
1461,38.4375,27.1423,1398474000
1461,38.3386,27.1349,1398456960
1461,38.3951,27.042,1398112260
1461,38.4372,27.1427,1398045660
1461,38.4373,27.1427,1398045120
1461,38.4322,27.1394,1397517000
1461,38.4373,27.1427,1397366220
1461,38.4395,27.1434,1397353080
1461,38.4375,27.1423,1397347800
1461,38.4375,27.1423,1397086980
1461,38.4378,27.143,1397083800
1461,38.4372,27.1429,1396061760
1461,38.4373,27.1412,1396054020
1461,38.2873,26.3747,1395511680
1461,38.3075,26.3621,1395504480
1461,38.4355,27.1418,1395280740
1461,38.6337,26.5166,1394315820
1461,38.4395,27.1449,1394247180
1461,38.4324,27.1369,1394238240
1461,38.4122,27.034,1394218920
1461,38.4373,27.1427,1393724220
1461,38.4382,27.1509,1393129980
1461,38.4373,27.1427,1393117440
1461,38.422,27.1291,1393011000
