1469,40.1993,74.7012,1415640960
1469,41.1503,74.1877,1414249740
1469,40.2383,74.5736,1363165260
1469,40.2296,74.5978,1363165140
1469,40.2164,74.6194,1363165080
1469,40.2026,74.6583,1355786940
1469,40.1886,74.6752,1355785980
1469,40.2024,74.6577,1355534460
1469,40.2025,74.6577,1355529060
1469,40.2024,74.6578,1355528820
1469,40.2024,74.6579,1355528640
1469,40.2023,74.658,1355259720
1469,40.2079,74.6794,1355179440
1469,40.2026,74.6581,1355176380
1469,39.9255,75.0472,1354963260
1469,40.2024,74.6577,1354828080
1469,40.2025,74.6578,1354739100
1469,40.2024,74.6578,1354739040
1469,40.2024,74.6578,1354738860
1469,39.9012,75.1718,1353818700
1469,40.2025,74.6577,1353548460
1469,40.2025,74.6577,1353457080
1469,40.2024,74.6578,1353456180
1469,40.2025,74.6582,1353451260
1469,40.2025,74.6578,1353438360
1469,40.2025,74.6579,1353437100
1469,40.1995,74.7011,1353411420
1469,40.2025,74.6579,1353362220
1469,40.2025,74.6577,1353360420
1469,40.2025,74.6577,1353356700
1469,40.2025,74.6577,1353356160
1469,40.1912,74.6712,1353354720
1469,40.2024,74.6582,1353033180
1469,40.2101,74.6611,1353033000
1469,40.2024,74.6578,1353028680
1469,40.2024,74.6579,1352946900
1469,40.2025,74.658,1352855100
1469,40.1916,74.6307,1352854560
1469,40.2023,74.6581,1352852880
1469,40.1903,74.6279,1352837640
1469,40.2025,74.6579,1352774160
1469,40.2024,74.6581,1352773260
1469,40.2025,74.6581,1352750580
1469,40.2025,74.6581,1352750460
1469,40.2025,74.6579,1352750400
1469,40.2025,74.6582,1352748420
1469,37.5297,77.4297,1352673360
1469,37.2345,77.3989,1352672280
1469,37.2173,77.3857,1352672280
1469,36.358,77.6768,1352669220
1469,36.358,77.6768,1352669160
1469,36.341,77.69,1352669040
1469,36.24,77.7365,1352669040
1469,36.0887,77.8074,1352668200
1469,36.0046,77.8726,1352668080
1469,40.199,74.7011,1352348460
1469,40.1997,74.7233,1352344800
1469,40.2024,74.6578,1352340840
1469,40.1952,74.6371,1352339820
1469,40.2048,74.6596,1352338440
1469,40.2024,74.6578,1352338080
1469,40.2024,74.6579,1352337960
1469,40.2024,74.6579,1352334480
1469,40.2025,74.658,1352333340
1469,40.2024,74.6579,1352332860
1469,40.2025,74.6581,1352332860
1469,40.2025,74.6581,1352332800
1469,40.2027,74.6584,1352332380
1469,40.2026,74.6583,1352332320
1469,40.2024,74.6579,1352332080
1469,40.2027,74.6584,1352332020
1469,40.2026,74.6583,1352331900
1469,40.2027,74.6584,1352331540
1469,40.2025,74.658,1352331480
1469,40.2025,74.658,1352331420
1469,40.2026,74.6584,1352331300
1469,40.2026,74.6583,1352331120
1469,40.2026,74.6584,1352330940
1469,40.2026,74.6582,1352330820
1469,40.2023,74.6582,1352330460
1469,40.2023,74.6582,1352330400
1469,40.2025,74.6584,1352330220
1469,40.2024,74.658,1352329920
1469,40.2025,74.6579,1352329620
1469,40.2027,74.6584,1352329560
1469,40.2027,74.6584,1352329140
1469,40.2027,74.6584,1352324820
1469,40.2262,74.6829,1351107480
1469,40.6033,74.0175,1350870900
