1491,41.0808,14.3357,1411444320
1491,41.0807,14.3353,1410760440
1491,41.0808,14.3355,1406484720
1491,41.0808,14.3357,1404941160
1491,41.081,14.3354,1404897300
1491,41.0807,14.3352,1404677460
1491,41.0809,14.3354,1404634920
1491,41.0806,14.335,1404487560
1491,41.0807,14.3351,1404487500
1491,41.0808,14.3352,1404369180
1491,41.0804,14.3364,1404168240
1491,41.0807,14.3353,1404105660
1491,41.0808,14.3355,1404105600
1491,41.0808,14.3355,1404105540
1491,41.0808,14.3357,1404105240
1491,41.0807,14.3353,1404070200
1491,41.0807,14.3352,1404022320
1491,41.0807,14.3353,1404016920
1491,41.0808,14.3352,1403974500
1491,41.0035,14.3288,1403724000
1491,41.0808,14.3355,1403508600
1491,41.0808,14.3355,1403503020
1491,41.0807,14.3353,1403327760
1491,41.0807,14.3353,1403327400
1491,41.0808,14.3356,1403190180
1491,41.0808,14.3356,1403189580
1491,41.0808,14.3356,1403189400
1491,41.0808,14.3357,1403189160
1491,41.0808,14.3355,1403188380
1491,41.0808,14.3359,1403166060
1491,41.0807,14.3352,1403053980
1491,41.0807,14.3352,1403040240
1491,41.0809,14.3357,1402853460
1491,41.0807,14.3352,1402625400
1491,41.0808,14.3355,1402591200
1491,41.0808,14.3355,1402591080
1491,41.0808,14.3355,1402163760
1491,41.0808,14.3355,1402025880
1491,41.0808,14.3355,1402017900
1491,41.0808,14.3355,1402014960
1491,41.0808,14.3355,1402014240
1491,41.0808,14.3355,1401853740
1491,41.0808,14.3355,1401853620
1491,41.0808,14.3355,1401853560
1491,41.0808,14.3355,1401321600
1491,41.0808,14.3355,1401122220
1491,41.0808,14.3355,1401122040
1491,41.0808,14.3355,1401054360
1491,41.0808,14.3355,1401049680
1491,41.0807,14.3352,1401042720
1491,41.0808,14.3356,1400973000
1491,41.0808,14.3355,1400810700
1491,41.0806,14.3351,1400785680
1491,41.0808,14.3351,1400785200
1491,41.0807,14.3352,1400785140
1491,41.0809,14.3351,1400785020
1491,41.0809,14.3351,1400784960
1491,41.0807,14.3354,1400784900
1491,41.0807,14.3352,1400784840
1491,41.0807,14.3352,1400784780
1491,41.0808,14.3355,1400366280
1491,41.0807,14.3352,1400304480
1491,41.0808,14.3355,1400284500
1491,41.0808,14.3355,1400284380
1491,41.0808,14.3355,1400283480
1491,41.0809,14.3355,1400250240
1491,41.0808,14.3355,1399965900
1491,41.0808,14.3355,1399848720
1491,41.0808,14.3354,1399832400
1491,41.0807,14.3353,1399830960
1491,41.0808,14.3355,1399596900
1491,41.0807,14.3354,1399511640
1491,41.0808,14.3355,1399511460
1491,41.0807,14.3354,1399511340
1491,41.0808,14.3355,1399510200
1491,41.0807,14.3354,1399510080
1491,41.0807,14.3354,1399359420
1491,41.0808,14.3355,1399255740
1491,41.081,14.3356,1399099740
1491,41.081,14.3356,1399099500
1491,41.0808,14.3355,1398844260
1491,41.0808,14.3355,1398844140
1491,41.0808,14.3355,1398844020
1491,41.0808,14.3355,1398844020
1491,41.0808,14.3354,1398116580
1491,41.0808,14.3355,1397707980
1491,41.0808,14.3355,1397690220
1491,41.0808,14.3354,1397540460
1491,41.0808,14.3355,1397409300
1491,41.0808,14.3356,1397320200
1491,41.0808,14.3355,1396817280
1491,41.0808,14.3355,1396759560
1491,41.0808,14.3357,1396625520
1491,41.0807,14.3352,1396414980
1491,41.0808,14.3355,1396239960
1491,41.0808,14.3355,1395888780
1491,41.0808,14.3357,1395884280
1491,41.0808,14.3355,1395718860
1491,41.0808,14.3355,1395601620
1491,41.0808,14.3355,1395287220
1491,41.0808,14.3355,1395281520
1491,41.0808,14.3357,1395279300
1491,41.0808,14.3355,1395279060
1491,41.0808,14.3355,1395278820
1491,41.0807,14.3354,1395277500
1491,41.0807,14.3354,1394682840
1491,41.0807,14.3354,1394682180
1491,41.0808,14.3355,1394681460
1491,41.0808,14.3355,1394681400
1491,41.0808,14.3355,1394681160
1491,41.0808,14.3355,1394681040
1491,41.0808,14.3355,1394679720
1491,41.0808,14.3355,1394678400
1491,41.0808,14.3354,1394676840
1491,41.0808,14.3355,1394676600
1491,41.0808,14.3355,1394675940
1491,41.0807,14.3352,1394675220
1491,41.0807,14.3352,1394673840
1491,41.0807,14.3352,1394673780
1491,41.0808,14.3355,1394391960
1491,41.0808,14.3355,1394349720
1491,41.0808,14.3355,1393972440
1491,41.0808,14.3355,1393911000
1491,41.0808,14.3355,1393711140
1491,41.0808,14.3355,1393711080
1491,41.0808,14.3355,1392963720
1491,41.0808,14.3354,1392874860
1491,41.0808,14.3355,1392673500
1491,41.0808,14.3355,1392482940
1491,41.0808,14.3355,1392338040
1491,41.0808,14.3355,1391713020
1491,41.0809,14.3354,1390965360
1491,41.0808,14.3353,1390794900
1491,41.0808,14.3355,1389456480
1491,41.0807,14.3355,1388846580
1491,41.0808,14.3355,1388686920
1491,41.0808,14.3355,1388686080
1491,41.0809,14.3356,1386888540
1491,41.0808,14.3357,1386478440
1491,41.0808,14.3357,1385239560
1491,41.0035,14.3288,1385060280
1491,41.0809,14.3354,1385001120
1491,41.0808,14.3355,1384706520
1491,41.0808,14.3354,1384638060
1491,45.4006,9.1495,1383455520
1491,45.4887,9.2337,1383334320
1491,41.0809,14.3355,1383248700
1491,41.0807,14.3354,1382575740
1491,41.0494,14.3583,1382562360
1491,41.0807,14.3354,1382494260
1491,41.0808,14.3353,1381974780
1491,41.0808,14.3354,1381904940
1491,41.0808,14.3354,1381694940
1491,41.0808,14.3354,1381639260
1491,41.0791,14.3372,1381341540
1491,41.0808,14.3354,1381279680
1491,41.0808,14.3353,1381276680
1491,41.0808,14.3354,1381276260
1491,41.0808,14.3357,1381276260
1491,41.0807,14.335,1381229280
1491,41.0807,14.335,1381229040
1491,41.0807,14.3355,1381194780
1491,41.0791,14.3373,1381144140
1491,41.0808,14.3352,1381003200
1491,41.0807,14.3354,1380944460
1491,41.0808,14.3355,1380483720
1491,41.0808,14.3355,1380267900
1491,41.0808,14.3357,1380261780
1491,41.0807,14.3354,1380256860
1491,41.0807,14.3354,1380244980
1491,41.0807,14.3354,1380244800
1491,41.0809,14.3354,1380214080
1491,41.0808,14.3355,1380160500
1491,41.0807,14.3354,1380160500
1491,41.0807,14.3354,1380159840
1491,41.0808,14.3354,1379907540
1491,41.0808,14.3354,1379896440
1491,41.0807,14.3354,1379895180
1491,41.0807,14.3354,1379803680
1491,41.0808,14.3354,1379792520
1491,41.0807,14.3355,1379686680
1491,41.0808,14.3356,1379621820
1491,41.0808,14.3355,1379468400
1491,41.0808,14.3354,1379464320
1491,41.0808,14.3355,1379398980
1491,41.9309,12.4616,1379264820
1491,41.9098,12.4783,1379204880
1491,41.8201,12.8175,1379163300
1491,41.8201,12.8175,1379163060
1491,41.0808,14.3355,1379138940
1491,41.0808,14.3353,1379082300
1491,41.0808,14.3355,1379053020
1491,41.0808,14.3355,1379052660
1491,41.0808,14.3355,1379052600
1491,41.0808,14.3355,1379051700
1491,41.0808,14.3355,1379041200
1491,41.0807,14.3354,1379041080
1491,41.0807,14.3354,1379035200
1491,41.0808,14.3354,1379009280
1491,41.0807,14.3353,1379003700
1491,41.0808,14.3353,1378999200
1491,41.0807,14.3352,1378997580
1491,41.0808,14.3355,1378962840
1491,41.0807,14.3355,1378954560
1491,41.0808,14.3355,1378950180
1491,41.0807,14.3356,1378945680
1491,41.0808,14.3357,1378941660
1491,41.0808,14.3357,1378941660
1491,41.0808,14.3355,1378922220
1491,41.0808,14.3353,1378899540
1491,41.0808,14.3355,1378881660
1491,41.0808,14.3355,1378881600
1491,41.0807,14.3354,1378873740
1491,41.0808,14.3355,1378848180
1491,41.0808,14.3365,1378835820
1491,41.0788,14.3358,1378818480
1491,41.0808,14.3355,1378815060
1491,41.0808,14.3355,1378791000
1491,41.0808,14.3355,1378790340
1491,41.0808,14.3357,1378789560
1491,41.0808,14.3355,1378789500
1491,41.081,14.3367,1378784100
1491,41.0808,14.3355,1378775280
1491,41.0807,14.3362,1378761720
1491,41.081,14.3357,1378756980
1491,41.0808,14.3357,1378752180
1491,41.0808,14.3357,1378735920
1491,41.0808,14.3354,1378732800
1491,41.0808,14.3355,1378730460
1491,41.0809,14.3354,1378730160
1491,41.081,14.3355,1378730100
1491,41.0808,14.3357,1378710840
1491,41.0807,14.3354,1378704180
1491,41.0808,14.3355,1378702200
1491,41.0808,14.3355,1378653720
1491,41.0808,14.3355,1378619880
1491,41.0808,14.3353,1378592820
1491,41.0809,14.3356,1378592220
1491,41.0808,14.3355,1378592100
1491,41.0808,14.3357,1378590960
1491,41.0808,14.3357,1378590840
1491,41.0805,14.3362,1378575120
1491,41.0808,14.3359,1378574340
1491,41.0805,14.336,1378572960
1491,41.0808,14.3359,1378572840
1491,41.0808,14.3357,1378572720
1491,41.0808,14.336,1378572720
1491,41.0809,14.3358,1378569960
1491,41.0808,14.3362,1378569900
1491,41.0807,14.3358,1378569840
1491,41.0808,14.3366,1378569540
1491,41.0808,14.3357,1378569240
1491,41.0807,14.3361,1378568820
1491,41.0809,14.3357,1378568580
1491,41.0807,14.3361,1378568520
1491,41.0808,14.3355,1378567740
1491,41.0808,14.3355,1378540500
1491,41.0808,14.3355,1378530060
1491,41.0808,14.3354,1378481880
1491,41.0808,14.3356,1378438020
1491,41.0808,14.3356,1378431180
1491,41.0809,14.3365,1378406880
1491,41.0808,14.3356,1378364520
1491,41.0808,14.3356,1378358940
1491,41.0808,14.3355,1378338180
1491,41.0808,14.3356,1378282860
1491,41.0807,14.3354,1378268340
1491,41.0808,14.3355,1378261920
1491,41.0808,14.3355,1378261860
1491,41.0808,14.3356,1378153380
1491,41.0808,14.3356,1378110720
1491,41.0808,14.3356,1378108020
1491,41.0808,14.3355,1378097760
1491,41.0808,14.3355,1378095120
1491,41.0808,14.3356,1378092900
1491,41.0808,14.3356,1378076160
1491,41.0808,14.3357,1378075740
1491,41.0723,14.3386,1378072920
1491,41.0808,14.3356,1378064880
1491,41.0809,14.3356,1378058400
1491,41.0808,14.3356,1377925320
1491,41.1984,13.8,1377886020
1491,41.1986,14.0253,1377884460
1491,41.2,14.0181,1377883440
1491,41.1614,14.176,1377883140
1491,41.1614,14.176,1377882780
1491,41.1613,14.1769,1377882300
1491,41.0736,14.3444,1377882240
1491,41.0737,14.3455,1377879780
1491,41.0811,14.3356,1377875760
1491,41.0807,14.3352,1377875220
1491,41.0808,14.3353,1377874800
1491,41.0809,14.3352,1377874500
1491,41.081,14.3351,1377874200
1491,41.0807,14.3353,1377874200
1491,41.0808,14.3351,1377873780
1491,41.0808,14.3353,1377872400
1491,41.0807,14.3353,1377872340
1491,41.0808,14.3356,1377844440
1491,41.0808,14.3356,1377844080
1491,41.081,14.3356,1377840660
1491,41.081,14.3356,1377840660
1491,41.0803,14.3381,1377816120
1491,41.0808,14.3356,1377766980
1491,41.0808,14.3356,1377766320
1491,41.0808,14.3356,1377766140
1491,41.0808,14.3354,1377724920
1491,41.0807,14.3352,1377715980
1491,41.0808,14.3356,1377668520
1491,41.0808,14.3356,1377667380
1491,41.0808,14.3356,1377661860
1491,41.0808,14.3356,1377629760
1491,41.0808,14.3356,1377625800
1491,41.0808,14.3356,1377625500
1491,41.0808,14.3356,1377577200
1491,41.0808,14.3357,1377531900
1491,41.0808,14.3357,1377500100
1491,41.0808,14.3357,1377499920
1491,45.4409,12.3209,1377356760
1491,45.4377,12.3098,1377314700
1491,40.8431,14.2628,1376403300
1491,41.0685,14.3285,1375434480
1491,41.0808,14.3356,1375415940
1491,41.0808,14.3356,1375415760
1491,41.0808,14.3356,1375415700
1491,41.0808,14.3356,1375415340
1491,41.0807,14.3354,1375411740
1491,41.0807,14.3354,1375411620
1491,41.0807,14.3354,1375396800
1491,41.0807,14.3355,1375346460
1491,41.0808,14.3357,1375345320
1491,41.0808,14.3356,1375301400
1491,41.081,14.3358,1375299360
1491,41.081,14.3365,1375293720
1491,41.0808,14.3355,1375255080
1491,41.0808,14.3357,1375254960
1491,41.0808,14.3355,1375254540
1491,41.0723,14.3384,1375202460
1491,41.0808,14.3355,1375145040
1491,41.5088,13.6561,1375072860
1491,41.9276,12.7427,1375045140
1491,41.0808,14.3355,1375034280
1491,41.0808,14.3355,1375030920
1491,41.0808,14.3356,1374995760
1491,41.0808,14.3356,1374994620
1491,41.0808,14.3355,1374983760
1491,41.0808,14.3356,1374960660
1491,41.0808,14.3356,1374960420
1491,41.0808,14.3355,1374914160
1491,41.0808,14.3356,1374747240
1491,41.0808,14.3357,1374746700
1491,41.0808,14.3353,1374707820
1491,41.0809,14.3358,1374680340
1491,41.0808,14.3359,1374604860
1491,41.0809,14.3358,1374604680
1491,41.0808,14.3355,1374555960
1491,41.0806,14.3361,1374544860
1491,41.0808,14.3355,1374484080
1491,41.0808,14.336,1374380220
1491,41.0808,14.3357,1374302340
1491,41.0808,14.3355,1374297600
1491,41.0808,14.3355,1374297120
1491,41.0808,14.3356,1374272820
1491,41.0807,14.3355,1374272340
1491,41.0808,14.3356,1374271800
1491,41.0808,14.3356,1374271620
1491,41.0807,14.3355,1374262440
1491,41.0808,14.3356,1374246240
1491,41.0808,14.3356,1374216180
1491,41.0808,14.3357,1374207780
1491,41.0808,14.3357,1374206580
1491,41.0809,14.3361,1374159720
1491,41.0808,14.3356,1374119640
1491,41.0806,14.3353,1374107820
1491,41.0808,14.3356,1374102540
1491,41.0807,14.3357,1374101520
1491,41.0808,14.3357,1374099960
1491,41.0807,14.3356,1374077940
1491,41.0808,14.3355,1374034500
1491,41.0808,14.3356,1374027060
1491,41.0808,14.3356,1374025500
1491,41.0808,14.3356,1374003840
1491,41.0808,14.3357,1373967480
1491,41.0808,14.3354,1373961060
1491,41.0808,14.3355,1373878860
1491,41.0808,14.3356,1373866860
1491,41.0805,14.3361,1373863500
1491,41.0808,14.3355,1373852820
1491,41.0807,14.3354,1373851980
1491,41.0808,14.3357,1373851080
1491,41.0808,14.3356,1373839980
1491,41.0808,14.3353,1373838900
1491,41.0807,14.3355,1373838480
1491,41.0808,14.3353,1373835360
1491,41.0807,14.3355,1373831760
1491,41.0808,14.3356,1373831040
1491,41.081,14.3357,1373820900
1491,41.0808,14.3357,1373813700
1491,41.0808,14.3355,1373813640
1491,41.0808,14.3356,1373793000
1491,41.0808,14.3357,1373778300
1491,41.0807,14.3354,1373769900
1491,41.0807,14.3354,1373768520
1491,41.0807,14.3354,1373767080
1491,41.0808,14.3357,1373765040
1491,41.0807,14.3355,1373763720
1491,41.0808,14.3356,1373763420
1491,41.0808,14.3356,1373708760
1491,41.0808,14.3357,1373696700
1491,41.0807,14.3354,1373696040
1491,41.0807,14.3354,1373690700
1491,41.0807,14.3354,1373690280
1491,41.0808,14.3356,1373682780
1491,41.0808,14.3356,1373681760
1491,41.0807,14.3355,1373679120
1491,41.0808,14.3356,1373646600
1491,41.0808,14.3356,1373646480
1491,41.0807,14.3358,1373641500
1491,41.0807,14.3356,1373640480
1491,41.0808,14.3357,1373593680
1491,41.0809,14.3352,1373481960
1491,41.0807,14.3355,1373442180
1491,41.0808,14.3357,1373398680
1491,41.0808,14.3357,1373343840
1491,41.0808,14.3357,1373288400
1491,41.0808,14.3357,1373261700
1491,41.0807,14.3354,1373258760
1491,41.0807,14.3354,1373258520
1491,41.0807,14.3354,1373257800
1491,41.0807,14.3354,1373257140
1491,41.0808,14.3355,1373256960
1491,41.0806,14.3354,1373256660
1491,41.0808,14.3357,1373224980
1491,41.0808,14.3357,1373220420
1491,41.0808,14.3357,1373182680
1491,41.0808,14.3356,1373182440
1491,41.0808,14.3356,1373182440
1491,41.0807,14.3355,1373182140
1491,41.0808,14.3356,1373181960
1491,41.0807,14.3354,1373181480
1491,41.0808,14.3357,1373181300
1491,41.0808,14.3357,1373180820
1491,41.7282,13.0092,1373167440
1491,41.9203,12.5312,1373165340
1491,41.5169,13.6375,1373145300
1491,41.0804,14.3351,1373142300
1491,41.0808,14.3357,1373117640
1491,41.0807,14.3354,1373117220
1491,41.0808,14.3356,1373088960
1491,41.0808,14.3356,1373087160
1491,41.0808,14.3357,1373024820
1491,41.0807,14.3357,1373023800
1491,41.0807,14.3353,1373008200
1491,41.0809,14.3354,1373007960
1491,41.0808,14.3356,1372986660
1491,41.0808,14.3357,1372972200
1491,41.0806,14.3356,1372965300
1491,41.0808,14.3356,1372963560
1491,41.0807,14.3356,1372960920
1491,41.0807,14.3356,1372960740
1491,41.0808,14.3356,1372960620
1491,41.0808,14.3356,1372922460
1491,41.0809,14.3355,1372911540
1491,41.0809,14.3356,1372908660
1491,41.0808,14.3359,1372888740
1491,41.0808,14.3356,1372885500
1491,41.0808,14.3357,1372831260
1491,41.0808,14.3355,1372820460
1491,41.0808,14.3355,1372820400
1491,41.0808,14.3357,1372820280
1491,41.0808,14.3355,1372818420
1491,41.0808,14.3355,1372794720
1491,41.0808,14.3355,1372788060
1491,41.0807,14.3354,1372784280
1491,41.0808,14.3355,1372772340
1491,41.0808,14.3356,1372747320
1491,41.0808,14.3355,1372746900
1491,41.0808,14.3357,1372719420
1491,41.0808,14.3357,1372713540
1491,41.0808,14.3354,1372706700
1491,41.0808,14.3358,1372701240
1491,41.0808,14.3356,1372694460
1491,41.0808,14.3355,1372682940
