1518,34.1545,118.0796,1427707980
1518,34.1475,118.0895,1427663520
1518,34.0142,118.2878,1427622360
1518,34.1578,118.2855,1427526060
1518,34.1578,118.2855,1427511660
1518,34.1578,118.2855,1427486460
1518,34.1578,118.2855,1427399700
1518,34.1578,118.2855,1427358300
1518,34.1578,118.2855,1427168340
1518,34.1442,118.0884,1427068680
1518,34.1573,118.2851,1427062200
1518,34.1561,118.1319,1426144500
1518,34.1576,118.2852,1426126380
1518,34.1463,118.0816,1425970860
1518,35.2663,119.024,1425902280
1518,38.1287,121.281,1425880200
1518,36.4482,119.4859,1425716760
1518,34.2307,118.3972,1425438600
1518,34.0435,118.2669,1425276180
1518,34.0498,118.2586,1425226260
1518,34.2307,118.3972,1425168900
1518,34.1573,118.2851,1425075060
1518,33.9573,117.3257,1425032760
1518,34.2307,118.3972,1424853300
1518,34.0486,118.2482,1424532840
1518,34.1709,118.6424,1424345460
1518,34.1442,118.0884,1424127840
1518,34.1573,118.2851,1423860720
1518,34.1442,118.0884,1423744080
1518,34.1443,118.0884,1423432980
1518,34.146,118.1483,1423311360
1518,34.1561,118.132,1423040280
1518,34.1561,118.132,1423039800
1518,38.1375,121.2606,1422263100
1518,38.1375,121.2606,1422175560
1518,38.6165,109.6158,1421910840
1518,37.1891,112.9983,1421818620
1518,38.5827,109.5532,1421659320
1518,38.7375,109.4933,1421651400
1518,38.7005,109.5641,1421650500
1518,38.9286,110.4579,1421649360
1518,38.573,109.5507,1421621040
1518,38.5827,109.5532,1421620020
1518,38.6872,109.5368,1421575740
1518,38.6187,109.6172,1421567100
1518,38.6188,109.6159,1421535840
1518,38.1104,121.265,1419677340
1518,38.1289,121.2808,1419468780
1518,34.1442,118.0885,1418518080
1518,34.1573,118.2851,1418254980
1518,38.1303,121.271,1417127340
1518,34.1443,118.0884,1416697860
1518,34.1573,118.2851,1416629880
1518,34.1781,118.0966,1416217980
1518,34.1579,118.2852,1414110060
1518,38.1303,121.271,1413780000
1518,34.1442,118.0884,1413229860
1518,34.1442,118.0884,1413176100
1518,34.1016,118.3413,1413128280
1518,34.1442,118.0884,1413094200
1518,34.1442,118.0884,1413063360
1518,34.1441,118.0884,1412545980
1518,34.1441,118.0884,1412456700
1518,34.0734,118.2403,1412395080
1518,34.1441,118.0884,1412239440
1518,34.1441,118.0884,1411993440
1518,34.1441,118.0884,1411974780
1518,34.1441,118.0884,1411640580
1518,34.1441,118.0884,1411257060
1518,34.1441,118.0884,1410952560
1518,34.1123,118.3392,1410874860
1518,34.1441,118.0884,1410782520
1518,34.1577,118.2856,1410586260
1518,34.1441,118.0884,1410521280
1518,34.1569,118.2854,1410428580
1518,34.1577,118.2856,1410220680
1518,34.1441,118.0884,1410170280
1518,34.1441,118.0884,1410132060
1518,34.1441,118.0884,1410086280
1518,38.1303,121.271,1409632440
1518,34.1441,118.0884,1409225160
1518,34.1579,118.2852,1408436520
1518,34.0502,118.2568,1408336260
1518,34.1442,118.0884,1407704400
1518,34.1441,118.0884,1407270480
1518,34.1441,118.0884,1407240120
1518,34.1282,118.3012,1407139680
1518,34.1458,118.1495,1407075060
1518,34.151,118.0028,1407040920
1518,36.0874,115.1772,1406439780
1518,33.708,117.9809,1406420460
1518,32.7063,117.1618,1406350140
1518,34.0692,118.3764,1405854120
1518,34.1123,118.3392,1405770300
1518,36.2115,86.6943,1405501500
1518,34.0486,118.2508,1405333020
1518,36.2115,86.6943,1405206300
1518,36.2115,86.6943,1405072200
1518,36.2115,86.6943,1405022340
1518,34.1576,118.285,1404900180
1518,36.2115,86.6943,1404816240
1518,36.2115,86.6943,1404691560
1518,36.2115,86.6943,1404682560
1518,36.2115,86.6943,1404630060
1518,38.1375,121.2606,1404603780
1518,34.5471,118.666,1404450720
1518,36.2115,86.6943,1404439740
1518,34.1441,118.0884,1404418140
1518,34.1441,118.0884,1404385920
1518,34.1441,118.0884,1404215280
1518,34.0985,118.2829,1404120780
1518,36.0955,115.1751,1404086280
1518,36.1263,115.1666,1404059340
1518,34.1579,118.2852,1403920440
1518,34.1579,118.2852,1403768820
1518,34.1579,118.2852,1403676360
1518,34.1579,118.2852,1403673120
1518,34.1441,118.0884,1403595900
1518,34.1441,118.0884,1403402940
1518,34.1441,118.0884,1403393100
1518,34.1441,118.0884,1403266020
1518,34.1441,118.0884,1403208420
1518,34.1441,118.0884,1403177700
1518,34.1455,118.1434,1402900260
1518,34.1579,118.2852,1402733640
1518,34.1579,118.2852,1402713960
1518,34.1579,118.2852,1402604760
1518,34.1579,118.2852,1402550580
1518,34.1579,118.2852,1402464420
1518,34.1579,118.2852,1402445820
1518,34.1579,118.2852,1402380720
1518,34.1579,118.2852,1402371480
1518,34.1579,118.2852,1402341660
1518,36.4047,121.3561,1402290720
1518,34.1442,118.0884,1402258380
1518,34.0536,118.4604,1402198740
1518,36.9838,122.0375,1401702060
1518,36.974,122.0262,1401688080
1518,36.9836,122.0376,1401687900
1518,37.7066,122.4186,1401646320
1518,37.7067,122.4186,1401594720
1518,34.1579,118.2852,1401427440
1518,34.1462,118.1153,1401270000
1518,34.1441,118.0884,1401085980
1518,34.1441,118.0884,1400996280
1518,34.1442,118.0884,1400968920
1518,34.1579,118.2852,1400803680
1518,34.1441,118.0884,1400670120
1518,34.0442,118.266,1400491080
1518,34.1406,118.1475,1400392980
1518,34.1579,118.2852,1400228220
1518,34.1579,118.2852,1400125380
1518,34.1441,118.0884,1399808520
1518,34.1242,117.9085,1399788240
1518,34.1576,118.2852,1399532280
1518,34.1674,118.1733,1399386660
1518,34.1575,118.2851,1399359540
1518,34.1441,118.0884,1399282980
1518,34.1441,118.0884,1399257660
1518,34.0522,118.243,1399250700
1518,34.1441,118.0884,1399164120
1518,34.1458,118.1249,1399158720
1518,34.1441,118.0884,1399116960
1518,34.0447,118.2505,1399021920
1518,34.1441,118.0884,1398939360
1518,34.158,118.2855,1398746280
1518,34.1441,118.0884,1398677820
1518,34.1441,118.0884,1398676980
1518,34.1242,117.9085,1398658800
1518,34.0537,118.2428,1398434700
1518,34.1441,118.0884,1398422580
1518,34.1441,118.0884,1398339120
1518,38.1303,121.271,1398027600
1518,38.1303,121.271,1398002340
1518,38.1303,121.271,1397963940
1518,38.1303,121.271,1397961360
1518,34.1686,118.1851,1397794260
1518,34.1577,118.2856,1397613780
1518,34.1441,118.0884,1397480580
1518,34.1461,118.0895,1397364060
1518,34.1579,118.2852,1397283300
1518,34.1579,118.2852,1397112900
1518,33.9831,118.096,1397034900
1518,34.1441,118.0884,1396959840
1518,34.1441,118.0884,1396854600
1518,34.1441,118.0884,1396847460
1518,32.7047,117.1658,1396771080
1518,33.1814,117.3732,1396700460
1518,33.6497,117.9938,1396632540
1518,34.1579,118.2852,1396390080
1518,34.1441,118.0884,1396343640
1518,34.0183,118.2069,1396234920
1518,34.1441,118.0884,1396148580
1518,34.1441,118.0884,1396132560
1518,34.1579,118.2852,1396059900
1518,34.1441,118.0884,1396007160
1518,34.1442,118.0889,1395966180
1518,34.1579,118.2852,1395886020
1518,34.1442,118.0889,1395615300
1518,34.1461,118.0901,1395564840
1518,34.1461,118.0901,1395456600
1518,34.1442,118.0883,1395259260
1518,38.1252,121.2874,1394947140
1518,36.4481,119.4859,1394870700
1518,34.1442,118.0883,1394622780
1518,34.1442,118.0883,1394427240
1518,34.1442,118.0883,1394412300
1518,34.1575,118.2852,1394259240
1518,34.1575,118.2852,1394254080
1518,34.1575,118.2852,1394246280
1518,34.1442,118.0883,1393835820
1518,34.05,117.2645,1393448400
1518,34.171,118.5405,1393073520
1518,34.1688,118.1851,1392894840
1518,34.1579,118.2852,1392330960
1518,34.1441,118.0884,1392201180
1518,34.1579,118.2852,1392103260
1518,34.147,118.0909,1391991600
1518,34.1442,118.0884,1391948580
1518,34.1459,118.1139,1391857080
1518,34.1461,118.0782,1391853540
1518,34.1579,118.2852,1391756700
1518,34.1579,118.2852,1391727720
1518,34.1442,118.0884,1391694000
1518,34.1437,118.0736,1391591580
1518,34.1579,118.2852,1391570640
1518,34.1441,118.0884,1391517900
1518,34.1441,118.0884,1391517360
1518,34.1441,118.0884,1391419080
1518,34.1441,118.0884,1391410860
1518,33.9925,118.4777,1391403420
1518,34.1219,117.8254,1391324580
1518,34.1488,118.0409,1391319120
1518,34.0483,118.2115,1391246340
1518,34.1579,118.2852,1391238120
1518,34.1579,118.2852,1391164140
1518,34.1441,118.0882,1390988580
1518,34.1441,118.0882,1390879380
1518,34.1441,118.0882,1390795980
1518,33.9925,118.4777,1390786800
1518,33.9925,118.4777,1390781160
1518,33.9925,118.4777,1390772520
1518,34.0969,116.1563,1390731660
1518,34.0861,116.0366,1390708560
1518,34.0861,116.0366,1390708440
1518,34.0489,118.2406,1390645320
1518,34.1426,118.0309,1390474260
1518,38.1275,121.2856,1390272240
1518,38.1275,121.2856,1390174920
1518,38.1275,121.2856,1390108620
1518,38.1275,121.2856,1390098900
1518,34.1411,118.1418,1389951900
1518,34.1579,118.2852,1389912780
1518,34.1411,118.1418,1389906660
1518,34.1579,118.2852,1389866280
1518,34.147,118.0909,1389576900
1518,34.146,118.1145,1389507540
1518,34.1579,118.2852,1389233520
1518,34.0771,117.998,1388990280
1518,34.147,118.0909,1388974380
1518,34.1459,118.1139,1388919960
1518,34.147,118.0909,1388656200
1518,34.1459,118.1414,1388641860
1518,34.1459,118.1414,1388630700
1518,34.1456,118.1016,1388551980
1518,34.1456,118.1016,1388547840
1518,36.0163,114.7374,1388378400
1518,35.2449,112.4854,1388301600
1518,35.0329,111.0219,1388278620
1518,35.2491,112.1965,1388218440
1518,35.2531,112.1845,1388215080
1518,35.3262,112.8735,1388122620
1518,38.1343,121.2594,1387952760
1518,38.1343,121.2594,1387924200
1518,34.1442,118.0889,1383381900
1518,34.1579,118.2852,1383291900
1518,36.2115,86.6943,1383140220
1518,34.1579,118.2852,1383118020
1518,34.1442,118.0889,1383039900
1518,36.2115,86.6943,1382913600
1518,36.2115,86.6943,1382845560
1518,34.1442,118.0889,1382828400
1518,34.1579,118.2852,1382681700
1518,34.1579,118.2852,1382652060
1518,36.2115,86.6943,1382615100
1518,34.1575,118.2852,1382509260
1518,38.1275,121.2856,1382341020
1518,36.2115,86.6943,1382320980
1518,38.1103,121.2651,1382222520
1518,36.2115,86.6943,1382181840
1518,34.1575,118.2852,1382151360
1518,36.2115,86.6943,1382092380
1518,36.2115,86.6943,1382009940
1518,34.1577,118.2851,1381882620
1518,36.2115,86.6943,1381840260
1518,36.2115,86.6943,1381836900
1518,34.1461,118.1149,1381825740
1518,34.1442,118.0884,1381744800
1518,35.0142,116.5213,1381731840
1518,36.1169,115.171,1381653360
1518,34.7073,117.2021,1381567680
1518,36.2115,86.6943,1381484820
1518,34.1575,118.2852,1381471020
1518,36.2115,86.6943,1381436400
1518,36.2115,86.6943,1381393200
1518,36.2115,86.6943,1381313280
1518,34.1442,118.0889,1381131000
1518,33.8427,118.2886,1381040340
1518,34.1442,118.0889,1381019160
1518,36.2115,86.6943,1381007700
1518,34.4303,119.7233,1380970680
1518,34.1579,118.2852,1380922680
1518,34.1579,118.2852,1380846000
1518,34.1579,118.2852,1380769560
1518,34.1442,118.0889,1380744060
1518,36.2115,86.6943,1380703020
1518,34.1579,118.2852,1380607200
1518,34.1579,118.2852,1380576120
1518,36.2115,86.6943,1380533520
1518,36.2115,86.6943,1380489900
1518,36.2115,86.6943,1380447180
1518,34.1441,118.0884,1380433800
1518,34.1441,118.0884,1380108360
1518,34.1906,118.3278,1380086820
1518,34.1441,118.0884,1380006240
1518,34.1441,118.0884,1379895660
1518,34.0211,118.2827,1379884320
1518,34.1442,118.0883,1379837340
1518,34.0146,118.2887,1379825640
1518,34.0373,118.194,1379763540
1518,34.0373,118.194,1379753460
1518,36.2115,86.6943,1379536140
1518,36.2115,86.6943,1379448420
1518,36.2115,86.6943,1379421720
1518,36.2115,86.6943,1379410500
1518,34.1442,118.0883,1379299260
1518,36.2115,86.6943,1379221800
1518,34.1442,118.0883,1379197740
1518,34.1442,118.0883,1379192340
1518,36.2115,86.6943,1379102820
1518,34.0734,118.2402,1379058420
1518,34.1442,118.0883,1378977780
1518,36.2115,86.6943,1378842840
1518,34.1442,118.0883,1378801860
1518,34.1442,118.0883,1378799700
1518,34.1443,118.0883,1378697280
1518,34.1442,118.0883,1378620300
1518,34.1442,118.0883,1378616880
1518,36.2115,86.6943,1378462140
1518,36.2115,86.6943,1378381320
1518,38.1275,121.2856,1378187940
1518,36.2115,86.6943,1378154700
1518,38.1275,121.2856,1378020360
1518,36.2115,86.6943,1377983100
1518,37.3473,120.6097,1377934680
1518,35.589,119.1933,1377927120
1518,36.2115,86.6943,1377908580
1518,36.2115,86.6943,1377859140
1518,36.2115,86.6943,1377846660
1518,36.2115,86.6943,1377678960
1518,36.2115,86.6943,1377669720
1518,34.1579,118.2852,1377652980
1518,34.0734,118.2402,1377589500
1518,36.2115,86.6943,1377585480
1518,36.2115,86.6943,1377499440
1518,34.1441,118.0883,1377494520
1518,36.2115,86.6943,1377393900
1518,36.2115,86.6943,1377378840
1518,36.2115,86.6943,1377253200
1518,36.2115,86.6943,1377246240
1518,36.2115,86.6943,1377162720
1518,34.1444,118.0889,1377157260
1518,36.2115,86.6943,1377077640
1518,36.2115,86.6943,1376992800
1518,36.2115,86.6943,1376907480
1518,36.2115,86.6943,1376869500
1518,34.0473,118.2192,1376813460
1518,34.0473,118.2192,1376810160
1518,36.2115,86.6943,1376784960
1518,36.2115,86.6943,1376705100
1518,34.1457,118.0899,1376638020
1518,36.2115,86.6943,1376556900
1518,36.2115,86.6943,1376509980
1518,36.2115,86.6943,1376476380
1518,36.2115,86.6943,1376388960
1518,36.7257,118.149,1376280780
1518,37.3639,118.3955,1376266800
1518,37.6395,118.9693,1376257260
1518,37.6395,118.9693,1376252040
1518,37.6511,118.9831,1376212320
1518,37.6361,118.9834,1376201940
1518,37.6308,119.0334,1376196600
1518,37.3775,118.4837,1376138700
1518,35.0526,118.1755,1376126400
1518,36.2115,86.6943,1376077680
1518,34.146,118.0895,1375946820
1518,36.2115,86.6943,1375830480
1518,36.2115,86.6943,1375775760
1518,36.2115,86.6943,1375698180
1518,36.2115,86.6943,1375652820
1518,34.1441,118.0884,1375602780
1518,34.1441,118.0884,1375598760
1518,34.2633,116.9048,1375564620
1518,34.2439,116.9216,1375519620
1518,36.2115,86.6943,1375473420
1518,34.1579,118.2852,1375406940
1518,34.1579,118.2852,1375321200
1518,36.2115,86.6943,1375243020
1518,34.1494,118.1211,1375174560
1518,36.2115,86.6943,1375129620
1518,36.2115,86.6943,1375056060
1518,34.146,118.0895,1375047540
1518,34.146,118.0895,1374999240
1518,36.2115,86.6943,1374903840
1518,36.2115,86.6943,1374903660
1518,36.2115,86.6943,1374835560
1518,34.1579,118.2852,1374814380
1518,34.1442,118.0888,1374756480
1518,36.2115,86.6943,1374735780
1518,34.1575,118.2852,1374717960
1518,36.2115,86.6943,1374651000
1518,36.2115,86.6943,1374563820
1518,34.1442,118.0883,1374523140
1518,36.2115,86.6943,1374476040
1518,36.2115,86.6943,1374468060
1518,34.1442,118.0882,1374442440
1518,32.7547,117.2158,1374374220
1518,32.7065,117.1613,1374362940
1518,36.2115,86.6943,1374310740
1518,34.1578,118.2853,1374295440
1518,36.2115,86.6943,1374262800
1518,34.1148,118.1828,1374194640
1518,34.1579,118.2852,1374124920
1518,34.1579,118.2852,1374090720
1518,36.2115,86.6943,1374062760
1518,36.2115,86.6943,1374049740
1518,34.1579,118.2852,1373940660
1518,34.1579,118.2852,1373762280
1518,34.1579,118.2852,1373676300
1518,36.2115,86.6943,1373631540
1518,34.0761,118.3054,1373619960
1518,36.2115,86.6943,1373581920
1518,34.1441,118.0883,1373526120
1518,36.2115,86.6943,1373500380
1518,36.2115,86.6943,1373425260
1518,36.2115,86.6943,1373406240
1518,36.1053,119.3231,1373283900
1518,38.1103,121.2651,1373243040
1518,38.1104,121.2649,1373231340
1518,36.2115,86.6943,1373175780
1518,38.2082,120.7114,1373163960
1518,38.2082,120.7114,1373152860
1518,38.1103,121.2652,1373120760
1518,38.2082,120.7114,1373096160
1518,34.1475,118.0895,1373028960
1518,38.1104,121.2649,1372999320
1518,38.1104,121.265,1372987200
1518,36.2115,86.6943,1372969080
1518,34.1442,118.0884,1372915680
1518,34.1579,118.2852,1372915380
1518,34.1442,118.0886,1372748400
1518,34.1616,118.1676,1372245180
1518,36.2115,86.6943,1372228500
1518,36.2115,86.6943,1372027440
1518,36.2115,86.6943,1371938160
1518,36.2115,86.6943,1371421740
1518,34.095,118.1277,1371287460
1518,34.1579,118.2852,1371081000
1518,36.2115,86.6943,1371017640
1518,34.6526,120.4353,1370605200
1518,36.9831,122.0366,1370250420
1518,37.6667,122.3941,1370162400
1518,34.1443,118.0889,1369603500
1518,34.1443,118.0889,1367585160
1518,34.0734,118.2402,1367395380
1518,34.1443,118.0889,1367325720
1518,34.1443,118.0889,1367231760
1518,34.1443,118.0889,1367122500
1518,33.7423,118.1144,1367102820
1518,34.0985,118.2938,1366621380
1518,34.1442,118.0888,1366608900
1518,36.2115,86.6943,1366504140
1518,34.1443,118.0889,1366278720
1518,34.0824,118.2416,1365983820
1518,36.2115,86.6943,1365893580
1518,34.1442,118.0889,1365768960
1518,34.1574,118.2849,1365731280
1518,34.1443,118.0889,1365687960
1518,34.1442,118.0889,1365670920
