1527,41.3911,2.1563,1427799960
1527,41.3911,2.1563,1427799780
1527,41.3912,2.1564,1427799720
1527,41.3911,2.1564,1427775300
1527,41.3911,2.1564,1427774280
1527,41.3911,2.1564,1427774100
1527,41.3804,2.1723,1427764800
1527,41.3803,2.1724,1427764800
1527,41.3803,2.1724,1427764680
1527,41.3804,2.1723,1427764500
1527,41.3803,2.1724,1427764020
1527,41.3804,2.1723,1427763900
1527,41.391,2.1566,1427760000
1527,41.3911,2.1564,1427759940
1527,41.391,2.1564,1427759940
1527,41.391,2.1567,1427759820
1527,41.3909,2.1565,1427752260
1527,41.391,2.1565,1427742480
1527,41.391,2.1565,1427742300
1527,41.391,2.1565,1427740560
1527,41.391,2.1565,1427739420
1527,41.391,2.1565,1427739360
1527,41.3913,2.1833,1427728860
1527,41.3914,2.1833,1427728080
1527,41.3911,2.1563,1427692020
1527,41.3912,2.1564,1427691960
1527,41.3911,2.1563,1427691900
1527,41.3911,2.1563,1427691840
1527,41.3911,2.1563,1427691720
1527,41.3911,2.1563,1427691540
1527,41.3911,2.1563,1427691420
1527,41.3911,2.1565,1427691180
1527,41.3911,2.1564,1427689860
1527,41.3911,2.1563,1427689800
1527,41.3906,2.1566,1427685120
1527,41.391,2.1565,1427680260
1527,41.391,2.1565,1427679660
1527,41.391,2.1565,1427677920
1527,41.391,2.1566,1427665020
1527,41.391,2.1565,1427664780
1527,41.391,2.1564,1427664660
1527,41.391,2.1564,1427664600
1527,41.391,2.1565,1427664360
1527,41.391,2.1565,1427664180
1527,41.391,2.1565,1427659200
1527,41.391,2.1565,1427659140
1527,41.391,2.1565,1427654040
1527,41.391,2.1564,1427653980
1527,41.3909,2.1569,1427610060
1527,41.391,2.1565,1427595720
1527,41.391,2.1567,1427595420
1527,41.391,2.1565,1427595360
1527,41.391,2.1565,1427595300
1527,41.3909,2.1565,1427595240
1527,41.391,2.1565,1427595180
1527,41.391,2.1565,1427594880
1527,41.3875,2.171,1427581080
1527,41.3909,2.1564,1427569800
1527,41.391,2.1566,1427569560
1527,41.391,2.1565,1427569440
1527,41.391,2.1565,1427569260
1527,41.3856,2.1689,1427564640
1527,41.3856,2.1689,1427562660
1527,41.391,2.1563,1427523660
1527,41.3911,2.1563,1427523540
1527,41.3911,2.1562,1427522760
1527,41.391,2.1565,1427511420
1527,41.391,2.1565,1427511360
1527,41.3907,2.1565,1427510880
1527,41.391,2.1565,1427510220
1527,41.3911,2.1566,1427509920
1527,41.3911,2.1565,1427507760
1527,41.391,2.1565,1427507700
1527,41.391,2.1565,1427507700
1527,41.391,2.1566,1427507520
1527,41.3904,2.1563,1427507220
1527,41.3909,2.1565,1427507100
1527,41.3911,2.1565,1427506680
1527,41.389,2.1538,1427506260
1527,41.389,2.1518,1427505960
1527,41.3883,2.1505,1427505840
1527,41.3909,2.1565,1427487960
1527,41.391,2.1565,1427487780
1527,41.391,2.1564,1427487660
1527,41.3982,2.1509,1427476680
1527,41.3983,2.1509,1427476620
1527,41.3984,2.1508,1427476440
1527,41.3983,2.1508,1427476200
1527,41.3982,2.1508,1427476140
1527,41.3983,2.1508,1427475720
1527,41.3983,2.151,1427475300
1527,41.3982,2.1508,1427475180
1527,41.3982,2.1508,1427475180
1527,41.3982,2.1509,1427474400
1527,41.3819,2.1686,1427422560
1527,41.3819,2.1685,1427419740
1527,41.3818,2.1685,1427419680
1527,41.3857,2.1632,1427419080
1527,41.3905,2.1563,1427414580
1527,41.395,2.1639,1427400720
1527,41.3952,2.1642,1427400300
1527,41.3932,2.1617,1427345280
1527,41.3911,2.1662,1427344860
1527,41.3869,2.1786,1427341320
1527,41.3869,2.1785,1427339160
1527,41.3869,2.1786,1427339040
1527,41.3799,2.179,1427335980
1527,41.3799,2.1791,1427335020
1527,41.3799,2.1792,1427334960
1527,41.3945,2.1535,1427295240
1527,41.3909,2.1567,1427261520
1527,41.391,2.1565,1427261460
1527,41.3909,2.1567,1427252100
1527,41.3909,2.1567,1427251320
1527,41.391,2.1565,1427251260
1527,41.391,2.1565,1427251200
1527,41.3912,2.1567,1427251140
1527,41.391,2.1564,1427250960
1527,41.391,2.1565,1427250180
1527,41.391,2.1565,1427250120
1527,41.3911,2.1565,1427250000
1527,41.391,2.1565,1427249940
1527,41.391,2.1565,1427249880
1527,41.391,2.1565,1427249700
1527,41.3909,2.1564,1427248620
1527,41.391,2.1564,1427248560
1527,41.391,2.1565,1427248260
1527,41.3907,2.1568,1427247900
1527,41.3776,2.1686,1427232180
1527,41.3776,2.1686,1427231700
1527,41.3775,2.1688,1427229180
1527,41.3776,2.1686,1427228880
1527,41.3806,2.1674,1427228160
1527,41.3832,2.1651,1427227800
1527,41.391,2.1566,1427142360
1527,41.3909,2.1565,1427140920
1527,41.391,2.1564,1427140860
1527,41.3908,2.1569,1427140680
1527,41.391,2.1566,1427140620
1527,41.391,2.1565,1427140560
1527,41.391,2.1564,1427140440
1527,41.391,2.1564,1427140380
1527,41.3901,2.1622,1427139300
1527,41.3913,2.1834,1427135700
1527,41.3913,2.1835,1427123040
1527,41.391,2.1566,1427076060
1527,41.391,2.1565,1427075880
1527,41.3982,2.1509,1427045400
1527,41.3982,2.1509,1427043780
1527,41.3982,2.1508,1427043720
1527,41.3982,2.1508,1427043000
1527,41.3911,2.1563,1427005440
1527,41.3803,2.1724,1426993440
1527,41.3909,2.1565,1426968240
1527,41.3908,2.1563,1426957320
1527,41.3799,2.1791,1426912500
1527,41.3799,2.179,1426912260
1527,41.3799,2.179,1426912020
1527,41.3799,2.179,1426908660
1527,41.3799,2.1791,1426908600
1527,41.3799,2.179,1426907880
1527,41.3799,2.179,1426904520
1527,41.3911,2.1564,1426887300
1527,41.391,2.1565,1426887240
1527,41.391,2.1565,1426887120
1527,41.3911,2.1566,1426887000
1527,41.391,2.1565,1426886940
1527,41.391,2.1565,1426886820
1527,41.3911,2.1564,1426886640
1527,41.3912,2.1562,1426886400
1527,41.3908,2.1562,1426886340
1527,41.3911,2.1563,1426881000
1527,41.3911,2.1563,1426880880
1527,41.3911,2.1563,1426880820
1527,41.3911,2.1563,1426880640
1527,41.391,2.1563,1426880640
1527,41.3911,2.1563,1426880340
1527,41.391,2.1564,1426879140
1527,41.3911,2.1563,1426879080
1527,41.3911,2.1563,1426879020
1527,41.3911,2.1562,1426878840
1527,41.3911,2.1562,1426878780
1527,41.3911,2.1562,1426878720
1527,41.3911,2.1563,1426878540
1527,41.3911,2.1562,1426878420
1527,41.3911,2.1563,1426878240
1527,41.3911,2.1563,1426878180
1527,41.3911,2.1563,1426877820
1527,41.3911,2.1563,1426877700
1527,41.3911,2.1564,1426877460
1527,41.3911,2.1563,1426876920
1527,41.3911,2.1563,1426876500
1527,41.3911,2.1564,1426876440
1527,41.391,2.1565,1426872720
1527,41.391,2.1566,1426824120
1527,41.3911,2.1564,1426822200
1527,41.391,2.1563,1426770960
1527,41.3911,2.1563,1426741620
1527,41.3781,2.1885,1426730520
1527,41.3781,2.1885,1426730220
1527,41.3781,2.1885,1426729860
1527,41.3781,2.1885,1426729680
1527,41.3781,2.1885,1426729020
1527,41.3959,2.1518,1426690440
1527,41.3911,2.1564,1426656840
1527,41.3909,2.1566,1426651200
1527,41.3743,2.1656,1426647120
1527,41.374,2.1655,1426645500
1527,41.374,2.1655,1426644240
1527,41.374,2.1655,1426643220
1527,41.374,2.1656,1426642500
1527,41.3884,2.1581,1426635180
1527,41.3888,2.1582,1426635000
1527,41.3897,2.1576,1426634940
1527,41.3776,2.1686,1426628580
1527,41.3776,2.1686,1426628460
1527,41.3807,2.1676,1426624260
1527,41.3913,2.1563,1426615680
1527,41.3914,2.1573,1426615620
1527,41.3912,2.1567,1426558200
1527,41.3931,2.1802,1426553460
1527,41.3931,2.1802,1426553340
1527,41.3931,2.1802,1426553160
1527,41.3931,2.1802,1426552980
1527,41.3931,2.1803,1426552800
1527,41.3878,2.1884,1426548180
1527,41.3948,2.1534,1426542840
1527,41.3912,2.1566,1426539900
1527,41.391,2.1565,1426539780
1527,41.391,2.1566,1426539540
1527,41.391,2.1565,1426539480
1527,41.3928,2.1636,1426538460
1527,41.3907,2.1566,1426537980
1527,41.391,2.1564,1426537860
1527,41.3921,2.1592,1426530840
1527,41.3893,2.1682,1426529400
1527,41.3884,2.1696,1426529220
1527,41.3902,2.1695,1426512300
1527,41.3911,2.1563,1426504920
1527,41.3911,2.1563,1426486920
1527,41.3909,2.1564,1426485300
1527,41.391,2.1565,1426482180
1527,41.391,2.1564,1426474380
1527,41.3876,2.1882,1426454160
1527,41.3911,2.1562,1426438920
1527,41.3912,2.1562,1426436220
1527,41.3814,2.1623,1426388040
1527,41.3814,2.1623,1426385280
1527,41.3755,2.1752,1426379400
1527,41.3755,2.1752,1426371480
1527,41.3912,2.1562,1426355760
1527,41.3911,2.1563,1426354860
1527,41.3911,2.1563,1426353360
1527,41.3911,2.1563,1426353000
1527,41.3911,2.1563,1426352220
1527,41.3911,2.1564,1426324080
1527,41.3911,2.1563,1426323960
1527,41.3911,2.1563,1426323660
1527,41.3911,2.1563,1426322880
1527,41.3881,2.1699,1426302780
1527,41.3825,2.1775,1426301760
1527,41.3813,2.1806,1426301100
1527,41.3812,2.1806,1426300980
1527,41.3812,2.1806,1426300800
1527,41.3812,2.1806,1426300740
1527,41.3812,2.1806,1426300740
1527,41.3812,2.1806,1426300680
1527,41.3812,2.1806,1426300620
1527,41.3813,2.1806,1426300560
1527,41.3812,2.1806,1426300500
1527,41.3812,2.1806,1426300500
1527,41.3813,2.1806,1426300380
1527,41.3812,2.1806,1426300320
1527,41.3812,2.1806,1426300200
1527,41.3813,2.1806,1426298880
1527,41.3812,2.1806,1426298760
1527,41.3813,2.1806,1426298640
1527,41.3813,2.1806,1426298580
1527,41.3813,2.1806,1426298340
1527,41.3817,2.1805,1426292580
1527,41.3983,2.1508,1426267500
1527,41.3983,2.1509,1426267020
1527,41.3983,2.1508,1426265940
1527,41.3983,2.1508,1426265640
1527,41.3983,2.1508,1426265220
1527,41.3983,2.1508,1426265160
1527,41.3983,2.1508,1426264920
1527,41.391,2.1565,1426218060
1527,41.3911,2.1566,1426215300
1527,41.3911,2.1564,1426214340
1527,41.391,2.1564,1426214100
1527,41.391,2.1565,1426213980
1527,41.3913,2.1555,1426193820
1527,41.391,2.1548,1426193760
1527,41.3911,2.1544,1426193640
1527,41.391,2.1539,1426193580
1527,41.3897,2.1502,1426193400
1527,41.3911,2.1565,1426187220
1527,41.3907,2.1561,1426142880
1527,41.3911,2.1563,1426142820
1527,41.3912,2.1564,1426141140
1527,41.3911,2.1563,1426140900
1527,41.391,2.1564,1426134900
1527,41.3928,2.1642,1426126500
1527,41.391,2.166,1426126440
1527,41.3914,2.1834,1426123860
1527,41.3914,2.1834,1426123560
1527,41.3913,2.1834,1426121700
1527,41.3913,2.1834,1426121460
1527,41.389,2.1702,1426114140
1527,41.3804,2.1723,1426041480
1527,41.3804,2.1723,1426041120
1527,41.3804,2.1722,1426041060
1527,41.3804,2.1722,1426040940
1527,41.3803,2.1723,1426040520
1527,41.3912,2.1566,1426040400
1527,41.3803,2.1724,1426040280
1527,41.391,2.1565,1426026900
1527,41.3911,2.1563,1425962940
1527,41.391,2.1563,1425962820
1527,41.3911,2.1563,1425952500
1527,41.3911,2.1563,1425951960
1527,41.391,2.1565,1425947700
1527,34.5753,58.463,1425944640
1527,34.5877,58.4711,1425924600
1527,41.2945,2.0769,1425912000
1527,40.4933,3.5898,1425907680
1527,40.4939,3.5898,1425907560
1527,40.4929,3.5909,1425906000
1527,40.4722,3.5608,1425903120
1527,40.4926,3.5909,1425900660
1527,40.4945,3.5671,1425898560
1527,40.4983,3.5665,1425896820
1527,40.4503,3.5898,1425896460
1527,34.815,58.5384,1425852660
1527,34.814,58.5384,1425852480
1527,34.8145,58.5385,1425852360
1527,34.8136,58.5374,1425852300
1527,34.8136,58.5374,1425852240
1527,34.8147,58.5386,1425852240
1527,34.5093,58.4787,1425797400
1527,34.5803,58.4299,1425718560
1527,34.5802,58.4298,1425715980
1527,34.5803,58.4298,1425715860
1527,34.5645,58.4832,1425704940
1527,34.5626,58.4872,1425704820
1527,34.5654,58.44,1425598200
1527,34.5712,58.4425,1425586320
1527,34.5705,58.4426,1425586260
1527,34.5701,58.4419,1425586200
1527,34.5682,58.4399,1425586080
1527,34.5712,58.4306,1425543840
1527,34.5712,58.4306,1425538980
1527,34.5711,58.4303,1425538920
1527,34.5722,58.4315,1425537720
1527,34.5723,58.4314,1425537540
1527,34.5722,58.4315,1425535320
1527,34.5722,58.4315,1425535080
1527,34.572,58.4312,1425534900
1527,34.5722,58.4315,1425533700
1527,34.5722,58.4315,1425529860
1527,34.5722,58.4315,1425528420
1527,34.5654,58.4395,1425524400
1527,34.5654,58.4395,1425524400
1527,34.5651,58.4377,1425524280
1527,34.5653,58.4396,1425524220
1527,34.5651,58.4402,1425524100
1527,34.5652,58.4397,1425523920
1527,34.5751,58.4309,1425512040
1527,34.5856,58.4007,1425510960
1527,34.6006,58.387,1425497280
1527,34.5651,58.4397,1425459540
1527,34.5653,58.4398,1425458940
1527,34.5654,58.4397,1425457320
1527,34.5655,58.4394,1425457080
1527,34.5655,58.4397,1425456420
1527,34.5635,58.437,1425455940
1527,34.5677,58.4545,1425455700
1527,34.577,58.4598,1425455580
1527,34.5784,58.4605,1425455460
1527,34.5845,58.4651,1425455400
1527,34.5803,58.4413,1425454380
1527,34.581,58.4405,1425451920
1527,34.581,58.4404,1425449280
1527,34.581,58.4405,1425449040
1527,34.5653,58.4363,1425432780
1527,34.5653,58.4364,1425432540
1527,34.5653,58.4363,1425432420
1527,34.566,58.435,1425431460
1527,34.5661,58.435,1425430500
1527,34.5659,58.4351,1425430380
1527,34.5661,58.435,1425430140
1527,34.5672,58.4348,1425416220
1527,34.5653,58.4398,1425408300
1527,34.6035,58.5136,1425376140
1527,34.5651,58.4395,1425376080
1527,34.5654,58.4395,1425375780
1527,34.5727,58.4312,1425370200
1527,34.5722,58.4315,1425370200
1527,34.5726,58.4444,1425331320
1527,34.5725,58.4444,1425330540
1527,34.5653,58.4397,1425284220
1527,34.5634,58.4421,1425284160
1527,34.5655,58.4397,1425165600
1527,34.5654,58.4396,1425148380
1527,34.5785,58.4688,1425107160
1527,34.5659,58.439,1425107100
1527,34.5662,58.452,1425106920
1527,34.5662,58.4521,1425106920
1527,34.5684,58.4565,1425106860
1527,34.5724,58.4592,1425106800
1527,34.5786,58.469,1425102060
1527,34.5785,58.4689,1425102000
1527,34.5652,58.4398,1425078900
1527,34.5653,58.4396,1425078840
1527,34.5653,58.4398,1425078060
1527,34.5653,58.4396,1425056100
1527,34.5653,58.4395,1425055320
1527,34.5654,58.4397,1425055200
1527,34.5655,58.4396,1425055080
1527,34.5654,58.4397,1425054840
1527,34.5653,58.4396,1425054660
1527,34.5652,58.4394,1425031440
1527,34.5652,58.4397,1425030600
1527,34.5652,58.4397,1425030540
1527,34.5654,58.4398,1425030000
1527,34.5711,58.4307,1425013800
1527,34.5662,58.4345,1425010200
1527,34.5653,58.4396,1425003960
1527,34.5663,58.4349,1424994300
1527,34.566,58.4349,1424993520
1527,34.566,58.435,1424992620
1527,34.5657,58.4396,1424982840
1527,34.5649,58.4396,1424944380
1527,34.5654,58.4397,1424944260
1527,34.5648,58.4399,1424944080
1527,34.565,58.4396,1424943600
1527,34.5654,58.4398,1424943480
1527,34.5654,58.4398,1424943360
1527,34.5652,58.4397,1424943000
1527,34.5653,58.4397,1424942700
1527,34.5653,58.4363,1424902620
1527,34.5653,58.4361,1424902560
1527,34.5653,58.4361,1424902560
1527,34.5653,58.4361,1424901600
1527,34.5653,58.4363,1424901540
1527,34.5653,58.4361,1424901480
1527,34.5651,58.4399,1424862780
1527,34.5662,58.4371,1424720820
1527,34.5652,58.4397,1424714100
1527,34.565,58.4396,1424712540
1527,34.5653,58.4397,1424712420
1527,34.5651,58.4396,1424712240
1527,34.5651,58.4398,1424711340
1527,34.5654,58.4392,1424688240
1527,34.5652,58.4396,1424687820
1527,34.5652,58.4398,1424687220
1527,34.5091,58.4789,1424662920
1527,34.5657,58.4397,1424649720
1527,34.5657,58.4397,1424649660
1527,34.5649,58.4399,1424638860
1527,34.5653,58.4396,1424638800
1527,34.5655,58.4393,1424638380
1527,34.5694,58.4359,1424635920
1527,34.5702,58.4344,1424635860
1527,34.565,58.4225,1424632860
1527,34.5654,58.4389,1424625240
1527,34.6035,58.5136,1424593320
1527,34.6035,58.5136,1424593200
1527,34.6035,58.5136,1424593200
1527,34.6035,58.5136,1424593200
1527,34.6036,58.5139,1424592360
1527,34.6036,58.5134,1424581500
1527,34.5655,58.4398,1424555760
1527,34.5653,58.4362,1424545560
1527,34.5653,58.436,1424545380
1527,34.5653,58.436,1424545260
1527,34.5653,58.436,1424545200
1527,34.5656,58.4355,1424544600
1527,34.5656,58.435,1424544600
1527,34.5647,58.4348,1424544480
1527,34.5643,58.4348,1424544420
1527,34.5657,58.4367,1424544180
1527,34.5671,58.4378,1424544120
1527,34.5673,58.4379,1424544000
1527,34.5674,58.4379,1424543940
1527,34.5674,58.4378,1424543940
1527,34.5674,58.4379,1424543820
1527,34.5651,58.4401,1424510220
1527,34.5654,58.4394,1424507820
1527,40.4941,3.5689,1424447040
1527,40.4944,3.5688,1424446920
1527,40.4943,3.5688,1424446740
1527,40.4941,3.5695,1424446380
1527,40.4943,3.5688,1424446320
1527,40.4874,3.5932,1424443260
1527,40.486,3.5803,1424442900
1527,41.2904,2.0714,1424434920
1527,41.3737,2.1473,1424430660
1527,41.3862,2.1567,1424430600
1527,41.3911,2.1564,1424411580
1527,41.3942,2.1628,1424383860
1527,41.3911,2.1565,1424372760
1527,41.391,2.1564,1424372640
1527,41.391,2.1565,1424372520
1527,41.391,2.1565,1424322660
1527,41.3803,2.1724,1424310840
1527,41.391,2.1564,1424302740
1527,41.391,2.1564,1424302500
1527,41.3907,2.1568,1424302200
1527,41.391,2.1565,1424302140
1527,41.391,2.1565,1424301960
1527,41.3915,2.1629,1424290200
1527,41.3893,2.166,1424289780
1527,41.3889,2.1676,1424289720
1527,41.3877,2.1707,1424289180
1527,41.39,2.1623,1424282580
1527,41.3901,2.1622,1424282580
1527,41.39,2.1622,1424282520
1527,41.39,2.1622,1424282400
1527,41.39,2.1622,1424282340
1527,41.39,2.1622,1424282280
1527,41.3901,2.1622,1424281800
1527,41.39,2.1622,1424281440
1527,41.391,2.1565,1424235660
1527,41.3913,2.1578,1424136240
1527,41.391,2.1566,1424127420
1527,41.3929,2.1736,1424118900
1527,41.3924,2.1723,1424118900
1527,41.3912,2.1819,1424108880
1527,41.391,2.1566,1424056740
1527,41.391,2.1565,1424053140
1527,41.3977,2.1521,1424022840
1527,41.3983,2.1509,1424019720
1527,41.3983,2.1509,1424019720
1527,41.3983,2.1509,1424019660
1527,41.391,2.1563,1423989420
1527,41.3911,2.1563,1423989300
1527,41.3909,2.1557,1423989000
1527,41.3912,2.1561,1423988940
1527,41.391,2.1563,1423988820
1527,41.3911,2.1562,1423988700
1527,41.3911,2.1564,1423988640
1527,41.3911,2.1564,1423988400
1527,41.3911,2.1563,1423988220
1527,41.3911,2.1564,1423987740
1527,41.3911,2.1564,1423987500
1527,41.3911,2.1564,1423987320
1527,41.3756,2.1672,1423978560
1527,48.8559,2.3654,1422051540
1527,48.8558,2.298,1421979060
1527,48.8869,2.3411,1421949960
1527,48.8369,2.3006,1421900820
1527,48.8369,2.3005,1421900700
1527,48.8369,2.3006,1421900640
1527,41.391,2.1564,1421298360
1527,41.391,2.1565,1421298240
1527,41.3815,2.1626,1421281980
1527,41.3816,2.1626,1421281920
1527,41.3909,2.1564,1421272320
1527,41.391,2.1565,1421265180
1527,41.3911,2.1566,1421265120
1527,41.3911,2.1567,1421261280
1527,41.3911,2.1566,1421261040
1527,41.391,2.1565,1421260680
1527,41.3907,2.1568,1421260560
1527,41.3893,2.1497,1421258880
1527,41.3895,2.1488,1421258760
1527,41.3911,2.1563,1421242380
1527,41.3912,2.1562,1421242140
1527,41.391,2.1565,1421198880
1527,41.391,2.1566,1421194980
1527,41.391,2.1565,1421194740
1527,41.391,2.1564,1421194560
1527,41.391,2.1565,1421194380
1527,41.3908,2.1564,1421194200
1527,41.388,2.1645,1421187900
1527,41.3776,2.1686,1421182860
1527,41.3776,2.1686,1421182560
1527,41.3775,2.1686,1421182200
1527,41.3775,2.1686,1421181120
1527,41.3776,2.1687,1421180820
1527,41.3776,2.1686,1421180580
1527,41.3776,2.1687,1421180520
1527,41.3776,2.1687,1421180400
1527,41.391,2.1562,1421126640
1527,41.3911,2.1565,1421104920
1527,41.391,2.1564,1421104260
1527,41.3911,2.1566,1421103960
1527,41.391,2.1565,1421103780
1527,41.3911,2.1565,1421103600
1527,41.3909,2.1568,1421103600
1527,41.3909,2.1568,1421103540
1527,41.391,2.1565,1421103540
1527,41.3911,2.1565,1421101080
1527,41.3913,2.1563,1421098740
1527,41.391,2.1565,1421097000
1527,41.3914,2.1834,1421078280
1527,41.3913,2.1834,1421078220
1527,41.3914,2.1834,1421070060
1527,41.391,2.1569,1421065440
1527,41.391,2.1565,1421027820
1527,41.391,2.1565,1421027700
1527,41.391,2.1565,1421009280
1527,41.3911,2.1565,1421009040
1527,41.391,2.1565,1421005320
1527,41.3911,2.1563,1421003520
1527,41.3909,2.1564,1421003040
1527,41.391,2.1566,1421002980
1527,41.3912,2.1566,1421002560
1527,41.391,2.1568,1421002260
1527,41.3906,2.1565,1421001960
1527,41.3936,2.1543,1420999680
1527,41.391,2.1563,1420957320
1527,41.3911,2.1562,1420955640
1527,41.3893,2.1727,1420925280
1527,41.3893,2.1731,1420924740
1527,41.3893,2.173,1420924380
1527,41.3893,2.1729,1420922040
1527,41.391,2.1562,1420911480
1527,41.391,2.1562,1420909080
1527,41.3911,2.1562,1420877940
1527,41.391,2.1563,1420877700
1527,41.3912,2.1563,1420877460
1527,41.3804,2.1644,1420868880
1527,41.3804,2.1645,1420868700
1527,41.3804,2.1644,1420868400
1527,41.3754,2.168,1420862400
1527,41.3803,2.1724,1420851600
1527,41.3803,2.1724,1420851480
1527,41.3804,2.1723,1420851180
1527,41.3934,2.1634,1420844220
1527,41.3891,2.1692,1420840320
