1535,23.2021,45.9402,1427774280
1535,23.2038,45.9425,1427318520
1535,23.2021,45.9402,1426662060
1535,23.2022,45.9403,1426569600
1535,23.2022,45.9402,1426465020
1535,23.2022,45.9402,1426319100
1535,23.2022,45.9402,1426223580
1535,23.2022,45.9402,1426030380
1535,23.2021,45.9402,1425958380
1535,23.2022,45.9403,1425957300
1535,23.2022,45.9402,1425885240
1535,23.2022,45.9402,1425874200
1535,23.2021,45.9402,1425846000
1535,23.2022,45.9403,1425841980
1535,23.2022,45.9402,1425801240
1535,23.2021,45.9402,1425797700
1535,23.2022,45.9402,1425717300
1535,23.2022,45.9402,1425711060
1535,23.2022,45.9402,1425539820
1535,23.2022,45.9402,1425539580
1535,23.2021,45.9401,1425532140
1535,23.2021,45.9401,1425453120
1535,23.2022,45.9402,1425450960
1535,23.2022,45.9402,1425448140
1535,23.2022,45.9402,1425432360
1535,23.2022,45.9402,1425366240
1535,23.2021,45.9402,1425365460
1535,23.2022,45.9402,1425280560
1535,23.2022,45.9402,1425242160
1535,23.2022,45.9402,1425242100
1535,23.2022,45.9402,1425240360
1535,23.2022,45.9402,1425161700
1535,23.2022,45.9402,1425103200
1535,23.2022,45.9402,1425089700
1535,23.1841,45.886,1425085020
1535,23.1841,45.886,1425084960
1535,23.2022,45.9402,1425018780
1535,23.2022,45.9402,1425011520
1535,23.2022,45.9402,1425011340
1535,23.2022,45.9402,1425010860
1535,23.2022,45.9402,1424964180
1535,23.2022,45.9402,1424930580
1535,23.2022,45.9402,1424901300
1535,23.2022,45.9402,1424841480
1535,23.2021,45.9402,1424838660
1535,23.2022,45.9402,1424752920
1535,23.2022,45.9402,1424661480
1535,23.2022,45.9402,1424584740
1535,23.2022,45.9402,1424584620
1535,23.2022,45.9402,1424499540
1535,23.2056,45.9514,1424463780
1535,23.2022,45.9402,1424412000
1535,23.2022,45.9402,1424384340
1535,23.2022,45.9402,1424355780
1535,23.2022,45.9402,1424355780
1535,23.2022,45.9402,1424318040
1535,23.2022,45.9402,1424293620
1535,23.2022,45.9402,1424292240
1535,23.2022,45.9402,1424292000
1535,23.2022,45.9402,1424291880
1535,23.2022,45.9402,1424291640
1535,23.2022,45.9402,1424290680
1535,23.2021,45.9402,1424146920
1535,23.2021,45.9403,1424111220
1535,23.2021,45.9402,1424065620
1535,23.2021,45.9402,1424058360
1535,23.2021,45.9402,1423986480
1535,23.2021,45.9402,1423984200
1535,23.2021,45.9402,1423938420
1535,23.202,45.9404,1423889460
1535,23.2021,45.9403,1423811760
1535,23.2021,45.9402,1423811700
1535,23.2406,45.9117,1421039340
1535,23.2022,45.9402,1419754260
1535,23.2064,45.8814,1418982120
1535,23.5728,46.6762,1417579860
1535,23.2023,45.9402,1417028580
1535,23.1837,45.8869,1416868260
1535,23.2019,45.9401,1416862560
1535,23.2023,45.9401,1416858840
1535,23.2023,45.9402,1416816540
1535,23.2023,45.9402,1416762180
1535,23.2023,45.9402,1416465120
1535,23.2023,45.9402,1416464460
1535,23.2023,45.9401,1416464400
1535,23.2023,45.9401,1416442260
1535,23.2023,45.9402,1416441600
1535,23.2023,45.9401,1416374520
1535,23.2023,45.9401,1416203400
1535,23.2023,45.9401,1415994000
1535,23.2023,45.9401,1415946000
1535,23.2023,45.9401,1415858700
1535,23.2021,45.9402,1415763660
1535,23.2021,45.9402,1415677980
1535,23.2021,45.9402,1415676660
1535,23.2022,45.9401,1415599500
1535,23.2021,45.9402,1415598960
1535,23.2022,45.9401,1415598720
1535,23.2022,45.9401,1415593680
1535,23.2022,45.9401,1415341260
1535,23.2022,45.9401,1415340840
1535,23.2022,45.9401,1415340600
1535,23.2021,45.9402,1415314260
1535,23.2021,45.9402,1415249040
1535,23.202,45.9402,1415244420
1535,23.2021,45.9402,1415239020
1535,23.2021,45.9402,1415208540
1535,23.2021,45.9402,1415207400
1535,23.2021,45.9402,1415163840
1535,23.2021,45.9403,1415163540
1535,23.2021,45.9403,1415163240
1535,23.2021,45.9403,1415147580
1535,23.2021,45.9402,1415147460
1535,23.2021,45.9402,1415129460
1535,23.2021,45.9403,1414736520
1535,23.2021,45.9402,1414527540
1535,23.2021,45.9402,1414474860
1535,23.2021,45.9402,1414385280
1535,23.2021,45.9394,1414246500
1535,23.2021,45.9402,1414213620
1535,23.2021,45.9402,1414205880
1535,23.2021,45.9402,1414181760
1535,23.2021,45.9402,1414048800
1535,23.2021,45.9402,1414047600
1535,23.2021,45.9402,1414047360
1535,23.2021,45.9402,1414027500
1535,23.2021,45.9402,1414027260
1535,23.2021,45.9402,1414021500
1535,23.2021,45.9402,1414000020
1535,23.2021,45.9403,1413777240
1535,23.2022,45.9402,1413507480
1535,23.2021,45.9402,1413496740
1535,23.2021,45.9402,1413486660
1535,23.2021,45.9402,1413482760
1535,23.2021,45.9402,1413435720
1535,23.2021,45.9402,1413346860
1535,23.2021,45.9402,1413316500
1535,23.2021,45.9402,1413269940
1535,23.2022,45.9402,1413265740
1535,23.2021,45.9402,1413069960
1535,23.2021,45.9402,1413010680
1535,23.2021,45.9401,1412978880
1535,23.2021,45.9402,1412961060
1535,23.2021,45.9402,1412927400
1535,23.2021,45.9402,1412884980
1535,23.2021,45.9402,1412799840
1535,23.2021,45.9402,1412737440
1535,23.2021,45.9402,1412719860
1535,23.2021,45.9402,1412656200
1535,23.2001,45.9434,1412564760
1535,23.2021,45.9402,1412448900
1535,23.2022,45.9402,1412448300
1535,23.2021,45.9402,1412400660
1535,23.2021,45.9401,1412202960
1535,23.2021,45.9402,1412052960
1535,23.2022,45.9402,1411952340
1535,23.2021,45.9402,1411928220
1535,23.2021,45.9402,1411882440
1535,23.2039,45.902,1411844940
1535,23.2022,45.9402,1411623600
1535,23.1984,45.9475,1411539900
1535,23.2021,45.9402,1411509300
1535,23.189,45.8683,1411496940
1535,23.2021,45.9402,1411443660
1535,23.2021,45.9402,1411443600
1535,23.2021,45.9402,1411443240
1535,23.2021,45.9402,1411440180
1535,23.2021,45.9402,1411429980
1535,23.2021,45.9402,1411368840
1535,23.2021,45.9403,1411368720
1535,23.2021,45.9403,1411368660
1535,23.2021,45.9402,1411367280
1535,23.2021,45.9402,1411367220
1535,23.2021,45.9402,1411366080
1535,23.2021,45.9402,1411152240
1535,23.2021,45.9402,1411100820
1535,23.2021,45.9402,1411082940
1535,23.2021,45.9402,1411082280
1535,23.1956,45.9302,1411073820
1535,23.2021,45.9402,1411008300
1535,23.2021,45.9402,1411008180
1535,23.2021,45.9402,1411008060
1535,23.2021,45.9402,1410934380
1535,23.2021,45.9403,1410934080
1535,23.2021,45.9402,1410933960
1535,23.2021,45.9402,1410933900
1535,23.2007,45.9116,1410879540
1535,23.2021,45.9402,1410759300
1535,23.2021,45.9402,1410685440
1535,23.2021,45.9402,1410583740
1535,23.2021,45.9402,1410583500
1535,23.2021,45.9402,1410583440
1535,23.2021,45.9402,1410498780
1535,23.2021,45.9402,1410498660
1535,23.2021,45.9402,1410493380
1535,23.2021,45.9402,1410410700
1535,23.2021,45.9402,1410400500
1535,23.202,45.9402,1410322680
1535,23.2018,45.9474,1410251280
1535,23.2018,45.9474,1410251100
1535,23.2021,45.9402,1410240120
1535,23.2021,45.9402,1410223680
1535,23.2006,45.9116,1410207060
1535,23.2021,45.9402,1410156420
1535,23.2021,45.9402,1410156360
1535,23.2021,45.9402,1410156300
1535,23.2021,45.9402,1410115260
1535,23.2021,45.9402,1409974260
1535,23.202,45.9402,1409951760
1535,23.202,45.9403,1409939580
1535,23.2021,45.9401,1409870820
1535,23.2006,45.9109,1409843580
1535,23.2021,45.9402,1409810520
1535,23.2021,45.9402,1409809020
1535,23.2021,45.9402,1409809020
1535,23.2021,45.9402,1409807340
1535,23.2021,45.9402,1409804340
1535,23.2021,45.9402,1409801100
1535,23.2021,45.9402,1409799480
1535,23.2021,45.9402,1409782860
1535,23.2021,45.9402,1409781900
1535,23.2005,45.8919,1409772300
1535,23.2021,45.9402,1409720160
1535,23.2021,45.9403,1409712840
1535,23.2021,45.9402,1409630400
1535,23.2021,45.9402,1409550660
1535,23.2021,45.9402,1409549700
1535,23.2021,45.9402,1409509980
1535,23.202,45.9402,1409509560
1535,23.2021,45.9402,1409509440
1535,23.202,45.9402,1409372760
1535,23.1986,45.9416,1409343720
1535,23.2039,45.9084,1409342760
1535,23.2021,45.9402,1409291100
1535,23.2021,45.9401,1409290800
1535,23.2021,45.9402,1409290380
1535,23.2021,45.9402,1409289900
1535,23.2021,45.9402,1409289780
1535,23.202,45.9402,1409283780
1535,23.202,45.9402,1409176380
1535,23.2021,45.9402,1409175360
1535,23.202,45.9402,1409174760
1535,23.2021,45.9402,1409115600
1535,23.2021,45.9402,1409115540
1535,23.2021,45.9402,1409109120
1535,23.2021,45.9402,1409107020
1535,23.2021,45.9402,1409038980
1535,23.2021,45.9401,1409037900
1535,23.2021,45.9402,1409037720
1535,23.2021,45.9401,1409022720
1535,23.2021,45.9402,1409013840
1535,23.2021,45.9402,1408988100
1535,23.2021,45.9401,1408984800
1535,23.2021,45.9401,1408946460
1535,23.2021,45.9402,1408946280
1535,23.2021,45.9402,1408908000
1535,23.202,45.9403,1408855740
1535,23.202,45.9402,1408855200
1535,23.2021,45.9402,1408850520
1535,23.2021,45.9402,1408843740
1535,23.2021,45.9402,1408843200
1535,23.2006,45.9114,1408840080
1535,23.2043,45.8885,1408823400
1535,23.1991,45.8645,1408815300
1535,23.2012,45.892,1408758840
1535,23.2021,45.9402,1408685100
1535,23.2021,45.9402,1408684920
1535,23.1928,45.8926,1408679400
1535,23.2196,45.9186,1408674780
1535,23.2021,45.9402,1408669680
1535,23.202,45.9402,1408669440
1535,23.2021,45.9402,1408668660
1535,23.2021,45.9402,1408668600
1535,23.2021,45.9403,1408599660
1535,23.2021,45.9403,1408599540
1535,23.2021,45.9401,1408589520
1535,23.2021,45.9402,1408589400
1535,23.2021,45.9402,1408588800
1535,23.2021,45.9402,1408510680
1535,23.2021,45.9402,1408510500
1535,23.2021,45.9402,1408506660
1535,23.1961,45.9328,1408496100
1535,23.2021,45.9402,1408426140
1535,23.2021,45.9402,1408426140
1535,23.2021,45.9402,1408423860
1535,23.2021,45.9402,1408423800
1535,23.2021,45.9402,1408415940
1535,23.202,45.9402,1408415820
1535,23.2021,45.9402,1408389060
1535,23.2021,45.9402,1408386720
1535,23.2021,45.9402,1408383540
1535,23.2021,45.9402,1408340040
1535,23.2021,45.9402,1408338780
1535,23.2021,45.9402,1408338780
1535,23.2021,45.9403,1408332360
1535,23.2021,45.9402,1408327380
1535,23.1986,45.8968,1408325400
1535,23.2021,45.9402,1408288740
1535,23.1984,45.9475,1408200300
1535,23.2021,45.9402,1408157160
1535,23.2006,45.9112,1408042920
1535,23.2021,45.9403,1407989760
1535,23.2021,45.9403,1407989400
1535,23.2021,45.9403,1407988860
1535,23.2021,45.9402,1407988200
1535,23.2021,45.9403,1407987660
1535,23.1984,45.9475,1407981660
1535,23.1984,45.9475,1407981540
1535,23.202,45.9403,1407962580
1535,23.2006,45.9112,1407956100
1535,23.2006,45.9112,1407956040
1535,23.2021,45.9402,1407907680
1535,23.202,45.9402,1407906000
1535,23.202,45.9402,1407878040
1535,23.2021,45.9403,1407822000
1535,23.2117,45.8911,1407784140
1535,23.2117,45.8911,1407784140
1535,23.2021,45.9403,1407735420
1535,23.2021,45.9403,1407734820
1535,23.2021,45.9402,1407560640
1535,23.2021,45.9402,1407551280
1535,23.2021,45.9402,1407548880
1535,23.2021,45.9402,1407477840
1535,23.2021,45.9402,1407474720
1535,23.2021,45.9402,1407474480
1535,23.2021,45.9402,1407474420
1535,23.2021,45.9402,1407469200
1535,23.2021,45.9402,1407456600
1535,23.2006,45.9112,1407444480
1535,23.2021,45.9402,1407392880
1535,23.2021,45.9403,1407389220
1535,23.2021,45.9402,1407361440
1535,23.202,45.9402,1407299700
1535,23.2021,45.9402,1407297540
1535,23.2021,45.9402,1407296460
1535,23.2021,45.9402,1407294240
1535,23.202,45.9402,1407292440
1535,23.2006,45.9111,1407261960
1535,23.2021,45.9402,1407212340
1535,23.2021,45.9402,1407211740
1535,23.2021,45.9402,1407211620
1535,23.1855,45.8867,1407180000
1535,23.2021,45.9402,1407033780
1535,23.2021,45.9402,1406958900
1535,23.202,45.9402,1406951220
1535,23.2021,45.9402,1406950560
1535,23.2021,45.9402,1406950500
1535,23.2021,45.9402,1406950440
1535,23.2021,45.9402,1406946480
1535,23.202,45.9402,1406870280
1535,23.2021,45.9402,1406870100
1535,23.2006,45.9111,1406826480
1535,23.1961,45.9328,1406772000
1535,23.2021,45.9402,1406761980
1535,23.2021,45.9402,1406701020
1535,23.2021,45.9402,1406691840
1535,23.2021,45.9402,1406691780
1535,23.2021,45.9402,1406609340
1535,23.2021,45.9402,1406607720
1535,23.2021,45.9402,1406597340
1535,23.2021,45.9402,1406597280
1535,23.2021,45.9402,1406525520
1535,23.2021,45.9402,1406525460
1535,23.2021,45.9402,1406517600
1535,23.2021,45.9402,1406510580
1535,23.202,45.9402,1406348640
1535,23.202,45.9402,1406334600
1535,23.2021,45.9402,1406271480
1535,23.202,45.9402,1406261880
1535,23.2021,45.9402,1406184060
1535,23.2036,45.9407,1406183880
1535,23.2019,45.9319,1406183700
1535,23.1986,45.9417,1406182080
1535,23.1986,45.9417,1406181780
1535,23.202,45.9402,1406179680
1535,23.2032,45.9248,1406179560
1535,23.2021,45.9402,1406163300
1535,23.202,45.9402,1406155920
1535,23.202,45.9402,1406155740
1535,23.2022,45.9402,1406097840
1535,23.2022,45.9402,1406093340
1535,23.2022,45.9402,1406093280
1535,23.2022,45.9402,1406093100
1535,23.2021,45.9402,1406084580
1535,23.203,45.952,1406080080
1535,23.2022,45.9402,1406054580
1535,23.2022,45.9402,1406013000
1535,23.2022,45.9402,1406010480
1535,23.2022,45.9402,1406007900
1535,23.2022,45.9402,1406007780
1535,23.2022,45.9402,1406001060
1535,23.2021,45.9402,1405998180
1535,23.2022,45.9402,1405994760
1535,23.2021,45.9402,1405978380
1535,23.2021,45.9403,1405977900
1535,23.2022,45.9402,1405975680
1535,23.2022,45.9402,1405973520
1535,23.2021,45.9402,1405965720
1535,23.2021,45.9402,1405883940
1535,23.2021,45.9402,1405837920
1535,23.2021,45.9402,1405837860
1535,23.2022,45.9402,1405750260
1535,23.2022,45.9402,1405749180
1535,23.189,45.8684,1405657020
1535,23.202,45.9402,1405551600
1535,23.2021,45.9402,1405532460
1535,23.2021,45.9402,1405493340
1535,23.2021,45.9402,1405493220
1535,23.2021,45.9402,1405492320
1535,23.2021,45.9402,1405486200
1535,23.2021,45.9402,1405477080
1535,23.2021,45.9403,1405474980
1535,23.2021,45.9402,1405466760
1535,23.2021,45.9402,1405459980
1535,23.2021,45.9403,1405457760
1535,23.2021,45.9402,1405455600
1535,23.2021,45.9402,1405407540
1535,23.2021,45.9402,1405405680
1535,23.2021,45.9402,1405405200
1535,23.2021,45.9402,1405405140
1535,23.2021,45.9402,1405404960
1535,23.2021,45.9402,1405404840
1535,23.2021,45.9402,1405404420
1535,23.2021,45.9402,1405404060
1535,23.2021,45.9402,1405398360
1535,23.2021,45.9402,1405398000
1535,23.2021,45.9402,1405361340
1535,23.2021,45.9402,1405361220
1535,23.2021,45.9402,1405360620
1535,23.2021,45.9402,1405321920
1535,23.2021,45.9402,1405320600
1535,23.2021,45.9402,1405320180
1535,23.2021,45.9402,1405311960
1535,23.202,45.9402,1405306740
1535,23.202,45.9402,1405306440
1535,23.2021,45.9402,1405306260
1535,23.2021,45.9402,1405306200
1535,23.202,45.9402,1405304760
1535,23.202,45.9402,1405304640
1535,23.202,45.9402,1405296000
1535,23.2021,45.9402,1405278780
1535,23.2021,45.9402,1405232640
1535,23.2021,45.9402,1405148700
1535,23.2021,45.9402,1405148640
1535,23.2021,45.9402,1405146000
1535,23.2021,45.9402,1405143540
1535,23.2021,45.9402,1405142280
1535,23.2013,45.8868,1405125180
1535,23.2021,45.9402,1405059420
1535,23.2021,45.9402,1405017600
1535,23.1992,45.8994,1405015560
1535,23.1841,45.8865,1405009440
1535,23.2045,45.8888,1405008120
1535,23.2021,45.9402,1404942240
1535,23.2021,45.9402,1404939600
1535,23.2021,45.9402,1404936300
1535,23.2021,45.9402,1404936300
1535,23.2021,45.9402,1404934800
1535,23.2021,45.9402,1404800340
1535,23.2021,45.9402,1404793800
1535,23.2021,45.9402,1404793740
1535,23.2021,45.9402,1404781200
1535,23.2021,45.9402,1404768300
1535,23.2021,45.9402,1404768000
1535,23.2021,45.9402,1404714000
1535,23.2021,45.9403,1404704460
1535,23.2021,45.9403,1404704040
1535,23.2021,45.9402,1404635220
1535,23.2021,45.9402,1404634860
1535,23.2021,45.9402,1404622680
1535,23.2021,45.9403,1404617640
1535,23.2021,45.9402,1404610500
1535,23.2021,45.9402,1404610020
1535,23.2021,45.9403,1404609660
1535,23.2021,45.9402,1404607620
1535,23.2022,45.9402,1404538800
1535,23.2021,45.9402,1404538680
1535,23.2021,45.9402,1404538440
1535,23.2021,45.9403,1404501780
1535,23.2009,45.9118,1404493560
1535,23.2009,45.9118,1404489840
1535,23.2021,45.9402,1404456900
1535,23.2021,45.9402,1404456780
1535,23.2021,45.9402,1404456720
1535,23.2021,45.9403,1404436860
1535,23.2021,45.9403,1404435960
1535,23.2021,45.9402,1404435780
1535,23.2021,45.9403,1404349560
1535,23.2009,45.9118,1404324360
1535,23.2009,45.9118,1404313980
1535,23.2021,45.9402,1404282360
1535,23.2021,45.9402,1404280260
1535,23.2021,45.9403,1404274980
1535,23.2021,45.9402,1404273840
1535,23.2021,45.9403,1404273120
1535,23.2021,45.9402,1404273000
1535,23.2021,45.9402,1404270120
1535,23.2021,45.9403,1404265920
1535,23.1994,45.911,1404249120
1535,23.2004,45.9112,1404227100
1535,23.2021,45.9402,1404188400
1535,23.2021,45.9402,1404188280
1535,23.2021,45.9402,1404187500
1535,23.2021,45.9403,1404183960
1535,23.1999,45.8911,1404178680
1535,23.2021,45.9402,1404104820
1535,23.2021,45.9402,1404093420
1535,23.2021,45.9402,1404026640
1535,23.2021,45.9402,1404024480
1535,23.2021,45.9402,1404018000
1535,23.2021,45.9402,1403946420
1535,23.2021,45.9402,1403946360
1535,23.2021,45.9402,1403946060
1535,23.2021,45.9402,1403935380
1535,23.2021,45.9402,1403934000
1535,23.2021,45.9402,1403933040
1535,23.2021,45.9403,1403924820
1535,23.2021,45.9402,1403916300
1535,23.2021,45.9403,1403913300
1535,23.2021,45.9402,1403913300
1535,23.202,45.9402,1403913180
1535,23.2021,45.9402,1403911380
1535,23.2021,45.9402,1403851020
1535,23.2021,45.9402,1403828700
1535,23.2021,45.9402,1403824140
1535,23.2021,45.9402,1403816040
1535,23.2021,45.9402,1403767440
1535,23.2021,45.9402,1403753640
1535,23.2021,45.9402,1403752680
1535,23.2021,45.9402,1403750940
1535,23.202,45.9404,1403731980
1535,23.2021,45.9402,1403731140
1535,23.2021,45.9402,1403730600
1535,23.2021,45.9402,1403729880
1535,23.2021,45.9402,1403727660
1535,23.2021,45.9402,1403683800
1535,23.2021,45.9402,1403675100
1535,23.2021,45.9403,1403665320
1535,23.1883,45.8805,1403646000
1535,23.2022,45.9399,1403636880
1535,23.2021,45.9402,1403400540
1535,23.2021,45.9404,1403392740
1535,23.2021,45.9402,1403389560
1535,23.2021,45.9402,1403389200
1535,23.2021,45.9402,1403337240
1535,23.2021,45.9402,1403335200
1535,23.2021,45.9402,1403334000
1535,23.2021,45.9402,1403331840
1535,23.1919,45.8815,1403294400
1535,23.2021,45.9402,1403250600
1535,23.2021,45.9402,1403249700
1535,23.2021,45.9402,1403248620
1535,23.2021,45.9402,1403248380
1535,23.2021,45.9402,1403248260
1535,23.2021,45.9402,1403243340
1535,23.2021,45.9402,1403242860
1535,23.2021,45.9404,1403237640
1535,23.2021,45.9402,1403226900
1535,23.2021,45.9402,1403159700
1535,23.2021,45.9402,1403148720
1535,23.2021,45.9403,1403147340
1535,23.2021,45.9402,1403138520
1535,23.2021,45.892,1403124780
1535,23.2022,45.9405,1403119260
1535,23.2021,45.9402,1403062800
1535,23.2021,45.9402,1402986480
1535,23.2021,45.9402,1402986360
1535,23.2021,45.9402,1402977360
1535,23.2021,45.9402,1402974600
1535,23.202,45.9402,1402974480
1535,23.2021,45.9402,1402973760
1535,23.2021,45.9402,1402973700
1535,23.2021,45.9402,1402969440
1535,23.2021,45.9403,1402966680
1535,23.2021,45.9402,1402962120
1535,23.2009,45.9117,1402938060
1535,23.2021,45.9402,1402898820
1535,23.202,45.9403,1402892340
1535,23.2021,45.9403,1402887960
1535,23.2021,45.9403,1402881840
1535,23.2021,45.9403,1402877100
1535,23.2021,45.9403,1402876980
1535,23.2021,45.9402,1402876140
1535,23.1832,45.8681,1402812060
1535,23.1886,45.8687,1402811220
1535,23.2021,45.9402,1402783140
1535,23.2009,45.9117,1402772460
1535,23.2021,45.9402,1402727880
1535,23.2021,45.9402,1402718880
1535,23.2021,45.9402,1402708440
1535,23.2021,45.9403,1402708020
1535,23.2021,45.9402,1402695660
1535,23.1994,45.9112,1402686480
1535,23.2021,45.9403,1402641060
1535,23.2021,45.9402,1402641000
1535,23.2021,45.9402,1402640820
1535,23.2021,45.9402,1402638780
1535,23.2021,45.9403,1402638660
1535,23.2021,45.9402,1402637040
1535,23.2021,45.9402,1402634700
1535,23.2021,45.9402,1402628700
1535,23.2021,45.9402,1402628580
1535,23.2021,45.9402,1402556340
1535,23.2021,45.9402,1402556280
1535,23.2021,45.9402,1402469040
1535,23.2021,45.9402,1402469040
1535,23.2022,45.9402,1402467480
1535,23.2021,45.9402,1402465380
1535,23.2022,45.9401,1402464180
1535,23.2021,45.9402,1402460040
1535,23.2021,45.9403,1402456380
1535,23.2021,45.9403,1402456260
1535,23.2021,45.9402,1402436880
1535,23.202,45.9402,1402436160
1535,23.2021,45.9402,1402384920
1535,23.2021,45.9402,1402384080
1535,23.2021,45.9402,1402383720
1535,23.2021,45.9402,1402383600
1535,23.2021,45.9402,1402383540
1535,23.2021,45.9402,1402379520
1535,23.2021,45.9402,1402377120
1535,23.2021,45.9402,1402376340
1535,23.2021,45.9402,1402376100
1535,23.2006,45.939,1402364220
1535,23.2021,45.9402,1402347780
1535,23.2021,45.9402,1402278360
1535,23.2021,45.9402,1402278120
1535,23.2021,45.9402,1402278000
1535,23.2022,45.9402,1402277880
1535,23.2022,45.9402,1402277820
1535,23.1933,45.8929,1402152240
1535,23.2021,45.9402,1402118880
1535,23.2045,45.9063,1402096920
1535,23.2051,45.9064,1402086480
1535,23.1842,45.8863,1402079460
1535,23.2021,45.9402,1402072440
1535,23.2021,45.9402,1402033920
1535,23.2021,45.9402,1402033740
1535,23.2021,45.9402,1402032540
1535,23.1898,45.8903,1401996240
1535,23.2022,45.9402,1401934920
1535,23.2021,45.9402,1401934380
1535,23.2021,45.9402,1401927120
1535,23.2019,45.9402,1401922920
1535,23.2021,45.9402,1401869340
1535,23.2021,45.9403,1401868860
1535,23.2021,45.9402,1401868200
1535,23.2021,45.9402,1401866880
1535,23.2021,45.9402,1401861960
1535,23.2021,45.9402,1401806040
1535,23.2021,45.9402,1401777060
1535,23.2021,45.9402,1401773220
1535,23.2021,45.9402,1401756840
1535,23.2021,45.9402,1401747900
1535,23.202,45.9402,1401747660
1535,23.2021,45.9402,1401736080
1535,23.2021,45.9403,1401689220
1535,23.2021,45.9402,1401681780
1535,23.2021,45.9402,1401681780
1535,23.2021,45.9402,1401681720
1535,23.2021,45.9402,1401670140
1535,23.2021,45.9403,1401605700
1535,23.204,45.9011,1401599940
1535,23.2021,45.9402,1401592140
1535,23.2021,45.9402,1401591900
1535,23.2021,45.9402,1401586860
1535,23.2021,45.9403,1401586500
1535,23.2021,45.9403,1401569880
1535,23.2021,45.9402,1401518280
1535,23.2021,45.9402,1401518220
1535,23.2021,45.9402,1401517200
1535,23.2021,45.9403,1401516060
1535,23.2021,45.9403,1401516000
1535,23.2021,45.9402,1401505860
1535,23.2021,45.9403,1401500880
1535,23.2021,45.9402,1401497100
1535,23.2021,45.9403,1401490560
1535,23.2021,45.9403,1401475800
1535,23.2021,45.9403,1401429720
1535,23.2021,45.9402,1401422220
1535,23.2021,45.9402,1401418980
1535,23.202,45.9402,1401414300
1535,23.2021,45.9403,1401344280
1535,23.2021,45.9403,1401343320
1535,23.2021,45.9403,1401340440
1535,23.2021,45.9403,1401340320
1535,23.2021,45.9402,1401326880
1535,23.1991,45.8875,1401309840
1535,23.2004,45.9106,1401289320
1535,23.2021,45.9402,1401251700
1535,23.2021,45.9402,1401249000
1535,23.2021,45.9403,1401238620
1535,23.2021,45.9402,1401237120
1535,23.2021,45.9402,1401225360
1535,23.2021,45.9402,1401224400
1535,23.2021,45.9402,1401169440
1535,23.2021,45.9402,1401167700
1535,23.202,45.9402,1401163500
1535,23.2021,45.9402,1401149820
1535,23.1977,45.8891,1398578220
1535,23.2021,45.9402,1397368020
1535,23.2021,45.9402,1393996020
1535,23.0404,45.5551,1393912500
1535,23.2013,45.9396,1392781560
1535,23.2021,45.9403,1392607440
1535,23.2021,45.9402,1392606660
1535,23.2022,45.9402,1392601320
1535,23.2022,45.9402,1392586860
1535,23.2022,45.9402,1392586800
1535,23.2021,45.9402,1392529560
1535,23.2021,45.9403,1392527460
1535,23.2021,45.9403,1392527220
1535,23.3093,46.0523,1392521100
1535,23.4254,46.4067,1392519120
1535,23.4539,46.4722,1392518820
1535,23.4953,46.6193,1392508440
1535,23.2021,45.9402,1392443400
1535,23.2022,45.9402,1392442980
1535,23.2017,45.9403,1392441000
1535,23.2022,45.9402,1392428280
1535,23.2021,45.9402,1392428220
1535,23.2021,45.9402,1392427020
1535,23.2022,45.9402,1392420240
1535,23.2021,45.9402,1392414780
1535,23.2021,45.9402,1392406020
1535,23.2021,45.9402,1392403740
1535,23.2021,45.9402,1392359400
1535,23.2021,45.9402,1392358560
1535,23.2021,45.9402,1392358500
1535,23.2021,45.9402,1392338580
1535,23.2021,45.9402,1392310740
1535,23.2022,45.9402,1392270960
1535,23.2021,45.9402,1392270780
1535,23.2021,45.9402,1392154620
1535,23.2022,45.9402,1392153960
1535,23.2021,45.9402,1392101880
1535,23.2021,45.9403,1392069420
1535,23.2021,45.9402,1392067140
1535,23.2021,45.9403,1392059580
1535,23.2021,45.9402,1392015300
1535,23.2021,45.9402,1392013560
1535,23.2022,45.9403,1392013320
1535,23.2021,45.9402,1392013200
1535,23.6215,45.4064,1391984220
1535,23.2021,45.9402,1391927220
1535,23.2021,45.9403,1391927160
1535,23.2021,45.9402,1391881740
1535,23.2021,45.9402,1391837820
1535,23.2021,45.9402,1391808960
1535,23.2021,45.9402,1391805420
1535,23.2021,45.9403,1391759400
1535,23.2021,45.9402,1391757660
1535,23.2021,45.9403,1391757600
1535,23.2021,45.9403,1391755920
1535,23.2021,45.9403,1391755920
1535,23.2021,45.9402,1391753880
1535,23.2021,45.9402,1391753820
1535,23.2021,45.9402,1391753700
1535,23.2021,45.9403,1391753340
1535,23.2021,45.9402,1391750160
1535,23.2022,45.9402,1391749980
1535,23.2021,45.9402,1391670960
1535,23.2021,45.9402,1391669580
1535,23.2021,45.9403,1391669340
1535,23.2021,45.9403,1391665680
1535,23.2021,45.9403,1391665320
1535,23.2021,45.9402,1391665260
1535,23.2021,45.9402,1391664060
1535,23.1997,45.9407,1391662500
1535,23.2027,45.9513,1391636580
1535,23.2021,45.9402,1391583780
1535,23.2021,45.9403,1391579220
1535,23.2021,45.9403,1391571300
1535,23.2021,45.9402,1391566200
1535,23.2021,45.9402,1391560380
1535,23.2021,45.9403,1391490360
1535,23.4319,46.4092,1391484660
1535,23.4319,46.4092,1391484600
1535,23.4131,46.3633,1391481480
1535,23.4112,46.3531,1391481300
1535,23.2021,45.9403,1391476140
1535,23.2021,45.9402,1391412540
1535,23.2021,45.9402,1391407500
1535,23.2021,45.9403,1391403300
1535,23.2021,45.9403,1391403240
1535,23.2021,45.9403,1391403120
1535,23.2021,45.9403,1391401980
1535,23.2021,45.9404,1391400960
1535,23.2021,45.9403,1391400840
1535,23.2021,45.9404,1391400780
1535,23.2022,45.9402,1391372340
1535,23.2021,45.9402,1391361240
1535,23.2021,45.9402,1391361240
1535,23.2021,45.9403,1391328900
1535,23.2021,45.9403,1391328660
1535,23.2021,45.9402,1391321700
1535,23.2021,45.9403,1391311860
1535,23.2021,45.9402,1391311620
1535,23.2021,45.9402,1391296740
1535,23.2021,45.9402,1391293740
1535,23.2021,45.9403,1391292360
1535,23.2021,45.9402,1391291640
1535,23.1913,45.8695,1391240520
1535,23.1901,45.8786,1391239260
1535,23.1991,45.8676,1391238360
1535,23.192,45.8709,1391236680
1535,23.1811,45.8435,1391231700
1535,23.192,45.8709,1391217180
1535,23.192,45.8709,1391216700
1535,23.1991,45.8676,1391192940
1535,23.1991,45.8676,1391191260
1535,23.1991,45.8676,1391190480
1535,23.2021,45.9402,1391156400
1535,23.2021,45.9402,1391148360
1535,23.2021,45.9402,1391144460
1535,23.2022,45.9402,1391139240
1535,23.2022,45.9402,1391138160
1535,23.2021,45.9403,1391136420
1535,23.2021,45.9402,1391135340
1535,23.2021,45.9403,1391135220
1535,23.2022,45.9402,1391063460
1535,23.2021,45.9402,1391062320
1535,23.2021,45.9402,1391055300
1535,23.2021,45.9402,1391049420
1535,23.19,45.8785,1391041740
1535,23.202,45.8915,1391033880
1535,23.202,45.8915,1391033640
1535,23.2021,45.9402,1391026680
1535,23.2022,45.9402,1390982280
1535,23.2022,45.9402,1390982160
1535,23.2022,45.9402,1390978380
1535,23.2022,45.9402,1390978320
1535,23.2021,45.9403,1390975380
1535,23.2021,45.9402,1390966800
1535,23.2021,45.9403,1390943940
1535,23.2021,45.9402,1390937640
1535,23.2022,45.9402,1390936260
1535,23.2021,45.9402,1390934880
1535,23.2021,45.9403,1390891380
1535,23.2021,45.9402,1390890960
1535,23.2021,45.9403,1390882320
1535,23.2021,45.9403,1390871160
1535,23.2022,45.9402,1390867560
1535,23.2021,45.9403,1390857420
1535,23.2021,45.9402,1390844640
1535,23.2021,45.9403,1390804740
1535,23.2021,45.9402,1390804380
1535,23.2021,45.9402,1390804200
1535,23.2021,45.9402,1390803900
1535,23.2021,45.9403,1390803480
1535,23.2021,45.9402,1390802400
1535,23.2021,45.9402,1390801080
1535,23.2021,45.9403,1390797000
1535,23.2021,45.9402,1390795860
1535,23.1934,45.8782,1390754820
1535,23.2021,45.9403,1390715460
1535,23.2021,45.9402,1390711620
1535,23.1976,45.8861,1390705200
1535,23.2021,45.9403,1390699500
1535,23.2021,45.9403,1390690380
1535,23.2021,45.9403,1390689000
1535,23.2021,45.9403,1390688580
1535,23.2021,45.9402,1390671840
1535,23.187,45.8845,1390666200
1535,23.2021,45.9402,1390631400
1535,23.2021,45.9402,1390629540
1535,23.2021,45.9402,1390629360
1535,23.2021,45.9403,1390612980
1535,23.2021,45.9402,1390594920
1535,23.2021,45.9403,1390590720
1535,23.2021,45.9402,1390554000
1535,23.2021,45.9402,1390551780
1535,23.2021,45.9402,1390550280
1535,23.2021,45.9402,1390550040
1535,23.2021,45.9403,1390544640
1535,23.2021,45.9402,1390540620
1535,23.2021,45.9403,1390523400
1535,23.2021,45.9403,1390523340
1535,23.2021,45.9403,1390508820
1535,23.2021,45.9402,1390460640
1535,23.2021,45.9402,1390460580
1535,23.2021,45.9403,1390460040
1535,23.2021,45.9402,1390375200
1535,23.2021,45.9402,1390370040
1535,23.2021,45.9402,1390369800
1535,23.2021,45.9402,1390285080
1535,23.2021,45.9402,1390283760
1535,23.2021,45.9402,1390282080
1535,23.2021,45.9403,1390272000
1535,23.2021,45.9403,1390271760
1535,23.2022,45.9402,1390256340
1535,23.2021,45.9402,1390223760
1535,23.2021,45.9403,1390220760
1535,23.2021,45.9402,1390215600
1535,23.2021,45.9402,1390215360
1535,23.2021,45.9402,1390215300
1535,23.2021,45.9403,1390201980
1535,23.2021,45.9402,1390192980
1535,23.2021,45.9403,1390189740
1535,23.2021,45.9402,1390185360
1535,23.2021,45.9402,1390185300
1535,23.2021,45.9404,1390184400
1535,23.2021,45.9402,1390177680
1535,23.2002,45.8812,1390169880
1535,23.2002,45.8812,1390168260
1535,23.2002,45.8812,1390168200
1535,23.2021,45.9402,1390158240
1535,23.2021,45.9403,1390113420
1535,23.2021,45.9402,1390113000
1535,23.2021,45.9403,1390099440
1535,23.2021,45.9402,1390028280
1535,23.2021,45.9402,1390028160
1535,23.2021,45.9402,1390007580
1535,23.2021,45.9403,1389989400
1535,23.2021,45.9403,1389989280
1535,23.2021,45.9403,1389936900
1535,23.2021,45.9403,1389892380
1535,23.2012,45.9396,1389859800
1535,23.2021,45.9403,1389809880
1535,23.2013,45.9396,1389775920
1535,23.2012,45.9396,1389768600
1535,23.2012,45.9396,1389757080
1535,23.2012,45.9396,1389756780
1535,23.2023,45.9399,1389683160
1535,23.202,45.9394,1389679920
1535,23.2021,45.9403,1389653940
1535,23.202,45.9394,1389591660
1535,23.202,45.9394,1389588120
1535,23.2021,45.9402,1389513840
1535,23.2021,45.9403,1389513120
1535,23.2021,45.9403,1389512100
1535,23.2021,45.9402,1389510480
1535,23.2021,45.9403,1389510120
1535,23.2021,45.9403,1389508980
1535,23.2021,45.9402,1389506880
1535,23.2021,45.9403,1389479460
1535,23.2021,45.9402,1389478080
1535,23.2021,45.9402,1389464280
1535,23.2021,45.9402,1389453240
1535,23.2021,45.9402,1389430080
1535,23.2021,45.9402,1389426720
1535,23.2021,45.9403,1389426300
1535,23.2021,45.9403,1389426060
1535,23.2021,45.9402,1389410880
1535,23.2021,45.9403,1389340560
1535,23.2021,45.9402,1389336840
1535,23.2021,45.9402,1389336240
1535,23.2021,45.9402,1389314760
1535,23.2021,45.9402,1389314640
1535,23.2022,45.9402,1389305460
1535,23.2021,45.9402,1389304680
1535,23.2022,45.9402,1389272280
1535,23.2022,45.9402,1389269280
1535,23.2022,45.9402,1389267240
1535,23.2021,45.9402,1389264360
1535,23.2021,45.9402,1389262980
1535,23.2022,45.9402,1389255540
1535,23.2022,45.9402,1389255420
1535,23.2022,45.9402,1389253740
1535,23.2022,45.9402,1389253740
1535,23.2021,45.9402,1389249180
1535,23.2021,45.9402,1389247800
1535,23.2021,45.9402,1389242220
1535,23.2021,45.9402,1389238440
1535,23.2021,45.9402,1389232860
1535,23.2021,45.9402,1389219120
1535,23.2022,45.9402,1389164340
1535,23.2022,45.9402,1389163140
1535,23.2021,45.9402,1389157140
1535,23.2021,45.9402,1389157080
1535,23.2021,45.9402,1389129840
1535,23.2021,45.9402,1389129840
1535,23.2021,45.9402,1389129840
1535,23.2022,45.9402,1389080340
1535,23.2021,45.9402,1389079800
1535,23.2021,45.9402,1389077820
1535,23.2021,45.9402,1389076380
1535,23.2021,45.9403,1389071760
1535,23.2021,45.9402,1389068820
1535,23.2021,45.9402,1389067680
1535,23.2021,45.9402,1389067560
1535,23.2021,45.9402,1389048660
1535,23.2021,45.9402,1388995320
1535,23.2021,45.9402,1388995320
1535,23.2021,45.9402,1388985180
1535,23.2021,45.9404,1388978400
1535,23.2021,45.9402,1388977500
1535,23.2021,45.9402,1388912880
1535,23.2021,45.9402,1388907480
1535,23.2021,45.9402,1388907240
1535,23.2021,45.9402,1388905200
1535,23.2021,45.9403,1388875740
1535,23.2021,45.9402,1388821920
1535,23.2021,45.9402,1388817420
1535,23.2021,45.9402,1388817240
1535,23.2021,45.9402,1388779260
1535,23.2021,45.9402,1388740020
1535,23.2021,45.9403,1388738280
1535,23.2021,45.9402,1388734260
1535,23.2021,45.9402,1388729400
1535,23.2021,45.9402,1388727960
1535,23.2021,45.9402,1388720640
1535,23.2021,45.9404,1388713680
1535,23.2021,45.9403,1388711460
1535,23.2021,45.9402,1388689920
1535,23.2021,45.9402,1388642820
1535,23.2021,45.9402,1388608320
1535,23.2021,45.9402,1388571300
1535,23.2021,45.9402,1388571120
1535,23.2021,45.9402,1388570760
1535,23.1997,45.9407,1388567340
1535,23.1921,45.8713,1387768800
1535,23.2021,45.9402,1387701000
1535,23.2103,45.8755,1387488060
1535,23.2021,45.9403,1387435860
1535,23.2021,45.9403,1387435140
1535,23.2021,45.9402,1387434780
1535,23.2131,45.9357,1387431780
1535,23.2021,45.9402,1387403220
1535,23.2021,45.9402,1387403160
1535,23.2021,45.9402,1387402560
1535,23.2021,45.9402,1387402500
1535,23.2021,45.9402,1387402080
1535,23.2021,45.9402,1387401420
1535,23.2021,45.9402,1387398720
1535,23.2021,45.9402,1387393080
1535,23.2021,45.9403,1387355580
1535,23.2021,45.9402,1387355580
1535,23.2021,45.9402,1387353420
1535,23.2021,45.9402,1387353300
1535,23.2021,45.9402,1387351740
1535,23.2021,45.9403,1387351500
1535,23.2021,45.9402,1387345800
1535,23.2021,45.9403,1387345740
1535,23.2016,45.8954,1387340640
1535,23.1833,45.8691,1387310340
1535,23.1921,45.8713,1387260000
1535,23.1921,45.8713,1387259880
1535,23.1847,45.8581,1387257480
1535,23.1852,45.856,1387255200
1535,23.1982,45.8676,1387247040
1535,23.1921,45.8713,1387237860
1535,23.2021,45.9402,1387228560
1535,23.2021,45.9402,1387226040
1535,23.2021,45.9403,1387219080
1535,23.58,46.659,1387161840
1535,23.58,46.659,1387161720
1535,23.58,46.659,1387161600
1535,23.58,46.659,1387161540
1535,23.58,46.659,1387161480
1535,23.58,46.659,1387161480
1535,23.5669,46.6546,1387132860
1535,23.5608,46.6578,1387127880
1535,23.5608,46.6578,1387127820
1535,23.2021,45.9402,1387114860
1535,23.2021,45.9402,1387096620
1535,23.2021,45.9402,1387096320
1535,23.2021,45.9402,1387095600
1535,23.2021,45.9402,1387094700
1535,23.2021,45.9403,1387093860
1535,23.2021,45.9402,1387093080
1535,23.2021,45.9402,1387091340
1535,23.2021,45.9402,1387088040
1535,23.2021,45.9402,1387087500
1535,23.2021,45.9402,1387087500
1535,23.2163,45.8959,1387060260
1535,23.2155,45.8875,1387059000
1535,23.2155,45.8875,1387057080
1535,23.2155,45.8875,1387057020
1535,23.1975,45.8863,1387044180
1535,23.2021,45.9403,1387031880
1535,23.2021,45.9402,1387007520
1535,23.2021,45.9402,1387006380
1535,23.2021,45.9402,1387004760
1535,23.2021,45.9403,1387002900
1535,23.2021,45.9402,1387000680
1535,23.2021,45.9402,1387000200
1535,23.2021,45.9402,1386998520
1535,23.2021,45.9402,1386995100
1535,23.2021,45.9402,1386994800
1535,23.1832,45.8866,1386978660
1535,23.2021,45.9402,1386956520
1535,23.2021,45.9402,1386921540
1535,23.2021,45.9402,1386919320
1535,23.2021,45.9403,1386918960
1535,23.2021,45.9403,1386918840
1535,23.2021,45.9402,1386917520
1535,23.2021,45.9402,1386917460
1535,23.2021,45.9402,1386917160
1535,23.2021,45.9402,1386915840
1535,23.1942,45.8916,1386914340
1535,23.2021,45.9403,1386894000
1535,23.2021,45.9402,1386893220
1535,23.2021,45.9402,1386882300
1535,23.2021,45.9402,1386880440
1535,23.2021,45.9403,1386880080
1535,23.2021,45.9403,1386834180
1535,23.2021,45.9403,1386834120
1535,23.2021,45.9402,1386832620
1535,23.2021,45.9402,1386830580
1535,23.2021,45.9402,1386829800
1535,23.2021,45.9402,1386828240
1535,23.2021,45.9402,1386827880
1535,23.2021,45.9403,1386827760
1535,23.2021,45.9402,1386821940
1535,23.2021,45.9402,1386821580
1535,23.2009,45.9302,1386806100
1535,23.2022,45.9402,1386744060
1535,23.2022,45.9402,1386743340
1535,23.2021,45.9402,1386743280
1535,23.2022,45.9402,1386743160
1535,23.2021,45.9402,1386742980
1535,23.2022,45.9402,1386742620
1535,23.2021,45.9402,1386737040
1535,23.2021,45.9402,1386723780
1535,23.2021,45.9402,1386723300
1535,23.2021,45.9402,1386723180
1535,23.2021,45.9402,1386723120
1535,23.2021,45.9403,1386716340
1535,23.2021,45.9402,1386700080
1535,23.2021,45.9402,1386699180
1535,23.2022,45.9402,1386667080
1535,23.2021,45.9403,1386659280
1535,23.2021,45.9402,1386658380
1535,23.2021,45.9402,1386658260
1535,23.2022,45.9402,1386657420
1535,23.2022,45.9402,1386655860
1535,23.2021,45.9402,1386655260
1535,23.2021,45.9402,1386640560
1535,23.2021,45.9402,1386640440
1535,23.2021,45.9403,1386640200
1535,23.2021,45.9403,1386639720
1535,23.2021,45.9402,1386628380
1535,23.2021,45.9402,1386626520
1535,23.2021,45.9403,1386620340
1535,23.2021,45.9402,1386620220
1535,23.2021,45.9403,1386613020
1535,23.2021,45.9403,1386612180
1535,23.2022,45.9402,1386568440
1535,23.2022,45.9402,1386568260
1535,23.2022,45.9402,1386567240
1535,23.2021,45.9402,1386565020
1535,23.2021,45.9403,1386563640
1535,23.2021,45.9402,1386561000
1535,23.2021,45.9402,1386560640
1535,23.2022,45.9402,1386558180
1535,23.2021,45.9402,1386556800
1535,23.1982,45.8675,1386551040
1535,23.1982,45.8675,1386550680
1535,23.2022,45.9402,1386537900
1535,23.2029,45.8802,1385874480
1535,23.2043,45.8701,1384467240
