1537,14.657,120.9881,1402170960
1537,14.697,121.0628,1397401680
1537,14.6519,120.9791,1397123760
1537,14.6519,120.979,1389976800
1537,14.6517,120.9789,1389976680
1537,14.6561,121.0322,1389959760
1537,14.6517,120.9789,1389187380
1537,14.6519,120.979,1389130020
1537,14.6519,120.979,1389129780
1537,14.6518,120.979,1389044940
1537,14.6517,120.9788,1389041280
1537,14.6517,120.9788,1389041160
1537,14.6518,120.9788,1389040980
1537,14.6519,120.979,1389040920
1537,14.652,120.9791,1389038280
1537,14.6519,120.979,1389037680
1537,14.6521,120.9788,1388050500
1537,14.6518,120.979,1388007060
1537,14.7138,121.0585,1387973460
1537,14.7138,121.0585,1387973340
1537,14.6518,120.9778,1382115120
1537,14.6519,120.9787,1368356100
1537,14.866,120.9369,1366478820
1537,14.5906,121.0575,1366474080
1537,14.4338,121.0011,1365885000
1537,14.6519,120.9791,1363522560
1537,14.652,120.9791,1362304140
1537,14.652,120.9791,1361719800
1537,14.6519,120.979,1361719320
1537,14.6658,121.0714,1361256120
1537,14.2019,121.1575,1361186460
1537,14.1953,121.1634,1361186280
1537,14.175,121.1998,1361185560
1537,14.1729,121.2057,1361185500
1537,14.1775,121.2371,1361185080
1537,14.1783,121.2422,1361184840
1537,14.1735,121.252,1361184780
1537,14.1748,121.2595,1361184420
1537,14.179,121.2661,1361184300
1537,14.1368,121.2714,1359870480
1537,14.1368,121.2714,1359869820
1537,14.1368,121.2714,1359869160
1537,14.1368,121.2714,1359868800
1537,14.1368,121.2714,1359831420
1537,14.7178,121.0622,1356608760
1537,14.4376,120.8888,1356288060
1537,14.4376,120.8888,1356212880
1537,14.672,120.9462,1355128560
1537,14.72,121.0555,1353234540
1537,14.5448,121.0634,1350329760
1537,14.621,121.0163,1349300340
1537,14.587,120.9804,1348167780
1537,14.6075,121.108,1347386220
1537,14.6075,121.108,1347384420
1537,14.603,120.9699,1347215760
1537,14.652,120.978,1346345820
