1550,41.9762,12.4275,1415328120
1550,41.9023,12.4515,1415327940
1550,41.9023,12.4515,1415327820
1550,41.9023,12.4515,1415327820
1550,41.9719,12.5409,1390612200
1550,41.9719,12.5409,1390611600
1550,41.9719,12.5409,1390611420
1550,54.3467,18.6265,1376454180
1550,49.3014,22.6039,1375977000
1550,38.6873,15.9294,1375106100
1550,38.6901,15.9459,1375058400
1550,38.6901,15.946,1375043220
1550,38.6902,15.946,1375025340
1550,38.6889,15.9339,1375013040
1550,41.9144,12.5128,1374597180
1550,41.9762,12.4276,1367864520
1550,41.9762,12.4277,1367835360
1550,41.9762,12.4276,1367343840
1550,41.9762,12.4274,1367276100
1550,41.9762,12.4274,1367266740
1550,41.976,12.4276,1367262600
1550,41.976,12.4276,1367262480
1550,41.9762,12.4277,1367018640
1550,41.9072,12.5204,1366980660
1550,41.9074,12.4755,1366318440
1550,41.9075,12.52,1366292640
1550,41.9055,12.5176,1366284900
1550,41.9507,12.4608,1366211520
1550,41.9418,12.4656,1366211400
1550,41.936,12.4647,1366211220
1550,41.9323,12.4643,1366210860
1550,41.9096,12.511,1366205760
1550,41.9637,12.4467,1366108980
1550,41.9762,12.4276,1365826740
1550,41.9795,12.4398,1365701580
1550,41.9762,12.4277,1365638160
1550,41.9762,12.4274,1365635580
1550,41.9762,12.4274,1365634500
1550,41.9763,12.4276,1365216600
1550,41.9378,12.4659,1365213840
1550,41.9762,12.4277,1365181380
1550,41.9762,12.4277,1365181260
1550,41.9763,12.4276,1365181020
1550,41.9762,12.4276,1364957520
1550,41.9762,12.4275,1364667300
1550,41.9763,12.4276,1364515380
1550,41.9762,12.4277,1364514420
1550,41.9405,12.4712,1364512500
1550,41.9362,12.4611,1364511900
1550,41.9765,12.4274,1364509020
1550,41.9762,12.4277,1364508780
1550,41.976,12.4279,1364508720
1550,41.9763,12.4277,1364508660
1550,41.9763,12.4276,1364508600
1550,41.9762,12.4275,1364417880
1550,41.9762,12.4277,1364409000
1550,41.9762,12.4276,1364408940
1550,41.9763,12.4277,1364408640
1550,41.9762,12.4275,1364402160
1550,41.9762,12.4275,1364401260
1550,41.9102,12.4476,1364352780
1550,41.9101,12.4474,1364351700
1550,41.9077,12.5237,1364226660
1550,41.9074,12.5227,1364226600
1550,41.9069,12.5202,1364226120
1550,41.9763,12.4277,1364047020
1550,41.9056,12.5176,1363884300
1550,41.9055,12.5176,1363869960
1550,41.9794,12.4395,1363797240
1550,41.9078,12.524,1363718220
1550,41.9078,12.524,1363705560
1550,41.937,12.4715,1363691820
1550,41.9448,12.4681,1363691580
1550,41.9769,12.428,1363660440
1550,41.9768,12.4297,1363660380
1550,41.9777,12.4301,1363660140
1550,41.9767,12.4239,1363645800
1550,41.9763,12.4282,1363635420
1550,41.976,12.4278,1363635240
1550,41.9762,12.4278,1363635180
1550,41.9762,12.4277,1363635060
1550,41.9763,12.4277,1363635000
1550,41.976,12.4281,1363635000
1550,41.9761,12.4276,1363634880
1550,41.9762,12.4278,1363634880
1550,41.9762,12.4278,1363634760
1550,41.9762,12.4277,1363628100
1550,41.9762,12.4276,1363626240
1550,41.9762,12.4277,1363626120
1550,41.9056,12.5177,1363619040
1550,41.9057,12.518,1363618800
1550,41.9055,12.5176,1363618800
1550,41.9055,12.5176,1363618740
1550,41.9055,12.5176,1363617420
1550,41.9748,12.4205,1363578660
1550,41.9762,12.4277,1363568160
1550,41.9387,12.4703,1363566840
1550,41.9386,12.4658,1363488000
1550,41.9376,12.4677,1363487940
1550,41.832,12.4661,1361631480
1550,41.8941,12.473,1361292120
1550,41.9762,12.4277,1359344160
1550,41.8892,12.4793,1358706840
1550,41.8872,12.4768,1358706720
1550,41.9044,12.48,1356808020
1550,41.9063,12.5178,1355769540
1550,41.9763,12.4275,1355007660
1550,41.9784,12.4294,1354708080
1550,41.9763,12.4277,1353377700
1550,41.9763,12.4276,1353210120
1550,41.911,12.5091,1353087300
1550,41.9631,12.4473,1352327880
1550,41.9764,12.4277,1352308740
1550,41.9772,12.433,1352308020
1550,41.9763,12.4276,1352304720
1550,41.9762,12.4274,1352303940
1550,41.7242,13.1114,1352071980
1550,41.7144,13.1315,1352071920
1550,41.6726,13.2086,1352071620
1550,41.9386,12.4711,1351709940
1550,41.9278,12.4973,1351637400
1550,41.9065,12.5173,1351624200
1550,41.9626,12.4484,1351616940
1550,41.9701,12.4358,1351616640
1550,41.9723,12.4321,1351616520
1550,41.9763,12.4277,1351616340
1550,41.9763,12.4277,1351615680
1550,41.9766,12.4271,1351615620
1550,41.9062,12.5179,1351550340
1550,41.9083,12.5251,1351549380
1550,41.9062,12.517,1351549080
1550,41.9063,12.5175,1351548480
1550,41.908,12.5243,1351537320
1550,41.9058,12.5176,1351537140
1550,41.9053,12.5182,1351531980
1550,41.9099,12.5109,1351531620
1550,41.9115,12.5084,1351531500
1550,41.9132,12.5063,1351531320
1550,41.9193,12.4943,1351160340
1550,41.9213,12.4913,1350512400
1550,42.3723,14.1751,1347619980
1550,41.9269,12.7281,1347546840
1550,41.9314,12.6026,1347546300
1550,41.9314,12.6026,1347546240
1550,41.984,12.5272,1347545880
1550,41.9763,12.4274,1347540600
1550,41.9763,12.4277,1347492000
1550,41.9763,12.4277,1347492000
1550,41.9763,12.4277,1347491880
1550,41.9763,12.4277,1347491820
1550,41.9763,12.4277,1347128820
1550,41.9767,12.4273,1347128520
1550,41.9763,12.4276,1347128160
1550,41.9743,12.4195,1347127980
1550,41.2102,9.3833,1345759860
1550,41.2115,9.4072,1345691400
1550,41.2003,9.4044,1345688280
1550,41.1993,9.4043,1345686240
1550,41.2077,9.398,1345076400
1550,41.2135,9.4039,1345072320
1550,41.1998,9.3902,1344996960
1550,41.1992,9.4061,1344996600
1550,41.2151,9.4103,1344995280
1550,41.2042,9.4047,1344994920
1550,41.2042,9.4046,1344994740
1550,41.2113,9.4042,1344960840
1550,41.2129,9.4063,1344951060
1550,41.2129,9.4063,1344951000
1550,41.2577,9.3657,1344878880
1550,41.2005,9.3721,1344868320
1550,41.1997,9.406,1344823440
1550,41.9763,12.4275,1344659520
1550,38.6902,15.9456,1344258840
1550,38.6884,15.9298,1344216600
1550,38.6884,15.9294,1344182340
1550,41.9763,12.4276,1343989860
1550,41.6552,12.4169,1343598660
1550,41.932,12.4853,1343443680
1550,41.9081,12.468,1342894380
1550,41.9082,12.4681,1342893420
1550,41.9082,12.4681,1342893360
1550,41.9082,12.4681,1342893300
1550,41.9082,12.4681,1342893300
1550,41.9082,12.4681,1342893240
1550,41.9082,12.4681,1342893180
1550,41.8953,12.4827,1342885740
1550,41.9731,12.4001,1342880340
1550,41.9715,12.4005,1342879800
1550,41.9715,12.4005,1342879740
1550,41.9715,12.4005,1342879740
1550,41.9731,12.4264,1342879080
1550,41.9731,12.4264,1342879020
1550,41.9742,12.4281,1342878840
1550,41.9728,12.4246,1342877340
1550,41.9762,12.4275,1342834560
1550,41.9763,12.4276,1342834140
1550,41.9381,12.4658,1342823220
1550,41.938,12.4659,1342823040
1550,41.932,12.464,1342822560
1550,41.932,12.464,1342822560
1550,41.93,12.4642,1342822260
1550,41.93,12.4642,1342820820
1550,41.931,12.4649,1342820460
1550,41.931,12.4658,1342820160
1550,41.931,12.4658,1342819980
1550,41.931,12.4659,1342819860
1550,41.9762,12.4276,1342745640
1550,41.9763,12.4276,1342745280
1550,41.9762,12.4276,1342745220
1550,41.9762,12.4276,1342745040
1550,41.9762,12.4276,1342743540
1550,41.9762,12.4276,1342743480
1550,41.9762,12.4276,1342743180
1550,41.9762,12.4276,1342743000
1550,41.9762,12.4274,1342743000
1550,41.9762,12.4276,1342742640
1550,41.9758,12.4271,1342741860
1550,41.9764,12.4277,1342740780
1550,41.9764,12.4277,1342740660
1550,41.9762,12.4276,1342740600
1550,41.9574,12.4584,1342738800
1550,41.9377,12.4702,1342738440
1550,41.9309,12.4649,1342738140
1550,41.9309,12.4649,1342737960
1550,41.9309,12.4649,1342737900
1550,41.9309,12.4655,1342737300
1550,41.9763,12.4276,1342661580
1550,41.9763,12.4276,1342661460
1550,41.9763,12.4276,1342661400
1550,41.9763,12.4277,1342661280
1550,41.9763,12.4277,1342661220
1550,41.9763,12.4277,1342661160
1550,41.9763,12.4277,1342661100
1550,41.9763,12.4277,1342661040
1550,41.8896,12.7548,1342489440
1550,41.8867,12.7627,1342486920
1550,41.884,12.7619,1342486560
1550,41.8759,12.7601,1342486320
1550,41.8708,12.7743,1342486080
1550,41.8928,12.6238,1342485900
1550,41.9532,12.5857,1342484160
1550,41.9507,12.5795,1342483980
1550,41.9587,12.5794,1342483920
1550,41.9587,12.5794,1342483800
1550,41.9576,12.5799,1342483680
1550,41.9576,12.5799,1342483620
1550,41.9577,12.5798,1342483560
1550,41.9577,12.5798,1342483380
1550,41.9324,12.4864,1342397340
1550,41.9324,12.4864,1342397160
1550,41.9324,12.4864,1342397040
1550,41.9324,12.4864,1342396980
1550,41.9764,12.4277,1341103500
1550,41.9763,12.4277,1340900640
1550,41.9761,12.4282,1340899500
1550,41.932,12.4853,1340850000
1550,41.9335,12.4871,1340849820
1550,41.7885,12.4505,1339869900
1550,41.9747,12.4262,1336041240
1550,41.9107,12.4553,1335054420
1550,41.9372,12.4701,1334335380
1550,41.9414,12.4744,1334329500
1550,41.9411,12.4743,1334329500
1550,41.9411,12.4743,1334329440
1550,41.937,12.4702,1334325780
1550,41.9373,12.4704,1334325600
1550,41.9408,12.4738,1334325420
1550,41.9419,12.4727,1334232780
1550,41.9759,12.4276,1333930020
1550,41.9568,12.4578,1333639980
1550,41.9407,12.4707,1333638780
1550,41.9404,12.4705,1333638780
1550,41.9408,12.4715,1333638720
1550,41.9406,12.471,1333638660
1550,41.9406,12.4715,1333638600
1550,41.9395,12.4731,1333638540
1550,42.4363,11.1485,1333297260
1550,42.4363,11.1487,1333235520
1550,42.4364,11.1489,1333159920
1550,42.4406,11.1472,1333158540
1550,42.4362,11.1488,1333158480
1550,42.4362,11.1487,1333157460
1550,42.4361,11.1486,1333151760
1550,41.9363,12.465,1333130940
1550,41.9724,12.4321,1328373300
1550,40.9001,14.3189,1327244940
1550,40.9517,14.327,1327244580
1550,41.9463,12.4627,1326813180
1550,41.9692,12.4371,1309260360
1550,41.9762,12.4271,1303830780
1550,41.9763,12.4276,1303698000
1550,41.9763,12.4278,1303600620
1550,41.9763,12.4275,1303599540
1550,41.9763,12.4276,1300154160
1550,41.9761,12.4276,1299636120
1550,41.9763,12.4276,1299634980
1550,41.9762,12.4275,1299199380
1550,41.9762,12.4277,1299101700
1550,41.9762,12.4274,1298763480
1550,41.9762,12.4271,1298760660
1550,41.9372,12.4429,1298743800
1550,41.9715,12.434,1298729700
1550,41.9762,12.4275,1298687100
1550,41.9762,12.4275,1298687040
1550,41.9763,12.4276,1298685900
1550,41.9763,12.4276,1298685720
1550,41.9763,12.4276,1298232480
1550,41.9762,12.4275,1297994280
1550,41.9764,12.4275,1297305480
1550,41.9764,12.4272,1297299780
1550,41.9764,12.427,1294545840
1550,42.0188,12.3627,1294437180
1550,41.9494,12.4589,1292683860
1550,41.9465,12.4584,1292683320
1550,41.9766,12.4278,1292369880
1550,41.9764,12.4272,1292023320
1550,41.9763,12.4274,1290882240
1550,41.9758,12.4279,1290529440
1550,41.9354,12.4642,1290445260
1550,41.9354,12.4642,1290445200
1550,41.9766,12.4278,1290376440
1550,41.9766,12.4278,1290366840
1550,41.9761,12.4271,1290340500
1550,41.9766,12.4278,1290313500
1550,41.9766,12.4278,1290304860
1550,41.9766,12.4278,1290303060
1550,41.9766,12.4278,1290302760
1550,41.9766,12.4278,1290037800
1550,41.9766,12.4278,1289991420
1550,41.9766,12.4278,1289705640
1550,52.2161,0.1655,1286247600
