1571,37.7803,122.4099,1427516940
1571,37.7825,122.4092,1427423100
1571,37.7831,122.4072,1427249880
1571,37.7858,122.4398,1427196660
1571,37.7812,122.4118,1426842600
1571,37.7949,122.3948,1426243620
1571,37.7828,122.4093,1424835060
1571,37.7841,122.4412,1424348940
1571,37.7823,122.409,1422407400
1571,37.7745,122.4377,1422236280
1571,37.7985,122.4246,1422148860
1571,37.784,122.4412,1422089040
1571,37.7843,122.4413,1422088080
1571,37.7827,122.4093,1421886300
1571,37.785,122.4415,1421827440
1571,37.7884,122.412,1420761120
1571,37.8035,122.4284,1420154940
1571,37.8035,122.4284,1420154820
1571,37.786,122.44,1419839640
1571,37.8024,122.4243,1419745620
1571,37.7208,122.4765,1419654840
1571,37.7841,122.4413,1419597240
1571,37.7827,122.4176,1418771100
1571,37.7842,122.4372,1418618100
1571,37.766,122.4172,1418026560
1571,37.7522,122.2003,1415582940
1571,37.7979,122.4297,1414182600
1571,37.7837,122.4413,1413874260
1571,37.7811,122.4039,1413862800
1571,37.7837,122.4413,1413753840
1571,37.7948,122.3976,1413682620
1571,37.7711,122.4109,1402522320
1571,37.7878,122.4076,1393301220
1571,37.7645,122.4009,1385101440
1571,37.7529,122.3916,1385016360
1571,37.7135,122.3862,1381701240
1571,37.7842,122.402,1380170100
1571,35.6907,139.6911,1379385000
1571,37.7689,122.4937,1376429820
1571,37.6546,122.4748,1376384880
1571,37.7524,122.4143,1372309980
1571,37.7605,122.4215,1370699640
1571,37.7788,122.3961,1370688300
1571,32.8125,117.1677,1368501840
1571,37.7812,122.4058,1363231680
1571,37.5621,122.3187,1360047300
1571,37.7108,122.431,1359855480
1571,37.7218,122.4796,1359765720
1571,37.7752,122.4101,1357464480
1571,37.7845,122.403,1356502740
1571,37.7876,122.4081,1356458940
1571,37.7283,122.4406,1355027640
1571,37.702,122.4706,1354871940
1571,40.7789,73.9623,1352902680
1571,40.7308,73.9907,1352902620
1571,40.783,73.9589,1352810940
1571,40.7221,73.9881,1352617320
1571,37.7614,122.424,1352178060
1571,37.781,122.4086,1352118780
1571,37.7809,122.4157,1351751760
1571,37.7809,122.4157,1351751760
1571,37.7333,122.4307,1351521660
1571,37.7795,122.4176,1351521660
1571,37.7783,122.3894,1350984480
1571,32.7139,117.1602,1349616060
1571,37.7835,122.4177,1348464180
1571,37.722,122.4368,1348191540
1571,37.7786,122.4176,1347767640
1571,37.785,122.419,1347523920
1571,37.8081,122.2706,1346634120
1571,37.7826,122.4081,1345865520
1571,37.7826,122.4081,1345804740
1571,37.7133,122.4712,1345563480
1571,37.7791,122.4159,1345095240
1571,37.5653,122.3228,1343883840
1571,37.6222,122.4124,1342756020
1571,37.7847,122.4178,1342496340
1571,37.4308,122.1625,1342067220
1571,37.4308,122.1625,1341897240
1571,37.7829,122.4192,1341539760
1571,37.7677,122.4285,1341377040
1571,36.1055,115.1659,1339214340
