1581,40.9829,29.1245,1427625480
1581,38.3951,27.0421,1426179240
1581,38.4038,27.119,1426114920
1581,38.4378,27.143,1425261780
1581,38.4342,27.1415,1425249720
1581,38.3948,27.042,1425244800
1581,38.4327,27.14,1423248180
1581,38.4376,27.1427,1421558460
1581,38.4374,27.1423,1421549460
1581,38.4376,27.1425,1421543520
1581,38.3891,27.05,1416791580
1581,38.4327,27.1399,1416694860
1581,40.966,28.7959,1416408900
1581,40.9925,29.105,1416157500
1581,41.0632,28.9929,1416085560
1581,41.0281,28.9744,1416001500
1581,38.3823,27.1073,1415760240
1581,38.3954,27.0423,1415752980
1581,38.4373,27.1427,1414817400
1581,38.4373,27.1425,1414807500
1581,38.4193,27.1319,1414531800
1581,38.293,27.1483,1412563620
1581,35.8428,10.6275,1412204700
1581,37.2201,10.133,1411938060
1581,36.843,10.1717,1411818360
1581,38.4373,27.1425,1411526340
1581,38.4373,27.1426,1411439340
1581,38.3381,27.1345,1411246740
1581,38.3381,27.1345,1411246740
1581,38.3391,27.1345,1411242540
1581,38.3823,27.1073,1411054800
1581,38.3982,27.0845,1409707080
1581,38.4375,27.1423,1409448540
1581,38.2621,26.4459,1408968960
1581,38.4372,27.1428,1408839600
1581,38.4339,27.142,1408147980
1581,38.4375,27.1423,1406764140
1581,38.3976,27.0848,1405811700
1581,38.3954,27.0423,1405543920
1581,38.3945,27.0488,1405529100
1581,38.3884,27.0447,1404992040
1581,38.3954,27.0423,1404671220
1581,38.395,27.0547,1404226860
1581,38.4373,27.1425,1403928180
1581,38.4339,27.142,1403913840
1581,38.3882,27.0725,1403722980
1581,38.4366,27.143,1403128140
1581,38.441,27.1439,1403125020
1581,38.3955,27.0419,1402505160
1581,38.382,27.1072,1402196820
1581,38.395,27.0493,1397769720
1581,38.395,27.0493,1397769420
1581,38.3884,27.0447,1397482440
1581,38.395,27.0493,1396993200
1581,38.4362,27.1429,1396295940
1581,38.441,27.1439,1395524880
1581,38.4325,27.1407,1395522180
1581,38.3949,27.0493,1394748660
1581,38.3861,27.0323,1394742360
1581,38.4378,27.143,1394328600
1581,38.3951,27.042,1394134740
1581,38.4362,27.1423,1393623780
1581,38.293,27.1483,1393380240
1581,40.9784,28.8176,1393373880
1581,40.9905,29.0291,1393346880
1581,41.1102,29.0328,1393290240
1581,41.1105,29.0329,1393013820
1581,41.0508,28.9931,1393002300
1581,38.45,27.2102,1391809380
1581,38.3948,27.0533,1391469000
1581,38.4376,27.1427,1391210160
1581,38.4378,27.143,1390619100
1581,38.3865,27.0521,1390532700
1581,38.3949,27.0493,1390515960
1581,38.3948,27.054,1390512240
1581,38.3948,27.0533,1390492560
1581,38.4342,27.1415,1390405980
1581,38.3954,27.0423,1390344360
1581,38.4342,27.1415,1390168560
1581,38.3949,27.0493,1387833000
1581,38.3951,27.042,1386996840
1581,38.3947,27.0491,1386794640
1581,38.3947,27.0491,1386282480
1581,38.3947,27.0491,1386179280
1581,38.3892,27.0442,1385847960
1581,38.4087,27.1175,1385824080
1581,38.4369,27.142,1385252760
1581,38.4369,27.142,1385252640
1581,38.4342,27.1415,1385247780
1581,38.4106,27.1206,1385063580
1581,38.3947,27.0491,1384970100
1581,38.4373,27.1425,1384912200
1581,38.4372,27.1412,1384912020
1581,38.4106,27.1206,1384677060
1581,38.3951,27.042,1384658640
1581,38.3998,27.0853,1383884580
1581,38.3949,27.0492,1383861780
1581,38.3884,27.0447,1383226860
1581,38.3949,27.0492,1383153300
1581,38.45,27.2102,1383076500
1581,38.395,27.0547,1383008520
1581,38.4362,27.1429,1382217420
1581,38.441,27.1439,1382116080
1581,38.3951,27.042,1382038440
1581,38.4396,27.1439,1381889940
1581,38.395,27.0547,1381879920
1581,38.3935,27.0242,1381669200
1581,38.3949,27.0492,1381439280
1581,38.4342,27.1415,1381434120
1581,38.3949,27.0492,1381337880
1581,38.3954,27.0423,1381333200
1581,38.3884,27.0447,1381145640
1581,38.4647,27.1431,1381008840
1581,38.3988,27.0842,1380840360
1581,38.3884,27.0447,1380633060
1581,38.293,27.1483,1380573660
1581,48.1203,16.5619,1380563700
1581,48.1203,16.5619,1380561360
1581,48.2039,16.37,1380499680
1581,48.0697,17.1017,1380415500
1581,48.1436,17.1072,1380410280
1581,48.205,16.3604,1380380340
1581,48.205,16.3604,1380380160
1581,48.191,16.4143,1380377940
1581,48.1786,16.4116,1380346680
1581,48.1095,16.3178,1380346500
1581,48.205,16.3604,1380317640
1581,48.1889,16.3357,1380311340
1581,48.2102,16.3744,1380311220
1581,48.2094,16.3754,1380249360
1581,48.2118,16.3769,1380241800
1581,48.2103,16.3654,1380241260
1581,48.2089,16.373,1380222240
1581,48.2398,16.4128,1380218280
1581,48.2398,16.4128,1380217920
1581,48.2398,16.4128,1380164580
1581,48.1998,16.3549,1380137220
1581,48.1742,16.3297,1380134820
1581,48.2406,16.3859,1380130800
1581,48.2164,16.4225,1380125760
1581,48.2126,16.3737,1380077100
1581,48.2059,16.3852,1380068640
1581,48.2094,16.3754,1380059700
1581,48.2421,16.4371,1380052980
1581,48.2426,16.4348,1380048840
1581,48.2441,16.4397,1380045660
1581,48.2427,16.4361,1380045120
1581,48.2118,16.3769,1379979060
1581,48.1984,16.3502,1379976420
1581,48.1998,16.3549,1379962560
1581,48.204,16.3802,1379950980
1581,48.1915,16.3798,1379950980
1581,48.204,16.3802,1379884320
1581,48.204,16.3802,1379882040
1581,48.204,16.3802,1379878560
1581,48.1915,16.3798,1379876280
1581,48.1915,16.3798,1379876220
1581,48.1917,16.3792,1379818800
1581,48.2102,16.3744,1379806200
1581,48.2059,16.3714,1379805360
1581,48.2082,16.3715,1379797080
1581,48.205,16.3709,1379795640
1581,48.2004,16.3685,1379775300
1581,48.2029,16.3695,1379774100
1581,48.2163,16.3983,1379774040
1581,48.2163,16.3983,1379773080
1581,48.2163,16.3983,1379729460
1581,48.2163,16.3983,1379729340
1581,48.2029,16.3695,1379724540
1581,48.2096,16.3736,1379721180
1581,48.1858,16.3127,1379706240
1581,48.1858,16.3127,1379706180
1581,48.1858,16.3127,1379706120
1581,48.2058,16.3639,1379697900
1581,48.2023,16.3329,1379634180
1581,48.2115,16.3778,1379619360
1581,48.2059,16.3714,1379547960
1581,48.2041,16.3705,1379546820
1581,48.1399,16.4779,1379354700
1581,48.1203,16.5619,1379352600
1581,38.2949,27.1479,1379338080
1581,38.293,27.1483,1379335860
1581,37.9108,28.3251,1379185560
1581,37.8782,29.0073,1379182500
1581,37.7417,29.0948,1379171460
1581,37.7446,29.0877,1379137860
1581,37.7599,29.0436,1379129160
1581,37.764,29.1183,1379111880
1581,37.764,29.1183,1379110620
1581,37.7459,29.0946,1379106720
1581,37.8433,27.8401,1379081760
1581,38.293,27.1483,1378955940
1581,40.9784,28.8176,1378950180
1581,41.1107,29.0182,1378918620
1581,40.9814,28.8734,1378913580
1581,41.0341,28.979,1378839780
1581,41.1011,28.5476,1378660320
1581,41.1016,28.5481,1378657260
1581,41.1012,28.5484,1378622160
1581,41.1012,28.5484,1378613160
1581,41.1014,28.5486,1378575060
1581,41.1013,28.5482,1378564440
1581,41.0173,28.6462,1378508040
1581,41.0092,28.6602,1378501500
1581,41.0099,28.6582,1378500660
1581,41.0173,28.6462,1378423620
1581,41.0173,28.6462,1378422180
1581,41.0127,28.6556,1378415760
1581,41.0383,28.9869,1378404000
1581,41.0369,28.9855,1378403580
1581,41.0383,28.9869,1378402620
1581,41.0632,28.9916,1378398660
1581,41.0631,28.9923,1378397040
1581,41.0099,28.6582,1378327080
1581,40.9784,28.8176,1378305840
1581,38.293,27.1483,1378296720
1581,38.4276,27.1455,1378249620
1581,37.9487,27.3683,1378154640
1581,37.9487,27.3707,1378154640
1581,37.8597,27.261,1378153320
1581,37.8087,27.2807,1377974280
1581,37.8597,27.261,1377974280
1581,38.4373,27.1427,1377912420
1581,38.3951,27.042,1377826500
1581,38.3888,27.0409,1377789300
1581,38.3948,27.0533,1377738600
1581,38.45,27.2102,1377721860
1581,38.3979,27.0839,1377632460
1581,38.395,27.0547,1377558240
1581,38.3954,27.0423,1377291780
1581,38.3951,27.042,1377284940
1581,38.3892,27.0442,1377272760
1581,38.3949,27.0492,1377210300
1581,38.4501,27.2092,1377126840
1581,38.45,27.2102,1377121080
1581,38.3892,27.0442,1377009960
1581,38.3869,26.9932,1376836860
1581,38.4373,27.1426,1376710260
1581,38.4378,27.143,1376699460
1581,38.395,27.0547,1376677920
1581,38.422,27.1291,1376600280
1581,38.4362,27.1429,1376261880
1581,37.8253,27.2704,1375825260
1581,37.8597,27.261,1375665480
1581,37.8253,27.2704,1375630380
1581,38.3825,27.1822,1375575120
1581,38.45,27.2102,1375559940
1581,38.4103,27.0356,1375406340
1581,38.3951,27.054,1375311960
1581,38.3954,27.0423,1375187520
1581,38.4342,27.1415,1375176780
1581,38.3961,27.0214,1374884100
1581,38.3948,27.0533,1374873300
1581,38.4378,27.143,1374786180
1581,38.4352,27.1422,1374537420
1581,38.4362,27.1429,1374536160
1581,38.441,27.1439,1374528180
1581,38.3222,26.3056,1374370560
1581,38.3222,26.3056,1374369600
1581,38.3227,26.3032,1374362520
1581,38.3209,26.3033,1374362280
1581,38.3209,26.3033,1374353520
1581,38.3209,26.3033,1374350760
1581,38.3951,27.042,1374188640
1581,38.2992,26.7326,1373763480
1581,38.321,26.3032,1373756340
1581,38.3209,26.3033,1373746020
1581,38.3222,26.3056,1373745840
1581,38.3202,26.7843,1373744040
1581,38.3586,26.8335,1373743320
1581,38.4378,27.143,1373379180
1581,38.4018,27.1559,1373320140
1581,38.4372,27.1427,1373168700
1581,38.3976,27.0848,1373077800
1581,38.4347,27.1419,1372888800
1581,38.3954,27.0423,1372798560
1581,38.4324,27.1369,1372718220
1581,38.381,26.9404,1372696740
1581,38.4084,27.0353,1372676040
1581,38.4288,27.1887,1372608540
1581,38.3405,26.3157,1372473840
1581,38.3256,26.305,1372467480
1581,38.2852,26.3744,1372461240
1581,38.2852,26.3754,1372455780
1581,38.3075,26.3649,1372432920
1581,38.3222,26.3056,1372426920
1581,38.4003,27.1133,1372274160
1581,38.3391,27.1345,1372172880
1581,38.4397,27.1421,1372101960
1581,38.3325,26.7682,1372020780
1581,38.4385,27.1415,1371945840
1581,38.4342,27.1415,1371867480
1581,38.3581,26.8873,1371775500
1581,38.3892,27.0442,1371562200
1581,38.293,27.1483,1370404260
1581,38.2981,27.1506,1370404200
1581,40.9784,28.8176,1370393160
1581,41.0162,28.6271,1370116860
1581,41.0091,28.6603,1370045100
1581,41.0099,28.6582,1370026800
1581,41.0392,28.9944,1369943220
1581,41.0381,28.9954,1369943160
1581,41.0426,29.0069,1369940700
1581,41.0665,28.9956,1369939440
1581,41.0099,28.6582,1369934700
1581,40.9784,28.8176,1369878600
1581,38.293,27.1483,1369870500
1581,38.3884,27.0447,1369737780
1581,38.3362,27.1267,1369669980
1581,38.441,27.1439,1369605180
1581,38.4362,27.1429,1369601940
