1592,40.6925,30.2639,1410638820
1592,40.7264,30.3837,1409492340
1592,41.1838,28.7407,1407534060
1592,40.6326,30.6325,1407344460
1592,41.0099,28.9621,1401201840
1592,41.01,28.9605,1401194340
1592,41.0261,28.9579,1400770680
1592,41.0116,28.9602,1400596740
1592,41.0142,28.9522,1399913820
1592,41.015,28.9776,1399563540
1592,41.1834,28.755,1399241700
1592,41.0505,29.0533,1398020700
1592,41.0144,28.9452,1397754360
1592,41.0172,28.9499,1396981080
1592,41.0827,29.0536,1396538280
1592,41.0103,28.9616,1395506700
1592,41.0101,28.9604,1395425880
1592,41.0144,28.9452,1394755440
1592,41.0103,28.9616,1394567280
1592,41.0467,28.8966,1394224500
1592,41.0102,28.9606,1393959600
1592,41.01,28.9604,1393355460
1592,41.012,28.9392,1389890460
1592,41.0184,28.9527,1389820680
1592,41.0101,28.9604,1389108960
1592,41.0415,28.9198,1388770080
1592,41.0017,28.9734,1387822680
1592,41.0101,28.9605,1387376760
1592,41.0144,28.9452,1386879720
1592,41.0247,28.9744,1384813680
