1598,39.8822,86.2589,1423294140
1598,39.8172,86.2803,1417420020
1598,39.8172,86.2804,1417410180
1598,39.8172,86.2804,1417387740
1598,39.8172,86.2803,1417336320
1598,39.8172,86.2804,1417335840
1598,39.8172,86.2804,1417335840
1598,39.8172,86.2804,1417335600
1598,39.8172,86.2804,1417335480
1598,39.8172,86.2805,1417335420
1598,39.8172,86.2804,1417335360
1598,39.8172,86.2804,1417335300
1598,39.8172,86.2804,1417335240
1598,39.8172,86.2805,1417335180
1598,39.8172,86.2804,1417334880
1598,39.8172,86.2804,1417334820
1598,39.8172,86.2804,1417334760
1598,39.8172,86.2804,1417334280
1598,39.8172,86.2804,1417308360
1598,39.8172,86.2804,1417308180
1598,39.8172,86.2804,1417308180
1598,39.8172,86.2804,1417308000
1598,39.8172,86.2804,1417255380
1598,39.8172,86.2804,1417253580
1598,39.8172,86.2804,1417245960
1598,39.8221,86.2819,1417236900
1598,39.8221,86.2819,1417236660
1598,39.8221,86.2819,1417236420
1598,39.8221,86.2819,1417235880
1598,39.8172,86.2804,1417232220
1598,39.8172,86.2804,1417162620
1598,39.8172,86.2804,1417161780
1598,39.8172,86.2803,1417074180
1598,39.8172,86.2803,1417066740
1598,39.8172,86.2803,1417057020
1598,39.8172,86.2803,1417047300
1598,39.8172,86.2804,1417001160
1598,39.8172,86.2804,1417000980
1598,39.8172,86.2804,1417000680
1598,39.7731,86.1723,1416952860
1598,39.8172,86.2804,1416811080
1598,39.8172,86.2804,1416810780
1598,39.8172,86.2804,1416805680
1598,39.8172,86.2804,1416805380
1598,39.8172,86.2804,1416805260
1598,39.8172,86.2804,1416800580
1598,39.8172,86.2804,1416800040
1598,39.8072,86.2045,1416780180
1598,39.8172,86.2804,1416723300
1598,39.8172,86.2804,1416650460
1598,39.8172,86.2804,1416649740
1598,39.8172,86.2804,1416556620
1598,39.8172,86.2804,1416556140
1598,39.8172,86.2804,1416555900
1598,39.8172,86.2804,1416555840
1598,39.8172,86.2804,1416470160
1598,39.8172,86.2804,1416469860
1598,39.8172,86.2804,1416419520
1598,39.8172,86.2804,1416386400
1598,39.8172,86.2804,1416386100
1598,39.8172,86.2803,1416385860
1598,39.8172,86.2804,1416382680
1598,39.8172,86.2804,1416382500
1598,39.8172,86.2804,1416382440
1598,39.8171,86.2804,1416302700
1598,39.8172,86.2804,1416297360
1598,39.8172,86.2804,1416297180
1598,39.8171,86.2804,1416297060
1598,39.8171,86.2804,1416297000
1598,39.8172,86.2804,1416296880
1598,39.8172,86.2804,1416296760
1598,39.8172,86.2804,1416296700
1598,39.8172,86.2804,1416296580
1598,39.8821,86.2581,1416291060
1598,39.7731,86.1723,1416269940
1598,39.8171,86.2804,1416250440
1598,39.8172,86.2804,1416249840
1598,39.8171,86.2803,1415858220
1598,39.8171,86.2804,1415856300
1598,39.8174,86.1893,1415819340
1598,39.8171,86.2803,1415774580
1598,39.817,86.2804,1415773980
1598,39.8171,86.2803,1415773260
1598,39.8171,86.2804,1415773080
1598,39.8171,86.2804,1415772900
1598,39.8171,86.2804,1415772540
1598,39.8171,86.2804,1415686440
1598,39.8172,86.2804,1415682660
1598,39.8172,86.2804,1415515020
1598,39.8172,86.2803,1415480040
1598,39.8172,86.2803,1415478360
1598,39.8171,86.2804,1415477760
1598,39.8172,86.2803,1415477580
1598,39.8171,86.2804,1415477460
1598,39.774,86.1734,1415235420
1598,39.7732,86.1721,1415233140
1598,39.7733,86.1721,1415225880
1598,39.7733,86.1721,1415225520
1598,39.8171,86.2804,1415209200
1598,39.8171,86.2804,1415206800
1598,39.8171,86.2805,1415182200
1598,39.8171,86.2805,1415173500
1598,39.8172,86.2803,1415173140
1598,39.8171,86.2804,1415173140
1598,39.8172,86.2804,1414996800
1598,39.8172,86.2804,1414931460
1598,39.8171,86.2803,1414921920
1598,39.8171,86.2803,1414921860
1598,39.8174,86.2806,1414830480
1598,39.8071,86.2046,1414810980
1598,39.8072,86.2046,1414810920
1598,39.8072,86.2046,1414810620
1598,39.8071,86.2046,1414810500
1598,39.8072,86.2046,1414810440
1598,39.8072,86.2046,1414810380
1598,39.8071,86.2046,1414810320
1598,39.8172,86.2804,1414773540
1598,39.8172,86.2804,1414741080
1598,39.8171,86.2804,1414570440
1598,39.8171,86.2804,1414567560
1598,39.8171,86.2804,1414557120
1598,39.8171,86.2804,1414556040
1598,39.8172,86.2804,1414555740
1598,39.8171,86.2804,1414555680
1598,39.8527,86.2653,1414476720
1598,39.8821,86.2592,1414476180
1598,39.8824,86.2602,1414476060
1598,39.8172,86.2804,1414467600
1598,39.8069,86.2047,1414464300
1598,39.8069,86.2047,1414464240
1598,39.8171,86.2804,1414382940
1598,39.8171,86.2803,1414314120
1598,39.8172,86.2804,1414282800
1598,39.8172,86.2803,1414282080
1598,39.8172,86.2804,1414233720
1598,39.8172,86.2804,1414134300
1598,39.8171,86.2804,1414134180
1598,39.8171,86.2804,1414134000
1598,39.8172,86.2804,1414125720
1598,39.8172,86.2803,1414125420
1598,39.8171,86.2804,1414125360
1598,39.8172,86.2804,1414125120
1598,39.8172,86.2804,1414050660
1598,39.8172,86.2804,1413996180
1598,39.7777,86.2692,1413933540
1598,39.7777,86.2692,1413933480
1598,39.7778,86.2692,1413932640
1598,39.7776,86.2689,1413931740
1598,39.8171,86.2804,1413872520
1598,39.8172,86.2804,1413798600
1598,39.8171,86.2804,1413775080
1598,39.8171,86.2804,1413714600
1598,39.8172,86.2803,1413707340
1598,39.8172,86.2803,1413707220
1598,39.8172,86.2804,1413707100
1598,39.8172,86.2804,1413528720
1598,39.8172,86.2804,1413444900
1598,39.8172,86.2804,1413430980
1598,39.8171,86.2804,1413355440
1598,39.8172,86.2803,1413274620
1598,39.8172,86.2804,1413269220
1598,39.8172,86.2804,1413269100
1598,39.8171,86.2804,1413259560
1598,39.8171,86.2804,1413259320
1598,39.8171,86.2804,1413259200
1598,39.8171,86.2804,1413259140
1598,39.8171,86.2804,1413259020
1598,39.8171,86.2804,1413258660
1598,39.8172,86.2803,1413258540
1598,39.8171,86.2803,1413257700
1598,39.807,86.2047,1413253020
1598,39.7739,86.1756,1413236700
1598,39.8165,86.2802,1413179160
1598,39.8171,86.2804,1413178920
1598,39.8171,86.2804,1413178860
1598,39.8172,86.2804,1413178620
1598,39.8171,86.2804,1413178500
1598,39.8172,86.2802,1413178320
1598,39.8171,86.2804,1413177960
1598,39.817,86.2801,1413022740
1598,39.8172,86.2804,1413022620
1598,39.8172,86.2804,1413021240
1598,39.8172,86.2804,1413020880
1598,39.8172,86.2804,1412920200
1598,39.8172,86.2804,1412917800
1598,39.8172,86.2804,1412917500
1598,39.8171,86.2804,1412916300
1598,39.8172,86.2804,1412848020
1598,39.8172,86.2804,1412847900
1598,39.8172,86.2804,1412843160
1598,39.8172,86.2803,1412843100
1598,39.8172,86.2804,1412839560
1598,39.8172,86.2804,1412830740
1598,39.8172,86.2804,1412820360
1598,39.8171,86.2804,1412820180
1598,39.8172,86.2804,1412752260
1598,39.8172,86.2804,1412745720
1598,39.8171,86.2804,1412745360
1598,39.8172,86.2804,1412745240
1598,39.8172,86.2804,1412745060
1598,39.7739,86.1686,1412717700
1598,39.8172,86.2802,1412583000
1598,39.8172,86.2801,1412581920
1598,39.8172,86.2803,1412579760
1598,39.8171,86.2803,1412577780
1598,39.8172,86.2802,1412577600
1598,39.8172,86.2802,1412577540
1598,39.8171,86.2805,1412577360
1598,39.8172,86.2802,1412575620
1598,39.8173,86.2802,1412567400
1598,39.8172,86.2802,1412557800
1598,39.8172,86.2802,1412484840
1598,39.9124,86.1113,1412477760
1598,39.7627,86.2901,1412455440
1598,39.7631,86.289,1412452080
1598,39.7629,86.2899,1412452020
1598,39.6612,86.3853,1412445240
1598,39.6612,86.3853,1412445180
1598,39.7005,86.306,1412444820
1598,39.8174,86.2802,1412412600
1598,39.8173,86.28,1412412420
1598,39.8173,86.2801,1412412240
1598,39.8174,86.28,1412411880
1598,39.8172,86.2798,1412400120
1598,39.8072,86.2045,1412393040
1598,39.8072,86.2044,1412389320
1598,39.774,86.1734,1412380980
1598,39.8175,86.2801,1412318100
1598,39.8175,86.2802,1412311320
1598,39.8174,86.28,1412307960
1598,39.7731,86.1726,1412284920
1598,39.7731,86.1726,1412283900
1598,39.8173,86.2799,1412227260
1598,39.8173,86.2807,1412225520
1598,39.8173,86.2802,1412224440
1598,39.8171,86.2805,1412217840
1598,39.8172,86.2805,1412217780
1598,39.7731,86.1726,1412199540
1598,39.8173,86.2802,1412151300
1598,39.8172,86.2804,1412062200
1598,39.8173,86.2802,1412056440
1598,39.8172,86.2801,1412055600
1598,39.8172,86.2804,1412054940
1598,39.8172,86.2806,1412054160
1598,39.8172,86.2803,1411979220
1598,39.8172,86.28,1411963440
1598,39.8172,86.2804,1411963320
1598,39.8171,86.2805,1411962840
1598,39.8172,86.2804,1411962780
1598,39.8172,86.2801,1411962480
1598,39.8173,86.2802,1411889220
1598,39.8171,86.2802,1411887060
1598,39.8173,86.2801,1411876320
1598,39.8172,86.28,1411858320
1598,39.8173,86.2803,1411810980
1598,39.8171,86.2804,1411810800
1598,39.8173,86.2804,1411706220
1598,39.8173,86.2802,1411706100
1598,39.8169,86.2804,1411705980
1598,39.8173,86.2801,1411705920
1598,39.8173,86.2801,1411705800
1598,39.8173,86.2801,1411705380
1598,39.8172,86.2805,1411629180
1598,39.8172,86.2804,1411627740
1598,39.8173,86.28,1411545960
1598,39.8174,86.2803,1411543440
1598,39.8173,86.2803,1411543320
1598,39.8337,86.2223,1411343880
1598,39.8173,86.28,1411282500
1598,39.8172,86.2804,1411277520
1598,39.8172,86.2805,1411250100
1598,39.8173,86.2802,1411196700
1598,39.8172,86.2805,1411196340
1598,39.8171,86.2805,1411191060
1598,39.8173,86.28,1411190940
1598,39.8172,86.2802,1411190520
1598,39.8172,86.2802,1411098960
1598,39.8172,86.2802,1411098840
1598,39.8173,86.2804,1411058100
1598,39.8173,86.2804,1411012860
1598,39.773,86.172,1411002660
1598,39.774,86.1733,1410998640
1598,39.8172,86.2803,1410943020
1598,39.8173,86.2802,1410942180
1598,39.8172,86.2803,1410941820
1598,39.8172,86.2802,1410940320
1598,39.8172,86.2807,1410940260
1598,39.8173,86.2802,1410845880
1598,39.8172,86.2804,1410843720
1598,39.8172,86.2804,1410842700
1598,39.8173,86.2802,1410841500
1598,39.8171,86.2803,1410841380
1598,39.8169,86.2805,1410839640
1598,39.8173,86.2801,1410765540
1598,39.8173,86.2802,1410759540
1598,39.8172,86.2804,1410759180
1598,39.8172,86.2804,1410759120
1598,39.8072,86.2046,1410734460
1598,39.8173,86.28,1410674640
1598,39.8172,86.2802,1410673680
1598,39.8171,86.2805,1410663120
1598,39.8173,86.2802,1410661740
1598,39.8171,86.2802,1410647700
1598,39.8173,86.2801,1410597840
1598,39.8173,86.2801,1410595560
1598,39.8172,86.2801,1410595500
1598,39.8172,86.28,1410595440
1598,39.8172,86.2801,1410595440
1598,39.8171,86.2805,1410595260
1598,39.8171,86.2804,1410585780
1598,39.7739,86.1761,1410580140
1598,39.7734,86.1752,1410577200
1598,39.7731,86.172,1410554400
1598,39.8171,86.2804,1410506220
1598,39.8171,86.2804,1410505800
1598,39.773,86.1718,1410476820
1598,39.773,86.1718,1410475140
1598,39.773,86.1718,1410474660
1598,39.773,86.1719,1410474600
1598,39.773,86.172,1410474480
1598,39.7731,86.1718,1410474420
1598,39.7731,86.1718,1410474360
1598,39.773,86.1718,1410473820
1598,39.8173,86.2802,1410422400
1598,39.8172,86.2802,1410422100
1598,39.8172,86.2799,1410421980
1598,39.817,86.2801,1410421380
1598,39.8172,86.2802,1410420360
1598,39.8171,86.2806,1410420300
1598,39.8171,86.2803,1410419580
1598,39.8172,86.2805,1410368220
1598,39.8172,86.28,1410337860
1598,39.8173,86.28,1410247800
1598,39.8172,86.2805,1410247260
1598,39.8172,86.2804,1410247200
1598,39.8173,86.2799,1410247020
1598,39.8173,86.2801,1410246720
1598,39.8172,86.2802,1410246660
1598,39.8172,86.2804,1410246600
1598,39.8172,86.2805,1410246480
1598,39.8172,86.2805,1410246060
1598,39.8172,86.2801,1410245820
1598,39.8173,86.2801,1410116340
1598,39.8173,86.28,1410115680
1598,39.8171,86.28,1410068940
1598,39.817,86.2804,1410066780
1598,39.8175,86.2803,1410061380
1598,39.8173,86.2802,1410053700
1598,39.8173,86.2802,1410051960
1598,39.8172,86.28,1410051900
1598,39.8252,86.2714,1410048000
1598,39.8173,86.2802,1409948340
1598,39.8173,86.2801,1409946840
1598,39.8171,86.2803,1409946360
1598,39.8172,86.2801,1409937720
1598,39.8172,86.2801,1409903820
1598,39.8172,86.2801,1409903160
1598,39.7732,86.1738,1409854680
1598,39.7731,86.1738,1409854500
1598,39.7731,86.1739,1409853780
1598,39.8208,86.272,1409682960
1598,39.82,86.2672,1409682600
1598,39.8209,86.2768,1409644080
1598,39.8211,86.2776,1409639460
1598,39.8377,86.2707,1409607060
1598,39.8211,86.2776,1409537100
1598,39.8071,86.2044,1409471280
1598,39.8071,86.2044,1409471100
1598,39.8174,86.28,1409383200
1598,39.8173,86.2799,1409377800
1598,39.8174,86.2799,1409376480
1598,39.8172,86.2799,1409300940
1598,39.8172,86.2798,1409300880
1598,39.8173,86.2799,1409300820
1598,39.8173,86.2799,1409300760
1598,39.8173,86.2799,1409300760
1598,39.8174,86.28,1409300640
1598,39.8173,86.28,1409300520
1598,39.8174,86.2799,1409300400
1598,39.8541,86.2406,1409282640
1598,39.8531,86.2435,1409281920
1598,39.8531,86.2435,1409281860
1598,39.8531,86.2435,1409281800
1598,39.7734,86.1711,1409253780
1598,39.8549,86.2592,1409199960
1598,39.855,86.2593,1409199480
1598,39.855,86.2592,1409198700
1598,39.7753,86.1745,1409162940
1598,39.8172,86.2799,1409159460
1598,39.8172,86.2799,1409025000
1598,39.8172,86.2798,1409024760
1598,39.8173,86.2799,1409024340
1598,39.8174,86.28,1409024040
1598,39.8172,86.2798,1409021940
1598,39.8172,86.2799,1409021760
1598,39.7863,86.2083,1409016420
1598,39.9053,86.0622,1408942560
1598,39.909,86.0736,1408942560
1598,39.909,86.0736,1408942440
1598,39.9148,86.0947,1408942380
1598,39.9384,86.1617,1408942260
1598,39.8171,86.2798,1408873080
1598,39.8174,86.28,1408872540
1598,39.8171,86.2798,1408869120
1598,39.855,86.2593,1408826400
1598,39.8244,86.2461,1408761960
1598,39.8166,86.23,1408756740
1598,39.81,86.2091,1408756560
1598,39.8549,86.2591,1408697760
1598,39.8549,86.2591,1408697640
1598,39.7734,86.1731,1408684980
1598,39.8072,86.2042,1408643160
1598,39.8549,86.2591,1408608540
1598,39.8549,86.2591,1408598700
1598,39.8549,86.2591,1408506660
1598,39.8549,86.2591,1408506180
1598,39.8549,86.2591,1408504980
1598,39.842,86.2506,1408504020
1598,39.8549,86.2592,1408342680
1598,39.8549,86.2592,1408337940
1598,39.8549,86.2592,1408337880
1598,39.8549,86.2592,1408313040
1598,39.8549,86.2592,1408312800
1598,39.8549,86.2592,1408267860
1598,39.8549,86.2592,1408259340
1598,39.8549,86.2592,1408259100
1598,39.8549,86.2592,1408258020
1598,39.8549,86.2592,1408182960
1598,39.8549,86.2592,1408182540
1598,39.8549,86.2592,1408182420
1598,39.8549,86.2592,1408182240
1598,39.8549,86.2592,1408182240
1598,39.8549,86.2592,1408182120
1598,39.8549,86.2592,1408181940
1598,39.8549,86.2592,1408172220
1598,39.774,86.1758,1408152960
1598,39.774,86.1758,1408151700
1598,39.8549,86.2592,1408002000
1598,39.8549,86.2592,1407992520
1598,39.8549,86.2592,1407990840
1598,39.8549,86.2592,1407990660
1598,39.8549,86.2592,1407990600
1598,39.8549,86.2592,1407990600
1598,39.8549,86.2592,1407985260
1598,39.7736,86.1761,1407963540
1598,39.8549,86.2592,1407917100
1598,39.8549,86.2592,1407837540
1598,39.8549,86.2592,1407826980
1598,39.8549,86.2592,1407826680
1598,39.8549,86.2592,1407826200
1598,39.8549,86.2592,1407797520
1598,39.8549,86.2592,1407773640
1598,40.0552,82.8639,1407722280
1598,40.0605,82.9597,1407713760
1598,40.0226,82.9194,1407706320
1598,40.0226,82.9194,1407671580
1598,40.0226,82.9194,1407669780
1598,40.0226,82.9194,1407669660
1598,40.0226,82.9194,1407669540
1598,40.0226,82.9194,1407669420
1598,40.0595,82.9583,1407638700
1598,39.8549,86.2592,1407300300
1598,39.8549,86.2592,1407297360
1598,39.8549,86.2592,1407240840
1598,39.8549,86.2592,1407240780
1598,39.8549,86.2592,1407234480
1598,39.8549,86.2592,1407232140
1598,39.8549,86.2592,1407231660
1598,39.8549,86.2592,1407231480
1598,39.8549,86.2592,1407231360
1598,39.8549,86.2592,1407231240
1598,39.8549,86.2592,1407223140
1598,39.8549,86.2592,1407191280
1598,39.8549,86.2592,1407190560
1598,39.8549,86.2592,1407188220
1598,39.8549,86.2592,1407187860
1598,39.7664,86.1607,1407150480
1598,41.4005,87.3255,1407125940
1598,41.9812,87.8592,1407104580
1598,41.995,87.8626,1407066900
1598,41.995,87.8626,1407063300
1598,41.9977,87.6925,1407054660
1598,41.9975,87.7076,1407047880
1598,39.8549,86.2592,1406977740
1598,39.8549,86.2592,1406975580
1598,39.8549,86.2592,1406969880
1598,39.7692,86.1625,1406888580
1598,39.8549,86.2592,1406846700
1598,39.8549,86.2592,1406807820
1598,39.8549,86.2592,1406807400
1598,39.8549,86.2592,1406807280
1598,39.8549,86.2592,1406807160
1598,39.8549,86.2592,1406806980
1598,39.8549,86.2592,1406806920
1598,39.8549,86.2592,1406806680
1598,39.8549,86.2592,1406806500
1598,39.8549,86.2592,1406806500
1598,39.8549,86.2592,1406806440
1598,39.8549,86.2592,1406806260
1598,39.8549,86.2592,1406806200
1598,39.8549,86.2592,1406806140
1598,39.8549,86.2592,1406806080
1598,39.8549,86.2592,1406806020
1598,39.8549,86.2592,1406805900
1598,39.8549,86.2592,1406805780
1598,39.8549,86.2592,1406805720
1598,39.8549,86.2592,1406805420
1598,39.8549,86.2592,1406791980
1598,39.8549,86.2592,1406775960
1598,39.8549,86.2592,1406766300
1598,39.8549,86.2592,1406765580
1598,39.8549,86.2592,1406761140
1598,39.8549,86.2592,1406748540
1598,39.8549,86.2592,1406726580
1598,39.855,86.2593,1406725860
1598,39.8549,86.2592,1406725500
1598,39.855,86.2592,1406722260
1598,39.8549,86.2592,1406721600
1598,39.8558,86.2615,1406709780
1598,39.8558,86.2615,1406708940
1598,39.8558,86.2615,1406708640
1598,39.8549,86.2592,1406635080
1598,39.8549,86.2592,1406634720
1598,39.8549,86.2592,1406634000
1598,39.8549,86.2592,1406633160
1598,39.8549,86.2592,1406632980
1598,39.8549,86.2592,1406632800
1598,39.8549,86.2592,1406632800
1598,39.8549,86.2592,1406632620
1598,39.8549,86.2592,1406631780
1598,39.8549,86.2592,1406627400
1598,39.8142,86.2238,1406577540
1598,39.8072,86.2039,1406572740
1598,39.8071,86.2039,1406572020
1598,39.8549,86.2588,1406570280
1598,39.8549,86.2592,1406569200
1598,39.8549,86.2592,1406569140
1598,39.8549,86.2592,1406569020
1598,39.807,86.2044,1406540640
1598,39.8071,86.2039,1406536080
1598,39.8558,86.2615,1406518620
1598,39.8549,86.2592,1406411340
1598,39.8549,86.2592,1406411280
1598,39.8549,86.2592,1406382240
1598,39.8549,86.2592,1406291220
1598,39.8549,86.2592,1406290260
1598,39.8549,86.2592,1406284680
1598,39.8549,86.2592,1406284080
1598,39.8549,86.2592,1406283900
1598,39.8549,86.2592,1406283720
1598,39.8549,86.2592,1406282340
1598,39.8549,86.2592,1406282040
1598,39.8549,86.2592,1406267760
1598,39.8337,86.2223,1406266920
1598,39.8549,86.2592,1406216760
1598,39.8071,86.2039,1406209560
1598,39.8071,86.2039,1406209440
1598,39.8071,86.2039,1406207220
1598,39.8072,86.2039,1406207040
1598,39.8071,86.2039,1406201460
1598,39.8071,86.2039,1406120700
1598,39.8071,86.2039,1406120640
1598,39.8072,86.2039,1406120460
1598,39.807,86.2041,1406119320
1598,39.8071,86.2039,1406119200
1598,39.8071,86.204,1406116200
1598,39.8071,86.2039,1405920180
1598,39.819,86.1861,1405913760
1598,39.8071,86.2039,1405850760
1598,39.8071,86.2039,1405836480
1598,39.8549,86.2591,1405679040
1598,39.8071,86.2039,1405673040
1598,39.8549,86.2591,1405658520
1598,39.8549,86.2591,1405652520
1598,39.8549,86.2591,1405649400
1598,39.8549,86.2591,1405602180
1598,39.8549,86.2591,1405559340
1598,39.8549,86.2591,1405556340
1598,39.8549,86.2591,1405548420
1598,39.8549,86.2591,1405500960
1598,39.8071,86.2039,1405498200
1598,39.8549,86.2591,1405489740
1598,39.8549,86.2591,1405489140
1598,39.8549,86.2591,1405488720
1598,39.8549,86.2591,1405488600
1598,39.8549,86.2591,1405486980
1598,39.8489,86.2911,1405469760
1598,39.8549,86.2592,1405464840
1598,39.8549,86.2592,1405413240
1598,39.8549,86.2592,1405410000
1598,39.8549,86.2592,1405409580
1598,39.8549,86.2592,1405396020
1598,39.8553,86.2587,1405388520
1598,39.8549,86.2592,1405350420
1598,39.8549,86.2592,1405344900
1598,39.8549,86.2592,1405342860
1598,39.8549,86.2592,1405341480
1598,39.8549,86.2592,1405340700
1598,39.8549,86.2592,1405340640
1598,39.8549,86.2592,1405340280
1598,39.8549,86.2592,1405336800
1598,39.8549,86.2592,1405336320
1598,39.8549,86.2592,1405335840
1598,39.8549,86.2592,1405335420
1598,39.8549,86.2592,1405334940
1598,39.8549,86.2592,1405334280
1598,39.8549,86.2592,1405298400
1598,39.8549,86.2592,1405298040
1598,39.8549,86.2592,1405295160
1598,39.8549,86.2592,1405285740
1598,39.8549,86.2592,1405285380
1598,39.8549,86.2592,1405284780
1598,39.8549,86.2592,1405283640
1598,39.8549,86.2592,1405242060
1598,39.8549,86.2592,1405232040
1598,39.8549,86.2592,1405231560
1598,39.861,86.2417,1405224420
1598,39.845,86.2415,1405224300
1598,39.8821,86.2599,1405212900
1598,39.8549,86.2592,1405205640
1598,39.8549,86.2592,1405195140
1598,39.855,86.2592,1405154400
1598,39.8549,86.2592,1405143780
1598,39.855,86.2592,1405142280
1598,39.8549,86.2592,1405141920
1598,39.8549,86.2592,1405138560
1598,39.8549,86.2592,1405137540
1598,39.8549,86.2592,1405136700
1598,39.8549,86.2592,1405136640
1598,39.8549,86.2592,1405134420
1598,39.8549,86.2592,1405133700
1598,39.8549,86.2592,1405132500
1598,39.8549,86.2592,1405132020
1598,39.855,86.2592,1405131780
1598,39.8549,86.2592,1405131300
1598,39.8549,86.2592,1405131060
1598,39.8549,86.2592,1405126320
1598,39.8549,86.2592,1405126260
1598,39.8549,86.2592,1405125900
1598,39.8549,86.2592,1405125720
1598,39.8549,86.2592,1405125660
1598,39.8549,86.2592,1405051920
1598,39.8549,86.2592,1405044900
1598,39.8558,86.2615,1404990300
1598,39.8549,86.2592,1404962100
1598,39.8549,86.2592,1404961620
1598,39.8549,86.2592,1404959880
1598,39.8549,86.2592,1404936120
1598,39.8549,86.2592,1404935940
1598,39.8549,86.2592,1404935520
1598,39.8549,86.2592,1404934560
1598,39.8549,86.2592,1404934200
1598,39.8549,86.2592,1404889080
1598,39.8549,86.2592,1404876180
1598,39.8549,86.2592,1404872580
1598,39.8549,86.2592,1404872400
1598,39.8549,86.2592,1404870180
1598,39.8549,86.2592,1404870120
1598,39.8549,86.2592,1404869400
1598,39.8549,86.2592,1404869340
1598,39.855,86.2592,1404868620
1598,39.8549,86.2592,1404868500
1598,39.8549,86.2592,1404864660
1598,39.8549,86.2592,1404800100
1598,39.8549,86.2592,1404797700
1598,39.8549,86.2592,1404796500
1598,39.8549,86.2592,1404796260
1598,39.8549,86.2592,1404794700
1598,39.8549,86.2592,1404793020
1598,39.8549,86.2592,1404792420
1598,39.8549,86.2592,1404792300
1598,39.8549,86.2592,1404792060
1598,39.8549,86.2592,1404789900
1598,39.807,86.204,1404777480
1598,39.807,86.204,1404777480
1598,39.807,86.204,1404774780
1598,39.8549,86.2592,1404702600
1598,39.8549,86.2592,1404702600
1598,39.8549,86.2592,1404702000
1598,39.8092,86.2401,1404679200
1598,39.855,86.2592,1404659400
1598,39.8549,86.2592,1404650760
1598,39.8549,86.2592,1404650400
1598,39.8549,86.2592,1404650040
1598,39.8549,86.2592,1404650040
1598,39.8549,86.2592,1404614400
1598,39.8549,86.2592,1404614040
1598,39.8549,86.2592,1404613320
1598,39.8549,86.2592,1404611520
1598,39.8549,86.2592,1404604440
1598,39.855,86.2592,1404604440
1598,39.855,86.2592,1404596100
1598,39.8549,86.2592,1404512280
1598,39.8549,86.2592,1404512100
1598,39.8549,86.2592,1404511980
1598,39.8549,86.2592,1404511920
1598,39.8549,86.2592,1404511500
1598,39.855,86.2592,1404507540
1598,39.855,86.2592,1404506280
1598,39.855,86.2592,1404498180
1598,39.8549,86.2592,1404474660
1598,39.855,86.2592,1404474480
1598,39.8549,86.2592,1404474360
1598,39.8549,86.2592,1404421260
1598,41.031,28.9736,1404270660
1598,41.0082,28.9744,1404270480
1598,41.0165,28.9715,1404190440
1598,40.1823,29.0748,1404000180
1598,39.9567,32.8365,1403834580
1598,39.9567,32.8365,1403833980
1598,39.9565,32.8366,1403746560
1598,39.9924,32.6272,1403581320
1598,39.9566,32.8365,1403447160
1598,39.9565,32.8366,1403042100
1598,39.9566,32.8366,1402965780
1598,39.9566,32.8366,1402965480
1598,39.9566,32.8366,1402912740
1598,39.9567,32.8365,1402895940
1598,39.9567,32.8365,1402895520
1598,39.9567,32.8365,1402894440
1598,39.9567,32.8365,1402894260
1598,39.9567,32.8365,1402893720
1598,39.9567,32.8365,1402893600
1598,39.9567,32.8365,1402893240
1598,39.9567,32.8365,1402892880
1598,39.9567,32.8365,1402892880
1598,39.9567,32.8365,1402892820
1598,39.9567,32.8365,1402891920
1598,39.9567,32.8365,1402891800
1598,39.9567,32.8365,1402890120
1598,39.9566,32.8365,1402888980
1598,39.9567,32.8365,1402888920
1598,39.9567,32.8365,1402888920
1598,39.9567,32.8365,1402888800
1598,39.9567,32.8365,1402888740
1598,39.9567,32.8365,1402882140
1598,39.9567,32.8365,1402881000
1598,39.9566,32.8366,1402824420
1598,40.4961,32.2973,1402814640
1598,40.6188,32.2444,1402814220
1598,40.6644,32.2324,1402813980
1598,41.0928,29.0287,1402800000
