1599,40.6337,14.6036,1371917520
1599,40.6283,14.3714,1371655680
1599,40.632,14.598,1370742240
1599,40.8324,14.2243,1362075660
1599,40.8359,14.5014,1360956660
1599,40.7407,14.503,1360874700
1599,40.7851,14.3776,1360770840
1599,40.8013,14.541,1360616940
1599,40.8017,14.5364,1360355580
1599,40.7408,14.5034,1360283520
1599,40.7407,14.503,1360283520
1599,40.7416,14.503,1360281660
1599,40.8112,14.5865,1360271160
1599,40.8112,14.5865,1360271160
1599,40.8017,14.5364,1360259760
1599,40.8038,14.5341,1360096080
1599,40.8112,14.5865,1357952400
1599,40.8112,14.5865,1357952400
1599,40.8116,14.5439,1357911000
1599,40.8732,14.4284,1357868700
1599,40.7851,14.3776,1357831260
1599,40.8116,14.5439,1357820100
1599,40.8017,14.5364,1357815060
1599,40.8017,14.5364,1357749600
1599,40.8017,14.5364,1357704180
1599,40.8017,14.5364,1357679280
1599,40.8017,14.5364,1357619040
1599,40.8017,14.5364,1357591200
1599,40.8116,14.5439,1357589400
1599,40.8116,14.5439,1357589400
1599,40.8017,14.5364,1357570380
1599,40.6265,14.3783,1357525260
1599,40.8017,14.5364,1357490040
1599,40.8017,14.5364,1357441980
1599,40.8369,14.2486,1357428420
1599,40.8017,14.5364,1357358640
1599,40.8017,14.5364,1357316820
1599,40.8017,14.5364,1357257540
1599,40.8321,14.2414,1357249980
1599,40.9495,14.4886,1356897960
1599,40.8017,14.5364,1356886620
1599,40.8017,14.5364,1356852060
1599,40.8112,14.5865,1356839580
1599,40.6795,14.7559,1356830160
1599,40.6853,14.7613,1356819540
1599,41.0035,14.3288,1356716340
1599,40.8017,14.5364,1356663480
