1610,22.9449,43.3354,1427867340
1610,22.9449,43.3354,1427860620
1610,22.9449,43.3354,1427860620
1610,22.9449,43.3354,1427856660
1610,22.9449,43.3354,1427854680
1610,22.9449,43.3353,1427792520
1610,22.9449,43.3354,1427787300
1610,22.9361,43.3519,1427784240
1610,22.9361,43.3519,1427784180
1610,22.9361,43.3519,1427783940
1610,22.9449,43.3354,1427782320
1610,22.9449,43.3354,1427781720
1610,22.9449,43.3354,1427781600
1610,22.9449,43.3354,1427781480
1610,22.9449,43.3354,1427781420
1610,22.9449,43.3354,1427781360
1610,22.9449,43.3354,1427781300
1610,22.9449,43.3354,1427781240
1610,22.9449,43.3354,1427781180
1610,22.9449,43.3354,1427781180
1610,22.9449,43.3354,1427781120
1610,22.9449,43.3354,1427781120
1610,22.9449,43.3354,1427781060
1610,22.9449,43.3354,1427781000
1610,22.9449,43.3354,1427781000
1610,22.9449,43.3354,1427779020
1610,22.9449,43.3354,1427779020
1610,22.9449,43.3354,1427701800
1610,22.9449,43.3354,1427701740
1610,22.9449,43.3354,1427701740
1610,22.9449,43.3354,1427701500
1610,22.9449,43.3354,1427693820
1610,22.9449,43.3354,1427693760
1610,22.9449,43.3354,1427693580
1610,22.9449,43.3354,1427664060
1610,22.9449,43.3354,1427664060
1610,22.9449,43.3354,1427663760
1610,22.9449,43.3354,1427663520
1610,22.9449,43.3354,1427606520
1610,22.9449,43.3354,1427605320
1610,22.9449,43.3354,1427605260
1610,22.9449,43.3354,1427605140
1610,22.9449,43.3354,1427605080
1610,22.9449,43.3354,1427604840
1610,22.9449,43.3354,1427604780
1610,22.9449,43.3354,1427573940
1610,22.9449,43.3354,1427573220
1610,25.5326,49.1738,1427511480
1610,25.5332,49.1738,1427511480
1610,25.5398,49.1738,1427510700
1610,25.5398,49.1738,1427510100
1610,25.5398,49.1738,1427510040
1610,25.4268,49.2653,1427505000
1610,25.4268,49.2653,1427504940
1610,25.4246,49.2708,1427450640
1610,25.4246,49.2704,1427450640
1610,25.4245,49.2685,1427450520
1610,25.4245,49.269,1427449500
1610,25.4242,49.2611,1427449200
1610,25.4242,49.2611,1427449200
1610,25.4242,49.2611,1427449140
1610,25.4242,49.2611,1427449080
1610,25.424,49.2594,1427444880
1610,25.4242,49.2602,1427442060
1610,25.4242,49.2602,1427442000
1610,25.4242,49.2607,1427441940
1610,25.4245,49.2682,1427441880
1610,25.468,49.2281,1427429820
1610,25.4228,49.272,1427395740
1610,25.4242,49.2611,1427356800
1610,25.4242,49.2611,1427356740
1610,25.4242,49.2611,1427355720
1610,25.4242,49.2611,1427355660
1610,25.4242,49.2611,1427355540
1610,25.4242,49.2611,1427355540
1610,25.4242,49.2611,1427355480
1610,25.4242,49.2611,1427355480
1610,25.4242,49.2611,1427355360
1610,25.4242,49.2611,1427355360
1610,25.4242,49.2611,1427355300
1610,25.4242,49.2612,1427355300
1610,25.4406,49.29,1427263500
1610,22.8138,43.2469,1427243340
1610,22.9077,43.308,1427239020
1610,22.9449,43.3354,1427154600
1610,22.9449,43.3354,1427154600
1610,22.9449,43.3354,1427154120
1610,22.9449,43.3354,1427153880
1610,22.9449,43.3354,1426996560
1610,22.9449,43.3354,1426996500
1610,22.9449,43.3354,1426915020
1610,22.9449,43.3354,1426914960
1610,22.9449,43.3354,1426914960
1610,22.9449,43.3354,1426914900
1610,22.9449,43.3354,1426832760
1610,22.9449,43.3354,1426832520
1610,22.9449,43.3354,1426832460
1610,22.9449,43.3354,1426832460
1610,22.9449,43.3354,1426832400
1610,22.9449,43.3354,1426832340
1610,22.9449,43.3354,1426832340
1610,22.9449,43.3354,1426832340
1610,22.9449,43.3354,1426832280
1610,22.9449,43.3354,1426832280
1610,22.9449,43.3354,1426831080
1610,22.9449,43.3354,1426831020
1610,22.9449,43.3354,1426830960
1610,22.9449,43.3354,1426830840
1610,22.9449,43.3354,1426830840
1610,22.9449,43.3354,1426830780
1610,22.9449,43.3354,1426830780
1610,22.9449,43.3354,1426830720
1610,22.9449,43.3354,1426830660
1610,22.9449,43.3354,1426830600
1610,22.9449,43.3354,1426830540
1610,22.9449,43.3354,1426830480
1610,22.9449,43.3354,1426764540
1610,22.9449,43.3354,1426764420
1610,22.9449,43.3354,1426758180
1610,22.9449,43.3354,1426751580
1610,22.9449,43.3354,1426750860
1610,22.9449,43.3354,1426750800
1610,22.9449,43.3354,1426750800
1610,22.9449,43.3354,1426750320
1610,22.9449,43.3354,1426750200
1610,22.9449,43.3354,1426749900
1610,22.9449,43.3354,1426748880
1610,22.9449,43.3354,1426748880
1610,22.9449,43.3354,1426747920
1610,22.9449,43.3354,1426747860
1610,22.9449,43.3354,1426747800
1610,22.9449,43.3354,1426747140
1610,22.9449,43.3354,1426746960
1610,22.9449,43.3354,1426746840
1610,22.9449,43.3354,1426746000
1610,22.9449,43.3354,1426745880
1610,22.9449,43.3354,1426745880
1610,22.9449,43.3354,1426745820
1610,22.9449,43.3354,1426745100
1610,22.9449,43.3354,1426744860
1610,22.9449,43.3354,1426744860
1610,22.945,43.3354,1426744320
1610,22.9449,43.3354,1426744140
1610,22.9449,43.3354,1426744020
1610,22.9449,43.3354,1426744020
1610,22.9449,43.3354,1426742460
1610,22.9449,43.3354,1426742100
1610,22.9449,43.3354,1426742100
1610,22.9449,43.3354,1426741980
1610,22.9449,43.3354,1426741920
1610,22.9449,43.3354,1426725720
1610,22.9449,43.3354,1426708020
1610,22.9449,43.3354,1426705140
1610,22.9449,43.3354,1426660500
1610,22.9449,43.3354,1426660020
1610,22.9449,43.3354,1426660020
1610,22.9431,43.3375,1426645920
1610,22.9449,43.3354,1426644480
1610,22.9449,43.3354,1426628460
1610,22.945,43.3354,1426584840
1610,22.9449,43.3355,1426584840
1610,22.9449,43.3354,1426584240
1610,22.9449,43.3354,1426584120
1610,22.9449,43.3354,1426584120
1610,22.9449,43.3354,1426583880
1610,22.9448,43.3354,1426583820
1610,22.9449,43.3354,1426580880
1610,22.9449,43.3354,1426580820
1610,22.9449,43.3354,1426580820
1610,22.9449,43.3354,1426580760
1610,22.9449,43.3354,1426580580
1610,22.9449,43.3354,1426578120
1610,22.9449,43.3354,1426578000
1610,22.9449,43.3354,1426576980
1610,22.9449,43.3354,1426575660
1610,22.9449,43.3354,1426575600
1610,22.9449,43.3354,1426573980
1610,22.9449,43.3354,1426572360
1610,22.9449,43.3354,1426572000
1610,22.9449,43.3354,1426571880
1610,22.9449,43.3354,1426571820
1610,22.9449,43.3354,1426571820
1610,22.9449,43.3354,1426571700
1610,22.9449,43.3354,1426571700
1610,22.9449,43.3354,1426571640
1610,22.9449,43.3354,1426571100
1610,22.9449,43.3354,1426570800
1610,22.9449,43.3354,1426570620
1610,22.9449,43.3354,1426570560
1610,22.9449,43.3354,1426570560
1610,22.9449,43.3354,1426570560
1610,22.9449,43.3354,1426570080
1610,22.9449,43.3354,1426569780
1610,22.9449,43.3354,1426569780
1610,22.9449,43.3354,1426569360
1610,22.9449,43.3354,1426569120
1610,22.9449,43.3354,1426569000
1610,22.9449,43.3354,1426568880
1610,22.9449,43.3354,1426568820
1610,22.9449,43.3354,1426568760
1610,22.9449,43.3354,1426568520
1610,22.9449,43.3354,1426568520
1610,22.9449,43.3354,1426568460
1610,22.9449,43.3354,1426568400
1610,22.9449,43.3354,1426568280
1610,22.9449,43.3354,1426567260
1610,22.9449,43.3354,1426566240
1610,22.9449,43.3354,1426566120
1610,22.9449,43.3354,1426566000
1610,22.9449,43.3354,1426565940
1610,22.9449,43.3354,1426565880
1610,22.9449,43.3354,1426565700
1610,22.9449,43.3354,1426565640
1610,22.9449,43.3354,1426559220
1610,22.9449,43.3354,1426559040
1610,22.9449,43.3354,1426558440
1610,22.9449,43.3354,1426558380
1610,22.9449,43.3354,1426558260
1610,22.9449,43.3354,1426558140
1610,22.9449,43.3354,1426558080
1610,22.9449,43.3354,1426557960
1610,22.9449,43.3354,1426557960
1610,22.9449,43.3354,1426557720
1610,22.9449,43.3354,1426557720
1610,22.9449,43.3354,1426557600
1610,22.9449,43.3354,1426542240
1610,22.9438,43.3347,1426501320
1610,22.9438,43.3347,1426501260
1610,22.9449,43.3354,1426498020
1610,22.9449,43.3354,1426497960
1610,22.9449,43.3354,1426497960
1610,22.9449,43.3354,1426497840
1610,22.9449,43.3354,1426464900
1610,22.9449,43.3354,1426464840
1610,22.9449,43.3354,1426464780
1610,22.9449,43.3354,1426464720
1610,22.9449,43.3354,1426464660
1610,22.9449,43.3354,1426461780
1610,22.9449,43.3354,1426460460
1610,22.9449,43.3354,1426460340
1610,22.9449,43.3354,1426460340
1610,22.9449,43.3354,1426460280
1610,22.9449,43.3354,1426460280
1610,22.9449,43.3354,1426460100
1610,22.9449,43.3354,1426460100
1610,22.9448,43.3353,1426457580
1610,22.9448,43.3354,1426457520
1610,22.9449,43.3354,1426456920
1610,22.9449,43.3354,1426456860
1610,22.9449,43.3354,1426455600
1610,22.9449,43.3354,1426455540
1610,22.9449,43.3354,1426455540
1610,22.9449,43.3354,1426455300
1610,22.9449,43.3354,1426455180
1610,22.9449,43.3354,1426455000
1610,22.9449,43.3354,1426454880
1610,22.9449,43.3354,1426454820
1610,22.9449,43.3354,1426454700
1610,22.9449,43.3354,1426454700
1610,22.9449,43.3354,1426454640
1610,22.9449,43.3354,1426454640
1610,22.9449,43.3354,1426454580
1610,22.9449,43.3354,1426454280
1610,22.9449,43.3354,1426454160
1610,22.9449,43.3354,1426454160
1610,22.9449,43.3354,1426454040
1610,22.9449,43.3354,1426453980
1610,22.9449,43.3354,1426363740
1610,22.9449,43.3354,1426363680
1610,22.9449,43.3354,1426363680
1610,22.9449,43.3354,1426363620
1610,22.9449,43.3354,1426363620
1610,22.9449,43.3354,1426360200
1610,22.9449,43.3354,1426359660
1610,22.9449,43.3354,1426319400
1610,22.9449,43.3354,1426319400
1610,22.9449,43.3354,1426319400
1610,22.9449,43.3354,1426319340
1610,22.9449,43.3354,1426318560
1610,22.9449,43.3354,1426318200
1610,22.9449,43.3354,1426318020
1610,22.9449,43.3354,1426317960
1610,22.9449,43.3354,1426317360
1610,22.9449,43.3354,1426317180
1610,22.9449,43.3354,1426317060
1610,22.9449,43.3354,1426316580
1610,22.9449,43.3354,1426316460
1610,22.9449,43.3354,1426316460
1610,22.9449,43.3354,1426315620
1610,22.9449,43.3354,1426315560
1610,22.9449,43.3354,1426315380
1610,22.9449,43.3354,1426315260
1610,22.9449,43.3354,1426315260
1610,22.9449,43.3354,1426315140
1610,22.9449,43.3354,1426315140
1610,22.9449,43.3354,1426315020
1610,22.9449,43.3354,1426314960
1610,22.9449,43.3354,1426314900
1610,22.9449,43.3354,1426314720
1610,22.9449,43.3354,1426314720
1610,22.9449,43.3354,1426314120
1610,22.9449,43.3354,1426314120
1610,22.9449,43.3354,1426314060
1610,22.9449,43.3354,1426313820
1610,22.9449,43.3354,1426313760
1610,22.9449,43.3354,1426313760
1610,22.9449,43.3354,1426313700
1610,22.9449,43.3354,1426313580
1610,22.9449,43.3354,1426313520
1610,22.9449,43.3354,1426313520
1610,22.9449,43.3354,1426313340
1610,22.9449,43.3354,1426313100
1610,22.9449,43.3354,1426312560
1610,22.9449,43.3354,1426312560
1610,22.9449,43.3354,1426312260
1610,22.9449,43.3354,1426311000
1610,22.9449,43.3354,1426310880
1610,22.9449,43.3354,1426309560
1610,22.9449,43.3354,1426298160
1610,22.9449,43.3354,1426232580
1610,22.9434,43.3321,1426220880
1610,22.9449,43.3354,1426220640
1610,22.9449,43.3354,1426220640
1610,22.9449,43.3354,1426220460
1610,22.945,43.3354,1426220400
1610,22.945,43.3354,1426220400
1610,22.945,43.3354,1426220340
1610,22.9449,43.3354,1426220040
1610,22.9449,43.3354,1426219860
1610,22.9449,43.3354,1426151940
1610,22.9449,43.3354,1426149060
1610,22.9449,43.3354,1426149000
1610,22.9449,43.3354,1426148640
1610,22.9449,43.3354,1426148580
1610,22.9449,43.3354,1426144800
1610,22.9449,43.3354,1426144800
1610,22.9449,43.3354,1426144800
1610,22.9449,43.3354,1426144740
1610,22.9449,43.3354,1426144680
1610,22.9449,43.3354,1426144680
1610,22.9449,43.3354,1426144620
1610,22.9449,43.3354,1426144620
1610,22.9449,43.3354,1426144560
1610,22.9449,43.3354,1426144500
1610,22.9449,43.3354,1426144440
1610,22.9449,43.3354,1426144380
1610,22.9449,43.3354,1426144320
1610,22.9449,43.3354,1426144320
1610,22.9449,43.3354,1426144260
1610,22.9449,43.3354,1426144200
1610,22.9449,43.3354,1426144200
1610,22.9449,43.3354,1426066620
1610,22.9449,43.3354,1426062660
1610,22.9449,43.3354,1426062660
1610,22.9449,43.3354,1426062540
1610,22.9449,43.3354,1426062540
1610,22.9449,43.3354,1426060200
1610,22.9449,43.3354,1426060200
1610,22.9449,43.3354,1426060200
1610,22.9449,43.3354,1426059540
1610,22.9449,43.3354,1426059480
1610,22.9449,43.3354,1426058340
1610,22.9449,43.3354,1426057860
1610,22.945,43.3354,1426057800
1610,22.9449,43.3354,1426056720
1610,22.9449,43.3354,1426056600
1610,22.9449,43.3354,1426056180
1610,22.9449,43.3354,1426056120
1610,22.9449,43.3354,1425887520
1610,22.9449,43.3354,1425886740
1610,22.9449,43.3354,1425886200
1610,22.9449,43.3354,1425883080
1610,22.9449,43.3354,1425883020
1610,22.9449,43.3354,1425883020
1610,22.9449,43.3354,1425882660
1610,22.9449,43.3354,1425880020
1610,22.9449,43.3354,1425879900
1610,22.9449,43.3354,1425879720
1610,22.9449,43.3354,1425879660
1610,22.9449,43.3354,1425874620
1610,22.9449,43.3354,1425874560
1610,22.9449,43.3354,1425874140
1610,22.9449,43.3354,1425873960
1610,22.9449,43.3354,1425873900
1610,22.9449,43.3354,1425873420
1610,22.9449,43.3354,1425873360
1610,22.9449,43.3354,1425873300
1610,22.9449,43.3354,1425873240
1610,22.9449,43.3354,1425873120
1610,22.9449,43.3354,1425873000
1610,22.9449,43.3354,1425872700
1610,22.9449,43.3354,1425847800
1610,22.9449,43.3354,1425847620
1610,22.9449,43.3354,1425847620
1610,22.9449,43.3354,1425829980
1610,22.9449,43.3354,1425829920
1610,22.9449,43.3354,1425829200
1610,22.9217,43.2161,1425717120
1610,22.9217,43.2161,1425717120
1610,22.9216,43.2161,1425713520
1610,22.9216,43.2161,1425713400
1610,22.9449,43.3354,1425696780
1610,22.9449,43.3354,1425693180
1610,22.9449,43.3354,1425693120
1610,22.9449,43.3354,1425693000
1610,22.9449,43.3354,1425681600
1610,22.9449,43.3354,1425674400
1610,22.9449,43.3354,1425674280
1610,22.9449,43.3354,1425674220
1610,22.9449,43.3354,1425627120
1610,22.9449,43.3354,1425627120
1610,22.9449,43.3354,1425627060
1610,22.9449,43.3354,1425626940
1610,22.9449,43.3354,1425625620
1610,22.9449,43.3354,1425625500
1610,22.9374,43.3326,1425604200
1610,22.9449,43.3354,1425591360
1610,22.9449,43.3354,1425541020
1610,22.9449,43.3354,1425540720
1610,22.9449,43.3354,1425540660
1610,22.9449,43.3354,1425540660
1610,22.9449,43.3354,1425539820
1610,22.9449,43.3354,1425539760
1610,22.9449,43.3354,1425539760
1610,22.9449,43.3354,1425537180
1610,22.9449,43.3354,1425537120
1610,22.9449,43.3354,1425536340
1610,22.9449,43.3354,1425536340
1610,22.9449,43.3354,1425535440
1610,22.9449,43.3354,1425535020
1610,22.9449,43.3354,1425534240
1610,22.9449,43.3354,1425534180
1610,22.9449,43.3354,1425533880
1610,22.9449,43.3354,1425461280
1610,22.9449,43.3354,1425460320
1610,22.9449,43.3354,1425459000
1610,22.9449,43.3354,1425452640
1610,22.9449,43.3354,1425452580
1610,22.9434,43.3347,1425411780
1610,22.9434,43.3347,1425411540
1610,22.9449,43.3354,1425409200
1610,22.9449,43.3354,1425369300
1610,22.9449,43.3354,1425369240
1610,22.9449,43.3354,1425369240
1610,22.9449,43.3354,1425366240
1610,22.9449,43.3354,1425361380
1610,22.9449,43.3354,1425335820
1610,22.9449,43.3354,1425335520
1610,22.9449,43.3354,1425335460
1610,22.9449,43.3354,1425335460
1610,22.9449,43.3354,1425287280
1610,22.9449,43.3354,1425286980
1610,22.9449,43.3354,1425286860
1610,22.9449,43.3354,1425286800
1610,22.9449,43.3354,1425285120
1610,22.9449,43.3354,1425284820
1610,22.9449,43.3354,1425284820
1610,22.9449,43.3354,1425284760
1610,22.9449,43.3354,1425284580
1610,22.9449,43.3354,1425284100
1610,22.9449,43.3354,1425283800
1610,22.9449,43.3354,1425283560
1610,22.9449,43.3354,1425283380
1610,22.9449,43.3354,1425283380
1610,22.9449,43.3354,1425283320
1610,22.9449,43.3354,1425283320
1610,22.9449,43.3354,1425283020
1610,22.9449,43.3354,1425280800
1610,22.9449,43.3354,1425279180
1610,22.9449,43.3354,1425279180
1610,22.9449,43.3354,1425278280
1610,22.9449,43.3354,1425277620
1610,22.9449,43.3354,1425277620
1610,22.9449,43.3354,1425277260
1610,22.9449,43.3354,1425277200
1610,22.9449,43.3354,1425277080
1610,22.9449,43.3354,1425277080
1610,22.9449,43.3354,1425276960
1610,22.9449,43.3354,1425276960
1610,22.9449,43.3354,1425276840
1610,22.9449,43.3354,1425276720
1610,22.9449,43.3354,1425276660
1610,22.9449,43.3354,1425276660
1610,22.9449,43.3354,1425276600
1610,22.9449,43.3354,1425276600
1610,22.9449,43.3354,1425276360
1610,22.9449,43.3354,1425276120
1610,22.9449,43.3354,1425272820
1610,22.9449,43.3354,1425272760
1610,22.9449,43.3354,1425272640
1610,22.9449,43.3354,1425203220
1610,22.9449,43.3354,1425169560
1610,22.9449,43.3354,1425169500
1610,22.9449,43.3354,1425169200
1610,22.9449,43.3354,1425168000
1610,22.9449,43.3354,1425167640
1610,22.9449,43.3354,1425166980
1610,22.9449,43.3354,1425165600
1610,22.9449,43.3354,1425165480
1610,22.9449,43.3354,1425165480
1610,22.9449,43.3354,1425165360
1610,22.9449,43.3354,1425165120
1610,22.9449,43.3354,1425164160
1610,22.9449,43.3354,1425163020
1610,22.9449,43.3354,1425162840
1610,22.9449,43.3354,1425162780
1610,22.9449,43.3354,1425162660
1610,22.9449,43.3354,1425161580
1610,22.9449,43.3354,1425161280
1610,22.9449,43.3354,1425161280
1610,22.9449,43.3354,1425160320
1610,22.9449,43.3354,1425160140
1610,22.9449,43.3354,1425160020
1610,22.9552,43.3385,1425156960
1610,22.9477,43.3388,1425154140
1610,22.9472,43.338,1425154080
1610,22.9472,43.338,1425154080
1610,22.9438,43.3347,1425152280
1610,22.9434,43.3347,1425151920
1610,22.9434,43.3347,1425150240
1610,22.9434,43.3347,1425150120
1610,22.9449,43.3354,1425087240
1610,22.9449,43.3354,1425087180
1610,22.9449,43.3354,1425076260
1610,22.9449,43.3354,1425069900
1610,22.9449,43.3354,1425067800
1610,22.9449,43.3354,1425063420
1610,22.9449,43.3354,1425062880
1610,22.9449,43.3354,1425025800
1610,22.9449,43.3354,1425025680
1610,22.9449,43.3354,1425025500
1610,22.9449,43.3354,1425025260
1610,22.9449,43.3354,1425025200
1610,22.9449,43.3354,1425025080
1610,22.9449,43.3354,1425025020
1610,22.9449,43.3354,1425022920
1610,22.9449,43.3354,1425022680
1610,22.9449,43.3354,1425022500
1610,22.9449,43.3354,1425022320
1610,22.9449,43.3354,1425022320
1610,22.9449,43.3354,1425022200
1610,22.9449,43.3354,1425022200
1610,22.9449,43.3354,1425022080
1610,22.9449,43.3354,1425021600
1610,22.9449,43.3354,1424998560
1610,22.945,43.3357,1424998560
1610,22.9449,43.3354,1424998500
1610,22.9449,43.3354,1424993640
1610,22.9449,43.3354,1424990580
1610,22.9449,43.3354,1424989980
1610,22.9449,43.3354,1424985360
1610,22.9449,43.3354,1424985240
1610,22.9449,43.3354,1424985180
1610,22.9449,43.3354,1424985120
1610,22.9449,43.3354,1424983860
1610,22.9449,43.3354,1424983860
1610,22.9449,43.3354,1424983800
1610,22.9449,43.3354,1424983680
1610,22.9449,43.3354,1424982120
1610,22.9449,43.3354,1424982060
1610,22.9449,43.3354,1424978520
1610,22.9449,43.3354,1424978340
1610,22.9449,43.3354,1424978340
1610,22.9449,43.3354,1424977620
1610,22.9449,43.3354,1424977620
1610,22.9449,43.3354,1424977440
1610,22.9449,43.3354,1424942640
1610,22.9449,43.3354,1424942400
1610,22.9449,43.3354,1424942280
1610,22.9449,43.3354,1424942220
1610,22.9449,43.3354,1424941020
1610,22.9449,43.3354,1424940900
1610,22.9449,43.3354,1424940720
1610,22.9449,43.3354,1424940420
1610,22.9449,43.3354,1424940360
1610,22.9449,43.3354,1424940300
1610,22.9449,43.3354,1424940180
1610,22.9449,43.3354,1424936340
1610,22.9449,43.3354,1424936220
1610,22.9449,43.3354,1424936160
1610,22.9449,43.3354,1424935860
1610,22.9449,43.3354,1424935620
1610,22.9449,43.3354,1424935200
1610,22.9449,43.3354,1424935080
1610,22.9449,43.3354,1424935020
1610,22.9449,43.3354,1424935020
1610,22.9449,43.3354,1424934120
1610,22.9449,43.3354,1424933760
1610,22.9449,43.3354,1424933220
1610,22.9449,43.3354,1424932860
1610,22.9449,43.3354,1424932740
1610,22.9449,43.3354,1424932560
1610,22.9449,43.3354,1424932560
1610,22.9449,43.3354,1424932500
1610,22.9449,43.3354,1424932440
1610,22.9449,43.3354,1424932440
1610,22.9449,43.3354,1424932380
1610,22.9449,43.3354,1424932380
1610,22.9449,43.3354,1424932260
1610,22.9449,43.3354,1424932260
1610,22.9449,43.3354,1424931960
1610,22.9449,43.3354,1424931780
1610,22.9449,43.3354,1424931720
1610,22.9449,43.3354,1424931660
1610,22.9449,43.3354,1424931600
1610,22.9449,43.3354,1424931540
1610,22.9449,43.3354,1424931480
1610,22.9449,43.3354,1424931420
1610,22.9449,43.3354,1424931360
1610,22.9449,43.3354,1424931360
1610,22.9449,43.3354,1424931300
1610,22.9449,43.3354,1424931240
1610,22.9449,43.3354,1424929920
1610,22.9449,43.3354,1424929800
1610,22.9449,43.3354,1424929740
1610,22.9449,43.3354,1424929680
1610,22.9449,43.3354,1424929680
1610,22.9449,43.3354,1424929620
1610,22.9449,43.3354,1424929560
1610,22.9449,43.3354,1424929560
1610,22.9449,43.3354,1424929500
1610,22.9449,43.3354,1424929440
1610,22.9449,43.3354,1424929440
1610,22.9449,43.3354,1424929380
1610,22.9449,43.3354,1424929260
1610,22.9449,43.3354,1424929260
1610,22.9449,43.3354,1424929200
1610,22.9449,43.3354,1424928360
1610,22.9449,43.3354,1424928300
1610,22.9449,43.3354,1424928300
1610,22.9449,43.3354,1424928240
1610,22.9449,43.3354,1424927700
1610,22.9449,43.3354,1424927640
1610,22.9449,43.3354,1424927580
1610,22.9449,43.3354,1424927460
1610,22.9449,43.3354,1424927220
1610,22.9449,43.3354,1424927160
1610,22.9449,43.3354,1424927100
1610,22.9449,43.3354,1424927040
1610,22.9449,43.3354,1424926980
1610,22.9449,43.3354,1424926980
1610,22.9449,43.3354,1424926980
1610,22.9449,43.3354,1424926980
1610,22.9449,43.3354,1424926920
1610,22.9449,43.3354,1424926860
1610,22.9449,43.3354,1424926800
1610,22.9449,43.3354,1424926740
1610,22.9449,43.3354,1424926740
1610,22.9449,43.3354,1424926680
1610,22.9449,43.3354,1424926680
1610,22.9449,43.3354,1424926560
1610,22.9449,43.3354,1424926560
1610,22.9449,43.3354,1424926500
1610,22.9449,43.3354,1424926440
1610,22.9449,43.3354,1424926380
1610,22.9449,43.3354,1424926320
1610,22.9449,43.3354,1424926260
1610,22.9449,43.3354,1424926260
1610,22.9449,43.3354,1424926260
1610,22.9449,43.3354,1424926200
1610,22.9449,43.3354,1424926080
1610,22.9449,43.3354,1424926080
1610,22.9449,43.3354,1424926020
1610,22.9449,43.3354,1424925960
1610,22.9449,43.3354,1424925360
1610,22.9449,43.3354,1424925240
1610,22.9448,43.3354,1424925060
1610,22.9449,43.3354,1424924040
1610,22.9449,43.3354,1424923560
1610,22.9449,43.3354,1424923500
1610,22.9449,43.3354,1424923440
1610,22.9449,43.3354,1424917200
1610,22.9449,43.3354,1424917200
1610,22.9449,43.3354,1424917080
1610,22.9449,43.3354,1424849160
1610,22.9449,43.3354,1424676420
1610,22.9449,43.3354,1424676240
1610,22.9449,43.3354,1424676240
1610,22.9449,43.3354,1424675940
1610,22.9449,43.3354,1424675880
1610,22.9449,43.3354,1424675820
1610,22.9449,43.3354,1424675820
1610,22.9449,43.3354,1424675700
1610,22.9449,43.3354,1424675640
1610,22.9449,43.3354,1424675580
1610,22.9449,43.3354,1424675520
1610,22.9449,43.3354,1424675520
1610,22.9449,43.3354,1424674920
1610,22.9449,43.3354,1424674860
1610,22.9449,43.3354,1424674740
1610,22.9449,43.3354,1424674620
1610,22.9449,43.3354,1424674620
1610,22.9449,43.3354,1424674260
1610,22.9449,43.3354,1424674200
1610,22.9449,43.3354,1424674080
1610,22.9449,43.3354,1424674080
1610,22.9449,43.3354,1424674020
1610,22.9449,43.3354,1424673960
1610,22.9449,43.3354,1424673900
1610,22.9449,43.3354,1424673780
1610,22.9449,43.3354,1424673540
1610,22.9449,43.3354,1424673540
1610,22.9449,43.3354,1424673480
1610,22.9449,43.3354,1424673420
1610,22.9449,43.3354,1424673420
1610,22.9449,43.3354,1424673300
1610,22.9449,43.3354,1424673240
1610,22.9449,43.3354,1424673180
1610,22.9449,43.3354,1424673180
1610,22.9449,43.3354,1424673120
1610,22.9449,43.3354,1424673120
1610,22.9449,43.3354,1424673060
1610,22.9449,43.3354,1424673060
1610,22.9449,43.3354,1424672640
1610,22.9449,43.3354,1424672580
1610,22.9449,43.3354,1424672580
1610,22.9449,43.3354,1424672400
1610,22.9449,43.3354,1424672400
1610,22.9449,43.3354,1424672340
1610,22.9449,43.3354,1424672280
1610,22.9449,43.3354,1424672220
1610,22.9449,43.3354,1424670540
1610,22.9449,43.3354,1424670420
1610,22.9449,43.3354,1424670240
1610,22.9449,43.3354,1424604720
1610,22.9449,43.3354,1424602020
1610,22.9449,43.3354,1424596800
1610,22.9449,43.3354,1424596620
1610,22.9449,43.3354,1424596560
1610,22.9449,43.3354,1424596560
1610,22.9449,43.3354,1424596500
1610,22.9449,43.3354,1424596500
1610,22.9449,43.3354,1424596440
1610,22.9449,43.3354,1424596320
1610,22.9449,43.3354,1424596320
1610,22.9449,43.3354,1424596020
1610,22.9449,43.3354,1424595600
1610,22.9449,43.3354,1424595180
1610,22.9449,43.3354,1424595180
1610,22.9449,43.3354,1424551260
1610,22.9449,43.3354,1424517840
1610,22.9449,43.3354,1424517840
1610,22.9449,43.3354,1424517840
1610,22.9449,43.3354,1424517840
1610,22.9449,43.3354,1424488800
1610,22.9487,43.3377,1424479620
1610,22.9487,43.3377,1424479620
1610,22.9487,43.3377,1424479560
1610,22.9487,43.3377,1424479380
1610,22.9488,43.3373,1424479380
1610,22.9449,43.3354,1424475120
1610,22.9449,43.3354,1424475060
1610,22.9449,43.3354,1424474400
1610,22.9449,43.3354,1424474040
1610,22.9449,43.3354,1424472960
1610,22.9449,43.3354,1424472180
1610,22.9449,43.3354,1424471220
1610,22.9449,43.3354,1424469900
1610,22.9449,43.3354,1424469780
1610,22.9449,43.3354,1424469720
1610,22.9449,43.3354,1424469720
1610,22.9449,43.3354,1424394360
1610,22.9449,43.3354,1424394240
1610,22.9449,43.3354,1424339460
1610,22.9449,43.3354,1424339400
1610,22.9449,43.3354,1424339040
1610,22.9449,43.3354,1424339040
1610,22.9449,43.3354,1424320740
1610,22.9449,43.3354,1424319420
1610,22.9449,43.3354,1424318760
1610,22.9449,43.3354,1424316720
1610,22.9449,43.3354,1424313180
1610,22.9449,43.3354,1424312760
1610,22.9449,43.3354,1424311740
1610,22.9449,43.3354,1424311500
1610,22.9449,43.3354,1424311260
1610,22.9449,43.3354,1424310600
1610,22.9449,43.3354,1424310240
1610,22.9449,43.3354,1424310240
1610,22.9449,43.3354,1424310180
1610,22.9449,43.3354,1424310120
1610,22.9449,43.3354,1424309880
1610,22.9449,43.3354,1424309760
1610,22.9449,43.3354,1424309700
1610,22.9449,43.3354,1424309580
1610,22.9449,43.3354,1424309220
1610,22.9449,43.3354,1424309040
1610,22.9449,43.3354,1424308740
1610,22.9449,43.3354,1424308440
1610,22.9449,43.3354,1424308320
1610,22.9449,43.3354,1424308140
1610,22.9449,43.3354,1424308080
1610,22.9449,43.3354,1424308080
1610,22.9449,43.3354,1424308020
1610,22.9449,43.3354,1424308020
1610,22.9449,43.3354,1424307960
1610,22.9449,43.3354,1424307900
1610,22.9449,43.3354,1424307900
1610,22.9449,43.3354,1424307840
1610,22.9449,43.3354,1424307780
1610,22.9449,43.3354,1424307720
1610,22.9449,43.3354,1424307660
1610,22.9449,43.3354,1424307600
1610,22.9449,43.3354,1424307540
1610,22.9449,43.3354,1424307480
1610,22.9449,43.3354,1424307360
1610,22.9449,43.3354,1424307240
1610,22.9449,43.3354,1424307120
1610,22.9449,43.3354,1424307060
1610,22.9449,43.3354,1424307000
1610,22.9449,43.3354,1424306820
1610,22.9449,43.3354,1424306820
1610,22.9449,43.3354,1424306700
1610,22.9449,43.3354,1424306580
1610,22.9449,43.3354,1424306520
1610,22.9449,43.3354,1424306280
1610,22.9449,43.3354,1424306280
1610,22.9449,43.3354,1424306220
1610,22.9449,43.3354,1424306160
1610,22.9449,43.3354,1424305920
1610,22.9449,43.3354,1424305920
1610,22.9449,43.3354,1424305860
1610,22.9449,43.3354,1424305800
1610,22.9449,43.3354,1424305800
1610,22.9449,43.3354,1424305620
1610,22.9449,43.3354,1424305560
1610,22.9449,43.3354,1424305560
1610,22.9449,43.3354,1424305500
1610,22.9449,43.3354,1424305440
1610,22.9449,43.3354,1424305440
1610,22.9449,43.3354,1424305380
1610,22.9449,43.3354,1424305320
1610,22.9449,43.3354,1424305320
1610,22.9449,43.3354,1424305260
1610,22.9449,43.3354,1424305200
1610,22.9449,43.3354,1424305200
1610,22.9449,43.3354,1424305140
1610,22.9449,43.3354,1424305080
1610,22.9449,43.3354,1424305020
1610,22.9449,43.3354,1424305020
1610,22.9449,43.3354,1424304840
1610,22.9449,43.3354,1424304780
1610,22.9449,43.3354,1424304660
1610,22.9449,43.3354,1424304540
1610,22.9449,43.3354,1424304420
1610,22.9449,43.3354,1424304420
1610,22.9449,43.3354,1424304420
1610,22.9449,43.3354,1424304300
1610,22.9449,43.3354,1424304240
1610,22.9449,43.3354,1424304120
1610,22.9449,43.3354,1424304120
1610,22.9449,43.3354,1424303880
1610,22.9449,43.3354,1424303760
1610,22.9449,43.3354,1424303700
1610,22.9449,43.3354,1424303520
1610,22.9449,43.3354,1424303340
1610,22.9449,43.3354,1424302500
1610,22.9449,43.3354,1424302500
1610,22.9449,43.3354,1424302440
1610,22.9449,43.3354,1424302200
1610,22.9449,43.3354,1424302200
1610,22.9449,43.3354,1424256000
1610,22.9449,43.3354,1424255820
1610,22.9449,43.3354,1424255520
1610,22.9449,43.3354,1424253840
1610,22.9449,43.3354,1424253780
1610,22.9449,43.3354,1424253720
1610,22.9449,43.3354,1424253720
1610,22.9449,43.3354,1424201700
1610,22.9449,43.3354,1424201700
1610,22.9449,43.3354,1424201340
1610,22.9449,43.3354,1424200440
1610,22.9449,43.3354,1424200320
1610,22.9449,43.3354,1424167980
1610,22.9449,43.3354,1424166600
1610,22.9449,43.3354,1424166540
1610,22.9449,43.3354,1424166480
1610,22.9449,43.3354,1424166180
1610,22.9449,43.3354,1424163540
1610,22.9449,43.3354,1424162580
1610,22.9449,43.3354,1424162220
1610,22.9449,43.3354,1424161860
1610,22.9449,43.3354,1424159280
1610,22.9449,43.3354,1424158680
1610,22.9449,43.3354,1424158200
1610,22.9449,43.3354,1424158080
1610,22.9449,43.3354,1424157780
1610,22.9449,43.3354,1424157720
1610,22.9449,43.3354,1424157660
1610,22.9449,43.3354,1424157420
1610,22.9449,43.3354,1424157360
1610,22.9449,43.3354,1424157300
1610,22.9449,43.3354,1424155680
1610,22.9449,43.3354,1424155440
1610,22.9449,43.3354,1424154000
1610,22.9449,43.3354,1424153880
1610,22.9449,43.3354,1424153520
1610,22.9449,43.3354,1424153280
1610,22.9449,43.3354,1424153220
1610,22.9449,43.3354,1424152740
1610,22.9449,43.3354,1424152620
1610,22.9449,43.3354,1424152080
1610,22.9449,43.3354,1424140200
1610,22.9449,43.3354,1424139840
1610,22.9449,43.3354,1424130780
1610,22.9449,43.3354,1424086560
1610,22.9449,43.3354,1424086200
1610,22.9449,43.3354,1424086080
1610,22.9449,43.3354,1424086080
1610,22.9449,43.3354,1424085840
1610,22.9449,43.3354,1424085780
1610,22.9449,43.3354,1424085780
1610,22.9449,43.3354,1424085540
1610,22.9449,43.3354,1424085480
1610,22.9449,43.3354,1424085420
1610,22.9449,43.3354,1424085360
1610,22.9449,43.3354,1424085240
1610,22.9449,43.3354,1424085240
1610,22.9449,43.3354,1424085180
1610,22.9449,43.3354,1424085180
1610,22.9449,43.3354,1424082120
1610,22.9449,43.3354,1424081940
1610,22.9449,43.3354,1424081520
1610,22.9449,43.3354,1424081460
1610,22.9449,43.3354,1424081400
1610,22.9449,43.3354,1424080920
1610,22.9449,43.3354,1424080920
1610,22.9449,43.3354,1424080080
1610,22.945,43.3354,1424079660
1610,22.9449,43.3354,1424078940
1610,22.9449,43.3354,1424078100
1610,22.9449,43.3354,1424077860
1610,22.9449,43.3354,1424077620
1610,22.9449,43.3355,1424077620
1610,22.9449,43.3355,1424077560
1610,22.9449,43.3355,1424077500
1610,22.9449,43.3354,1424077260
1610,22.9449,43.3354,1424077200
1610,22.9449,43.3354,1424074980
1610,22.9449,43.3354,1424074920
1610,22.9449,43.3354,1424074860
1610,22.9449,43.3354,1424074860
1610,22.9449,43.3354,1424074680
1610,22.9449,43.3354,1424073720
1610,22.9449,43.3354,1424073660
1610,22.9449,43.3354,1424073600
1610,22.9449,43.3354,1424073420
1610,22.9449,43.3354,1424073360
1610,22.9449,43.3354,1424073120
1610,22.9449,43.3354,1424072820
1610,22.9449,43.3354,1424072760
1610,22.9449,43.3354,1424072700
1610,22.9449,43.3354,1424072700
1610,22.9449,43.3354,1424072040
1610,22.9449,43.3354,1424071860
1610,22.9449,43.3354,1424071800
1610,22.9449,43.3354,1424069700
1610,22.9449,43.3354,1424069640
1610,22.9449,43.3354,1424069160
1610,22.9449,43.3354,1424067840
1610,22.9449,43.3354,1424067780
1610,22.9449,43.3354,1424067720
1610,22.9449,43.3354,1424067540
1610,22.9449,43.3354,1424064420
1610,22.9449,43.3354,1424064300
1610,22.9449,43.3354,1424063940
1610,22.9449,43.3354,1424063820
1610,22.9449,43.3354,1424036820
1610,22.9449,43.3354,1424035380
1610,22.9449,43.3354,1424035380
1610,22.9449,43.3354,1424035320
1610,22.9449,43.3354,1424035260
1610,22.9449,43.3354,1424032020
1610,22.9449,43.3354,1424030640
1610,22.9449,43.3354,1423886040
1610,22.9449,43.3354,1423885980
1610,22.9449,43.3354,1423885980
1610,22.9449,43.3354,1423885920
1610,22.9449,43.3354,1423885860
1610,22.9449,43.3354,1423885860
1610,22.9449,43.3354,1423885800
1610,22.9449,43.3354,1423885740
1610,22.9449,43.3354,1423882920
1610,22.9449,43.3354,1423882800
1610,22.9449,43.3354,1423882800
1610,22.9449,43.3354,1423882260
1610,22.9449,43.3354,1423882200
1610,22.9449,43.3354,1423872120
1610,22.9449,43.3354,1423872060
1610,22.9449,43.3354,1423818780
1610,22.9449,43.3354,1423818660
1610,22.9449,43.3354,1423818600
1610,22.9438,43.3347,1423741140
1610,22.9438,43.3347,1423740900
1610,22.9449,43.3354,1423645500
1610,22.9449,43.3354,1423645440
1610,22.9449,43.3354,1423645320
1610,22.9449,43.3354,1423641300
1610,22.9449,43.3354,1423639680
1610,22.9449,43.3354,1423639620
1610,22.9449,43.3354,1423639560
1610,22.9449,43.3354,1423638900
1610,22.9449,43.3354,1423638840
1610,22.9449,43.3354,1423638840
1610,22.9449,43.3354,1423638660
1610,22.9449,43.3354,1423638600
1610,22.9449,43.3354,1423638540
1610,22.9449,43.3354,1423638480
1610,22.9449,43.3354,1423638480
1610,22.9449,43.3354,1423638420
1610,22.9434,43.3347,1423621860
1610,22.9434,43.3347,1423621740
1610,22.9434,43.3347,1423621440
1610,22.9449,43.3354,1423557960
1610,22.9449,43.3354,1423555740
1610,22.9449,43.3354,1423555620
1610,22.9449,43.3354,1423555620
1610,22.9449,43.3354,1423555260
1610,22.9449,43.3354,1423555260
1610,22.9449,43.3354,1423555140
1610,22.9449,43.3354,1423553400
1610,22.9449,43.3354,1423553400
1610,22.9449,43.3354,1423552920
1610,22.9449,43.3354,1423552920
1610,22.9449,43.3354,1423552800
1610,22.9449,43.3354,1423552560
1610,22.9449,43.3354,1423552560
1610,22.9449,43.3354,1423552080
1610,22.9449,43.3354,1423552020
1610,22.9449,43.3354,1423552020
1610,22.9449,43.3354,1423551660
1610,22.9449,43.3354,1423551240
1610,22.9449,43.3354,1423550880
1610,22.9449,43.3354,1423550400
1610,22.9449,43.3354,1423550340
1610,22.9449,43.3354,1423550280
1610,22.9446,43.3355,1423519680
1610,22.9449,43.3354,1423498620
1610,22.9449,43.3354,1423498620
1610,22.9449,43.3354,1423498620
1610,22.9449,43.3354,1423497660
1610,22.9449,43.3354,1423497480
1610,22.9449,43.3354,1423497420
1610,22.9449,43.3354,1423496820
1610,22.9449,43.3354,1423495680
1610,22.9449,43.3354,1423495200
1610,22.9449,43.3354,1423495200
1610,22.9754,43.2176,1423455420
1610,22.9231,43.2109,1423436760
1610,22.9438,43.3347,1423432620
1610,22.9438,43.3347,1423432500
1610,22.9438,43.3347,1423432380
1610,22.9438,43.3347,1423432320
1610,22.9438,43.3347,1423432260
1610,22.9438,43.3347,1423432260
1610,22.9438,43.3347,1423432200
1610,22.9438,43.3347,1423430760
1610,22.9438,43.3347,1423430340
1610,22.9438,43.3347,1423430220
1610,22.9438,43.3347,1423429020
1610,22.9438,43.3347,1423428720
1610,22.9438,43.3347,1423428720
1610,22.9438,43.3347,1423428660
1610,22.9438,43.3347,1423428600
1610,22.9438,43.3347,1423428240
1610,22.9438,43.3347,1423426980
1610,22.9438,43.3347,1423426980
1610,22.9438,43.3347,1423426980
1610,22.9438,43.3347,1423426920
1610,22.9438,43.3347,1423426740
1610,22.9438,43.3347,1423426620
1610,22.9438,43.3347,1423426440
1610,22.9438,43.3347,1423426440
1610,22.9438,43.3347,1423426320
1610,22.9449,43.3354,1423389780
1610,22.9449,43.3354,1423389660
1610,22.945,43.3354,1423389660
1610,22.9449,43.3354,1423389180
1610,22.9449,43.3354,1423389180
1610,22.9438,43.3347,1423383540
1610,22.9438,43.3347,1423383540
1610,22.9438,43.3347,1423383480
1610,22.9438,43.3347,1423383180
1610,22.9438,43.3347,1423383180
1610,22.9438,43.3347,1423383180
1610,22.9438,43.3347,1423383120
1610,22.9438,43.3347,1423382940
1610,22.9438,43.3347,1423382700
1610,22.9438,43.3347,1423382460
1610,22.9438,43.3347,1423381680
1610,22.9438,43.3347,1423381620
1610,22.9438,43.3347,1423381380
1610,22.9438,43.3347,1423377600
1610,22.9438,43.3347,1423376280
1610,22.9438,43.3347,1423375920
1610,22.9438,43.3347,1423375860
1610,22.9438,43.3347,1423375860
1610,22.9438,43.3347,1423375740
1610,22.9438,43.3347,1423375740
1610,22.9438,43.3347,1423375740
1610,22.9438,43.3347,1423375680
1610,22.9438,43.3347,1423375380
1610,22.9438,43.3347,1423375320
1610,22.9438,43.3347,1423375200
1610,22.9438,43.3347,1423375140
1610,22.9438,43.3347,1423374780
1610,22.9438,43.3347,1423374660
1610,22.9436,43.3347,1423336980
1610,22.9434,43.3347,1423336260
1610,22.9434,43.3347,1423335600
1610,22.9434,43.3347,1423335540
1610,22.9434,43.3347,1423335540
1610,22.9434,43.3347,1423335180
1610,22.9434,43.3347,1423334700
1610,22.9434,43.3347,1423334520
1610,22.9434,43.3347,1423334460
1610,22.9434,43.3347,1423334280
1610,22.9434,43.3347,1423260780
1610,22.9434,43.3347,1423260300
1610,22.9434,43.3347,1423260240
1610,22.9434,43.3347,1423260180
1610,22.9434,43.3347,1423260120
1610,22.9434,43.3347,1423260060
1610,22.9434,43.3347,1423260000
1610,22.9434,43.3347,1423260000
1610,22.9434,43.3347,1423249620
1610,22.9434,43.3347,1423249020
1610,22.9434,43.3347,1423248780
1610,22.9434,43.3347,1423248300
1610,22.9434,43.3347,1423247400
1610,22.9434,43.3347,1423247280
1610,22.9434,43.3347,1423241040
1610,22.9434,43.3347,1423241040
1610,22.9434,43.3347,1423240920
1610,22.9438,43.3347,1423211040
1610,22.9438,43.3347,1423210980
1610,22.9438,43.3347,1423210920
1610,22.9438,43.3347,1423210560
1610,22.9438,43.3347,1423210380
1610,22.9438,43.3347,1423210260
1610,22.9438,43.3347,1423210200
1610,22.9438,43.3347,1423210140
1610,22.9438,43.3347,1423210140
1610,22.9438,43.3347,1423210140
1610,22.9438,43.3347,1423210020
1610,22.9438,43.3347,1423209900
1610,22.9434,43.3347,1423206060
1610,22.9434,43.3347,1423205880
1610,22.9434,43.3347,1423205880
1610,22.9434,43.3347,1423203000
1610,22.9439,43.3405,1423085160
1610,22.9439,43.3405,1423085040
1610,22.9438,43.3347,1423084800
1610,22.9438,43.3347,1423084800
1610,22.9438,43.3347,1423084740
1610,22.9438,43.3347,1423084740
1610,22.9438,43.3347,1423075320
1610,22.9438,43.3347,1423075260
1610,22.9438,43.3347,1423075020
1610,22.9438,43.3347,1423075020
1610,22.9438,43.3347,1423074900
1610,22.9438,43.3347,1423074780
1610,22.9438,43.3347,1423074720
1610,22.9438,43.3347,1423074720
1610,22.9438,43.3347,1423041300
1610,22.9436,43.3347,1423039200
1610,22.9434,43.3347,1423039020
1610,22.9434,43.3347,1423038900
1610,22.9434,43.3347,1423038600
1610,22.9434,43.3347,1423038600
1610,22.9434,43.3347,1423017480
1610,22.9434,43.3347,1423017360
1610,22.9434,43.3347,1423017300
1610,22.9434,43.3347,1423017300
1610,22.9434,43.3347,1423017240
1610,22.9434,43.3347,1422992040
1610,22.9434,43.3347,1422991980
1610,22.9434,43.3347,1422991800
1610,22.9434,43.3347,1422991620
1610,22.9435,43.3347,1422991620
1610,22.9435,43.3347,1422991620
1610,22.9436,43.3347,1422991560
1610,22.9438,43.3347,1422991440
1610,22.9449,43.3354,1422906300
1610,22.9449,43.3354,1422906300
1610,22.9449,43.3354,1422906000
1610,22.9449,43.3354,1422906000
1610,22.9449,43.3354,1422906000
1610,22.9449,43.3354,1422905940
1610,22.8918,43.6368,1422904920
1610,22.9449,43.3354,1422872580
1610,22.9449,43.3354,1422872520
1610,22.9449,43.3354,1422872520
1610,22.9449,43.3354,1422872340
1610,22.9449,43.3354,1422872340
1610,22.9449,43.3354,1422871740
1610,22.9438,43.3347,1422866340
1610,22.9438,43.3347,1422866100
1610,22.9438,43.3347,1422865920
1610,22.9397,43.3408,1422863220
1610,22.9439,43.3347,1422699120
1610,22.9449,43.3354,1422696720
1610,22.9449,43.3354,1422695880
1610,22.9449,43.3354,1422695880
1610,22.9449,43.3354,1422684300
1610,22.9449,43.3354,1422684240
1610,22.9449,43.3354,1422684240
1610,22.9449,43.3354,1422662640
1610,22.9449,43.3354,1422662400
1610,22.9449,43.3354,1422662160
1610,22.9449,43.3354,1422662100
1610,22.9449,43.3354,1422662100
1610,22.9449,43.3354,1422662100
1610,22.9449,43.3354,1422661800
1610,22.9449,43.3354,1422661740
1610,22.9449,43.3354,1422661680
1610,22.9449,43.3354,1422661080
1610,22.9449,43.3354,1422661020
1610,22.9449,43.3354,1422661020
1610,22.9449,43.3354,1422660960
1610,22.9449,43.3354,1422660960
1610,22.9449,43.3354,1422660900
1610,22.9449,43.3354,1422660900
1610,22.9449,43.3354,1422660840
1610,22.9449,43.3354,1422660840
1610,22.9449,43.3354,1422660840
1610,22.9449,43.3354,1422660780
1610,22.9449,43.3354,1422660780
1610,22.9449,43.3354,1422660720
1610,22.9449,43.3354,1422660720
1610,22.9449,43.3354,1422660660
1610,22.9449,43.3354,1422660660
1610,22.9449,43.3354,1422660600
1610,22.9449,43.3354,1422660600
1610,22.9449,43.3354,1422660540
1610,22.9449,43.3354,1422660540
1610,22.9449,43.3354,1422660480
1610,22.9449,43.3354,1422660420
1610,22.9449,43.3354,1422660360
1610,22.9449,43.3354,1422660180
1610,22.9449,43.3354,1422656400
1610,22.9449,43.3354,1422656220
1610,22.9406,43.3362,1422606240
1610,22.9406,43.3362,1422606180
1610,22.9406,43.3362,1422606000
1610,22.9406,43.3362,1422605520
1610,22.9406,43.3362,1422605520
1610,22.9449,43.3354,1422602280
1610,22.9449,43.3354,1422601260
1610,22.9449,43.3354,1422601140
1610,22.9449,43.3354,1422601020
1610,22.9449,43.3354,1422600900
1610,22.9449,43.3354,1422600900
1610,22.9449,43.3354,1422599040
1610,22.9449,43.3354,1422598980
1610,22.9449,43.3354,1422598980
1610,22.945,43.3354,1422598140
1610,22.945,43.3354,1422598080
1610,22.945,43.3354,1422598020
1610,22.9449,43.3354,1422598020
1610,22.9449,43.3354,1422597960
1610,22.9449,43.3354,1422586380
1610,22.9449,43.3354,1422586320
1610,22.945,43.3354,1422585660
1610,22.9449,43.3354,1422585660
1610,22.9449,43.3354,1422585480
1610,22.9449,43.3354,1422585360
1610,22.9449,43.3354,1422585360
1610,22.9449,43.3354,1422404820
1610,22.9449,43.3354,1422404820
1610,22.9449,43.3354,1422404760
1610,22.9449,43.3354,1422404760
1610,22.9449,43.3354,1422404700
1610,22.9449,43.3354,1422404700
1610,22.9449,43.3354,1422404640
1610,22.9449,43.3354,1422404580
1610,22.9449,43.3354,1422404460
1610,22.9449,43.3354,1422350040
1610,22.9449,43.3354,1422349980
1610,22.9449,43.3354,1422349980
1610,22.9449,43.3354,1422349920
1610,22.9449,43.3354,1422349920
1610,22.9449,43.3354,1422349860
1610,22.9449,43.3354,1422349800
1610,22.9449,43.3354,1422349800
1610,22.9449,43.3354,1422349740
1610,22.9449,43.3354,1422349680
1610,22.9449,43.3354,1422266700
1610,22.9449,43.3354,1422263520
1610,22.9449,43.3354,1422263280
1610,22.9449,43.3354,1422238860
1610,22.9449,43.3354,1422237180
1610,22.9449,43.3354,1422237120
1610,22.9449,43.3354,1422236400
1610,22.9449,43.3354,1422236340
1610,22.9449,43.3354,1422232200
1610,22.9449,43.3354,1422232080
1610,22.9449,43.3354,1422232080
1610,22.9449,43.3354,1422232020
1610,22.9449,43.3354,1422232020
1610,22.9449,43.3354,1422231900
1610,22.9449,43.3354,1422222660
1610,22.9449,43.3354,1422222600
1610,22.9449,43.3354,1422221220
1610,22.9449,43.3354,1422221220
1610,22.9449,43.3354,1422128400
1610,22.9499,43.3338,1422073620
1610,22.9499,43.3338,1422072900
1610,22.9498,43.3338,1422072660
1610,22.9497,43.3339,1422072600
1610,22.9449,43.3354,1422068280
1610,22.9449,43.3354,1422068220
1610,22.9449,43.3354,1422067380
1610,22.9449,43.3354,1422066900
1610,22.9449,43.3354,1422066720
1610,22.9449,43.3354,1422066660
1610,22.9449,43.3354,1422065700
1610,22.9449,43.3354,1422065700
1610,22.9449,43.3354,1422065520
1610,22.9449,43.3354,1422065460
1610,22.9449,43.3354,1422065400
1610,22.9449,43.3354,1422065280
1610,22.9449,43.3354,1422065280
1610,22.9454,43.3362,1422047700
1610,22.945,43.3354,1422040680
1610,22.9449,43.3354,1422040620
1610,22.9449,43.3354,1422039600
1610,22.9449,43.3354,1422039240
1610,22.9449,43.3354,1422039180
1610,22.9449,43.3354,1422038880
1610,22.9449,43.3354,1422033360
1610,22.945,43.3355,1421951820
1610,22.9449,43.3354,1421951760
1610,22.9449,43.3354,1421951760
1610,23.0051,43.3163,1421874420
1610,23.0051,43.3163,1421874360
1610,23.0051,43.3163,1421874360
1610,23.0054,43.3165,1421873400
1610,23.0054,43.3165,1421873160
1610,23.0054,43.3165,1421872980
1610,23.005,43.316,1421872920
1610,23.004,43.3151,1421872920
1610,23.0013,43.3126,1421872860
1610,23.0013,43.3126,1421872860
1610,23.0053,43.3165,1421872740
1610,22.9434,43.3347,1421866200
1610,22.9434,43.3347,1421865600
1610,22.9434,43.3347,1421865360
1610,22.9434,43.3347,1421865360
1610,22.9434,43.3347,1421865300
1610,22.9434,43.3347,1421864340
1610,22.9435,43.3347,1421864100
1610,22.9438,43.3347,1421833680
1610,22.9438,43.3347,1421833620
1610,22.9438,43.3347,1421833560
1610,22.9438,43.3347,1421788020
1610,22.9438,43.3347,1421787780
1610,22.9438,43.3347,1421787660
1610,22.9438,43.3347,1421787600
1610,22.9438,43.3347,1421787480
1610,22.9438,43.3347,1421787420
1610,22.9438,43.3347,1421746680
1610,22.9438,43.3347,1421741580
1610,22.9438,43.3347,1421741280
1610,22.9438,43.3347,1421741220
1610,22.9438,43.3347,1421741220
1610,22.9438,43.3347,1421741160
1610,22.9438,43.3347,1421741160
1610,22.9438,43.3347,1421741040
1610,22.9383,43.3401,1421738940
1610,22.9554,43.3497,1421735640
1610,22.9554,43.3497,1421735640
1610,22.9554,43.3497,1421735640
1610,22.9554,43.3497,1421735580
1610,22.9499,43.3594,1421735100
1610,22.9674,43.3847,1421734560
1610,22.9637,43.4043,1421733840
1610,22.9637,43.4043,1421733840
1610,22.9653,43.4054,1421732160
1610,22.9654,43.4053,1421732160
1610,22.9619,43.4066,1421703360
1610,22.9619,43.4066,1421703300
1610,22.9619,43.4066,1421703240
1610,22.9374,43.3673,1421701320
1610,22.9536,43.3476,1421700180
1610,22.947,43.3354,1421699640
1610,22.9472,43.335,1421699340
1610,22.9472,43.3342,1421699160
1610,22.9472,43.3342,1421699160
1610,22.9438,43.3347,1421696700
1610,22.9438,43.3347,1421695440
1610,22.9438,43.3347,1421695440
1610,22.9438,43.3347,1421695380
1610,22.9438,43.3347,1421657760
1610,22.9438,43.3347,1421656860
1610,22.9438,43.3347,1421656860
1610,22.9438,43.3347,1421656800
1610,22.9438,43.3347,1421656800
1610,22.9438,43.3347,1421656620
1610,22.9438,43.3347,1421600100
1610,22.9438,43.3347,1421525580
1610,22.9438,43.3347,1421525520
1610,22.9449,43.3354,1421485800
1610,22.9449,43.3354,1421485440
1610,22.9449,43.3354,1421485260
1610,22.9449,43.3354,1421485140
1610,22.9449,43.3354,1421456280
1610,22.9438,43.3347,1421453760
1610,22.9438,43.3347,1421453700
1610,22.9436,43.3347,1421453400
1610,22.9436,43.3347,1421453220
1610,22.9436,43.3347,1421453160
1610,22.9434,43.3347,1421450040
1610,22.9434,43.3347,1421449980
1610,22.9434,43.3347,1421449920
1610,22.9434,43.3347,1421449740
1610,22.9434,43.3347,1421449680
1610,22.9434,43.3347,1421449680
1610,22.9434,43.3347,1421449680
1610,22.9434,43.3347,1421449560
1610,22.9434,43.3347,1421449500
1610,22.9434,43.3347,1421449440
1610,22.9434,43.3347,1421449440
1610,22.9434,43.3347,1421449380
1610,22.9434,43.3347,1421449320
1610,22.9434,43.3347,1421449260
1610,22.9434,43.3347,1421449260
1610,22.9434,43.3347,1421449140
1610,22.9435,43.3347,1421449140
1610,22.9476,43.3341,1421447940
1610,22.9476,43.3341,1421447760
1610,22.9476,43.3341,1421447700
1610,22.9476,43.3341,1421447280
1610,22.9476,43.3341,1421447160
1610,22.9476,43.3341,1421446920
1610,22.9496,43.3338,1421446800
1610,22.9492,43.3339,1421446740
1610,22.9434,43.3347,1421446380
1610,22.9434,43.3347,1421446320
1610,22.9434,43.3347,1421446320
1610,22.9438,43.3347,1421437680
1610,22.9438,43.3347,1421437620
1610,22.9438,43.3347,1421436480
1610,22.9438,43.3347,1421436420
1610,22.9438,43.3347,1421436300
1610,22.9438,43.3347,1421402220
1610,22.9438,43.3347,1421401980
1610,22.9438,43.3347,1421401980
1610,22.9438,43.3347,1421401920
1610,22.9438,43.3347,1421401860
1610,22.9438,43.3347,1421401740
1610,22.9438,43.3347,1421316240
1610,22.9438,43.3347,1421316240
1610,22.9438,43.3347,1421316180
1610,22.9438,43.3347,1421315460
1610,22.9438,43.3347,1421315400
1610,22.9438,43.3347,1421315220
1610,22.9438,43.3347,1421315160
1610,22.9449,43.3354,1421310000
1610,22.9449,43.3354,1421310000
1610,22.9449,43.3354,1421310000
1610,22.9449,43.3354,1421309940
1610,22.9449,43.3354,1421309700
1610,22.9449,43.3354,1421309640
1610,22.9449,43.3354,1421309460
1610,22.9449,43.3354,1421309400
1610,22.9449,43.3354,1421309400
1610,22.9483,43.3354,1421295480
1610,22.9483,43.3354,1421295420
1610,22.9449,43.3354,1421145180
1610,22.9449,43.3354,1421145060
1610,22.9449,43.3354,1421145060
1610,22.9449,43.3354,1421145000
1610,22.9449,43.3354,1421144880
1610,22.9449,43.3354,1421143920
1610,22.9438,43.3347,1421138820
1610,22.9438,43.3347,1421137260
1610,22.9438,43.3347,1421137200
1610,22.9438,43.3347,1421136780
1610,22.9466,43.3351,1421135880
1610,22.9466,43.3351,1421135880
1610,22.9438,43.3347,1421054760
1610,22.9438,43.3347,1421054700
1610,22.9438,43.3347,1420862820
1610,22.9438,43.3347,1420857660
1610,22.9434,43.3347,1420855020
1610,22.9434,43.3347,1420854900
1610,22.9713,43.3919,1420849920
1610,22.9713,43.4022,1420849920
1610,22.9434,43.3347,1420756560
1610,22.9434,43.3347,1420755720
1610,22.9434,43.3347,1420755720
1610,22.9434,43.3347,1420755660
1610,22.9434,43.3347,1420755660
1610,22.9434,43.3347,1420755540
1610,22.9434,43.3347,1420755480
1610,22.9434,43.3347,1420755420
1610,22.9434,43.3347,1420755420
1610,22.9434,43.3347,1420755300
1610,22.9434,43.3347,1420755240
1610,22.9434,43.3347,1420754460
1610,22.9434,43.3347,1420752000
1610,22.9434,43.3347,1420751940
1610,22.9434,43.3347,1420751760
1610,22.9434,43.3347,1420751220
1610,22.9434,43.3347,1420751160
1610,22.9434,43.3347,1420750860
1610,22.9434,43.3347,1420750620
1610,22.9434,43.3347,1420750620
1610,22.9434,43.3347,1420750440
1610,22.9434,43.3347,1420750440
1610,22.9434,43.3347,1420750200
1610,22.9434,43.3347,1420750140
1610,22.9434,43.3347,1420750080
1610,22.9434,43.3347,1420750020
1610,22.9434,43.3347,1420750020
1610,22.9434,43.3347,1420749960
1610,22.9434,43.3347,1420749900
1610,22.9434,43.3347,1420749840
1610,22.9434,43.3347,1420749780
1610,22.9434,43.3347,1420749720
1610,22.9434,43.3347,1420749660
1610,22.9434,43.3347,1420749600
1610,22.9434,43.3347,1420749540
1610,22.9434,43.3347,1420749540
1610,22.9434,43.3347,1420749420
1610,22.9434,43.3347,1420749360
1610,22.9322,43.3265,1420704060
1610,22.9322,43.3265,1420704000
1610,22.9449,43.3354,1410461580
1610,22.9449,43.3354,1410461400
1610,22.9449,43.3354,1410459480
1610,22.9449,43.3354,1410459240
1610,22.9433,43.3347,1410373860
1610,22.9439,43.3347,1410337560
1610,22.9439,43.3347,1410337500
1610,22.9439,43.3347,1410337500
1610,22.9439,43.3347,1410238320
1610,22.9439,43.3347,1410236160
1610,22.9439,43.3347,1410236040
1610,22.9439,43.3347,1410235920
1610,22.9439,43.3347,1410235440
1610,22.9439,43.3347,1410235080
1610,22.9439,43.3347,1410234900
1610,22.9439,43.3347,1410234840
1610,22.9449,43.3354,1408940220
1610,22.945,43.3354,1408518360
1610,22.9449,43.3354,1407914700
1610,22.9449,43.3354,1407914580
1610,22.9896,43.2512,1407558960
1610,22.98,43.2308,1407543960
1610,22.9449,43.3354,1407220860
1610,22.9449,43.3354,1407220800
1610,22.9449,43.3354,1407217380
1610,22.9449,43.3354,1407206220
1610,22.971,43.3764,1407201360
1610,22.9449,43.3354,1406955960
1610,22.9449,43.3354,1406909220
1610,22.945,43.3354,1406908800
1610,22.9448,43.3354,1406908200
1610,22.9529,43.1804,1406838660
1610,22.9529,43.1804,1406838600
1610,22.9527,43.1804,1406838480
1610,22.9529,43.1811,1406838360
1610,22.9521,43.182,1406829420
1610,22.9079,43.1998,1406829360
1610,22.9079,43.1998,1406829300
1610,22.9079,43.1998,1406829300
1610,22.9079,43.1998,1406829240
1610,22.9079,43.1998,1406828760
1610,22.9085,43.2184,1406827740
1610,22.9529,43.1811,1406669340
1610,22.9102,43.1734,1406658660
1610,22.9061,43.2031,1406658240
1610,22.9169,43.2303,1406656860
1610,22.9168,43.2321,1406656800
1610,22.9168,43.2323,1406656800
1610,23.0037,43.3634,1406279220
1610,23.0037,43.3634,1406278800
1610,23.0037,43.3634,1406278560
1610,22.9567,43.1896,1405648800
1610,22.954,43.3425,1405106040
1610,22.954,43.3425,1405105680
1610,22.954,43.3425,1405105620
1610,22.954,43.3425,1405105380
1610,22.945,43.3354,1405066440
1610,22.9449,43.3354,1405066380
1610,22.9449,43.3354,1405066380
1610,22.9449,43.3354,1405066260
1610,22.9449,43.3354,1405066140
1610,22.9449,43.3354,1405066140
1610,22.9449,43.3354,1405065900
1610,22.9449,43.3354,1405065300
1610,22.9449,43.3354,1405065240
1610,22.9449,43.3354,1405060860
1610,22.9449,43.3354,1405046520
1610,22.9449,43.3354,1404979680
1610,22.9449,43.3354,1404973920
1610,22.9449,43.3354,1404973800
1610,22.9449,43.3354,1404973620
1610,22.9388,43.3695,1404498420
1610,22.9449,43.3354,1404495120
1610,22.9449,43.3354,1404495060
1610,22.9449,43.3354,1404495060
1610,22.9449,43.3354,1404494880
1610,22.9449,43.3354,1404494760
1610,22.9449,43.3354,1404494400
1610,22.9449,43.3354,1404494100
1610,22.9449,43.3354,1404494040
1610,22.9449,43.3354,1404488760
1610,22.9449,43.3354,1404465720
1610,22.9449,43.3354,1404239280
1610,22.9449,43.3354,1404028920
1610,22.9449,43.3354,1404028800
1610,22.9449,43.3354,1404028680
1610,22.9449,43.3354,1404028560
1610,22.9449,43.3354,1404028560
1610,22.9449,43.3354,1404028200
1610,22.9449,43.3354,1404027960
1610,22.9449,43.3354,1404027900
1610,22.9449,43.3354,1404024660
1610,22.9448,43.3353,1404023400
1610,22.9316,43.3346,1403944680
1610,22.9449,43.3354,1403887500
1610,22.9449,43.3354,1403756580
1610,22.9449,43.3354,1403753700
1610,22.9449,43.3354,1403753640
1610,22.9449,43.3354,1403752620
1610,22.9449,43.3354,1403752140
1610,22.9449,43.3354,1403750400
1610,22.9449,43.3354,1403726400
1610,22.9449,43.3354,1403726400
1610,22.9449,43.3354,1403726280
1610,22.9449,43.3354,1403662500
1610,22.9449,43.3354,1403662020
1610,22.9449,43.3354,1403661540
1610,22.9449,43.3354,1403661540
1610,22.9449,43.3354,1403661480
1610,22.9449,43.3354,1403636160
1610,22.9449,43.3354,1403636040
1610,22.9449,43.3354,1403636040
1610,22.9449,43.3354,1403635980
1610,22.9449,43.3354,1403632980
1610,22.9449,43.3354,1403593680
1610,22.9449,43.3354,1403593560
1610,22.9449,43.3354,1403593500
1610,22.9449,43.3354,1403593440
1610,22.9449,43.3354,1403593440
1610,22.9449,43.3354,1403593380
1610,22.9449,43.3354,1403593320
1610,22.9449,43.3354,1403593260
1610,22.9449,43.3354,1403593260
1610,22.9449,43.3354,1403592900
1610,22.9449,43.3354,1403592180
1610,22.9449,43.3354,1403591460
1610,22.9449,43.3354,1403590380
1610,22.9449,43.3354,1403589540
1610,22.9449,43.3354,1403589180
1610,22.9449,43.3354,1403589000
1610,22.9449,43.3354,1403588640
1610,22.9449,43.3354,1403588340
1610,22.9449,43.3354,1403582820
1610,22.9449,43.3354,1403582760
1610,22.9449,43.3354,1402781100
1610,22.9449,43.3354,1402780920
1610,22.9449,43.3354,1401827100
1610,22.9449,43.3354,1401769920
1610,22.9449,43.3354,1401769860
1610,22.9449,43.3354,1401739920
1610,22.9449,43.3354,1401739140
1610,22.9449,43.3354,1400522520
1610,22.9449,43.3354,1400486520
1610,22.945,43.3354,1400486520
1610,22.9449,43.3354,1400486460
1610,22.9449,43.3354,1400486460
1610,22.9449,43.3354,1400485980
1610,22.9449,43.3354,1400485920
1610,22.9449,43.3354,1400485800
1610,22.9449,43.3354,1400485740
1610,22.9449,43.3354,1400485680
1610,22.9449,43.3354,1400485620
1610,22.9449,43.3354,1400485620
1610,22.9449,43.3354,1400485500
1610,22.9449,43.3354,1400485380
1610,22.9449,43.3354,1400485260
1610,22.9449,43.3354,1400485200
1610,22.9449,43.3354,1400485140
1610,22.9449,43.3354,1400484720
1610,22.9449,43.3354,1400484660
1610,22.9449,43.3354,1400484660
1610,22.9449,43.3354,1400484600
1610,22.9449,43.3354,1400484600
1610,22.9449,43.3354,1400484480
1610,22.9449,43.3354,1400484360
1610,22.9449,43.3354,1400484240
1610,22.9449,43.3354,1400484180
1610,22.945,43.3354,1400484120
1610,22.9449,43.3354,1400484060
1610,22.9449,43.3354,1400484000
1610,22.9449,43.3354,1400483820
1610,22.9449,43.3354,1400483820
1610,22.9449,43.3354,1400483280
1610,22.9449,43.3354,1400483100
1610,22.9449,43.3354,1400483040
1610,22.9449,43.3354,1400482980
1610,22.8661,43.2691,1399863120
1610,22.97,43.3862,1399831080
1610,23.0131,43.2963,1399485240
1610,22.9449,43.3354,1399311720
1610,22.9448,43.3353,1398890640
1610,23.0131,43.2963,1398412740
1610,23.0087,43.3076,1397674440
1610,22.9889,43.3259,1397673900
1610,22.9806,43.336,1397673660
1610,22.9806,43.336,1397673600
1610,22.9805,43.336,1397673540
1610,22.9449,43.3353,1397670060
1610,22.9449,43.3354,1395546420
1610,22.9449,43.3353,1395394440
1610,22.9449,43.3354,1395394380
1610,22.9449,43.3353,1395394320
1610,22.9449,43.3353,1395394200
1610,22.9448,43.3353,1395394200
1610,22.9448,43.3353,1395394140
1610,22.9448,43.3354,1395394140
1610,22.9449,43.3353,1395394080
1610,22.9449,43.3353,1395393780
1610,22.9448,43.3354,1395145920
1610,22.9831,43.3658,1394521020
1610,22.9832,43.3658,1394520720
1610,22.9464,43.3338,1394519880
1610,22.9464,43.3338,1394519700
1610,22.9449,43.3357,1394516040
