1626,39.8363,32.7606,1367002380
1626,40.9638,29.1028,1366505460
1626,40.9638,29.1028,1366159320
1626,38.2852,26.3754,1342312980
1626,38.3403,26.3147,1342283220
1626,41.0347,28.9772,1339541940
1626,41.1033,28.9911,1339117200
1626,40.9795,29.0756,1339017360
1626,41.1269,29.0215,1338063420
1626,40.9186,29.1808,1337602140
1626,40.9795,29.0756,1337289960
1626,40.9795,29.0756,1337117520
1626,40.9186,29.1808,1336651380
1626,40.9644,29.0656,1336337040
1626,40.97,29.0387,1336311540
1626,40.9186,29.1808,1335787620
1626,41.1352,29.1004,1335143220
1626,40.9186,29.1746,1334060160
1626,40.9188,29.181,1332771780
1626,41.0349,28.9777,1332619980
1626,40.9188,29.181,1332170520
1626,41.0313,28.9749,1332032940
1626,41.0256,28.6247,1331833740
1626,41.0154,28.9724,1331760300
1626,40.9188,29.181,1331563320
1626,41.0438,28.9966,1331316360
1626,40.9888,28.8223,1330717920
1626,41.0463,29.008,1330601460
1626,41.0393,29.0407,1330599900
1626,40.9188,29.181,1330095180
1626,40.9188,29.181,1329414180
1626,40.9188,29.181,1329159600
1626,41.0257,28.6242,1328977680
1626,41.0256,28.6247,1328898600
1626,40.9188,29.181,1328712420
1626,41.0771,29.0269,1328282520
1626,40.9885,28.8256,1328033760
1626,40.9536,29.0951,1327882980
1626,40.9188,29.181,1327670940
1626,40.9188,29.181,1327325220
1626,40.9884,29.0372,1327183320
1626,40.9885,28.8256,1326999720
1626,41.0256,28.6247,1326819300
1626,40.9188,29.181,1326720660
1626,41.0649,29.0028,1326484140
1626,41.0783,29.0111,1326399480
1626,40.9188,29.181,1326201420
1626,40.9188,29.181,1326114240
1626,41.1101,29.0326,1326045660
1626,40.9763,29.0795,1325992440
1626,41.0634,28.9915,1325810880
1626,40.978,29.0786,1325715360
1626,40.9188,29.181,1325682720
1626,40.9769,29.0794,1325635980
1626,40.978,29.0786,1325628120
1626,40.9605,29.1284,1325626080
1626,40.9188,29.181,1325596740
1626,40.9759,29.0799,1325551800
1626,40.976,29.0798,1325550420
1626,40.9186,29.181,1325526960
1626,40.9188,29.181,1325514300
1626,40.9759,29.0799,1325212920
1626,40.9761,29.0797,1325212620
1626,40.978,29.0786,1325198100
1626,40.9648,29.0727,1325121420
1626,40.9671,29.0676,1325014260
1626,40.9759,29.0799,1324953240
1626,40.9761,29.0798,1324947780
1626,40.978,29.0786,1324935300
1626,41.0454,29.0344,1324700940
1626,41.0355,28.9836,1324687860
1626,40.9778,29.0785,1324657620
1626,40.9778,29.0785,1324657440
1626,40.978,29.0786,1324655700
1626,40.9595,29.095,1324602360
1626,40.9527,29.0993,1324511700
1626,40.9778,29.0784,1324339080
1626,40.978,29.0786,1324338420
1626,41.0634,28.9915,1324069620
1626,40.9764,29.0793,1323917460
1626,40.9764,29.0792,1323485460
1626,41.0631,28.9923,1323465660
1626,40.9759,29.0796,1323401040
1626,40.9764,29.0792,1323400080
1626,40.9761,29.0797,1323399360
1626,40.9669,29.0678,1323300060
1626,40.9761,29.0797,1323226560
1626,40.9761,29.0797,1323225840
1626,40.978,29.0786,1323207480
1626,40.9761,29.0798,1323142920
1626,40.976,29.0798,1323141660
1626,40.9761,29.0797,1323140880
1626,41.0444,29.0073,1323015780
1626,40.9762,29.0793,1322965680
1626,40.9763,29.0794,1322883000
1626,40.9739,29.0785,1322881200
1626,40.9762,29.0796,1322835720
1626,40.9762,29.0796,1322793480
1626,40.9757,29.08,1322790180
1626,40.978,29.0786,1322775540
1626,40.9671,29.0676,1322745240
1626,40.9759,29.0798,1322741460
1626,40.9762,29.0795,1322627040
1626,40.9761,29.0796,1322618340
1626,40.9762,29.0796,1322616120
1626,40.968,29.0711,1322577960
1626,40.9752,29.0757,1322577480
1626,40.9651,29.0662,1322533620
1626,40.9693,29.0695,1322504820
1626,40.9672,29.0676,1322495100
1626,40.9763,29.0794,1322451360
1626,40.9757,29.08,1322364000
1626,40.9759,29.0799,1322363400
1626,40.9757,29.0799,1322357460
1626,40.9711,29.0785,1322352540
1626,41.0343,28.9976,1322273700
1626,40.98,29.0772,1322233560
1626,40.9758,29.0799,1322227500
1626,40.9758,29.0799,1322226780
1626,40.9761,29.0796,1322190720
1626,40.9763,29.0795,1322189040
1626,40.9671,29.0676,1322063460
1626,40.9672,29.0677,1322062680
1626,40.9757,29.08,1322016480
1626,40.9763,29.0794,1322015220
1626,40.9761,29.0796,1322011080
1626,40.9762,29.0796,1321934940
1626,40.9711,29.0785,1321930740
1626,40.9711,29.0785,1321767540
1626,41.0518,29.005,1321659660
1626,41.0489,28.9943,1321641360
1626,40.9761,29.0797,1321585620
1626,40.9763,29.0793,1321498800
1626,40.9761,29.0796,1321416240
1626,40.976,29.0797,1321327140
1626,40.9761,29.0797,1321327020
1626,40.978,29.0786,1321306860
1626,40.9762,29.0794,1321236960
1626,40.9759,29.0801,1321232160
1626,40.9757,29.0802,1321145580
1626,40.9758,29.08,1321143120
1626,40.976,29.0797,1321140180
1626,41.044,29.0073,1320877740
1626,41.0445,29.0068,1320876960
1626,40.9712,29.0792,1320712560
1626,40.9758,29.0799,1320672000
1626,40.9762,29.0797,1320589320
1626,40.9759,29.0798,1320549420
1626,40.971,29.0792,1320458340
1626,40.976,29.0798,1320200220
1626,40.9758,29.0799,1320024900
1626,40.9759,29.0799,1320015540
1626,40.976,29.0798,1319943420
1626,41.042,29.0052,1319936100
1626,41.0689,29.0142,1319923680
1626,40.9758,29.08,1319508360
1626,40.976,29.0798,1319506560
1626,40.9711,29.0785,1319416500
1626,40.9758,29.08,1319073180
1626,40.971,29.0789,1318988580
1626,40.9758,29.08,1318985460
1626,40.9701,29.0695,1318970340
1626,40.9669,29.0674,1318966140
1626,40.9762,29.0797,1318905000
1626,40.9669,29.0674,1318880760
1626,40.9758,29.0802,1318558260
1626,40.9758,29.0802,1318557720
1626,40.967,29.0673,1318450080
1626,41.1033,28.9911,1318371060
1626,40.967,29.0673,1318264500
1626,40.97,29.0695,1318262640
1626,40.97,29.0695,1318187100
1626,41.005,29.0605,1318171980
1626,40.9763,29.0797,1317953760
1626,41.0454,29.0344,1317950100
1626,40.9744,29.0794,1317863700
1626,40.97,29.0695,1317850320
1626,40.9763,29.0797,1317780840
1626,40.97,29.0695,1317754920
1626,41.0567,29.0356,1317597600
1626,40.971,29.0785,1317513180
1626,40.971,29.0789,1317350700
1626,40.9759,29.08,1317261420
1626,40.9763,29.0797,1317082320
1626,41.0385,29.1069,1317043380
1626,40.9928,29.0709,1317036600
1626,40.9761,29.0791,1316910180
1626,40.9703,29.0695,1316897580
1626,40.9703,29.0695,1316897400
1626,40.971,29.0695,1316877180
1626,41.0446,29.041,1316725440
1626,40.9763,29.0796,1316692620
1626,40.9703,29.0695,1316610000
1626,40.9759,29.0797,1316566080
1626,40.9748,29.0799,1316560860
1626,40.9703,29.0695,1316545140
1626,40.9703,29.0695,1316541660
1626,40.971,29.0787,1316479740
1626,40.979,29.077,1316464380
1626,40.971,29.0785,1316430900
1626,40.9763,29.0796,1316395380
1626,40.9702,29.0695,1316366100
1626,40.9702,29.0695,1316365800
1626,40.9899,29.0658,1316359560
1626,40.9668,29.0673,1316116260
1626,40.963,29.0757,1315783080
1626,41.0755,29.043,1315568340
1626,41.1715,29.6309,1314900900
1626,40.9667,29.0688,1314661920
1626,36.301,30.3238,1314543780
1626,36.3895,30.4596,1314010080
1626,40.9675,29.0673,1313694120
