1627,33.7373,117.8185,1402224840
1627,33.8967,118.3175,1401510540
1627,33.9025,117.5614,1396067940
1627,34.0785,117.6284,1395988260
1627,34.078,117.6287,1395985440
1627,33.6838,117.1751,1392015540
1627,33.6838,117.1751,1392015240
1627,33.7476,117.1377,1392001680
1627,33.9904,117.7142,1391832000
1627,33.969,118.4174,1391764980
1627,33.9478,117.3868,1390801560
1627,33.9904,117.7141,1390534500
1627,33.9333,117.1793,1390519080
1627,33.9981,117.7188,1390380000
1627,33.4564,112.3942,1390197840
1627,33.4565,112.3942,1390197660
1627,33.4556,112.3941,1390086060
1627,33.4565,112.394,1390043400
1627,33.6242,112.1145,1390026180
1627,33.959,117.6791,1389939720
1627,34.2172,119.0177,1389581820
1627,33.933,117.1792,1389232140
1627,33.9928,117.7063,1389067440
1627,34.1354,117.9788,1388989800
1627,34.0003,118.1108,1388580540
1627,34.0003,118.1111,1388576100
1627,34.0005,118.111,1388575920
1627,33.9977,117.7187,1388489160
1627,33.9927,117.7058,1384247340
1627,32.8462,117.2728,1357045260
1627,32.6707,117.0546,1354931880
1627,33.065,117.2612,1354764060
1627,32.733,117.1993,1354581300
1627,33.8686,117.5917,1354505340
1627,33.8713,117.5856,1354493340
1627,33.094,117.256,1354156320
1627,33.094,117.256,1354145880
1627,33.9913,117.7355,1352768940
1627,33.0938,117.2667,1352578260
1627,34.0851,117.545,1351819080
1627,34.0851,117.545,1351819080
1627,33.7914,116.3532,1350541200
1627,32.5849,117.0897,1349562060
1627,32.5849,117.0897,1349561820
1627,33.9426,117.2864,1349175720
1627,34.0851,117.545,1349151720
1627,33.5705,117.7141,1348028160
1627,33.9165,117.2434,1347779400
1627,33.6134,117.7087,1347609480
1627,33.9624,117.2535,1347298800
1627,33.9638,117.2576,1347297600
1627,33.9629,117.2577,1347297120
1627,36.1013,115.1824,1347282180
1627,36.1013,115.1824,1347281580
1627,38.952,109.6852,1347258900
1627,44.9727,93.1509,1346747160
1627,44.9727,93.1509,1346733660
1627,44.9722,93.1752,1346557320
1627,41.472,87.3284,1346376600
1627,41.472,87.3284,1346376540
1627,41.6028,87.3327,1346313240
1627,41.4719,87.3309,1346284740
1627,44.972,93.1544,1346104140
1627,44.9722,93.1752,1346010360
1627,44.9722,93.1752,1345943940
1627,44.9717,93.1499,1345775700
1627,44.9727,93.1509,1345774740
1627,44.9722,93.1752,1345609200
1627,44.9722,93.1752,1345523940
1627,44.9722,93.1752,1345518720
1627,47.3937,97.0599,1345449180
1627,47.9343,97.0919,1345444680
1627,49.8936,97.1426,1345336260
1627,49.8938,97.1336,1345280460
1627,45.4127,94.0552,1345202940
1627,44.9727,93.1509,1345194420
1627,44.978,93.2748,1345187940
1627,44.8538,93.241,1345003920
1627,44.9727,93.1509,1344856560
1627,44.9781,93.2747,1344838080
1627,44.9727,93.1509,1344829560
1627,44.9722,93.1752,1344745440
1627,44.9721,93.1755,1344657540
1627,44.9721,93.1749,1344655440
1627,46.88,96.7879,1344565800
1627,46.8339,96.9038,1344538680
1627,46.88,96.7879,1344476760
1627,46.8784,96.7877,1344464340
1627,46.8782,96.7877,1344463260
1627,46.9023,96.7913,1344394260
1627,46.8914,96.7877,1344393360
1627,46.8793,96.7831,1344375660
1627,41.4721,87.3283,1344140220
1627,41.603,87.3325,1344134340
1627,41.4703,87.3341,1344034500
1627,44.9721,93.1749,1343880060
1627,44.9721,93.1749,1343785920
1627,39.127,94.825,1343292840
1627,39.1418,94.8155,1343210880
1627,42.4945,96.4016,1343005440
1627,42.4945,96.4016,1343002980
1627,42.443,96.3642,1342930380
