1676,41.0726,29.059,1365297540
1676,41.0976,28.536,1353947520
1676,41.0154,28.4821,1349137620
1676,41.0715,28.143,1345426740
1676,41.0602,28.538,1342533780
1676,41.0602,28.538,1338898080
1676,40.9871,28.598,1335226200
1676,41.0602,28.538,1334973480
1676,41.0602,28.538,1332515400
1676,41.0315,28.9833,1331076900
1676,41.0602,28.538,1330521360
1676,41.0454,29.0344,1330383360
1676,41.0314,28.9839,1330223160
1676,41.0602,28.538,1329750120
1676,41.0602,28.538,1329224460
1676,41.0602,28.538,1328226420
1676,41.0496,28.9919,1327937340
1676,41.1739,28.9901,1327797000
1676,41.048,28.993,1327453260
1676,41.0514,28.9916,1326380520
1676,41.0602,28.538,1324344840
1676,41.0602,28.538,1323821520
1676,40.9858,29.1,1323468540
1676,41.0755,29.043,1323219840
1676,40.9525,29.1669,1323133440
1676,41.0454,29.0344,1323116340
1676,40.9852,29.1002,1322268780
1676,40.9858,29.1,1322267520
1676,41.0723,28.1432,1320706800
1676,41.0247,28.6234,1320504000
1676,41.0454,29.0344,1320182700
1676,41.1102,29.0325,1319653620
1676,41.0157,28.9735,1319036880
1676,40.9667,29.0688,1315089720
1676,40.979,28.8508,1314742560
1676,40.9629,29.0627,1314580620
1676,41.0135,28.597,1314322320
1676,40.9667,29.0688,1314234600
1676,41.0794,29.0322,1314148740
1676,40.9715,29.0738,1313791560
