1683,25.9122,80.3244,1423019220
1683,25.8824,80.2502,1423018740
1683,25.9288,80.3128,1422947460
1683,25.929,80.3128,1422939840
1683,25.929,80.313,1422934860
1683,26.1752,80.2566,1422861120
1683,26.1753,80.2567,1422855780
1683,25.9614,80.2765,1422779400
1683,25.9614,80.2765,1422778320
1683,25.9614,80.2765,1422777900
1683,25.9614,80.2765,1422777840
1683,25.9614,80.2766,1422772680
1683,25.947,80.3361,1422771240
1683,25.9468,80.336,1422765300
1683,25.9468,80.336,1422765240
1683,25.947,80.3361,1422762600
1683,25.9291,80.3131,1422761940
1683,25.9469,80.3359,1422760860
1683,25.9469,80.3359,1422760680
1683,25.9469,80.3359,1422760440
1683,25.947,80.3361,1422756120
1683,25.947,80.3361,1422755460
1683,25.947,80.3361,1422755040
1683,25.9436,80.3343,1422753060
1683,25.9289,80.3127,1422747480
1683,25.927,80.309,1422680400
1683,25.927,80.309,1422679500
1683,25.927,80.309,1422679440
1683,25.903,80.2916,1422673200
1683,25.8827,80.2443,1422673140
1683,25.9289,80.3133,1422602580
1683,25.9289,80.3133,1422602160
1683,25.9289,80.3129,1422598440
1683,25.929,80.313,1422596640
1683,25.8827,80.2442,1422593520
1683,25.9288,80.3131,1422515580
1683,25.9291,80.3129,1422503280
1683,25.9291,80.313,1422503040
1683,25.9291,80.313,1422502920
1683,25.9291,80.313,1422502920
1683,25.9292,80.313,1422502860
1683,25.884,80.2512,1422463380
1683,25.8835,80.2531,1422463080
1683,25.8967,80.2565,1422462960
1683,25.9292,80.3129,1422339840
1683,25.9292,80.3129,1422339720
1683,25.9292,80.3129,1422338640
1683,25.9289,80.3129,1422260760
1683,25.929,80.3129,1422259680
1683,25.929,80.3129,1422259560
1683,25.929,80.3129,1422259440
1683,25.9289,80.3129,1422258960
1683,25.929,80.3129,1422258420
1683,25.929,80.3129,1422257400
1683,25.9467,80.3362,1422246120
1683,25.9471,80.3361,1422237480
1683,25.9381,80.3335,1422187080
1683,25.9564,80.3292,1422186720
1683,25.9566,80.329,1422185040
1683,25.9566,80.329,1422184740
1683,25.9566,80.329,1422183840
1683,25.9563,80.33,1422179040
1683,25.9563,80.33,1422177300
1683,25.9563,80.33,1422177120
1683,25.9563,80.33,1422177060
1683,25.9288,80.3128,1422174540
1683,25.9469,80.3362,1422156360
1683,25.9469,80.3361,1422156000
1683,25.9469,80.3362,1422153720
1683,25.947,80.3361,1422150180
1683,25.9287,80.3129,1422145800
1683,25.9289,80.3129,1422142080
1683,25.9289,80.313,1422141900
1683,25.9289,80.3129,1422141840
1683,25.9289,80.3128,1422141180
1683,25.9289,80.3129,1422129660
1683,25.9289,80.3129,1422129600
1683,25.9289,80.3128,1422128820
1683,25.9289,80.3129,1422128760
1683,25.9292,80.3129,1422079740
1683,25.9292,80.3129,1422079620
1683,25.9292,80.3129,1422076980
1683,25.9292,80.3129,1422075900
1683,25.9286,80.3127,1422074700
1683,25.9049,80.3242,1422071520
1683,25.8818,80.2461,1422070680
1683,25.929,80.3129,1421994600
1683,25.929,80.3129,1421994480
1683,25.929,80.3129,1421994420
1683,25.929,80.3129,1421994300
1683,25.929,80.3129,1421991060
1683,25.9285,80.3192,1421984400
1683,25.9092,80.3245,1421983980
1683,25.8988,80.286,1421983740
1683,25.929,80.313,1421913960
1683,25.9289,80.3129,1421911980
1683,25.929,80.3129,1421908500
1683,25.929,80.3129,1421905740
1683,25.877,80.2432,1421900400
1683,25.8751,80.2451,1421900220
1683,25.933,80.3095,1421821500
1683,25.9396,80.2983,1421821380
1683,25.947,80.3363,1421729700
1683,25.947,80.3363,1421729580
1683,25.947,80.3363,1421729580
1683,25.947,80.3363,1421725020
1683,25.9289,80.3128,1421694540
1683,25.8898,80.3266,1421647740
1683,25.9294,80.3127,1421629380
1683,25.9294,80.3127,1421624940
1683,25.9294,80.3127,1421624820
1683,25.9294,80.3127,1421624700
1683,25.9301,80.3142,1421624280
1683,25.93,80.3142,1421624220
1683,25.93,80.3144,1421623980
1683,25.93,80.3144,1421623980
1683,25.93,80.3144,1421623920
1683,25.93,80.3144,1421623860
1683,25.93,80.3144,1421623740
1683,25.93,80.3144,1421623620
1683,25.93,80.3144,1421623560
1683,25.93,80.3144,1421623500
1683,25.9301,80.3143,1421623200
1683,25.9301,80.3143,1421623200
1683,25.9301,80.3143,1421623140
1683,25.947,80.3362,1421620980
1683,25.9247,80.3108,1421620500
1683,25.947,80.3362,1421620380
1683,25.9292,80.3129,1421615640
1683,25.9292,80.3129,1421612340
1683,25.9292,80.3129,1421612280
1683,25.9292,80.3129,1421612280
1683,25.9292,80.3129,1421607300
1683,25.9247,80.3108,1421605920
1683,25.9286,80.313,1421572740
1683,25.9289,80.3131,1421568360
1683,25.9293,80.3128,1421549880
1683,25.9293,80.3128,1421549820
1683,25.9293,80.3128,1421549460
1683,25.9288,80.3129,1421546040
1683,25.9288,80.3129,1421544780
1683,25.9288,80.3129,1421540040
1683,25.9288,80.3129,1421539920
1683,25.9288,80.3129,1421539200
1683,25.9288,80.3129,1421539200
1683,25.9288,80.3129,1421538540
1683,25.9288,80.3129,1421538360
1683,25.9288,80.3129,1421536320
1683,25.9288,80.3129,1421535600
1683,25.9288,80.3129,1421535000
1683,25.9288,80.3129,1421533560
1683,25.9288,80.3129,1421530380
1683,25.9288,80.3127,1421521980
1683,25.9288,80.3127,1421521560
1683,25.9288,80.3127,1421518680
1683,25.9288,80.3127,1421518620
1683,25.9288,80.3127,1421480760
1683,25.9288,80.3127,1421480760
1683,25.9288,80.3127,1421480340
1683,25.9288,80.3127,1421480220
1683,25.9288,80.3127,1421475660
1683,25.9288,80.3127,1421475300
1683,25.9288,80.3127,1421475060
1683,25.9288,80.3127,1421474880
1683,25.9288,80.3127,1421474820
1683,25.9288,80.3127,1421474700
1683,25.9288,80.3127,1421474280
1683,25.9288,80.3127,1421474280
1683,25.9288,80.3127,1421474160
1683,25.9288,80.3127,1421474100
1683,25.9288,80.3127,1421474040
1683,25.9288,80.3127,1421473740
1683,25.9288,80.3127,1421473620
1683,25.9288,80.3127,1421473500
1683,25.9288,80.3127,1421473200
1683,25.9288,80.3127,1421473140
1683,25.9288,80.3127,1421473020
1683,25.929,80.3129,1421470980
1683,25.929,80.3129,1421470380
1683,25.9291,80.3126,1421469960
1683,25.9291,80.3126,1421469960
1683,25.9291,80.3126,1421469960
1683,25.9289,80.3129,1421469300
1683,25.9289,80.3129,1421469240
1683,25.929,80.3129,1421469180
1683,25.9291,80.3128,1421468820
1683,25.9291,80.3128,1421468820
1683,25.9291,80.3128,1421468760
1683,25.9292,80.3128,1421468700
1683,25.9291,80.3128,1421467680
1683,25.9291,80.3128,1421467620
1683,25.8821,80.25,1421464500
1683,25.8821,80.25,1421464440
1683,25.8821,80.25,1421464440
1683,25.8821,80.25,1421464380
1683,25.8823,80.2503,1421444580
1683,25.925,80.3108,1421397300
1683,25.925,80.3108,1421397240
1683,25.9249,80.3108,1421397120
1683,25.925,80.3108,1421395500
1683,25.925,80.3108,1421394540
1683,25.925,80.3108,1421388960
1683,25.925,80.3108,1421388120
1683,25.9247,80.3108,1421388120
1683,25.925,80.3108,1421388000
1683,25.925,80.3108,1421388000
1683,25.925,80.3108,1421388000
1683,25.925,80.3108,1421388000
1683,25.941,80.3211,1421387100
1683,25.925,80.311,1421121840
1683,25.925,80.311,1421121660
1683,25.925,80.311,1421121600
1683,25.9247,80.3108,1421121240
1683,25.929,80.3129,1421055240
1683,25.929,80.3129,1421054460
1683,25.929,80.3129,1421049900
1683,25.929,80.3129,1421049720
1683,25.929,80.3129,1421049600
1683,25.925,80.311,1421046240
1683,25.925,80.311,1421045460
1683,25.9247,80.3108,1421038980
1683,25.9295,80.3123,1420972380
1683,25.9295,80.3123,1420971600
1683,25.9295,80.3123,1420971420
1683,25.9295,80.3123,1420971360
1683,25.9295,80.3123,1420971360
1683,25.9295,80.3123,1420971180
1683,25.9295,80.3123,1420971120
1683,25.9295,80.3123,1420971120
1683,25.9295,80.3123,1420971060
1683,25.9295,80.3123,1420966920
1683,25.9295,80.3123,1420966500
1683,25.9325,80.3117,1420966260
1683,25.9468,80.3361,1420964040
1683,25.9469,80.3362,1420954020
1683,25.9445,80.332,1420952220
1683,25.9469,80.3361,1420946580
1683,25.9469,80.3361,1420943700
1683,25.9293,80.3122,1420933620
1683,25.9293,80.3122,1420932660
1683,25.9293,80.3122,1420926180
1683,25.9293,80.3122,1420920120
1683,25.9293,80.3122,1420920000
1683,25.9293,80.3122,1420919940
1683,25.9293,80.3122,1420919640
1683,25.9293,80.3122,1420919580
1683,25.9293,80.3122,1420919340
1683,25.9293,80.3122,1420919160
1683,25.9293,80.3122,1420919040
1683,25.9293,80.3122,1420918860
1683,25.9293,80.3122,1420918860
1683,25.9293,80.3122,1420918800
1683,25.9293,80.3122,1420918740
1683,25.9293,80.3122,1420918740
1683,25.9293,80.3122,1420918560
1683,25.9293,80.3122,1420918500
1683,25.9293,80.3122,1420918380
1683,25.9293,80.3122,1420918260
1683,25.9293,80.3122,1420917840
1683,25.9293,80.3122,1420914300
1683,25.9293,80.3122,1420895940
1683,25.9293,80.3122,1420895760
1683,25.9293,80.3122,1420895340
1683,25.9293,80.3122,1420895280
1683,25.9293,80.3122,1420894380
1683,25.9293,80.3122,1420885320
1683,25.9293,80.3122,1420883700
1683,25.9293,80.3122,1420881720
1683,25.9293,80.3122,1420877160
1683,25.9293,80.3122,1420877100
1683,25.9293,80.3122,1420876800
1683,25.9293,80.3122,1420876740
1683,25.9293,80.3122,1420876620
1683,25.9293,80.3122,1420876560
1683,25.9293,80.3122,1420876320
1683,25.9293,80.3122,1420875900
1683,25.9293,80.3122,1420873860
1683,25.9293,80.3122,1420873740
1683,25.9247,80.3108,1420873020
1683,25.9247,80.3108,1420872840
1683,25.925,80.311,1420872720
1683,25.9247,80.3108,1420872600
1683,25.925,80.311,1420872120
1683,25.925,80.311,1420872000
1683,25.9288,80.3128,1420868460
1683,25.9288,80.3128,1420868400
1683,25.9288,80.3128,1420868280
1683,25.9288,80.3128,1420868160
1683,25.9287,80.3125,1420868040
1683,25.9287,80.3125,1420868040
1683,25.9288,80.3129,1420867740
1683,25.9288,80.3129,1420867680
1683,25.9288,80.3129,1420867620
1683,25.9288,80.3129,1420867620
1683,25.9288,80.3129,1420867560
1683,25.9288,80.3129,1420867500
1683,25.9288,80.3129,1420867440
1683,25.9288,80.3129,1420867380
1683,25.9288,80.3129,1420867260
1683,25.9288,80.3129,1420867140
1683,25.9294,80.313,1420867080
1683,25.9294,80.313,1420866900
1683,25.9294,80.313,1420866840
1683,25.9294,80.313,1420866660
1683,25.9294,80.313,1420866660
1683,25.9294,80.313,1420866540
1683,25.9294,80.313,1420866480
1683,25.9294,80.313,1420866360
1683,25.9294,80.313,1420866300
1683,25.9294,80.313,1420866240
1683,25.925,80.311,1420865760
1683,25.925,80.311,1420865760
1683,25.925,80.311,1420863180
1683,25.9466,80.2937,1420862040
1683,25.9555,80.3105,1420860660
1683,25.914,80.3324,1420859640
1683,25.9141,80.3325,1420859520
1683,25.9021,80.345,1420851180
1683,25.9021,80.345,1420851120
1683,25.9021,80.345,1420850880
1683,25.9021,80.345,1420850820
1683,25.9022,80.3451,1420850220
1683,25.9212,80.293,1420848120
1683,25.9212,80.293,1420848060
1683,25.9212,80.293,1420848000
1683,25.9212,80.293,1420847640
1683,25.9212,80.293,1420845000
1683,25.9288,80.3128,1420844160
1683,25.9288,80.3128,1420843800
1683,25.9288,80.3128,1420843560
1683,25.9288,80.3128,1420843500
1683,25.9298,80.312,1420800900
1683,25.9298,80.312,1420799940
1683,25.9298,80.312,1420799460
1683,25.9298,80.312,1420799280
1683,25.9298,80.312,1420799280
1683,25.9298,80.312,1420798920
1683,25.9298,80.312,1420798860
1683,25.9298,80.312,1420798680
1683,25.9298,80.312,1420798560
1683,25.9298,80.312,1420797840
1683,25.9298,80.312,1420786140
1683,25.929,80.3128,1420773180
1683,25.9289,80.3126,1420772880
1683,25.9289,80.3126,1420772820
1683,25.9289,80.3126,1420771800
1683,25.9251,80.3108,1419495300
1683,25.925,80.3108,1419495000
1683,25.9333,80.3163,1419495000
1683,25.9247,80.3107,1419494280
1683,25.9247,80.3107,1419494040
1683,25.9333,80.3163,1419493740
1683,25.9333,80.3163,1419493380
1683,25.8905,80.3277,1419461100
1683,26.01,80.3863,1419409860
1683,26.0106,80.4234,1419405840
1683,25.9423,80.3347,1419403320
1683,25.9293,80.3129,1419402480
1683,25.9289,80.3128,1419400860
1683,25.9289,80.3128,1419400200
1683,25.9289,80.3128,1419398880
1683,25.9289,80.3128,1419397800
1683,25.9471,80.3358,1419327120
1683,25.9292,80.3127,1419203520
1683,25.9292,80.3127,1419203400
1683,25.9292,80.3127,1419203400
1683,25.9292,80.3127,1419203280
1683,25.9342,80.3147,1419203100
1683,25.9342,80.3147,1419202980
1683,25.9424,80.3417,1419201960
1683,25.9424,80.3417,1419201300
1683,25.9291,80.3125,1419055380
1683,25.9288,80.3127,1419051840
1683,25.9288,80.3127,1419051720
1683,25.929,80.3131,1419051540
1683,25.929,80.3131,1419050520
1683,25.929,80.3129,1419047820
1683,25.929,80.3129,1419047760
1683,25.929,80.3129,1419047640
1683,25.929,80.3129,1419047460
1683,25.929,80.3127,1419041160
1683,25.793,80.2102,1419032460
1683,25.9247,80.3107,1418979720
1683,25.9249,80.3107,1418979660
1683,25.9249,80.3107,1418979540
1683,25.9249,80.3107,1418979420
1683,25.9249,80.3107,1418979300
1683,25.9471,80.3361,1418973060
1683,25.9469,80.3361,1418969400
1683,25.9398,80.3235,1418956500
1683,25.927,80.3349,1418943300
1683,25.922,80.2917,1418941740
1683,25.922,80.2917,1418940840
1683,25.922,80.2917,1418939760
1683,25.922,80.2917,1418939700
1683,25.922,80.2917,1418939160
1683,25.922,80.2917,1418938320
1683,25.922,80.2917,1418937900
1683,25.9218,80.2916,1418929980
1683,25.9218,80.2916,1418929380
1683,25.9289,80.313,1418895840
1683,25.9289,80.313,1418895180
1683,25.9289,80.313,1418894640
1683,25.9289,80.313,1418894520
1683,25.9289,80.313,1418894520
1683,25.9292,80.3128,1418872440
1683,25.9292,80.3128,1418870880
1683,25.9247,80.3107,1418865180
1683,25.9131,80.3296,1418859960
1683,25.9142,80.3265,1418856780
1683,25.9142,80.3265,1418856720
1683,25.9249,80.3107,1418809020
1683,25.9249,80.3106,1418808840
1683,25.947,80.336,1418801100
1683,25.947,80.336,1418798760
1683,25.929,80.313,1418798340
1683,25.9141,80.3323,1418796420
1683,25.9469,80.3362,1418794020
1683,25.9469,80.3362,1418793840
1683,25.9469,80.3362,1418793600
1683,25.9469,80.3362,1418789160
1683,25.9469,80.3362,1418789100
1683,25.9469,80.3362,1418789040
1683,25.9468,80.3363,1418787420
1683,25.929,80.313,1418786160
1683,25.9421,80.3342,1418785680
1683,25.9303,80.3338,1418785560
1683,25.9289,80.313,1418785140
1683,25.9183,80.3285,1418778420
1683,25.922,80.2916,1418765220
1683,25.922,80.2916,1418764800
1683,25.9247,80.2898,1418764500
1683,25.9247,80.2898,1418764500
1683,25.9289,80.3129,1418758800
1683,25.9289,80.3129,1418758740
1683,25.9289,80.3129,1418758620
1683,25.9289,80.3129,1418758620
1683,25.9249,80.3106,1418720220
1683,25.9249,80.3106,1418719800
1683,25.9249,80.3106,1418719380
1683,25.9247,80.3107,1418715600
1683,25.9249,80.3107,1418715240
1683,25.9249,80.3106,1418715180
1683,25.9249,80.3107,1418713560
1683,25.9249,80.3106,1418713320
1683,25.9249,80.3106,1418712060
1683,25.9247,80.3107,1418711700
1683,25.9249,80.3107,1418711520
1683,25.9249,80.3106,1418710860
1683,25.9249,80.3107,1418710560
1683,25.9247,80.3107,1418709540
1683,25.9247,80.3107,1418709360
1683,25.9249,80.3107,1418700900
1683,25.9249,80.3106,1418700660
1683,25.9247,80.3107,1418700600
1683,25.9249,80.3106,1418700480
1683,25.9249,80.3106,1418695980
1683,26.0157,80.2254,1418612040
1683,26.0156,80.2255,1418605500
1683,26.0157,80.2255,1418591700
1683,26.0158,80.2253,1418590980
1683,26.0156,80.2252,1418531880
1683,25.9286,80.3132,1418525400
1683,25.9286,80.3132,1418524740
1683,25.9287,80.3129,1418523420
1683,25.9253,80.3107,1417667280
1683,25.9253,80.3107,1417667280
1683,25.9253,80.3107,1417641540
1683,25.9288,80.3128,1417568820
1683,25.9288,80.3128,1417568520
1683,25.9288,80.3128,1417562520
1683,25.9288,80.3128,1417562460
1683,25.9288,80.3128,1417562280
1683,25.9283,80.313,1417513860
1683,25.8881,80.3666,1416648780
1683,25.8881,80.3666,1416648600
1683,25.9158,80.2927,1416433080
1683,25.9158,80.2927,1416433020
1683,25.9158,80.2927,1416433020
1683,25.929,80.3128,1416390780
1683,25.929,80.3128,1416390540
1683,25.929,80.3128,1416390420
1683,25.9286,80.3133,1416389880
1683,25.9286,80.3133,1416389640
1683,26.0074,80.3381,1414996920
1683,26.0074,80.3381,1414986180
1683,25.929,80.313,1414983240
1683,25.929,80.313,1414983120
1683,25.929,80.313,1414982280
1683,25.929,80.313,1414979820
1683,25.9289,80.3129,1414971300
1683,25.9289,80.3129,1414971300
1683,25.9289,80.3129,1414971180
1683,25.9288,80.3129,1414970880
1683,25.9289,80.313,1414970760
1683,25.951,80.286,1414918440
1683,25.951,80.2861,1414917300
1683,25.9287,80.3128,1414904820
1683,25.9288,80.3126,1414898220
1683,25.9284,80.3128,1414893000
1683,25.9284,80.3128,1414893000
1683,25.9288,80.3128,1414883040
1683,25.9289,80.3129,1414650300
1683,25.9288,80.3128,1414647660
1683,25.9288,80.3128,1414647300
1683,25.9289,80.3129,1414646760
1683,25.929,80.3128,1414641000
1683,25.929,80.3128,1414640820
1683,25.9252,80.3102,1414640700
1683,25.8743,80.2519,1414628100
1683,25.9291,80.3127,1414574940
1683,25.9291,80.3127,1414574880
1683,25.9291,80.3127,1414574640
1683,25.9291,80.3127,1414570080
1683,25.9291,80.3127,1414570080
1683,25.9291,80.3127,1414569960
1683,25.9291,80.3127,1414560240
1683,25.9291,80.3127,1414560180
1683,25.9291,80.3127,1414558260
1683,25.9291,80.3127,1414558200
1683,25.9292,80.3126,1414558020
1683,25.9292,80.3126,1414557900
1683,25.9289,80.313,1414556280
1683,25.9289,80.313,1414556220
1683,25.9292,80.3126,1414555980
1683,25.9292,80.3126,1414555920
1683,25.9425,80.3386,1414553820
1683,25.9425,80.3386,1414553160
1683,26.3064,80.2783,1414540980
1683,26.3064,80.2783,1414540560
1683,26.2983,80.2684,1414540500
1683,26.2983,80.2684,1414539900
1683,26.3059,80.2795,1414539120
