1707,54.9743,1.6093,1425381240
1707,54.9712,1.5566,1425380760
1707,54.9785,1.5439,1425234540
1707,54.9809,1.557,1425136860
1707,54.9784,1.5434,1425091860
1707,54.9785,1.5435,1425090240
1707,54.9817,1.5589,1425087540
1707,54.9746,1.563,1425042720
1707,54.975,1.5609,1425042720
1707,54.9765,1.5853,1424985600
1707,54.9743,1.5658,1424901120
1707,54.9814,1.558,1424736420
1707,54.9753,1.5594,1424557920
1707,54.9783,1.5442,1424533080
1707,54.9692,1.5909,1424530560
1707,54.9691,1.6169,1424431980
1707,54.9608,1.6027,1424355360
1707,54.9764,1.5858,1424353680
1707,54.9464,1.5881,1424293080
1707,54.9392,1.5863,1424118000
1707,54.9737,1.6153,1424086380
1707,54.9774,1.5929,1424085120
1707,54.9847,1.5623,1424018880
1707,54.9816,1.5583,1424017140
1707,54.9786,1.5435,1423830480
1707,54.9784,1.5434,1423799820
1707,54.9785,1.5434,1423799580
1707,54.9665,1.5989,1423759800
1707,54.9856,1.5553,1423707660
1707,54.982,1.55,1423410120
1707,54.9802,1.5466,1423408680
1707,54.9786,1.5435,1423408620
1707,54.982,1.55,1423291680
1707,54.9783,1.5433,1423173600
1707,54.9783,1.5435,1423173480
1707,54.9676,1.6025,1423168800
1707,54.9815,1.5497,1423141560
1707,54.9779,1.5461,1423138380
1707,54.982,1.55,1423137960
1707,54.9771,1.5504,1423048620
1707,54.9757,1.6163,1422876600
1707,54.9742,1.6097,1422875640
1707,54.9785,1.5434,1422722100
1707,54.9855,1.553,1422494040
1707,54.9691,1.6152,1422445080
1707,54.9785,1.5433,1422438660
1707,54.972,1.5927,1422402480
1707,54.9741,1.6159,1422401760
1707,54.978,1.5463,1422356400
1707,54.9784,1.5434,1422354720
1707,54.9783,1.5435,1421968620
1707,54.9756,1.5868,1421932620
1707,54.976,1.5493,1421931840
1707,54.9785,1.5435,1421930640
1707,54.9784,1.5434,1421883780
1707,54.9785,1.5435,1421842560
1707,54.9768,1.622,1421759580
1707,54.982,1.55,1421757120
1707,54.9772,1.573,1421511060
1707,54.9787,1.5436,1421374020
1707,54.9769,1.5826,1421359140
1707,54.9782,1.5433,1421193960
1707,54.9752,1.5539,1421147040
1707,54.9777,1.6121,1421061480
1707,54.9784,1.5432,1421038380
1707,54.9744,1.6025,1420925280
1707,54.9815,1.549,1420806540
1707,54.9797,1.5459,1420772160
1707,54.9824,1.5525,1420498500
1707,54.9823,1.549,1420389120
1707,54.9781,1.5434,1420389000
1707,54.9784,1.5435,1420387200
1707,54.982,1.55,1420355760
1707,55.0013,1.551,1420334760
1707,55.0029,1.5564,1420334460
1707,54.9783,1.5438,1420299360
1707,54.9785,1.5434,1420299000
1707,54.9784,1.5434,1420298760
1707,54.9783,1.5434,1420298580
1707,54.9784,1.5434,1420298520
1707,54.9783,1.5434,1420296720
1707,54.9784,1.5434,1420296660
1707,54.9784,1.5434,1420296480
1707,54.9784,1.5434,1420258920
1707,54.9784,1.5435,1420247340
1707,54.9784,1.5435,1420127700
1707,54.9779,1.5465,1420087980
1707,54.9738,1.561,1420044360
1707,54.9768,1.544,1420043760
1707,54.9784,1.5434,1420038420
1707,54.9784,1.5433,1419955560
1707,54.9669,1.6023,1419868020
1707,54.9856,1.5594,1419702120
1707,54.9784,1.5435,1419568140
1707,54.9785,1.5434,1419512640
1707,54.9784,1.5435,1419467700
1707,54.975,1.5553,1419458220
1707,54.9781,1.5432,1419434880
1707,54.979,1.5445,1419434580
1707,54.9784,1.5435,1419434520
1707,54.9784,1.5431,1419402780
1707,54.9873,1.5339,1419307200
1707,55.0013,1.5059,1419306960
1707,55.0143,1.4972,1419306780
1707,54.9768,1.6087,1419286860
1707,54.9784,1.5436,1419231960
1707,54.9785,1.5433,1419057720
1707,54.9784,1.5435,1419057480
1707,54.9743,1.6123,1419016200
1707,54.9784,1.5435,1418902800
1707,54.9785,1.5435,1418756100
1707,54.9786,1.5436,1418756040
1707,54.9782,1.5431,1418755980
1707,54.9785,1.5433,1418755800
1707,54.9787,1.5435,1418684160
1707,54.9786,1.5429,1418596500
1707,54.9783,1.5434,1418580240
1707,54.9739,1.6133,1418504160
1707,54.9741,1.6005,1418479680
1707,54.9766,1.572,1418479140
1707,54.974,1.6132,1418438940
1707,54.9786,1.5434,1418304600
1707,54.9784,1.5435,1418274420
1707,54.9784,1.5435,1418155560
1707,54.9783,1.5441,1418111580
1707,54.9783,1.5435,1418096700
1707,54.9801,1.5492,1418096160
1707,54.9785,1.5434,1418071680
1707,54.9791,1.5452,1418068680
1707,54.9785,1.5434,1418008800
1707,54.9785,1.5433,1418006280
1707,54.9786,1.5432,1417998540
1707,54.974,1.615,1417876860
1707,54.9783,1.5435,1417830120
1707,54.9784,1.5434,1417787040
1707,54.9784,1.5434,1417716660
1707,54.9785,1.5434,1417617600
1707,54.9783,1.5434,1417615620
1707,54.9785,1.5437,1417489080
1707,54.9784,1.5434,1417474020
1707,54.9787,1.5439,1417455180
1707,54.9787,1.5439,1417455120
1707,54.9784,1.5432,1417263060
1707,54.9784,1.5435,1417262100
1707,54.9751,1.6144,1417178640
1707,54.9794,1.5442,1417177860
1707,54.9785,1.5432,1417150080
1707,54.982,1.55,1417141740
1707,54.9783,1.5434,1417104780
1707,54.9798,1.5459,1417061640
1707,54.9787,1.5433,1417061100
1707,54.9784,1.5435,1417059480
1707,54.979,1.5429,1417054680
1707,54.9789,1.5418,1417044780
1707,54.9783,1.5423,1417044600
1707,54.9747,1.6143,1417021560
1707,54.9747,1.6144,1417021320
1707,54.9784,1.5433,1416975420
1707,54.9798,1.5461,1416974280
1707,54.9785,1.5432,1416974220
1707,54.974,1.6157,1416954540
1707,54.974,1.6161,1416954480
1707,54.9762,1.5716,1416920820
1707,54.9785,1.5434,1416807300
1707,54.9784,1.5436,1416804540
1707,54.9783,1.5434,1416804300
1707,54.9785,1.5435,1416796800
1707,54.9785,1.5434,1416796200
1707,54.9785,1.5437,1416788760
1707,54.9785,1.5434,1416786240
1707,54.9814,1.552,1416766440
1707,54.9785,1.5435,1416620520
1707,54.978,1.5433,1416606900
1707,54.9784,1.5436,1416587640
1707,54.9784,1.5436,1416583920
1707,54.9785,1.5432,1416542280
1707,54.9781,1.5434,1416539100
1707,54.9783,1.5432,1416513600
1707,54.9785,1.5436,1416512700
1707,54.9784,1.5436,1416512640
1707,54.9783,1.5435,1416512580
1707,54.9784,1.5436,1416512460
1707,54.9784,1.5436,1416512400
1707,54.9814,1.552,1416438120
1707,54.978,1.5433,1416413580
1707,54.9782,1.5434,1416243960
1707,54.9781,1.5432,1416243960
1707,54.9778,1.5434,1416243900
1707,54.9784,1.5434,1416240720
1707,54.9747,1.6073,1416083880
1707,54.9745,1.6111,1416083460
1707,54.9769,1.5439,1416063720
1707,54.9785,1.5434,1416061680
1707,54.9784,1.5434,1416061560
1707,54.9785,1.5435,1416061320
1707,54.9785,1.5435,1416061260
1707,54.9785,1.5434,1416060240
1707,54.9785,1.5434,1416059820
1707,54.9785,1.5434,1416059520
1707,54.9784,1.5434,1416058860
1707,54.9785,1.5434,1416058500
1707,54.9783,1.5434,1416058380
1707,54.9784,1.5434,1416058320
1707,54.9783,1.5435,1416058260
1707,54.9785,1.5435,1416035880
1707,54.9784,1.5434,1416034560
1707,54.9784,1.5435,1416032040
1707,54.9784,1.5434,1416028260
1707,54.9784,1.5434,1416021060
1707,54.9784,1.5435,1416020640
1707,54.9775,1.5433,1415991600
1707,54.9783,1.5437,1415991600
1707,54.9783,1.5437,1415991540
1707,54.9785,1.5433,1415991300
1707,54.9785,1.5435,1415989860
1707,54.9785,1.5434,1415988840
1707,54.9784,1.5432,1415986260
1707,54.9785,1.5434,1415941680
1707,54.9741,1.5705,1415711940
1707,54.9783,1.5439,1415709600
1707,54.9784,1.5436,1415682960
1707,54.9784,1.5434,1415679180
1707,54.975,1.5395,1415647200
1707,54.9784,1.5437,1415592180
1707,54.9782,1.5439,1415592000
1707,54.9776,1.5767,1415552100
1707,54.9674,1.5995,1415551740
1707,54.9784,1.5434,1415281320
1707,54.9786,1.5445,1415245140
1707,54.9754,1.5793,1415215020
1707,54.9756,1.5894,1415214720
1707,54.9783,1.5435,1415203080
1707,54.9803,1.55,1415164320
1707,54.9789,1.5433,1415163900
1707,54.98,1.5491,1415116080
1707,54.9803,1.5501,1415111280
1707,54.9784,1.5441,1415017920
1707,54.98,1.549,1414982640
1707,54.9783,1.5434,1414979100
1707,54.9801,1.5495,1414978260
1707,54.9784,1.5434,1414976100
1707,54.9783,1.5434,1414975740
1707,54.9783,1.5544,1414885140
1707,54.9782,1.5436,1414865640
1707,54.9785,1.5435,1414865580
1707,54.9783,1.5428,1414721220
1707,54.9785,1.5435,1414620420
1707,54.9784,1.5434,1414601160
1707,54.9783,1.5434,1414600740
1707,54.9783,1.5433,1414589160
1707,54.9782,1.5434,1414589160
1707,54.9784,1.5434,1414561620
1707,54.9819,1.5511,1414558860
1707,54.9778,1.544,1414509840
1707,54.9784,1.5434,1414468620
1707,54.9814,1.5509,1414386000
1707,54.9785,1.5434,1414369800
1707,54.9783,1.5431,1414345800
1707,54.9787,1.5431,1414344360
1707,54.9783,1.5436,1414285020
1707,54.9784,1.5434,1414191000
1707,54.978,1.5447,1414189380
1707,54.9784,1.5434,1414188300
1707,54.9784,1.5434,1414188120
1707,54.9809,1.5497,1414174320
1707,54.9788,1.5433,1414117500
1707,54.9813,1.5508,1414071780
1707,54.9785,1.5434,1413986340
1707,54.9786,1.5432,1413861540
1707,54.9784,1.5434,1413829680
1707,54.9792,1.5463,1413755820
1707,54.9763,1.5897,1413731880
1707,54.978,1.546,1413680460
1707,54.9783,1.5433,1413679260
1707,54.9784,1.5434,1413670260
1707,54.9784,1.5434,1413605520
1707,54.9785,1.5436,1413600840
1707,54.9787,1.5433,1413598260
1707,54.9802,1.5503,1413580500
1707,54.9783,1.5435,1413580380
1707,54.9448,1.6143,1413571800
1707,55.0215,1.5261,1413563940
1707,54.9784,1.5434,1413509820
1707,54.9737,1.5682,1413385980
1707,54.9784,1.5434,1413295620
1707,54.9748,1.5919,1413214080
1707,53.7042,8.1865,1413036900
1707,54.9782,1.5433,1412738940
1707,54.9784,1.5435,1412735400
1707,54.9785,1.5433,1412656560
1707,54.9782,1.5435,1412632800
1707,54.9927,1.5263,1412629020
1707,54.978,1.5462,1412564700
1707,54.9783,1.5433,1412561640
1707,54.9784,1.5434,1412560980
1707,54.9784,1.5434,1412560980
1707,54.9784,1.5435,1412560200
1707,54.9799,1.5497,1412557020
1707,54.9784,1.5434,1412556780
1707,54.9784,1.5434,1412556660
1707,54.9784,1.5434,1412556600
1707,54.4876,1.3034,1412544240
1707,54.3276,1.5832,1412513100
1707,54.9785,1.5435,1412395680
1707,54.9783,1.5437,1412384640
1707,54.9782,1.543,1412371980
1707,54.9793,1.5467,1412341980
1707,54.9785,1.5435,1412257020
1707,54.9785,1.5434,1412221320
1707,54.9749,1.6068,1412195640
1707,54.9742,1.6123,1412195280
1707,54.9742,1.6152,1412194920
1707,54.9784,1.5433,1412134920
1707,54.9785,1.5434,1412134740
1707,54.9785,1.5433,1412134680
1707,54.9785,1.5433,1412134320
1707,54.9784,1.5435,1411871880
1707,54.9784,1.5435,1411864140
1707,54.9785,1.5433,1411863420
1707,54.9784,1.5434,1411862700
1707,54.9742,1.6039,1411855380
1707,54.9785,1.5433,1411788240
1707,54.9784,1.5434,1411787880
1707,54.9784,1.5435,1411783440
1707,54.9804,1.5501,1411782120
1707,54.9782,1.5435,1411781700
1707,54.9786,1.5475,1411735440
1707,54.9783,1.5434,1411703040
1707,54.9785,1.5433,1411664160
1707,54.9777,1.5434,1411661280
1707,54.9803,1.5498,1411655400
1707,54.978,1.5466,1411483260
1707,54.9784,1.5435,1411355640
1707,54.9784,1.5435,1411355340
1707,54.9784,1.5435,1411346280
1707,54.9784,1.5435,1411345800
1707,54.9784,1.5436,1411345800
1707,54.9784,1.5435,1411344660
1707,54.9784,1.5434,1411259100
1707,54.9742,1.6159,1411255140
1707,54.9743,1.615,1411254660
1707,54.978,1.5453,1411130580
1707,54.9784,1.5434,1411093440
1707,54.9784,1.5434,1411049460
1707,54.9783,1.5435,1411009800
1707,54.9783,1.5434,1410836520
1707,54.9784,1.5434,1410731820
1707,54.9785,1.5434,1410667140
1707,54.9784,1.5434,1410666960
1707,54.9784,1.5434,1410659580
1707,54.9784,1.5434,1410581220
1707,54.9784,1.5434,1410580980
1707,54.9784,1.5434,1410580920
1707,54.9785,1.5434,1410580800
1707,54.9784,1.5434,1410580500
1707,54.9784,1.5434,1410580440
1707,54.9784,1.5435,1410576840
1707,54.9768,1.544,1410545340
1707,54.9785,1.5434,1410492240
1707,54.9784,1.5433,1410470040
1707,54.9785,1.5434,1410469800
1707,54.9784,1.5434,1410469260
1707,54.9784,1.5433,1410462720
1707,54.9781,1.5447,1410385500
1707,54.9784,1.5434,1410317760
1707,54.9784,1.5434,1410235080
1707,54.9784,1.5434,1410138120
1707,54.9784,1.5435,1410137580
1707,54.9785,1.5433,1410124620
1707,54.9784,1.5435,1410098100
1707,54.9785,1.5435,1410027060
1707,54.9783,1.5433,1409926500
1707,54.9784,1.5433,1409801100
1707,54.9785,1.5433,1409710740
1707,54.9784,1.5434,1409667540
1707,54.978,1.5453,1409659500
1707,54.9859,1.5602,1409610780
1707,54.9788,1.5453,1409608860
1707,54.9748,1.5552,1409584500
1707,54.9784,1.5434,1409576640
1707,54.9785,1.5434,1409531880
1707,54.9784,1.5434,1409529960
1707,54.9784,1.5434,1409516880
1707,54.9784,1.5435,1409450220
1707,54.9784,1.5434,1409447220
1707,54.9784,1.5434,1409445480
1707,54.9784,1.5434,1409364840
1707,54.9782,1.5429,1409330400
1707,54.9813,1.5425,1409257620
1707,54.9812,1.5425,1409253060
1707,54.9784,1.5434,1409199540
1707,54.9836,1.5544,1409090520
1707,54.9783,1.5433,1409088900
1707,54.9783,1.5433,1409088300
1707,54.9784,1.5433,1409087820
1707,54.9784,1.5434,1409087580
1707,54.9785,1.5436,1409087100
1707,54.9784,1.5433,1409086560
1707,54.9784,1.5433,1409086380
1707,54.9784,1.5434,1409086080
1707,54.9784,1.5434,1409086020
1707,54.9784,1.5434,1409086020
1707,54.9784,1.5434,1409085960
1707,54.9784,1.5434,1409085840
1707,54.9784,1.5434,1409085720
1707,54.9785,1.5434,1409085540
1707,54.9784,1.5434,1409085240
1707,54.9784,1.5434,1408845360
1707,54.9783,1.5433,1408734900
1707,55.0206,1.5374,1408723920
1707,54.9785,1.5433,1408585980
1707,54.9783,1.5434,1408545000
1707,54.9783,1.5435,1408482840
1707,54.9784,1.5436,1408417200
1707,54.9785,1.5434,1408417140
1707,54.9784,1.5434,1408396380
1707,54.9813,1.5423,1408387140
1707,54.9784,1.5435,1408383000
1707,54.9784,1.5435,1408378620
1707,54.9784,1.5434,1408282320
1707,54.9785,1.5434,1408242900
1707,54.9784,1.5434,1408236240
1707,54.9784,1.5434,1408234440
1707,54.9784,1.5433,1408234260
1707,54.9784,1.5434,1408161120
1707,54.9785,1.5434,1408072020
1707,54.9784,1.5434,1408071180
1707,54.9785,1.5432,1407984180
1707,54.9784,1.5434,1407984120
1707,54.9785,1.5434,1407984000
1707,54.9784,1.5434,1407984000
1707,54.9784,1.5434,1407899580
1707,54.9785,1.5434,1407817380
1707,54.9784,1.5433,1407789780
1707,54.9783,1.5433,1407767760
1707,54.9784,1.543,1407731220
1707,54.9784,1.5434,1407727140
1707,54.9825,1.5572,1407619920
1707,54.9784,1.5434,1407551220
1707,54.9785,1.5434,1407516300
1707,54.9783,1.5434,1407511080
1707,54.9784,1.5435,1407327000
1707,54.9784,1.5433,1407326400
1707,54.9785,1.5434,1407300300
1707,54.9859,1.5602,1407282720
1707,54.9859,1.5602,1407282660
1707,54.9784,1.5433,1407255060
1707,54.9784,1.5435,1407207960
1707,54.9785,1.5434,1407126660
1707,54.9784,1.5434,1407119220
1707,54.9784,1.5434,1407119160
1707,54.9784,1.5434,1407119040
1707,54.9784,1.5434,1407108000
1707,54.9783,1.5433,1407107520
1707,54.9783,1.5434,1407104340
1707,54.9783,1.5434,1407104280
1707,54.9783,1.5434,1407104220
1707,54.9783,1.5434,1407104160
1707,54.9784,1.5434,1407103620
1707,54.9784,1.5434,1407093960
1707,54.9785,1.5434,1407093060
1707,54.9784,1.5434,1407038760
1707,54.9784,1.5434,1407033900
1707,54.9764,1.5794,1406920440
1707,54.9739,1.6096,1406920020
1707,54.9784,1.5434,1406861340
1707,54.9785,1.5433,1406834400
1707,54.9784,1.5434,1406755800
1707,54.9784,1.5435,1406755740
1707,54.9784,1.5436,1406733540
1707,54.9784,1.5434,1406655780
1707,54.9784,1.5435,1406655540
1707,54.9785,1.5434,1406608860
1707,54.9783,1.5434,1406581860
1707,54.9813,1.5423,1406569680
1707,54.9784,1.5434,1406557500
1707,54.9784,1.5434,1406557320
1707,54.9784,1.5433,1406525040
1707,54.9784,1.5434,1406490240
1707,54.9785,1.5434,1406490060
1707,54.9784,1.5435,1406490000
1707,54.9785,1.5434,1406489940
1707,54.9784,1.5434,1406489880
1707,54.9784,1.5435,1406439900
1707,54.9785,1.5433,1406399940
1707,54.9783,1.5435,1406346540
1707,54.9831,1.5718,1406340540
1707,54.9784,1.5433,1406302140
1707,54.9784,1.5434,1406301780
1707,54.9785,1.5433,1406301540
1707,54.9785,1.5435,1406300520
1707,54.9785,1.5432,1406252400
1707,54.9784,1.5434,1406251920
1707,54.9783,1.5442,1406214600
1707,54.9784,1.5434,1406212380
1707,54.9783,1.5435,1406150580
1707,54.9784,1.5434,1406084580
1707,54.9785,1.5433,1406003520
1707,54.9785,1.5434,1406000760
1707,54.9785,1.5433,1405957080
1707,54.9785,1.5433,1405909620
1707,54.9784,1.5433,1405899660
1707,54.9785,1.5434,1405899300
1707,54.9784,1.5434,1405815720
1707,54.9784,1.5434,1405808640
1707,54.9785,1.5433,1405610160
1707,54.9785,1.5433,1405610100
1707,54.9784,1.5433,1405609800
1707,54.9784,1.5433,1405609800
1707,54.9785,1.5434,1405608540
1707,54.9785,1.5435,1405608420
1707,54.9785,1.5434,1405608360
1707,54.9785,1.5434,1405608360
1707,54.9784,1.5434,1405608060
1707,54.9784,1.5434,1405608000
1707,54.9785,1.5433,1405607880
1707,54.9785,1.5435,1405607760
1707,54.9785,1.5435,1405607700
1707,54.9785,1.5433,1405536120
1707,54.9785,1.5433,1405486920
1707,54.9785,1.5434,1405486800
1707,54.9784,1.5434,1405486680
1707,54.9784,1.5434,1405438860
1707,54.9785,1.5433,1405434060
1707,54.9785,1.5435,1405394880
1707,54.9784,1.5434,1405369080
1707,54.9784,1.5434,1405310340
1707,54.9785,1.5434,1405308960
1707,54.9785,1.5434,1405264800
1707,54.9715,1.5695,1405208760
1707,54.9784,1.5434,1405123740
1707,54.9785,1.5433,1405103040
1707,54.9793,1.5448,1405029960
1707,54.9784,1.5434,1405024740
1707,54.9856,1.5588,1404954840
1707,54.9784,1.5433,1404878280
1707,54.9784,1.5434,1404877380
1707,54.9896,1.5605,1404827640
1707,54.9785,1.5433,1404733500
1707,54.972,1.6081,1404634140
1707,54.9784,1.5434,1404527220
1707,54.9785,1.5433,1404527160
1707,54.9783,1.5435,1404526980
1707,54.9785,1.5433,1404525480
1707,54.9785,1.5433,1404525360
1707,54.9785,1.5434,1404525300
1707,54.9785,1.5434,1404525060
1707,54.9785,1.5434,1404524940
1707,54.9785,1.5434,1404522420
1707,54.9785,1.5433,1404522060
1707,54.9784,1.5434,1404521940
1707,54.9784,1.5432,1404507480
1707,54.9784,1.5433,1404272760
1707,54.9784,1.5437,1404270840
1707,54.9784,1.5433,1404268320
1707,55.0148,1.4725,1404259200
1707,54.9784,1.5434,1404188520
1707,54.9895,1.5594,1404147000
1707,54.9901,1.5603,1404141180
1707,54.99,1.5601,1404140580
1707,54.9786,1.5452,1404082740
1707,54.9762,1.5484,1404051480
1707,54.9785,1.5433,1404003420
1707,54.9784,1.5435,1403995140
1707,54.9779,1.5438,1403967300
1707,54.9783,1.5437,1403967180
1707,54.9784,1.5434,1403834640
1707,53.9221,1.0776,1403720940
1707,54.1981,1.4688,1403707980
1707,54.9784,1.5434,1403639460
1707,54.9784,1.5434,1403615400
1707,54.9632,1.6239,1403476620
1707,54.9632,1.6241,1403475900
1707,54.9657,1.5619,1403474880
1707,53.5786,2.5379,1403404200
1707,54.9787,1.5435,1403229000
1707,54.9781,1.5444,1403187660
1707,54.9784,1.5434,1403116620
1707,54.9785,1.5434,1403116260
1707,54.9784,1.5434,1403116200
1707,54.9784,1.5434,1403093400
1707,54.9785,1.5434,1403062020
1707,54.9784,1.5434,1403041020
1707,54.9784,1.5435,1403037720
1707,54.9785,1.5434,1403036160
1707,54.9785,1.5434,1403036040
1707,54.9783,1.5435,1402913040
1707,54.9784,1.5433,1402892280
1707,54.9784,1.5434,1402892160
1707,54.9784,1.5434,1402889400
1707,54.9784,1.5435,1402888920
1707,54.9784,1.5434,1402888680
1707,54.9784,1.5434,1402888620
1707,54.9784,1.5435,1402888440
1707,54.9785,1.5432,1402888260
1707,54.9784,1.5435,1402888200
1707,54.9784,1.5435,1402888140
1707,54.9785,1.5434,1402888080
1707,54.9784,1.5434,1402888020
1707,54.9784,1.5434,1402887960
1707,54.9783,1.5436,1402887780
1707,54.9784,1.5434,1402887660
1707,54.9785,1.5433,1402887540
1707,54.9785,1.5435,1402887420
1707,54.9785,1.5434,1402887420
1707,54.9784,1.543,1402887360
1707,54.9785,1.5433,1402887300
1707,54.9785,1.5433,1402871160
1707,54.9741,1.6091,1402841640
1707,54.9741,1.5714,1402841100
1707,54.9785,1.5434,1402802340
1707,54.9784,1.5434,1402796640
1707,54.9784,1.5434,1402796100
1707,54.9783,1.5434,1402779780
1707,54.9762,1.6137,1402684740
1707,54.9783,1.5435,1402631220
1707,54.9784,1.5434,1402629000
1707,54.9784,1.5434,1402628400
1707,54.9784,1.5434,1402628340
1707,54.9785,1.5435,1402628160
1707,54.9785,1.5434,1402538520
1707,54.9896,1.56,1402413720
1707,54.9783,1.5435,1402407840
1707,54.9785,1.5434,1402406580
1707,54.9785,1.5433,1402365720
1707,54.9784,1.5434,1402365660
1707,54.9784,1.5434,1402365660
1707,54.9785,1.5434,1402365540
1707,54.9785,1.5434,1402365540
1707,54.9785,1.5434,1402365480
1707,54.9786,1.5434,1402283160
1707,54.9784,1.5435,1402279740
1707,54.9786,1.5436,1402268100
1707,54.9785,1.5433,1402194900
1707,54.9784,1.5435,1402194900
1707,54.9784,1.5434,1402194600
1707,54.9784,1.5434,1402192920
1707,54.9783,1.5434,1402191900
1707,54.9783,1.5434,1402191840
1707,54.9784,1.5434,1402191840
1707,54.9785,1.5434,1402176240
1707,54.9741,1.6161,1402172580
1707,54.9743,1.6159,1402172580
1707,54.9785,1.5434,1402150080
1707,54.9785,1.5433,1402111980
1707,54.9785,1.5435,1402106820
1707,54.9785,1.5434,1402104120
1707,54.9783,1.5434,1402100760
1707,54.9784,1.5434,1402096560
1707,54.9784,1.5434,1402093980
1707,54.9784,1.5434,1402084620
1707,54.9783,1.5433,1402081980
1707,54.9785,1.5434,1402069560
1707,54.9781,1.5449,1402069380
1707,54.9785,1.5433,1402029480
1707,54.9785,1.5435,1402023960
1707,54.9785,1.5434,1402023780
1707,54.9784,1.5435,1402023420
1707,54.9785,1.5434,1402022100
1707,54.978,1.5446,1401979980
1707,54.9785,1.5434,1401934080
1707,54.9785,1.5433,1401933660
1707,54.9784,1.5436,1401919140
1707,54.9784,1.5434,1401912600
1707,54.9897,1.56,1401905160
1707,54.9895,1.5597,1401887100
1707,54.9783,1.5434,1401881760
1707,54.9784,1.5431,1401850620
1707,54.9784,1.5435,1401848820
1707,54.9785,1.5433,1401829680
1707,54.9785,1.5434,1401828540
1707,54.9885,1.5601,1401822000
1707,54.9894,1.5594,1401821220
1707,54.99,1.5601,1401809100
1707,54.9784,1.5434,1401768180
1707,54.9785,1.5434,1401764280
1707,54.9784,1.5434,1401758700
1707,54.9785,1.5434,1401742560
1707,54.9895,1.5599,1401734940
1707,54.99,1.5601,1401727560
1707,54.9782,1.5438,1401726780
1707,54.9784,1.5434,1401721560
1707,54.9784,1.5435,1401719400
1707,54.9785,1.5434,1401679440
1707,54.9784,1.5434,1401679200
1707,54.9785,1.5433,1401679140
1707,54.9785,1.5434,1401678000
1707,54.9785,1.5435,1401677340
1707,54.9785,1.5435,1401677340
1707,54.9784,1.5434,1401675900
1707,54.9785,1.5434,1401675480
1707,54.9784,1.5434,1401665400
1707,54.9784,1.5434,1401654840
1707,54.9767,1.544,1401630720
1707,54.9785,1.5434,1401627420
1707,54.9784,1.5434,1401624060
1707,54.9785,1.5435,1401599940
1707,54.9786,1.5434,1401598860
1707,54.9784,1.5435,1401598560
1707,54.9699,1.5593,1401592680
1707,54.9698,1.5594,1401580800
1707,54.9737,1.5703,1401576300
1707,54.9784,1.5434,1401498600
1707,54.9784,1.5434,1401493620
1707,54.9785,1.5434,1401478500
1707,54.9785,1.5435,1401456120
1707,54.9785,1.5435,1401456060
1707,54.9785,1.5434,1401426480
1707,54.9784,1.5435,1401425880
1707,54.9784,1.5434,1401425460
1707,54.9785,1.5434,1401424200
1707,54.9785,1.5434,1401424020
1707,54.9785,1.5434,1401423780
1707,54.9785,1.5434,1401423540
1707,54.9785,1.5434,1401423420
1707,54.9784,1.5435,1401423300
1707,54.9785,1.5434,1401423060
1707,54.9785,1.5434,1401422400
1707,54.9785,1.5435,1401422160
1707,54.9785,1.5433,1401421680
1707,54.9784,1.5434,1401418080
1707,54.9784,1.5434,1401416520
1707,54.9785,1.5433,1401373500
1707,54.9785,1.5435,1401369660
1707,54.9785,1.5435,1401366420
1707,54.9785,1.5435,1401335160
1707,54.9784,1.5434,1401306660
1707,54.9785,1.5434,1401285240
1707,54.9786,1.5433,1401282180
1707,54.9785,1.5432,1401249840
1707,54.9785,1.5433,1401245640
1707,54.9784,1.5435,1401244140
1707,54.9783,1.5434,1401243660
1707,54.9783,1.5435,1401240600
1707,54.9789,1.5445,1401228660
1707,54.9785,1.5433,1401223620
1707,54.9779,1.5439,1401202800
1707,54.9783,1.5437,1401202740
1707,54.9784,1.5434,1401196500
1707,54.9784,1.5434,1401147300
1707,54.9784,1.5434,1401113280
1707,54.9785,1.5435,1401111300
1707,54.9784,1.5434,1401075720
1707,54.9785,1.5433,1401061380
1707,54.9783,1.5436,1401057420
1707,54.9785,1.5433,1401057360
1707,54.9783,1.5435,1401056400
1707,54.9785,1.5434,1401052020
1707,54.9757,1.613,1401027480
1707,54.9758,1.6131,1401027480
1707,55.0087,1.6018,1400972760
1707,54.9784,1.5434,1400942100
1707,54.9784,1.5434,1400905440
1707,54.9812,1.5424,1400874360
1707,54.9813,1.5423,1400871780
1707,54.9813,1.5423,1400871600
1707,54.9785,1.5433,1400848440
1707,54.9784,1.5435,1400847300
1707,54.9783,1.5436,1400847120
1707,54.9784,1.5434,1400801940
1707,54.9783,1.5433,1400789340
1707,54.99,1.5601,1400775600
1707,54.9784,1.5434,1400726580
1707,54.9887,1.5604,1400694960
1707,54.9901,1.56,1400689020
1707,54.9785,1.5434,1400643240
1707,54.9785,1.5433,1400643120
1707,54.9786,1.5432,1400642940
1707,54.99,1.5601,1400598300
1707,54.9901,1.5604,1400597700
1707,54.99,1.5601,1400596740
1707,54.99,1.5601,1400596020
1707,54.9895,1.5592,1400590200
1707,54.9896,1.5593,1400590140
1707,54.9784,1.5434,1400550300
1707,54.9901,1.56,1400514360
1707,54.9785,1.5434,1400466600
1707,54.9786,1.5434,1400458140
1707,54.9761,1.5482,1400339460
1707,54.9784,1.5434,1400332800
1707,54.9812,1.5422,1400264820
1707,54.99,1.5601,1400160720
1707,54.9894,1.5597,1400158500
1707,54.9895,1.5595,1400158380
1707,54.9812,1.5423,1400092740
1707,54.9785,1.5434,1400029500
1707,54.99,1.5601,1400000220
1707,54.99,1.5601,1399986600
1707,54.9785,1.5434,1399945260
1707,54.9785,1.5434,1399897380
1707,54.9783,1.5433,1399895700
1707,54.9785,1.5434,1399894380
1707,54.9785,1.5435,1399864380
1707,54.9784,1.5434,1399864260
1707,54.9784,1.5434,1399842360
1707,54.9754,1.5555,1399834620
1707,54.9756,1.6132,1399818660
1707,54.9783,1.5434,1399764960
1707,54.9784,1.5434,1399764120
1707,54.9786,1.5433,1399760580
1707,54.9749,1.5908,1399753920
1707,54.9768,1.544,1399667700
1707,54.9785,1.5435,1399601400
1707,54.9895,1.5599,1399571940
1707,54.9901,1.56,1399558980
1707,54.9784,1.5434,1399520640
1707,54.9786,1.5432,1399514940
1707,54.9786,1.5436,1399498380
1707,54.9784,1.5434,1399488240
1707,54.9895,1.5602,1399486260
1707,54.99,1.5601,1399480440
1707,54.9894,1.5594,1399466760
1707,54.9784,1.5434,1399432560
1707,54.9785,1.5434,1399413720
1707,54.9785,1.5433,1399405800
1707,54.9785,1.5434,1399405560
1707,54.9903,1.5601,1399388340
1707,54.9901,1.5601,1399381740
1707,54.9785,1.5434,1399339380
1707,54.9785,1.5434,1399337520
1707,54.9785,1.5435,1399334340
1707,54.9784,1.5435,1399317420
1707,54.9784,1.5434,1399310760
1707,54.9784,1.5435,1399233900
1707,54.9784,1.5434,1399225200
1707,54.9785,1.5434,1399180200
1707,54.977,1.5813,1399131420
1707,54.9767,1.544,1399130280
1707,54.9768,1.5439,1399130220
1707,54.9768,1.5439,1399130160
1707,54.9767,1.544,1399130100
1707,54.9783,1.5434,1399123740
1707,54.9785,1.5434,1399089300
1707,54.9783,1.5435,1399029000
1707,54.9785,1.5433,1399028040
1707,54.9785,1.5434,1399000080
1707,54.9785,1.5434,1398897180
1707,54.9781,1.5436,1398897000
1707,54.9883,1.5596,1398880740
1707,54.9812,1.5423,1398800880
1707,54.9812,1.5423,1398800400
1707,54.9812,1.5423,1398800220
1707,54.9813,1.5425,1398800160
1707,54.9913,1.5341,1398795900
1707,54.9896,1.5603,1398794160
1707,54.9785,1.5434,1398740640
1707,54.9784,1.5434,1398740400
1707,54.9783,1.5434,1398714240
1707,54.9842,1.5585,1398712680
1707,54.9842,1.5586,1398712620
1707,54.9785,1.5434,1398658320
1707,54.9785,1.5434,1398658140
1707,54.9784,1.5434,1398657960
1707,54.9785,1.5434,1398657840
1707,54.9784,1.5434,1398657420
1707,54.9785,1.5434,1398656100
1707,54.9784,1.5434,1398656100
1707,54.9785,1.5434,1398656040
1707,54.9784,1.5434,1398655920
1707,54.9785,1.5434,1398652500
1707,54.9784,1.5433,1398652020
1707,54.9785,1.5434,1398642300
1707,54.9812,1.5423,1398626880
1707,54.9812,1.5423,1398626760
1707,54.9812,1.5423,1398625560
1707,54.9812,1.5423,1398625080
1707,54.9784,1.5435,1398614040
1707,54.9784,1.5435,1398612120
1707,54.9785,1.5434,1398560040
1707,54.9785,1.5434,1398558600
1707,54.9784,1.5434,1398558000
1707,54.9785,1.5434,1398557940
1707,54.9785,1.5435,1398556200
1707,54.9785,1.5434,1398518940
1707,54.9784,1.5434,1398515700
1707,54.99,1.5601,1398440220
1707,54.99,1.5601,1398440220
1707,54.9785,1.5434,1398389520
1707,54.9784,1.5433,1398382920
1707,54.9897,1.5602,1398353580
1707,54.9901,1.56,1398352800
1707,54.99,1.56,1398351060
1707,54.9826,1.5545,1398342060
1707,54.9785,1.5434,1398340320
1707,54.9783,1.5434,1398340140
1707,54.9784,1.5434,1398300120
1707,54.9784,1.5434,1398299820
1707,54.9786,1.5432,1398288660
1707,54.9785,1.5435,1398288600
1707,54.9895,1.5599,1398264960
1707,54.9784,1.5434,1398220980
1707,54.9785,1.5432,1398220740
1707,54.9784,1.5433,1398218820
1707,54.9784,1.5435,1398215940
1707,54.9785,1.5434,1398214260
1707,54.9901,1.5601,1398177540
1707,54.9785,1.5434,1398169380
1707,54.9784,1.5434,1398169200
1707,54.9785,1.5434,1398166500
1707,54.9784,1.5435,1398132300
1707,54.9813,1.5424,1398116940
1707,54.9783,1.5434,1398095880
1707,54.9784,1.5434,1398085140
1707,54.9785,1.5434,1397996160
1707,54.9784,1.5434,1397965020
1707,54.9785,1.5434,1397963100
1707,54.9784,1.5434,1397950980
1707,54.9784,1.5436,1397944740
1707,54.9744,1.6066,1397921760
1707,54.9743,1.603,1397921700
1707,54.9785,1.5435,1397917860
1707,54.9783,1.5436,1397916420
1707,54.9784,1.5435,1397875500
1707,54.9784,1.5434,1397863920
1707,54.9784,1.5434,1397837760
1707,54.9785,1.5434,1397774400
1707,54.9784,1.5433,1397773920
1707,54.9784,1.5434,1397766000
1707,54.9785,1.5434,1397762880
1707,54.9784,1.5434,1397762580
1707,54.9785,1.5433,1397762460
1707,54.9786,1.5435,1397761200
1707,54.9785,1.5434,1397756640
1707,54.9785,1.5434,1397754960
1707,54.9731,1.5455,1397743140
1707,54.9784,1.5434,1397703360
1707,54.9784,1.5434,1397701020
1707,54.9784,1.5435,1397680860
1707,54.9784,1.5434,1397651400
1707,54.9784,1.5434,1397615400
1707,54.9784,1.5434,1397606160
1707,54.9784,1.5434,1397605380
1707,54.9785,1.5434,1397597220
1707,54.9783,1.5434,1397596560
1707,54.9785,1.5436,1397596560
1707,54.9784,1.5435,1397532240
1707,54.9785,1.5434,1397531280
1707,54.9785,1.5434,1397530140
1707,54.9785,1.5433,1397529660
1707,54.9784,1.5434,1397495220
1707,54.9784,1.5434,1397493480
1707,54.9783,1.5434,1397492940
1707,54.9785,1.5435,1397492100
1707,54.9785,1.5433,1397490360
1707,54.9785,1.5434,1397490000
1707,54.9785,1.5433,1397490000
1707,54.9783,1.5434,1397351580
1707,54.9785,1.5433,1397349900
1707,54.9784,1.5435,1397337720
1707,54.9785,1.5435,1397316300
1707,54.9785,1.5435,1397305500
1707,54.9786,1.5434,1397289240
1707,54.9785,1.5433,1397272020
1707,54.9784,1.5435,1397269620
1707,54.9784,1.5434,1397269500
1707,54.9784,1.5433,1397269500
1707,54.9784,1.5435,1397256900
1707,54.9375,1.5807,1397236980
1707,54.9784,1.5435,1397229360
1707,54.9784,1.5434,1397228700
1707,54.9785,1.5434,1397220780
1707,54.9783,1.5434,1397220600
1707,54.9785,1.5434,1397220540
1707,54.9785,1.5434,1397220360
1707,54.9785,1.5434,1397190180
1707,54.9789,1.5494,1397178000
1707,54.9812,1.5423,1397156340
1707,54.9812,1.5423,1397155860
1707,54.9746,1.6102,1397154000
1707,54.9745,1.611,1397153640
1707,54.9744,1.6111,1397153640
1707,54.9745,1.6102,1397153580
1707,54.9785,1.5435,1397134980
1707,54.9784,1.5434,1397102040
1707,54.9784,1.5434,1397101980
1707,54.9786,1.5432,1397101860
1707,54.9859,1.5586,1397092560
1707,54.9733,1.6166,1397072040
1707,54.9785,1.5434,1397055180
1707,54.9824,1.557,1396988460
1707,54.9784,1.5434,1396968060
1707,54.9785,1.5433,1396965540
1707,54.9783,1.5437,1396909080
1707,54.9785,1.5434,1396895760
1707,54.9785,1.5434,1396895640
1707,54.9785,1.5434,1396895580
1707,54.9784,1.5434,1396883340
1707,54.9784,1.5435,1396838520
1707,54.9785,1.5434,1396832520
1707,54.9785,1.5434,1396821120
1707,54.9785,1.5434,1396754100
1707,54.9785,1.5434,1396743780
1707,54.9785,1.5434,1396742340
1707,54.9785,1.5434,1396732020
1707,54.9784,1.5433,1396658100
1707,54.986,1.5587,1396573020
1707,54.9786,1.5437,1396558800
1707,54.9784,1.5433,1396558560
1707,54.9784,1.5434,1396557000
1707,54.9785,1.5434,1396494240
1707,54.9786,1.5435,1396494120
1707,54.9785,1.5433,1396494000
1707,54.9784,1.5434,1396472820
1707,54.99,1.5602,1396455060
1707,54.9785,1.5434,1396409880
1707,54.9785,1.5434,1396409460
1707,54.9784,1.5434,1396408980
1707,54.9859,1.5587,1396396560
1707,54.9784,1.5434,1396388580
1707,54.9813,1.552,1396355520
1707,54.9785,1.5442,1396304880
1707,54.9791,1.5449,1396290360
1707,54.9896,1.56,1396286400
1707,54.9785,1.5433,1396237380
1707,54.9785,1.5434,1396225380
1707,54.9784,1.5434,1396223820
1707,54.9743,1.5589,1396128600
1707,54.9744,1.6094,1396109940
1707,54.9785,1.5433,1396063740
1707,54.9785,1.5434,1396063740
1707,54.9895,1.5597,1396032960
1707,54.9894,1.5594,1396032660
1707,54.9894,1.5595,1396032540
1707,54.9895,1.5594,1396032180
1707,54.9812,1.5423,1395952920
1707,54.9813,1.5424,1395951900
1707,54.9784,1.5434,1395891960
1707,54.9784,1.5434,1395891960
1707,54.9784,1.5435,1395869340
1707,54.9785,1.5434,1395805800
1707,54.9785,1.5434,1395805560
1707,54.9784,1.5435,1395803880
1707,54.9784,1.5434,1395803700
1707,54.9784,1.5434,1395787140
1707,54.9785,1.5434,1395787080
1707,54.9738,1.5617,1395766320
1707,54.9813,1.5424,1395690600
1707,54.99,1.5602,1395683280
1707,54.9784,1.5434,1395615180
1707,54.9784,1.5433,1395609000
1707,55.0112,1.4948,1395603360
1707,54.9785,1.5435,1395584160
1707,54.9785,1.5434,1395548160
1707,54.9785,1.5433,1395454980
1707,54.9784,1.5434,1395452700
1707,54.9785,1.5433,1395448080
1707,54.9895,1.5593,1395323580
1707,54.9784,1.5434,1395285540
1707,54.9785,1.5433,1395285120
1707,54.9784,1.5434,1395267180
1707,54.9784,1.5435,1395098820
1707,54.9785,1.5434,1395098340
1707,54.9895,1.5593,1395074400
1707,54.9784,1.5434,1395018660
1707,54.9783,1.5433,1395008940
1707,54.9785,1.5435,1394998980
1707,54.9786,1.5432,1394994840
1707,54.9786,1.5435,1394985480
1707,54.9784,1.5433,1394983620
1707,54.9785,1.5435,1394983560
1707,54.9784,1.5434,1394941680
1707,54.9784,1.5434,1394852100
1707,54.99,1.5602,1394815680
1707,54.99,1.5601,1394723820
1707,54.9783,1.5435,1394657400
1707,54.9895,1.5594,1394632380
1707,54.9745,1.6105,1394588160
1707,54.9785,1.5433,1394569080
1707,54.9901,1.56,1394549340
1707,54.9784,1.5434,1394507280
1707,54.9785,1.5434,1394337420
1707,54.9785,1.5435,1394330880
1707,54.9785,1.5434,1394324880
1707,54.9785,1.5433,1394324820
1707,54.9783,1.5433,1394324700
1707,54.9783,1.5434,1394324640
1707,54.9784,1.5435,1394324640
1707,54.9785,1.5435,1394195760
1707,54.9786,1.5435,1394194860
1707,54.99,1.5601,1394122620
1707,54.9785,1.5434,1394076180
1707,54.9785,1.5435,1394056020
1707,54.99,1.5601,1394041500
1707,54.99,1.5601,1394040900
1707,54.99,1.5602,1394040300
1707,54.99,1.5601,1394040120
1707,54.99,1.56,1394039940
1707,54.9784,1.5434,1394020560
1707,54.9785,1.5434,1393981140
1707,54.9784,1.5435,1393936620
1707,54.9785,1.5434,1393936500
1707,54.9812,1.5426,1393877280
1707,54.99,1.5601,1393864320
1707,54.9785,1.5435,1393792140
1707,54.9784,1.5435,1393780080
1707,54.9784,1.5434,1393735140
1707,54.9785,1.5434,1393728540
1707,54.9784,1.5434,1393727220
1707,54.9784,1.5434,1393725360
1707,54.9784,1.5434,1393725300
1707,54.9785,1.5434,1393633860
1707,54.9785,1.5435,1393588380
1707,54.9782,1.5433,1393474020
1707,54.9895,1.5594,1393423380
1707,54.9895,1.5591,1393422720
1707,54.9817,1.5522,1393377480
1707,54.9901,1.5601,1393340940
1707,54.9785,1.5434,1393332360
1707,54.9805,1.5421,1393273680
1707,54.9784,1.5434,1393210740
1707,54.9784,1.5434,1393203840
1707,54.9784,1.5436,1393171980
1707,54.9785,1.5435,1393130100
1707,55.0059,1.6083,1393109820
1707,54.9747,1.6161,1393108740
1707,54.9747,1.6149,1393105260
1707,54.9756,1.6133,1393086660
1707,54.9756,1.6134,1393086300
1707,54.9756,1.6132,1393086240
1707,54.9756,1.6133,1393085820
1707,54.9775,1.5841,1393081620
1707,54.9783,1.5435,1393074420
1707,54.9785,1.5435,1393048680
1707,54.9785,1.5434,1393045680
1707,54.9785,1.5434,1393045620
1707,54.9785,1.5434,1392957900
1707,54.9785,1.5436,1392957720
1707,54.9785,1.5434,1392913800
1707,54.9785,1.5434,1392913740
1707,54.9785,1.5434,1392863760
1707,54.9784,1.5435,1392816420
1707,54.9785,1.5434,1392758400
1707,54.9784,1.5436,1392750720
1707,54.9785,1.5434,1392741480
1707,54.9784,1.5434,1392691740
1707,54.9813,1.5423,1392666900
1707,54.9812,1.5423,1392666660
1707,54.9786,1.5433,1392594300
1707,54.9697,1.5595,1392559500
1707,54.9696,1.5593,1392558960
1707,54.9785,1.5433,1392488580
1707,54.9785,1.5434,1392475920
1707,54.9785,1.5434,1392475920
1707,54.9786,1.5433,1392475680
1707,54.9784,1.5433,1392475500
1707,54.9785,1.5434,1392473760
1707,54.9785,1.5433,1392473640
1707,54.9841,1.557,1392384000
1707,54.9784,1.5437,1392347700
1707,54.99,1.56,1392313200
1707,54.9785,1.5434,1392265980
1707,54.9784,1.5435,1392170820
1707,54.9784,1.5433,1392170160
1707,54.9785,1.5434,1392151020
1707,54.99,1.5601,1392134940
1707,54.9784,1.5433,1392072960
1707,54.9783,1.5433,1392070440
1707,54.9783,1.5434,1392065640
1707,54.9785,1.5434,1392065520
1707,54.984,1.5422,1392060180
1707,54.9784,1.5435,1391971980
1707,54.9784,1.5435,1391971080
1707,54.9784,1.5434,1391922600
1707,54.9697,1.5592,1391912520
1707,54.9697,1.5594,1391911080
1707,54.9697,1.5596,1391910360
1707,54.9717,1.5729,1391907780
1707,54.9716,1.5733,1391907780
1707,54.9763,1.5804,1391907480
1707,54.9784,1.5434,1391829300
1707,54.9784,1.5435,1391829120
1707,54.9897,1.5601,1391787840
1707,54.9901,1.56,1391712120
1707,54.99,1.5601,1391710860
1707,54.9784,1.5435,1391690040
1707,54.9785,1.5434,1391603160
1707,54.9786,1.5435,1391603100
1707,54.9784,1.5434,1391486340
1707,54.9785,1.5434,1391399580
1707,54.9784,1.5434,1391396280
1707,54.9783,1.5434,1391360340
1707,54.9784,1.5434,1391360340
1707,54.9782,1.5436,1391358240
1707,54.9784,1.5434,1391299140
1707,54.9785,1.5433,1391224740
1707,54.9785,1.5433,1391224560
1707,54.9785,1.5433,1391224500
1707,54.9784,1.5434,1391210220
1707,54.99,1.5602,1391188380
1707,54.99,1.5601,1391188320
1707,54.9901,1.56,1391187900
1707,54.9785,1.5435,1391056200
1707,54.9775,1.6103,1391045220
1707,54.9775,1.6102,1391041920
1707,54.9775,1.6102,1391041500
1707,54.9774,1.6103,1391041440
1707,54.9775,1.6102,1391041440
1707,54.9774,1.6103,1391041260
1707,54.9785,1.5435,1390959060
1707,54.9784,1.5435,1390882080
1707,54.9784,1.5434,1390790820
1707,54.9785,1.5435,1390757100
1707,54.9777,1.5766,1390684860
1707,54.9784,1.5435,1390621740
1707,54.9785,1.5434,1390620840
1707,54.9812,1.5423,1390599660
1707,54.9785,1.5434,1390532340
1707,54.9897,1.5601,1390419600
1707,54.9899,1.56,1390401420
1707,54.9785,1.5434,1390341000
1707,54.9785,1.5434,1390337400
1707,54.9783,1.5434,1390337340
1707,54.9904,1.5604,1390326240
1707,54.9784,1.5434,1390255260
1707,54.9785,1.5435,1390254780
1707,54.9785,1.5434,1390190880
1707,54.9785,1.5433,1390154340
1707,54.9785,1.5433,1390148460
1707,54.9785,1.5434,1390148160
1707,54.9784,1.5435,1390143960
1707,55.0256,1.5119,1390105920
1707,54.9784,1.5434,1390018260
1707,54.9744,1.6031,1389993960
1707,54.9861,1.5581,1389965700
1707,54.9898,1.5602,1389891060
1707,54.9785,1.5434,1389846300
1707,54.9785,1.5434,1389844380
1707,54.9784,1.5434,1389840660
1707,54.9894,1.5607,1389821760
1707,54.9898,1.5602,1389814860
1707,54.9847,1.5528,1389730440
1707,54.9861,1.5584,1389730260
1707,54.99,1.5601,1389710040
1707,54.9901,1.56,1389709200
1707,54.9902,1.5602,1389709200
1707,54.9901,1.5601,1389709080
1707,54.9794,1.5498,1389703800
1707,54.9785,1.5437,1389703800
1707,54.9785,1.5434,1389668100
1707,54.9783,1.5434,1389667140
1707,54.9858,1.5589,1389665880
1707,54.9856,1.56,1389665640
1707,54.9859,1.5603,1389665640
1707,54.9859,1.5603,1389665580
1707,54.9785,1.543,1389587640
1707,54.9783,1.5434,1389573840
1707,54.9785,1.5434,1389571800
1707,54.9785,1.5433,1389571620
1707,54.9784,1.5434,1389571500
1707,54.9784,1.5434,1389568740
1707,54.9783,1.5433,1389545940
1707,54.9785,1.5434,1389545580
1707,54.9784,1.5434,1389413580
1707,54.9785,1.5435,1389413520
1707,54.9784,1.5435,1389404520
1707,54.9809,1.5483,1389386280
1707,54.9786,1.5429,1389240000
1707,54.9884,1.5578,1389124140
1707,54.988,1.5558,1389123660
1707,54.9787,1.5488,1389050880
1707,54.9784,1.5434,1389011280
1707,54.9784,1.5436,1388985360
1707,54.9785,1.5432,1388974140
1707,54.9784,1.5435,1388963880
1707,54.9783,1.5436,1388929080
1707,54.9783,1.5436,1388898720
1707,54.9756,1.6133,1388501160
1707,54.9751,1.5709,1388499300
1707,54.9785,1.5433,1388495340
1707,54.9784,1.5434,1388457540
1707,53.5622,2.2419,1388435460
1707,53.5847,2.5224,1388415060
1707,54.9785,1.5434,1388290020
1707,54.9776,1.5434,1388278920
1707,54.9745,1.6107,1388278020
1707,54.9784,1.5434,1388246280
1707,54.9786,1.5432,1388244840
1707,54.9786,1.5431,1388244000
1707,54.9785,1.5434,1388203200
1707,54.9785,1.5434,1388202900
1707,54.9784,1.5435,1388201880
1707,54.9704,1.5631,1388107800
1707,54.9785,1.5434,1388069760
1707,54.9786,1.5436,1388069640
1707,54.9785,1.5434,1388029080
1707,54.9785,1.5434,1388027340
1707,54.9785,1.5434,1388010420
1707,54.9784,1.5433,1388008080
1707,54.9785,1.5434,1388007720
1707,54.9785,1.5434,1388006220
1707,54.9784,1.5435,1387979340
1707,54.9785,1.5436,1387976100
1707,54.9785,1.5434,1387941600
1707,54.9785,1.5434,1387941540
1707,54.9785,1.5434,1387938720
1707,54.9785,1.5434,1387937400
1707,54.9783,1.5435,1387933080
1707,54.9784,1.5434,1387932480
1707,54.9784,1.5434,1387925940
1707,54.9785,1.5434,1387915500
1707,54.9785,1.5434,1387915320
1707,54.9812,1.5423,1387905300
1707,54.9785,1.5434,1387842060
1707,54.9756,1.6132,1387813320
1707,54.9753,1.6148,1387813200
1707,54.9785,1.5435,1387775100
1707,54.9785,1.5434,1387774800
1707,54.9785,1.5432,1387769340
1707,54.9648,1.5612,1387720200
1707,54.9647,1.5612,1387684680
1707,54.9714,1.6173,1387639860
1707,54.9785,1.5434,1387635120
1707,54.9784,1.5434,1387600140
1707,54.9785,1.5434,1387600020
1707,54.9785,1.5434,1387599840
1707,54.9783,1.5433,1387599660
1707,54.9785,1.5434,1387599420
1707,54.9743,1.6,1387591440
1707,54.9785,1.5434,1387508880
1707,54.9785,1.5434,1387505940
1707,54.9901,1.5601,1387462860
1707,54.99,1.56,1387462560
1707,54.9895,1.5593,1387460280
1707,54.9786,1.5432,1387459680
1707,54.9784,1.5435,1387425240
1707,54.9785,1.5434,1387424520
1707,54.9785,1.5434,1387423140
1707,54.9784,1.5434,1387420620
1707,54.9784,1.5434,1387406580
1707,54.9895,1.5593,1387380360
1707,54.9895,1.5593,1387380120
1707,54.9785,1.5433,1387372500
1707,54.9784,1.5434,1387372320
1707,54.9841,1.5616,1387319520
1707,54.99,1.5601,1387305720
1707,54.9896,1.5595,1387293780
1707,54.9896,1.5595,1387293600
1707,54.99,1.5601,1387290780
1707,54.9784,1.5435,1387284900
1707,54.9784,1.5433,1387230900
1707,54.9785,1.5433,1387158960
1707,54.9785,1.5434,1387158240
1707,54.9785,1.5433,1387157820
1707,54.9785,1.5433,1387156980
1707,54.9783,1.5435,1387156860
1707,54.9784,1.5434,1387151160
1707,54.9784,1.5434,1387076160
1707,54.9785,1.5434,1387075500
1707,54.9785,1.5434,1387071300
1707,54.9785,1.5433,1387070820
1707,54.9785,1.5434,1387070760
1707,54.9785,1.5433,1387070580
1707,54.9785,1.5434,1387062120
1707,54.9785,1.5434,1386995760
1707,54.9829,1.572,1386985140
1707,54.9772,1.6102,1386984900
1707,54.9753,1.615,1386967920
1707,54.9856,1.5591,1386966300
1707,54.9884,1.5601,1386965040
1707,54.9898,1.5594,1386957960
1707,54.99,1.56,1386951660
1707,54.9783,1.5434,1386938760
1707,54.9784,1.5434,1386902580
1707,54.99,1.5595,1386858900
1707,54.9808,1.5515,1386851760
1707,54.9785,1.5434,1386822600
1707,54.9785,1.5434,1386822420
1707,54.9786,1.5433,1386821940
1707,54.9894,1.5594,1386777180
1707,54.9785,1.5434,1386734160
1707,54.9784,1.5435,1386733740
1707,54.9785,1.5434,1386733500
1707,54.9903,1.5602,1386686820
1707,54.9904,1.5604,1386684540
1707,54.9785,1.5434,1386627120
1707,54.9039,1.3936,1386615060
1707,54.9038,1.3937,1386610080
1707,54.9117,1.3736,1386603600
1707,54.9785,1.5434,1386591720
1707,54.9785,1.5434,1386559080
1707,54.9785,1.5434,1386559080
1707,54.9785,1.5432,1386550680
1707,54.9785,1.5434,1386546000
1707,55.0086,1.6015,1386468120
1707,54.9786,1.5432,1386422580
1707,54.9714,1.5681,1386384240
1707,54.9785,1.5433,1386363480
1707,54.9786,1.5433,1386362040
1707,54.9894,1.5594,1386354180
1707,54.9785,1.5434,1386214920
1707,54.9901,1.56,1386178800
1707,54.9785,1.5433,1386110340
1707,54.9812,1.5423,1386105720
1707,54.9895,1.5594,1386098700
1707,54.9895,1.5595,1386082560
1707,54.9897,1.5585,1386076020
1707,54.9785,1.5434,1386073800
1707,54.9785,1.5434,1386045540
1707,54.9784,1.5434,1386027060
1707,54.9785,1.5434,1386027000
1707,54.9901,1.5601,1385993940
1707,54.9785,1.5433,1385958600
1707,54.9785,1.5434,1385957220
1707,54.9786,1.5434,1385955540
1707,54.9786,1.5433,1385951100
1707,54.9786,1.5433,1385950920
1707,54.9785,1.5434,1385948940
1707,54.9786,1.5433,1385948640
1707,54.9785,1.5434,1385947920
1707,54.9784,1.5435,1385947320
1707,54.9785,1.5433,1385947200
1707,54.9785,1.5434,1385873340
1707,54.9785,1.5433,1385872800
1707,54.9785,1.5433,1385868240
1707,54.9785,1.5434,1385866620
1707,54.9784,1.5434,1385863200
1707,54.9785,1.5434,1385862360
1707,54.9785,1.5434,1385861220
1707,54.9785,1.5434,1385860980
1707,54.9785,1.5434,1385860980
1707,54.9785,1.5434,1385858100
1707,54.9785,1.5434,1385851740
1707,54.9785,1.5433,1385851620
1707,54.9785,1.5434,1385848080
1707,54.9785,1.5434,1385848080
1707,54.9851,1.558,1385839500
1707,54.9913,1.536,1385837940
1707,54.9785,1.5434,1385824980
1707,54.9785,1.5433,1385824620
1707,54.9785,1.5434,1385787600
1707,54.9785,1.5434,1385786880
1707,54.9787,1.5436,1385786820
1707,54.9785,1.5434,1385785080
1707,54.9785,1.5434,1385784600
1707,54.9785,1.5434,1385784180
1707,54.9785,1.5434,1385784000
1707,54.9785,1.5434,1385783940
1707,54.9785,1.5434,1385783820
1707,54.9784,1.5434,1385783820
1707,54.9785,1.5434,1385783520
1707,54.9785,1.5434,1385775240
1707,54.9848,1.5592,1385765760
1707,54.9785,1.5433,1385749080
1707,54.9785,1.5434,1385744340
1707,54.9901,1.56,1385664960
1707,54.9901,1.5602,1385661360
1707,54.99,1.5602,1385661180
1707,54.99,1.5602,1385660820
1707,54.9901,1.56,1385660280
1707,54.9899,1.5602,1385646960
1707,54.9901,1.5603,1385644200
1707,54.9785,1.5434,1385610180
1707,54.9785,1.5434,1385595000
1707,54.985,1.5586,1385589180
1707,54.9856,1.5592,1385574420
1707,54.9901,1.5601,1385563500
1707,54.9785,1.5434,1385524500
1707,54.9895,1.5591,1385496000
1707,54.9785,1.5434,1385467500
1707,54.9785,1.5434,1385440860
1707,54.9812,1.5423,1385408760
1707,54.9823,1.5419,1385407560
1707,54.9896,1.5605,1385397720
1707,54.9897,1.5605,1385397600
1707,54.9897,1.5605,1385397480
1707,54.9893,1.5605,1385397180
1707,54.9896,1.5605,1385397060
1707,54.9902,1.56,1385394960
1707,54.9904,1.56,1385394720
1707,54.99,1.56,1385394600
1707,54.9903,1.56,1385394540
1707,54.9785,1.5434,1385382840
1707,54.9697,1.5595,1385350560
1707,54.9697,1.5596,1385348700
1707,54.9696,1.5595,1385343660
1707,54.9697,1.5596,1385335980
1707,54.9785,1.5434,1385321820
1707,54.9785,1.5434,1385316420
1707,54.9785,1.5434,1385315760
1707,54.9785,1.5433,1385315040
1707,54.9784,1.5434,1385314620
1707,54.9785,1.5434,1385314320
1707,54.9785,1.5434,1385314080
1707,54.9785,1.5434,1385312820
1707,54.9785,1.5434,1385312820
1707,54.9785,1.5434,1385307120
1707,54.9785,1.5434,1385267520
1707,54.9901,1.56,1384787160
1707,54.99,1.5601,1384785960
1707,54.9785,1.5433,1384779420
1707,54.9786,1.5433,1384778460
1707,54.9787,1.5437,1384777500
1707,54.9784,1.5434,1384776780
1707,54.9784,1.5435,1384774680
1707,54.9783,1.5435,1384750380
1707,54.9785,1.5434,1384748820
1707,54.9784,1.5434,1384746120
1707,54.9785,1.5434,1384741680
1707,54.9786,1.5433,1384741140
1707,54.9785,1.5434,1384740120
1707,54.9784,1.5435,1384737900
1707,54.9785,1.5434,1384710420
1707,54.9785,1.5434,1384706460
1707,54.9785,1.5434,1384666500
1707,54.9696,1.5592,1384654080
1707,54.9743,1.6095,1384639800
1707,54.9742,1.612,1384639740
1707,54.974,1.6141,1384629840
1707,54.9835,1.5681,1384628640
1707,54.9785,1.5434,1384617660
1707,54.9785,1.5434,1384616880
1707,54.9784,1.5435,1384616400
1707,54.9745,1.6109,1384563540
1707,54.9719,1.6185,1384561140
1707,54.9814,1.552,1384546560
1707,54.9785,1.5434,1384485240
1707,54.9825,1.5558,1384462500
1707,54.9895,1.5593,1384454760
1707,54.99,1.5602,1384362300
1707,54.9825,1.5551,1384304580
1707,54.9784,1.5452,1384296480
1707,54.9785,1.5434,1384289460
1707,54.9784,1.5435,1384289280
1707,54.9895,1.5594,1384283580
1707,54.9785,1.5434,1384228440
1707,54.9785,1.5434,1384207560
1707,54.9785,1.5434,1384207560
1707,54.9786,1.5432,1384206420
1707,54.9782,1.5433,1384198500
1707,54.99,1.5601,1384191120
1707,54.9779,1.5445,1384175220
1707,54.9785,1.5434,1384140180
1707,54.9785,1.5434,1384139220
1707,54.9785,1.5434,1384138920
1707,54.9784,1.5434,1384130280
1707,54.9785,1.5434,1384128360
1707,54.9785,1.5434,1384125120
1707,54.9786,1.5432,1384124520
1707,54.9785,1.5434,1384122120
1707,54.9784,1.5433,1384119120
1707,54.9785,1.5433,1384117020
1707,54.9785,1.5434,1384116840
1707,54.9785,1.5434,1384116420
1707,54.9784,1.5434,1384116180
1707,54.9784,1.5433,1384113600
1707,54.9785,1.5434,1384101120
1707,54.9785,1.5434,1384099260
1707,54.9783,1.5437,1384098720
1707,54.9784,1.5434,1384098000
1707,54.9785,1.5434,1384095000
1707,54.9784,1.5435,1384055580
1707,54.9784,1.5433,1384048320
1707,54.9785,1.5434,1384032960
1707,54.9785,1.5434,1384002240
1707,54.9772,1.58,1383958080
1707,54.9785,1.5433,1383913440
1707,54.9785,1.5434,1383913080
1707,54.9784,1.5434,1383912840
1707,54.9784,1.5434,1383912840
1707,54.9783,1.5435,1383912300
1707,54.9785,1.5434,1383883860
1707,54.9785,1.5434,1383882840
1707,54.9785,1.5434,1383882480
1707,54.9785,1.5434,1383882180
1707,54.9784,1.5434,1383882060
1707,54.9785,1.5434,1383881940
1707,54.9784,1.5434,1383862260
1707,54.99,1.5595,1383834900
1707,54.9897,1.5586,1383833640
1707,54.9784,1.5436,1383796260
1707,54.9784,1.5435,1383795000
1707,54.9784,1.5431,1383780420
1707,54.9782,1.5441,1383774660
1707,54.9785,1.5452,1383774480
1707,54.9784,1.5452,1383774420
1707,54.9779,1.5445,1383774300
1707,54.979,1.5475,1383769620
1707,54.9787,1.549,1383769560
1707,54.9792,1.5499,1383769500
1707,54.9895,1.5592,1383751980
1707,54.9895,1.5592,1383751980
1707,54.9894,1.5594,1383751140
1707,54.9785,1.5435,1383737880
1707,54.9785,1.5434,1383711720
1707,54.9785,1.5434,1383708060
1707,54.9896,1.5591,1383680280
1707,54.99,1.5601,1383673620
1707,54.99,1.5601,1383673140
1707,54.99,1.5601,1383662940
1707,54.9784,1.5433,1383623040
1707,54.9785,1.5434,1383622680
1707,54.9857,1.553,1383617880
1707,54.9785,1.5434,1383539700
1707,54.9785,1.5433,1383539400
1707,54.9785,1.5434,1383193380
1707,54.9786,1.5433,1383058440
1707,54.9785,1.5434,1383058320
1707,54.9786,1.5433,1382999760
1707,54.9785,1.5434,1382977020
1707,54.9784,1.5435,1382936340
1707,54.9785,1.5434,1382926200
1707,54.9784,1.5434,1382888160
1707,54.9784,1.5434,1382887980
1707,54.9785,1.5434,1382887920
1707,54.9785,1.5434,1382887680
1707,54.9719,1.5935,1382824740
1707,54.9784,1.5434,1382760840
1707,54.9786,1.5433,1382755020
1707,54.9785,1.5434,1382752740
1707,54.9764,1.5852,1382741700
1707,54.9765,1.5852,1382741700
1707,54.99,1.5602,1382718480
1707,54.99,1.56,1382716140
1707,54.9896,1.5598,1382709120
1707,54.9785,1.5434,1382669160
1707,54.9785,1.5435,1382582940
1707,54.9784,1.5432,1382581620
1707,54.9783,1.5435,1382581080
1707,54.9807,1.5513,1382531520
1707,54.9785,1.5433,1382495520
1707,54.9896,1.559,1382453520
1707,54.9896,1.5593,1382453460
1707,54.99,1.56,1382449380
1707,54.9784,1.5435,1382441220
1707,54.9785,1.5436,1382317260
1707,54.9785,1.5435,1382280420
1707,54.9785,1.5433,1382238660
1707,54.9785,1.5433,1382237520
1707,54.9785,1.5434,1382231700
1707,54.9805,1.6205,1382224080
1707,54.9804,1.6204,1382223900
1707,54.9785,1.5434,1382154480
1707,54.9785,1.5433,1382151360
1707,54.9784,1.5434,1382150400
1707,54.9745,1.6025,1382139720
1707,55.0077,1.5477,1382112540
1707,54.9785,1.5434,1382060940
1707,54.9785,1.5433,1382060820
1707,54.9723,1.6174,1382044920
1707,54.9768,1.5867,1381947660
1707,54.9784,1.5434,1381932480
1707,54.9785,1.5433,1381932360
1707,54.9786,1.5433,1381931040
1707,54.9785,1.5433,1381889880
1707,54.9784,1.5432,1381885080
1707,54.9783,1.5431,1381807560
1707,54.9785,1.5433,1381802880
1707,54.9784,1.5437,1381776300
1707,54.9895,1.5593,1381760520
1707,54.9785,1.5434,1381718820
1707,54.9784,1.5434,1381704540
1707,54.9812,1.5423,1381692960
1707,54.9785,1.5434,1381677420
1707,54.9785,1.5433,1381636620
1707,54.9782,1.5436,1381636500
1707,54.9784,1.5434,1381628460
1707,54.9784,1.5434,1381625700
1707,54.9784,1.5437,1381624680
1707,54.9785,1.5434,1381624620
1707,54.9784,1.5434,1381620240
1707,54.9784,1.5435,1381611360
1707,54.9785,1.5434,1381579140
1707,54.9785,1.5433,1381549260
1707,54.9796,1.5556,1381547340
1707,54.9785,1.5434,1381533420
1707,54.9785,1.5434,1381529400
1707,54.9812,1.5423,1381521480
1707,54.9785,1.5436,1381488240
1707,54.9785,1.5434,1381460820
1707,54.9786,1.5433,1381455120
1707,54.9785,1.5435,1381454820
1707,54.9812,1.5423,1381435980
1707,54.9784,1.5434,1381405020
1707,54.9785,1.5435,1381373820
1707,54.9786,1.5433,1381355880
1707,54.9785,1.5436,1381348380
1707,54.9785,1.5433,1381348320
1707,54.9895,1.5593,1381339860
1707,54.9901,1.56,1381331880
1707,54.9901,1.5602,1381331580
1707,54.9784,1.5435,1381318440
1707,54.9895,1.5592,1381256880
1707,54.9784,1.5434,1381198200
1707,54.9785,1.5433,1381176960
1707,54.9786,1.5433,1381176360
1707,54.9784,1.5434,1381104480
1707,54.9785,1.5435,1381092840
1707,54.9784,1.5436,1381078380
1707,54.9784,1.5434,1381036680
1707,54.9785,1.5435,1381036020
1707,54.9784,1.5435,1381035780
1707,54.9785,1.5434,1381035600
1707,54.9786,1.5433,1381033380
1707,54.9785,1.5433,1381032900
1707,55.0116,1.494,1381010400
1707,54.9929,1.5205,1380996840
1707,54.9785,1.5434,1380984660
1707,54.9784,1.5434,1380937020
1707,54.9785,1.5433,1380934740
1707,54.9786,1.5434,1380934620
1707,54.9785,1.5434,1380934500
1707,54.9785,1.5434,1380934440
1707,54.9785,1.5434,1380934320
1707,54.9786,1.5433,1380934080
1707,54.9784,1.5434,1380929640
1707,54.9812,1.5423,1380918480
1707,54.9812,1.5423,1380916020
1707,54.9896,1.5491,1380913620
1707,54.9901,1.5603,1380909780
1707,54.9898,1.5602,1380897720
1707,54.9858,1.5629,1380839700
1707,54.9785,1.5436,1380839340
1707,54.9785,1.5434,1380832440
1707,54.99,1.5601,1380818640
1707,54.9794,1.5442,1380799800
1707,54.9784,1.5434,1380769200
1707,54.9785,1.5434,1380751560
1707,54.9784,1.5434,1380751500
1707,54.9784,1.5434,1380751500
1707,54.9783,1.5434,1380751200
1707,54.9784,1.5433,1380751140
1707,54.9785,1.5434,1380751080
1707,54.9785,1.5437,1380750000
1707,54.9898,1.5601,1380737760
1707,54.99,1.5601,1380722280
1707,54.9785,1.5434,1380713700
1707,54.9785,1.5434,1380666360
1707,54.9785,1.5434,1380665940
1707,54.97,1.6225,1380645120
1707,54.97,1.6225,1380644880
1707,54.9785,1.5434,1380594420
1707,54.9785,1.5433,1380593340
1707,54.9785,1.5438,1380576180
1707,54.99,1.5601,1380559680
