1715,21.0444,86.8853,1421978760
1715,21.1097,86.7617,1418418480
1715,21.1097,86.7617,1418340780
1715,21.1502,86.8219,1418297160
1715,20.3183,87.3575,1418246400
1715,21.1095,86.7613,1418088780
1715,25.7782,100.1132,1418071800
1715,25.7778,100.1149,1418071800
1715,25.6536,100.294,1415441460
1715,25.6535,100.2942,1415440260
1715,25.6809,100.2849,1414931880
1715,25.6809,100.2849,1414915020
1715,25.6808,100.2845,1414899060
1715,25.6577,100.3533,1414830360
1715,25.6577,100.3534,1414828080
1715,25.7449,100.299,1413879240
1715,25.7449,100.2992,1413625800
1715,25.745,100.2993,1413625320
1715,25.7449,100.2991,1413625320
1715,25.7449,100.2991,1413012900
1715,25.7362,100.304,1412965860
1715,25.7449,100.2992,1412412060
