1730,42.2646,71.0148,1427658960
1730,42.3657,71.0612,1427583300
1730,42.3659,71.062,1427578560
1730,42.3712,71.0775,1427534280
1730,42.365,71.0605,1427530200
1730,42.365,71.0605,1427525580
1730,42.3607,71.0724,1427508240
1730,42.3334,71.3185,1427506680
1730,42.3285,71.3281,1427506620
1730,40.8169,74.047,1427493600
1730,40.764,74.1553,1427272140
1730,40.764,74.1553,1427272140
1730,40.7396,74.0819,1427253480
1730,40.7396,74.0819,1427253420
1730,40.8048,74.1011,1427239020
1730,40.805,74.1008,1427237880
1730,40.8048,74.0997,1427235600
1730,40.8048,74.1015,1427228820
1730,40.764,74.1554,1426062000
1730,40.764,74.1554,1426061580
1730,40.764,74.1555,1426061460
1730,40.7641,74.1554,1426061400
1730,40.8045,74.1009,1426037580
1730,40.8045,74.1009,1426037460
1730,40.8046,74.1009,1426037220
1730,40.8047,74.1015,1426037220
1730,40.8047,74.1014,1426036140
1730,40.7642,74.1555,1425891180
1730,40.764,74.1554,1425887100
1730,40.7641,74.1552,1425792060
1730,40.764,74.1553,1425679440
1730,40.764,74.1553,1425679380
1730,40.764,74.1553,1425678240
1730,40.7641,74.1554,1425678180
1730,40.7642,74.1554,1425592140
1730,40.8049,74.1012,1425437580
1730,40.764,74.155,1425428700
1730,40.792,74.1337,1425372300
1730,40.792,74.1336,1425368400
1730,40.792,74.1337,1425344940
1730,40.7778,74.1476,1425336720
1730,40.8022,74.0953,1425327600
1730,40.8022,74.0953,1425327000
1730,40.8022,74.0953,1425326820
1730,40.7641,74.1554,1425289320
1730,40.7641,74.1553,1425287160
1730,40.7641,74.1552,1425286980
1730,40.7641,74.1553,1425286860
1730,40.7641,74.1553,1425284700
1730,40.764,74.1553,1425273540
1730,40.764,74.1553,1425249360
1730,40.838,74.1545,1425204060
1730,40.764,74.1554,1425170820
1730,40.764,74.1553,1425167100
1730,40.7641,74.1554,1425163560
1730,40.7644,74.1571,1425083040
1730,40.769,74.1824,1425082740
1730,40.7638,74.1554,1425024300
1730,40.8049,74.1015,1425008400
1730,40.8049,74.1013,1425005100
1730,40.8049,74.1013,1425005100
1730,40.8048,74.1017,1425002700
1730,40.8053,74.1012,1424999160
1730,40.8053,74.1012,1424999160
1730,40.8053,74.1012,1424999040
1730,40.8053,74.1012,1424998980
1730,40.7791,74.1295,1424899020
1730,40.8041,74.1008,1424897700
1730,40.8041,74.1008,1424897520
1730,40.7639,74.1554,1424821200
1730,40.8049,74.1012,1424813460
1730,40.8042,74.1008,1424812740
1730,40.7641,74.1554,1424803260
1730,40.7921,74.1336,1424761680
1730,40.764,74.1554,1424685360
1730,40.764,74.1554,1424683740
1730,40.7639,74.1553,1424682780
1730,40.7641,74.1553,1424682540
1730,40.7641,74.1553,1424682240
1730,40.7641,74.1553,1424682180
1730,40.7641,74.1553,1424682000
1730,40.764,74.1553,1424674860
1730,40.764,74.1552,1424673420
1730,40.8047,74.1016,1424400300
1730,40.7641,74.1553,1424286120
1730,40.7642,74.1553,1424217120
1730,40.7683,74.1529,1424217120
1730,40.7641,74.1554,1424165880
1730,40.7919,74.1337,1424129640
1730,40.7894,74.1324,1423987260
1730,40.7532,74.0069,1423971540
1730,40.7683,74.1529,1423915740
1730,40.7686,74.1464,1423872840
1730,40.7686,74.1464,1423867260
1730,40.7641,74.1554,1423819920
1730,40.7641,74.1555,1423807200
1730,40.8048,74.1014,1423795740
1730,40.8047,74.1016,1423795680
1730,40.8017,74.096,1423615620
1730,40.7685,74.1462,1423615560
1730,40.764,74.1554,1423468260
1730,40.764,74.1553,1423468140
1730,40.7641,74.1552,1423467600
1730,40.7641,74.1554,1423465440
1730,40.764,74.1553,1423462860
1730,40.764,74.1553,1423461420
1730,40.764,74.1553,1423460460
1730,40.764,74.1553,1423460160
1730,40.7502,73.9929,1419744300
1730,40.7502,73.9929,1419742020
1730,40.764,74.1554,1419539520
1730,40.7641,74.1552,1419492720
1730,40.7073,74.004,1419124740
1730,40.7318,74.004,1419122220
1730,40.7674,74.1593,1418905140
1730,40.7685,74.1462,1418771760
1730,40.7641,74.1553,1418649780
1730,40.764,74.1552,1418199540
1730,40.7641,74.1552,1417918200
1730,40.764,74.1553,1417847880
1730,40.7642,74.157,1417698060
1730,40.7643,74.155,1417316400
1730,40.7265,74.1569,1417245240
1730,40.7685,74.1463,1416617460
1730,41.0859,74.151,1416129840
1730,41.0835,74.1486,1416123600
1730,41.0859,74.151,1416122460
1730,40.7504,73.9942,1416038700
1730,40.7504,73.9942,1416038640
1730,40.7685,74.1463,1415910780
1730,40.7685,74.1463,1415910780
1730,40.7639,74.1552,1415829780
1730,40.7686,74.1536,1415666640
1730,40.7982,74.1233,1415502240
1730,40.7982,74.1233,1415502240
1730,40.7913,74.1294,1415502180
1730,40.764,74.1554,1415391540
1730,40.764,74.1554,1415352180
1730,40.764,74.1554,1415348760
1730,40.764,74.1554,1415341200
1730,40.764,74.1554,1415052420
1730,40.764,74.1554,1414901040
1730,40.764,74.1554,1414840740
1730,40.7642,74.1554,1414668540
1730,40.7685,74.1464,1414260960
1730,40.764,74.1553,1414181160
1730,40.764,74.1553,1414178700
1730,40.764,74.1553,1414139160
1730,40.764,74.1553,1414138200
1730,40.7638,74.1556,1414074360
1730,40.8297,74.1439,1414022580
1730,40.8265,74.1417,1414021920
1730,40.8265,74.1417,1414021800
1730,40.8001,74.0391,1413579900
1730,40.7408,74.1579,1413417600
1730,40.7504,74.1606,1412977620
1730,40.7504,74.1605,1412976060
1730,40.7504,74.1606,1412976060
1730,40.7972,74.127,1412932740
1730,40.7639,74.1551,1412763300
1730,40.7641,74.1553,1412471340
1730,40.7641,74.1553,1412471280
1730,40.7641,74.1556,1412423760
1730,40.7641,74.1553,1412370960
1730,40.764,74.1553,1412321400
1730,40.764,74.1554,1412321220
1730,40.7641,74.1552,1412320680
1730,40.7641,74.1552,1412320500
1730,40.7637,74.156,1411965120
1730,40.7641,74.1553,1411963260
1730,40.7641,74.1553,1411957440
1730,40.7641,74.1553,1411957200
1730,38.8519,77.0423,1411922520
1730,38.8519,77.0423,1411922220
1730,38.8519,77.0423,1411922100
1730,38.8519,77.0423,1411922100
1730,38.8652,77.0572,1411919940
1730,38.8619,77.0643,1411908360
1730,38.91,77.0429,1411906620
1730,38.9084,77.0423,1411905960
1730,38.9078,77.0421,1411901580
1730,38.9078,77.0421,1411901520
1730,38.9078,77.0421,1411901520
1730,38.9078,77.042,1411897260
1730,38.9078,77.042,1411897020
1730,38.908,76.8637,1411718460
1730,38.8787,77.039,1411688340
1730,39.1703,76.7308,1411686360
1730,40.7641,74.1554,1411648380
1730,40.7677,74.1591,1411542000
1730,40.7677,74.1591,1411520160
1730,40.7677,74.1591,1411457700
1730,40.7817,74.1188,1411114920
1730,40.7685,74.1535,1411092300
1730,40.7685,74.1464,1410915600
1730,40.7646,74.1431,1410915480
1730,40.764,74.1553,1410784680
1730,40.7641,74.1553,1410601680
1730,40.7641,74.1553,1410601560
1730,40.7641,74.1553,1410601440
1730,40.7668,74.1596,1410598440
1730,40.7641,74.1553,1410509220
1730,40.7692,74.1534,1410503280
1730,40.7688,74.1534,1410466020
1730,40.764,74.1552,1410289080
1730,40.7641,74.1551,1410287760
1730,40.7688,74.1534,1410250200
1730,40.7621,74.1587,1410236580
1730,40.764,74.1552,1392783420
1730,40.7641,74.1554,1392750840
1730,40.764,74.1552,1392749940
1730,40.764,74.1552,1392749940
1730,40.7641,74.1554,1392749820
1730,40.764,74.1554,1392715020
1730,40.764,74.1554,1392714780
1730,40.764,74.1554,1392691860
1730,40.764,74.1552,1392691860
1730,40.8051,74.1015,1392675780
1730,40.7641,74.1554,1392553440
1730,40.7641,74.1554,1392553380
1730,40.7641,74.1553,1392553320
1730,40.7639,74.1552,1392513240
1730,40.764,74.1554,1392509940
1730,40.764,74.1554,1392509940
1730,40.7641,74.1552,1392509880
1730,40.7641,74.1552,1392509820
1730,40.7641,74.1553,1392495480
1730,40.764,74.1553,1392456840
1730,40.764,74.1553,1392423060
1730,40.7641,74.1554,1392410160
1730,40.764,74.1554,1392406320
1730,40.764,74.1553,1392406320
1730,40.7641,74.1552,1392368820
1730,40.764,74.1553,1392367860
1730,40.7639,74.1552,1392347280
1730,40.764,74.1552,1392334680
1730,40.7641,74.1553,1392330540
1730,40.764,74.1552,1392293820
1730,40.764,74.1553,1392256860
1730,40.764,74.1553,1392170700
1730,40.764,74.1552,1392162600
1730,40.7641,74.1553,1392108960
1730,40.7641,74.1553,1392105060
1730,40.8119,74.1371,1392091320
1730,40.764,74.1553,1392030960
1730,40.764,74.1553,1392030540
1730,40.764,74.1553,1392030540
1730,40.764,74.1554,1392030480
1730,40.764,74.1553,1392030420
1730,40.764,74.1554,1392030360
1730,40.764,74.1554,1392030300
1730,40.764,74.1554,1392030240
1730,40.764,74.1554,1392030060
1730,40.764,74.1554,1392030000
1730,40.764,74.1554,1392029940
1730,40.764,74.1554,1392029880
1730,40.7641,74.1554,1392029820
1730,40.7641,74.1554,1392029640
1730,40.7641,74.1554,1392029580
1730,40.7641,74.1554,1392029520
1730,40.7641,74.1554,1392029460
1730,40.7641,74.1554,1392029460
1730,40.7641,74.1554,1392029460
1730,40.7641,74.1554,1392029280
1730,40.7641,74.1554,1392028980
1730,40.7641,74.1554,1392028920
1730,40.7641,74.1554,1392028860
1730,40.7641,74.1554,1392028800
1730,40.7641,74.1554,1392028620
1730,40.7641,74.1554,1392028560
1730,40.7641,74.1554,1392028440
1730,40.7641,74.1554,1392028380
1730,40.7641,74.1554,1392028260
1730,40.7641,74.1554,1392028200
1730,40.7641,74.1554,1392028140
1730,40.7641,74.1554,1392028080
1730,40.7641,74.1554,1392028020
1730,40.764,74.1554,1392024420
1730,40.7321,74.137,1391996520
1730,40.732,74.1375,1391996460
1730,40.7642,74.1552,1391978580
1730,40.7641,74.1554,1391975640
1730,40.7641,74.1555,1391931780
1730,40.7639,74.1553,1391802540
1730,40.7639,74.1553,1391802360
1730,40.7641,74.1553,1391689800
1730,40.7641,74.1554,1391609160
1730,40.7641,74.1554,1391609160
1730,40.764,74.1554,1391609160
1730,40.764,74.1554,1391609160
1730,40.7641,74.1553,1391606160
1730,40.7641,74.1552,1391508840
1730,40.7641,74.1552,1391508780
1730,40.764,74.1554,1391505660
1730,40.7641,74.1555,1391431020
1730,40.7641,74.1553,1391371200
1730,40.764,74.1552,1391342400
1730,40.764,74.1552,1391341620
1730,40.764,74.1553,1391293380
1730,40.7641,74.1554,1391085360
1730,40.764,74.1552,1391085300
1730,40.7641,74.1552,1390995060
1730,40.764,74.1552,1390995060
1730,40.764,74.1555,1390910760
1730,40.764,74.1555,1390910700
1730,40.764,74.1555,1390910700
1730,40.764,74.1555,1390910640
1730,40.764,74.1553,1390821480
1730,40.764,74.1553,1390786440
1730,40.764,74.1553,1390784460
1730,40.764,74.1553,1390781460
1730,40.4327,74.2479,1390748460
1730,39.8938,74.212,1390746000
1730,39.4976,74.5352,1390727280
1730,39.4976,74.5352,1390726740
1730,40.7565,74.1492,1390656960
1730,40.7641,74.1436,1390618440
1730,40.764,74.1553,1390608240
1730,40.764,74.1553,1390605540
1730,40.764,74.1553,1390602720
1730,40.764,74.1552,1390601700
1730,40.7641,74.1553,1390573620
1730,40.764,74.1553,1390571400
1730,40.764,74.1554,1390571040
1730,40.764,74.1553,1390547580
1730,40.764,74.1552,1390519860
1730,40.7641,74.1554,1390519440
1730,40.764,74.1553,1390518480
1730,40.7641,74.1554,1390518480
1730,40.764,74.1554,1390516740
1730,40.764,74.1554,1390471620
1730,40.764,74.1553,1390443840
1730,40.812,74.1364,1390440420
1730,40.7922,74.1337,1390437840
1730,40.764,74.1554,1390429740
1730,40.764,74.1553,1390313520
1730,40.7641,74.1553,1390303980
1730,40.7641,74.1553,1390303920
1730,40.7641,74.1553,1390303680
1730,40.7641,74.1553,1390303620
1730,40.7641,74.1553,1390303320
1730,40.7641,74.1553,1390303260
1730,40.7641,74.1553,1390303080
1730,40.764,74.1554,1390302840
1730,40.764,74.1554,1390302780
1730,40.762,74.1593,1390172460
1730,40.764,74.1553,1390162320
1730,40.764,74.1553,1390099020
1730,40.764,74.1553,1390089300
1730,40.7692,74.1459,1390004640
1730,40.7692,74.1458,1390004520
1730,40.7692,74.1459,1390003500
1730,40.7641,74.1554,1389964320
1730,40.9514,74.0894,1389923580
1730,40.9513,74.0895,1389923220
1730,40.764,74.1553,1389909660
1730,40.764,74.1553,1389909180
1730,40.764,74.1553,1389877860
1730,40.764,74.1553,1389773820
1730,40.7921,74.1337,1388578020
1730,40.7921,74.1336,1388569800
1730,40.7921,74.1336,1388569800
1730,40.7161,74.0113,1387673280
1730,40.7659,74.0011,1387672560
1730,40.764,74.1552,1387650420
1730,40.764,74.1553,1387636140
1730,40.764,74.1553,1387636080
1730,40.8046,74.1011,1387577880
1730,40.8046,74.1011,1387577700
1730,40.764,74.1552,1387460340
1730,40.7921,74.1337,1387353660
1730,40.7883,74.1443,1387327440
1730,40.8049,74.1009,1387325100
1730,40.7902,74.1348,1387322220
1730,40.7813,74.1512,1387308660
1730,40.7642,74.1547,1387307160
1730,40.7642,74.1547,1387281420
1730,40.7967,74.1454,1387270620
1730,40.7902,74.135,1387241280
1730,40.764,74.1553,1387225680
1730,40.764,74.1552,1387225380
1730,40.764,74.1553,1387225320
1730,40.764,74.1552,1387198980
1730,40.764,74.1552,1387070460
1730,40.764,74.1553,1387056840
1730,40.764,74.1553,1387056600
1730,40.764,74.1553,1387018380
1730,40.764,74.1553,1387018380
1730,40.764,74.1553,1387018320
1730,40.764,74.1553,1387018260
1730,40.764,74.1553,1387018200
1730,40.764,74.1553,1387007940
1730,40.764,74.1553,1386937980
1730,40.764,74.1553,1386937920
1730,40.764,74.1553,1386937740
1730,40.764,74.1553,1386900120
1730,40.7685,74.1462,1386885780
1730,40.7648,74.1356,1386885360
1730,40.7648,74.1356,1386885300
1730,40.7648,74.1356,1386885240
1730,40.8047,74.1012,1386717960
1730,40.8076,74.0997,1386717600
1730,40.8076,74.0997,1386717180
1730,40.7844,74.1487,1386712380
1730,40.8076,74.0997,1386711240
1730,40.8076,74.0997,1386711240
1730,40.7705,74.1358,1386704520
1730,40.7705,74.1358,1386704460
1730,40.7641,74.1552,1386680820
1730,40.764,74.1553,1386675180
1730,40.764,74.1553,1386640920
1730,40.764,74.1553,1386640200
1730,40.764,74.1552,1386635880
1730,40.7642,74.1548,1386465900
1730,40.792,74.1337,1386462240
1730,40.792,74.1336,1386461820
1730,40.792,74.1336,1386461580
1730,40.7641,74.1553,1386421200
1730,40.7611,74.1557,1386386820
1730,40.7642,74.1487,1386386460
1730,40.7642,74.1487,1386386400
1730,40.8076,74.0996,1386372660
1730,40.7643,74.1553,1386362160
1730,40.7839,74.1337,1386279360
1730,40.7839,74.1337,1386279240
1730,40.7968,74.0671,1386272640
1730,40.8118,74.1372,1386205500
1730,40.8118,74.1372,1386205380
1730,40.8118,74.1372,1386205380
1730,40.8118,74.1372,1386205320
1730,40.8059,74.1135,1386200460
1730,40.7685,74.1462,1386110880
1730,40.8145,74.1342,1386106740
1730,40.7673,74.1381,1386099360
1730,40.7673,74.1381,1386099300
1730,40.764,74.1553,1386096060
1730,40.764,74.1553,1386077760
1730,40.7921,74.1338,1386022320
1730,40.7921,74.1337,1385892060
1730,40.764,74.1553,1384086720
1730,40.764,74.1553,1384086660
1730,40.78,74.14,1383966600
1730,40.78,74.14,1383966420
1730,40.78,74.14,1383966300
1730,40.7685,74.1462,1383955860
1730,40.764,74.1553,1383890640
1730,40.764,74.1553,1383889140
1730,40.764,74.1552,1383886740
1730,40.764,74.1553,1383881040
1730,40.7685,74.1461,1383863760
1730,40.7685,74.1462,1383863760
1730,40.7685,74.1462,1383863700
1730,40.792,74.1337,1383808440
1730,40.792,74.1337,1383808440
1730,40.792,74.1337,1383808020
1730,40.792,74.1337,1383807900
1730,40.792,74.1337,1383807720
1730,40.7926,74.1305,1383784740
1730,40.764,74.1552,1383771360
1730,40.7639,74.1552,1383712980
1730,40.764,74.1552,1383706380
1730,40.764,74.1552,1383653700
1730,40.764,74.1552,1383653640
1730,40.764,74.1552,1383652920
1730,40.764,74.1552,1383652920
1730,40.764,74.1552,1383652620
1730,40.764,74.1552,1383652560
1730,40.764,74.1553,1383652440
1730,40.764,74.1553,1383652380
1730,40.764,74.1552,1383644580
1730,40.764,74.1552,1383635760
1730,40.764,74.1552,1383635640
1730,40.764,74.1552,1383635460
1730,40.764,74.1552,1383635220
1730,40.764,74.1552,1383635040
1730,40.764,74.1553,1383633840
1730,40.7641,74.1552,1383630420
1730,40.764,74.1552,1383628740
1730,40.764,74.1552,1383437160
1730,40.7684,74.1496,1383385860
1730,40.764,74.1553,1383342540
1730,40.764,74.1553,1383246960
1730,40.764,74.1552,1383246120
1730,40.764,74.1552,1383246060
1730,40.764,74.1553,1383223920
1730,40.764,74.1552,1383171240
1730,40.764,74.1552,1383164160
1730,40.764,74.1552,1383162780
1730,40.764,74.1552,1383160920
1730,40.764,74.1552,1383127140
1730,40.7644,74.1552,1383082800
1730,40.7501,73.9922,1383020880
1730,40.764,74.1552,1383011040
1730,40.7641,74.1552,1383010680
1730,40.792,74.1337,1382852700
1730,40.8655,74.1984,1382768640
1730,40.7685,74.1462,1382743680
1730,40.7685,74.1461,1382743620
1730,40.764,74.1552,1382731200
1730,40.764,74.1552,1382687160
1730,40.764,74.1552,1382683500
1730,40.764,74.1552,1382683440
1730,40.7641,74.1552,1382677260
1730,40.7641,74.1552,1382677200
1730,40.764,74.1552,1382677200
1730,40.764,74.1552,1382676540
1730,40.764,74.1552,1382675580
1730,40.8051,74.1011,1382660580
1730,40.8051,74.1011,1382660520
1730,40.764,74.1552,1382651760
1730,40.7564,74.1442,1382651340
1730,40.7562,74.144,1382651280
1730,40.7685,74.146,1382649720
1730,40.8049,74.1008,1382640540
1730,40.8049,74.1008,1382640540
1730,40.8077,74.0997,1382640300
1730,40.8077,74.0997,1382640300
1730,40.764,74.1552,1382618100
1730,40.764,74.1552,1382618040
1730,40.764,74.1552,1382618040
1730,40.764,74.1552,1382618040
1730,40.764,74.1552,1382575140
1730,40.764,74.1553,1382575020
1730,40.764,74.1553,1382478300
1730,40.7685,74.1462,1382476140
1730,40.7685,74.1462,1382476140
1730,40.7685,74.1461,1382475780
1730,40.764,74.1553,1382464860
1730,40.764,74.1552,1382451780
1730,40.764,74.1553,1382437980
1730,40.7641,74.1552,1382437080
1730,40.764,74.1553,1382436060
1730,40.7641,74.1553,1382435400
1730,40.7641,74.1553,1382400000
1730,40.764,74.1553,1382399940
1730,40.764,74.1553,1382395380
1730,40.764,74.1553,1382395320
1730,40.764,74.1553,1382395260
1730,40.764,74.1553,1382394720
1730,40.764,74.1553,1382392440
1730,40.764,74.1553,1382358420
1730,40.764,74.1553,1382358060
1730,40.7641,74.1552,1382249760
1730,40.764,74.1552,1382219340
1730,40.764,74.1553,1382219340
1730,40.764,74.1553,1382219100
1730,40.764,74.1553,1382219100
1730,40.764,74.1552,1382219040
1730,40.764,74.1555,1382154600
1730,40.7641,74.1553,1382152740
1730,40.8123,74.1223,1382141700
1730,40.7641,74.1555,1382138580
1730,40.764,74.1555,1382138580
1730,40.764,74.1555,1382138340
1730,40.764,74.1553,1382138280
1730,40.764,74.1552,1382089080
1730,40.764,74.1552,1382062800
1730,40.8049,74.1013,1382055300
1730,40.805,74.101,1382041140
1730,40.764,74.1553,1382015040
1730,40.764,74.1552,1382011080
1730,40.764,74.1553,1382011080
1730,40.764,74.1553,1382011080
1730,40.764,74.1553,1382011020
1730,40.8088,74.1185,1381955700
1730,40.7641,74.1552,1381921500
1730,40.764,74.1552,1381919460
1730,40.764,74.1553,1381919100
1730,40.764,74.1552,1381916040
1730,40.764,74.1553,1381914240
1730,40.764,74.1552,1381913280
1730,40.764,74.1552,1381912080
1730,40.764,74.1552,1381912020
1730,40.764,74.1553,1381873440
1730,40.7688,74.1465,1381871940
1730,40.7641,74.1552,1381836000
1730,40.7641,74.1552,1381835940
1730,40.764,74.1553,1381835940
1730,40.764,74.1552,1381778460
1730,40.7641,74.1552,1381753740
1730,40.764,74.1552,1381670160
1730,40.764,74.1553,1381669080
1730,40.7641,74.1552,1381668660
1730,40.7685,74.1462,1381617240
1730,40.764,74.1553,1381613100
1730,40.764,74.1552,1381612860
1730,40.764,74.1552,1381559640
1730,40.764,74.1552,1381559520
1730,40.764,74.1552,1381559520
1730,40.764,74.1552,1381547880
1730,40.764,74.1552,1381547580
1730,40.764,74.1552,1381547580
1730,40.764,74.1553,1381546860
1730,40.764,74.1553,1381544940
1730,40.7685,74.1461,1381529460
1730,40.7734,74.1356,1381524960
1730,40.7734,74.1356,1381524900
1730,40.7641,74.1552,1381492200
1730,40.805,74.1013,1381449720
1730,40.8079,74.0997,1381436760
1730,40.8079,74.0997,1381436760
1730,40.764,74.1552,1381404780
1730,40.764,74.1552,1381401660
1730,40.764,74.1552,1381401600
1730,40.764,74.1552,1381401540
1730,40.764,74.1552,1381401480
1730,40.764,74.1552,1381401480
1730,40.7964,74.1415,1381357620
1730,40.764,74.1553,1381227120
1730,40.764,74.1552,1381146480
1730,40.764,74.1553,1381146420
1730,40.764,74.1553,1381146420
1730,40.764,74.1553,1381146420
1730,40.764,74.1553,1381146360
1730,40.7641,74.1552,1381017780
1730,40.8047,74.1011,1380664740
1730,40.8051,74.101,1380662940
1730,40.8051,74.101,1380662640
1730,40.8051,74.1009,1380662520
1730,40.805,74.1012,1380661560
1730,40.805,74.1012,1380661500
1730,40.8051,74.101,1380661440
1730,40.7641,74.1552,1380650220
1730,40.7645,74.1551,1380597480
1730,40.7645,74.1551,1380597300
1730,40.7634,74.1618,1380575580
1730,40.7645,74.1551,1380569220
1730,40.7645,74.1551,1380569160
1730,40.7645,74.1551,1380568380
1730,40.7585,74.1514,1380450960
1730,40.7584,74.1514,1380450960
1730,40.7641,74.1552,1380417600
1730,40.764,74.1552,1380406140
1730,40.7685,74.1462,1380403740
1730,40.7685,74.1462,1380335700
1730,40.7851,74.1535,1380328320
1730,40.7603,74.1512,1380326760
1730,40.7895,74.133,1380323400
1730,40.7895,74.1331,1380323280
1730,40.7895,74.1331,1380323160
1730,40.7895,74.1331,1380323100
1730,40.7895,74.1331,1380323040
1730,40.7895,74.1331,1380322980
1730,40.8049,74.1014,1380314760
1730,40.8049,74.1014,1380314760
1730,40.805,74.1013,1380314160
1730,40.764,74.1552,1380310860
1730,40.764,74.1554,1379591820
1730,40.9457,74.0947,1379538120
1730,40.9417,74.0937,1379537880
1730,40.9417,74.0937,1379537820
1730,40.9451,74.0917,1379537580
1730,40.9551,74.0857,1379537040
1730,40.7641,74.1552,1379494620
1730,40.764,74.1552,1379493420
1730,40.764,74.1552,1379423340
1730,40.7641,74.1552,1379405280
1730,40.764,74.1552,1379404560
1730,40.7641,74.1552,1379327940
1730,40.764,74.1552,1379324820
1730,40.764,74.1552,1379324760
1730,40.8131,74.0744,1379297700
1730,40.8114,74.072,1379289120
1730,40.7641,74.1552,1379278380
1730,40.7641,74.1552,1379146800
1730,40.7658,74.1516,1379145780
1730,40.7658,74.1516,1379137020
1730,40.7641,74.1552,1379133780
1730,40.7641,74.1552,1379133480
1730,40.7641,74.1552,1379133360
1730,40.7641,74.1552,1379133180
1730,40.7641,74.1552,1379133060
1730,40.7349,74.1602,1379129520
1730,40.8955,74.2558,1379101080
1730,40.764,74.1552,1379066400
1730,40.764,74.1552,1379033580
1730,40.7641,74.1552,1379032020
1730,40.7573,74.1444,1379031360
1730,40.7685,74.1461,1379023020
1730,40.7685,74.1461,1379022960
1730,40.7601,74.1515,1379021700
1730,40.764,74.1552,1379013120
1730,40.7641,74.1552,1378977780
1730,40.764,74.1552,1378977480
1730,40.764,74.1552,1378976940
1730,40.7641,74.1552,1378955700
1730,40.764,74.1553,1378955640
1730,40.764,74.1552,1378951140
1730,40.764,74.1552,1378951140
1730,40.7674,74.1661,1378888200
1730,40.7674,74.1661,1378887000
1730,40.7641,74.1553,1378809780
1730,40.764,74.1552,1378807680
1730,40.764,74.1552,1378807680
1730,40.7641,74.1553,1378807380
1730,40.764,74.1552,1378807320
1730,40.764,74.1552,1378807260
1730,40.764,74.1552,1378807200
1730,40.764,74.1552,1378807080
1730,40.764,74.1552,1378807020
1730,40.764,74.1552,1378807020
1730,40.764,74.1552,1378806900
1730,40.764,74.1552,1378806840
1730,40.764,74.1552,1378806780
1730,40.764,74.1552,1378806720
1730,40.764,74.1552,1378806660
1730,40.764,74.1552,1378804080
1730,40.764,74.1552,1378803780
1730,40.764,74.1553,1378803180
1730,40.764,74.1552,1378801500
1730,40.764,74.1552,1378801380
1730,40.7641,74.1552,1378797540
1730,40.7641,74.1552,1378786020
1730,40.764,74.1552,1378730040
1730,40.764,74.1552,1378729740
1730,40.764,74.1552,1378729560
1730,40.764,74.1553,1378728960
1730,40.7641,74.1552,1378726080
1730,40.7641,74.1553,1378666920
1730,40.7641,74.1553,1378666920
1730,40.7641,74.1552,1378647480
1730,40.7643,74.1549,1378646700
1730,40.764,74.1554,1378642800
1730,40.764,74.1554,1378642800
1730,40.764,74.1554,1378642740
1730,40.7682,74.1461,1378592460
1730,40.764,74.1554,1378551660
1730,40.764,74.1554,1378551660
1730,40.764,74.1554,1378551600
1730,40.764,74.1552,1378532760
1730,40.764,74.1552,1378465140
1730,40.7921,74.1336,1378451280
1730,40.792,74.1336,1378450740
1730,40.792,74.1337,1378450680
1730,40.7921,74.1336,1378447620
1730,40.7921,74.1336,1378447440
1730,40.747,74.1625,1378439580
1730,40.747,74.1625,1378438620
1730,40.764,74.1553,1378433940
1730,40.7686,74.1463,1378398900
1730,40.7686,74.1462,1378398660
1730,40.7685,74.1462,1378398300
1730,40.764,74.1552,1378207980
1730,40.764,74.1552,1378207980
1730,40.764,74.1552,1378207620
1730,40.764,74.1552,1378207620
1730,40.7623,74.1593,1378155420
1730,40.7625,74.1594,1377926700
1730,40.764,74.1552,1377900120
1730,40.764,74.1552,1377856920
1730,40.7624,74.1594,1377753180
1730,40.7623,74.1593,1377753000
1730,40.764,74.1552,1377726600
1730,40.764,74.1553,1377724140
1730,40.764,74.1553,1377723900
1730,40.7659,74.1517,1377678360
1730,40.7576,74.1562,1377673680
1730,40.7576,74.1562,1377673620
1730,40.7575,74.1564,1377671400
1730,40.764,74.1552,1377662580
1730,40.7635,74.1595,1377660660
1730,40.7639,74.1551,1377480060
1730,40.764,74.1551,1377466860
1730,40.764,74.1552,1377418560
1730,40.764,74.1552,1377418500
1730,40.8328,74.1246,1377409560
1730,40.764,74.1552,1377389400
1730,39.6053,75.6525,1377377760
1730,38.7219,75.0791,1377258540
1730,38.7219,75.0791,1377258360
1730,38.7218,75.079,1377222060
1730,38.7218,75.079,1377221880
1730,38.7218,75.0789,1377221700
1730,38.7214,75.0787,1377170700
1730,38.7216,75.0789,1377170700
1730,38.7217,75.0791,1377170340
1730,38.7216,75.0789,1377169560
1730,38.7219,75.079,1377162660
1730,38.7157,75.0822,1377152160
1730,38.7216,75.0788,1377066540
1730,38.7171,75.0789,1377064620
1730,38.7183,75.0806,1377047640
1730,38.7218,75.0791,1377046440
1730,38.7183,75.0806,1377046380
1730,38.7216,75.0788,1377044820
1730,38.7222,75.079,1377002280
1730,38.7222,75.079,1377002160
1730,38.7218,75.0795,1376995740
1730,38.7217,75.0794,1376994960
1730,38.722,75.0791,1376986560
1730,38.7216,75.0788,1376907660
1730,38.7216,75.0788,1376907600
1730,38.7216,75.0788,1376907060
1730,38.7216,75.0788,1376876400
1730,38.7216,75.0788,1376809920
1730,40.7482,74.1365,1376779440
1730,40.8081,74.1304,1376690820
1730,40.764,74.1552,1376687520
1730,40.764,74.1552,1376683200
1730,40.764,74.1553,1376654100
1730,40.7685,74.146,1376598360
1730,40.764,74.1552,1376542440
1730,40.764,74.1552,1376538240
1730,40.764,74.1552,1376538060
1730,40.7641,74.1552,1376532120
1730,40.7945,74.14,1376531400
1730,40.8045,74.1345,1376531100
1730,40.764,74.1552,1376518200
1730,40.764,74.1552,1376518200
1730,40.764,74.1552,1376517900
1730,40.764,74.1552,1376517420
1730,40.764,74.1552,1376513280
1730,40.7641,74.1552,1376513160
1730,40.7641,74.1552,1376486940
1730,40.7641,74.1552,1376486880
1730,40.764,74.1552,1376486640
1730,40.764,74.1552,1376484360
1730,40.764,74.1553,1376479200
1730,40.764,74.1552,1376479020
1730,40.764,74.1552,1376419140
1730,40.764,74.1552,1376386200
1730,40.764,74.1553,1376371920
1730,40.764,74.1552,1376371920
1730,40.7685,74.146,1376367000
1730,40.7685,74.146,1376366940
1730,40.7634,74.1555,1376129940
1730,40.7799,74.14,1376129880
1730,40.8283,74.1393,1376125440
1730,40.7641,74.1552,1376034780
1730,40.764,74.1552,1375960560
1730,40.764,74.1552,1375959840
1730,40.764,74.1552,1375959780
1730,40.5944,75.3509,1375816440
1730,40.7647,74.1551,1375694820
1730,40.764,74.1552,1375694400
1730,40.7647,74.1551,1375693860
1730,40.7647,74.1551,1375693620
1730,40.764,74.1552,1375687680
1730,40.7647,74.1551,1375676760
1730,40.792,74.1336,1375657920
1730,40.792,74.1337,1375581900
1730,40.7572,74.1609,1375576560
1730,40.763,74.1494,1375572480
1730,40.7641,74.1553,1375567080
1730,40.7641,74.1553,1375567080
1730,40.7641,74.1553,1375566900
1730,40.7641,74.1553,1375566840
1730,40.7641,74.1555,1375566240
1730,40.764,74.1554,1375561740
1730,40.7638,74.1553,1375535160
1730,40.7641,74.1554,1375535040
1730,40.764,74.1555,1375476180
1730,40.764,74.1555,1375475880
1730,40.7643,74.1553,1375238220
1730,40.8896,74.2598,1375233180
1730,40.8897,74.2598,1375231500
1730,40.8897,74.2598,1375230000
1730,40.8897,74.2598,1375229940
1730,40.7921,74.1337,1375175160
1730,40.7921,74.1336,1375173780
1730,40.7921,74.1336,1375169580
1730,40.7623,74.1592,1375141380
1730,40.764,74.1552,1375095840
1730,40.764,74.1552,1375095840
1730,40.764,74.1552,1375095780
1730,40.7685,74.1461,1374968040
1730,40.7685,74.146,1374967980
1730,40.7685,74.146,1374967740
1730,40.7686,74.146,1374967620
1730,40.7777,74.1415,1374967500
1730,40.7786,74.1409,1374967500
1730,40.7848,74.1361,1374967320
1730,40.764,74.1552,1374959040
1730,39.3777,74.436,1374886380
1730,39.3777,74.4359,1374878040
1730,39.42,74.5064,1374875160
1730,40.5551,74.2685,1374870060
1730,40.505,74.2846,1374838140
1730,40.5048,74.2848,1374826440
1730,40.5049,74.2845,1374825000
1730,40.5052,74.2842,1374824940
1730,40.7638,74.1555,1374804120
1730,40.9043,74.1936,1374798480
1730,40.9212,74.1727,1374798120
1730,40.8897,74.2598,1374768600
1730,40.764,74.1554,1374764820
1730,40.8301,74.0931,1374731340
1730,40.8301,74.0931,1374731280
1730,40.8301,74.0931,1374731220
1730,40.7754,74.1423,1374727920
1730,40.764,74.1553,1374718680
1730,40.764,74.1555,1374718440
1730,40.7641,74.1554,1374578640
1730,40.764,74.1552,1374500340
1730,40.7623,74.1593,1374490140
1730,40.764,74.1554,1374441300
1730,40.764,74.1554,1374441000
1730,40.764,74.1554,1374343620
1730,40.764,74.1554,1374343620
1730,40.764,74.1554,1374343500
1730,40.764,74.1554,1374343200
1730,40.764,74.1554,1374342960
1730,40.764,74.1554,1374342720
1730,40.7642,74.1554,1374296100
1730,40.748,74.1369,1374294060
1730,40.7388,74.1237,1374286620
1730,40.6581,74.1719,1374278040
1730,40.7495,74.1203,1374277380
1730,40.7573,74.1444,1374276720
1730,40.7642,74.1551,1374266820
1730,40.7639,74.1555,1374231060
1730,40.7648,74.155,1374225480
1730,40.7624,74.1592,1374221880
1730,40.764,74.1552,1374173220
1730,40.764,74.1553,1374173100
1730,40.7642,74.1554,1374173100
1730,40.764,74.1552,1374088560
1730,40.7641,74.1554,1374086520
1730,40.764,74.1552,1374086220
1730,40.764,74.1553,1374085920
1730,40.764,74.1554,1374052500
1730,40.764,74.1554,1374052500
1730,40.7641,74.1557,1374000480
1730,40.7641,74.1554,1373968680
1730,40.764,74.1554,1373967660
1730,40.764,74.1554,1373967420
1730,40.764,74.1554,1373965620
1730,40.764,74.1554,1373965440
1730,40.7641,74.1554,1373965260
1730,40.7641,74.1554,1373965020
1730,40.7641,74.1554,1373965020
1730,40.7641,74.1554,1373964780
1730,40.7641,74.1554,1373964660
1730,40.7641,74.1554,1373964060
1730,40.764,74.1554,1373962500
1730,40.764,74.1555,1373962080
1730,40.764,74.1555,1373961960
1730,40.764,74.1555,1373961780
1730,40.764,74.1555,1373961480
1730,40.7641,74.1555,1373958960
1730,40.7642,74.1553,1373954100
1730,40.7641,74.1553,1373951520
1730,40.7642,74.1554,1373951220
1730,40.7639,74.1555,1373947620
1730,40.764,74.1487,1373947620
1730,40.7639,74.1551,1373916000
1730,40.7642,74.1555,1373892240
1730,40.7639,74.1553,1373839200
1730,40.764,74.1554,1373839200
1730,40.764,74.1554,1373839020
1730,40.764,74.1554,1373838960
1730,40.7639,74.1554,1373838840
1730,40.764,74.1552,1373838780
1730,40.764,74.1552,1373838600
1730,40.7639,74.1554,1373838540
1730,40.764,74.1554,1373838180
1730,40.7639,74.1554,1373838120
1730,40.764,74.1552,1373836380
1730,40.764,74.1552,1373834220
1730,40.764,74.1554,1373833140
1730,40.764,74.1555,1373810580
1730,40.764,74.1554,1373810280
1730,40.764,74.1555,1373809260
1730,40.7641,74.1555,1373809140
1730,40.764,74.1555,1373808540
1730,40.7641,74.1555,1373808420
1730,40.792,74.1336,1373793300
1730,40.7921,74.1336,1373792940
1730,40.8028,74.123,1373790420
1730,40.764,74.1552,1373787180
1730,40.764,74.1552,1373787180
1730,40.764,74.1552,1373787060
1730,40.7641,74.1555,1373784420
1730,40.7641,74.1555,1373784360
1730,40.7415,74.0964,1373752020
1730,40.7641,74.1553,1373744100
1730,40.764,74.1552,1373743980
1730,40.7641,74.1553,1373743800
1730,40.7641,74.1553,1373743740
1730,40.764,74.1554,1373705220
1730,40.764,74.1554,1373704980
1730,40.8904,74.2602,1373703660
1730,40.8898,74.2602,1373676480
1730,40.7629,74.1494,1373669640
1730,40.7686,74.1461,1373666880
1730,40.7685,74.1463,1373666280
1730,40.764,74.1554,1373663640
1730,40.764,74.1553,1373663580
1730,40.764,74.1552,1373663400
1730,40.764,74.1553,1373663280
1730,40.764,74.1552,1373663220
1730,40.7641,74.1554,1373662080
1730,40.7641,74.1554,1373662080
1730,40.764,74.1552,1373661960
1730,40.7641,74.1554,1373661900
1730,40.7641,74.1552,1373624820
1730,40.764,74.1552,1373569080
1730,40.7633,74.1431,1373524740
1730,40.7654,74.146,1373524380
1730,40.7686,74.1462,1373513100
1730,40.764,74.1554,1373499660
1730,40.764,74.1554,1373499600
1730,40.764,74.1552,1373459880
