1731,34.0346,85.984,1427701200
1731,34.0345,85.9842,1427643900
1731,34.0117,86.0148,1427359560
1731,34.0117,86.0149,1427273760
1731,34.0345,85.9841,1427000640
1731,34.0345,85.9841,1426987140
1731,34.0345,85.9841,1426906620
1731,34.0117,86.0149,1426751280
1731,34.0345,85.9846,1426305600
1731,34.0345,85.9841,1425884880
1731,34.0345,85.9841,1425853320
1731,34.0125,85.9899,1425604500
1731,33.8251,85.7691,1425499260
1731,34.0125,85.9898,1425425160
1731,34.0125,85.9898,1425420180
1731,34.0117,86.0149,1425193020
1731,34.0109,85.9907,1425163560
1731,34.0118,86.0149,1425088980
1731,34.0117,86.0149,1425006180
1731,33.8177,85.7617,1424466780
1731,33.8241,85.7659,1424305560
1731,34.0345,85.9841,1424222400
1731,34.0124,85.9898,1424203740
1731,34.0124,85.9908,1424156580
1731,34.0345,85.9841,1424140800
1731,33.9806,86.0076,1424060040
1731,34.0345,85.9841,1424046480
1731,34.012,85.988,1423974060
1731,34.0345,85.9841,1423944120
1731,34.0345,85.9841,1423935360
1731,34.0345,85.9841,1423910160
1731,34.0345,85.9841,1423903920
1731,34.0345,85.9841,1423903620
1731,34.0073,85.9818,1423897680
1731,34.0345,85.9841,1423888920
1731,34.0345,85.9841,1423879740
1731,33.8222,85.7685,1423861620
1731,34.0345,85.9841,1423800120
1731,34.0345,85.9841,1423792920
1731,34.0109,85.9909,1423778220
1731,34.0109,85.9909,1423778040
1731,34.0345,85.9841,1423746780
1731,34.0345,85.9841,1423728540
1731,33.8169,85.7613,1423704000
1731,34.0345,85.9841,1423641540
1731,33.8251,85.7691,1423549320
1731,33.8251,85.7691,1423547340
1731,33.8244,85.7655,1423522620
1731,34.0345,85.9841,1423474440
1731,34.0345,85.9841,1423274040
1731,34.0345,85.9841,1423273980
1731,34.0345,85.9841,1423273380
1731,33.825,85.7691,1423252980
1731,33.8251,85.7692,1423113000
1731,34.0345,85.9841,1423046280
1731,34.0345,85.9841,1422896640
1731,34.0345,85.9841,1422888780
1731,34.0345,85.9842,1422832440
1731,34.0112,86.0149,1422613980
1731,34.0118,86.0148,1422613800
1731,34.0127,85.9899,1422568740
1731,35.8037,83.5716,1421630700
1731,35.809,83.5774,1421630160
1731,35.7886,83.421,1421612280
1731,35.7265,83.4716,1421559720
1731,35.7107,83.5182,1421556240
1731,35.7107,83.5182,1421554560
1731,35.7107,83.5182,1421551260
1731,35.7086,83.5207,1421548740
1731,35.7663,83.3629,1421518920
1731,35.7886,83.4209,1421491500
1731,34.0142,86.0055,1419737280
1731,34.0134,85.99,1419058380
1731,34.0038,86.085,1418973780
1731,34.0345,85.9841,1418928660
1731,34.0089,85.9867,1418849940
1731,34.0345,85.9841,1418808960
1731,34.0345,85.9842,1418710620
1731,34.011,85.9908,1418581500
1731,34.0345,85.9841,1418470980
1731,34.0137,85.9898,1418168160
1731,34.0345,85.9842,1418106540
1731,34.0345,85.9842,1418029560
1731,34.0134,85.9901,1417816380
1731,34.0345,85.9842,1417729260
1731,34.0345,85.9842,1417423020
1731,34.0345,85.9842,1417422540
1731,34.0345,85.9841,1417422420
1731,34.0111,85.9907,1417244460
1731,34.0345,85.9841,1417153140
1731,34.0344,85.984,1416974100
1731,34.0111,85.9907,1416952620
1731,34.0345,85.9842,1416905400
1731,34.0345,85.9842,1416898860
1731,34.0345,85.9842,1416862140
1731,34.0345,85.9842,1416262560
1731,34.0033,85.9742,1416215940
1731,34.0118,85.9819,1416211380
1731,34.0345,85.9842,1416035580
1731,34.0345,85.9842,1416013560
1731,34.0345,85.9842,1415934780
1731,34.0345,85.9842,1415932320
1731,34.0345,85.9842,1415884140
1731,34.0345,85.9842,1415839260
1731,34.0345,85.9842,1415839140
1731,33.9909,85.9919,1415830140
1731,34.0345,85.9842,1415828340
1731,34.0345,85.9842,1415828220
1731,34.0345,85.9842,1415753040
1731,34.0118,85.9819,1415752200
1731,34.0118,85.9819,1415748660
1731,34.0005,85.9715,1415733960
1731,34.0345,85.9842,1415686200
1731,34.0345,85.9841,1415685720
1731,34.0034,85.974,1415525340
1731,34.0034,85.974,1415525280
1731,34.0114,85.9925,1415439540
1731,33.9951,85.9662,1415437860
1731,34.0114,85.9925,1415409360
1731,34.0114,85.9925,1415409300
1731,34.0114,85.9925,1415400780
1731,34.0115,85.9913,1415315160
1731,34.0345,85.9842,1415239080
1731,33.9958,85.9615,1415173800
1731,34.0345,85.9841,1414979040
1731,34.0344,85.9843,1414977060
1731,34.0079,85.9798,1414912680
1731,34.0345,85.9842,1414805760
1731,34.0131,85.9905,1414526520
1731,34.0345,85.9842,1414392000
1731,34.4258,86.2742,1414370640
1731,34.6739,86.0229,1414364880
1731,34.6345,86.0509,1414356420
1731,34.5972,86.0754,1414350420
1731,34.0345,85.9841,1414117200
1731,34.0345,85.9841,1414116900
1731,34.0345,85.9841,1413966840
1731,34.0345,85.9841,1413888180
1731,34.0113,85.9813,1413794040
1731,34.0345,85.9842,1413452940
1731,34.0345,85.9842,1413451380
1731,34.0345,85.9842,1413450660
1731,34.0015,85.9731,1413442200
1731,34.0345,85.9842,1413366720
1731,34.0003,86.0048,1413339720
1731,34.0345,85.9841,1412744520
1731,33.5222,86.7844,1412566500
1731,33.5112,86.7866,1412562360
1731,33.8986,86.235,1412545860
1731,34.0345,85.9842,1411515120
1731,34.0241,86.0344,1411288560
1731,34.0345,85.9842,1411214280
1731,34.0345,85.9842,1411213980
1731,34.0345,85.9842,1411213740
1731,34.0345,85.9842,1411213680
1731,34.0345,85.9842,1411213500
1731,34.0345,85.9842,1411213200
1731,34.0345,85.9842,1411212540
1731,34.0345,85.9842,1411212480
1731,34.0345,85.9842,1411212120
1731,34.0345,85.9842,1411211940
1731,34.0345,85.9842,1411211640
1731,34.0345,85.9842,1411210620
1731,34.0345,85.9842,1411178760
1731,34.0345,85.9842,1411151280
1731,34.0345,85.9842,1411034040
1731,34.0017,86.0027,1411026660
1731,34.0103,86.0007,1411024860
1731,34.0103,86.0007,1411024740
1731,33.6143,85.792,1410916500
1731,34.0117,85.9998,1410560100
1731,34.0345,85.9842,1410433080
1731,34.0346,85.9842,1410432900
1731,34.0345,85.9842,1410259620
1731,33.4181,86.6928,1409986740
1731,33.9955,86.036,1409545140
1731,33.9933,86.0375,1409545080
1731,33.614,85.8005,1409392920
1731,33.614,85.8005,1409392800
1731,33.614,85.8005,1409392620
1731,34.0345,85.9842,1408809060
1731,34.0344,85.9842,1408808880
1731,34.0016,85.9733,1408654860
1731,34.0117,86.0,1408581540
1731,33.5972,86.6454,1408256880
1731,34.0184,86.0142,1408014240
1731,34.0345,85.9842,1407882780
1731,34.0346,85.9841,1406642760
1731,39.9907,88.3036,1406599620
1731,41.7863,87.5828,1406587440
1731,41.8782,87.6361,1406513460
1731,41.8782,87.6361,1406513340
1731,43.0887,79.0661,1406328300
1731,43.0887,79.0661,1406323800
1731,40.7101,74.0127,1406260860
1731,40.7549,73.988,1406152980
1731,40.7591,73.985,1406100720
1731,33.3725,86.8117,1404888660
1731,34.009,85.9901,1404767940
1731,34.0345,85.9842,1404687240
1731,34.0379,86.0259,1398805200
1731,34.0254,86.0458,1398235140
1731,34.0345,85.9842,1397696400
1731,34.0345,85.9842,1397696040
1731,34.0344,85.9842,1397693280
1731,34.01,86.0062,1397611320
1731,34.0126,85.9976,1397595300
1731,34.0121,85.9901,1397263560
1731,34.0079,85.9792,1396501320
1731,34.0345,85.9842,1396105560
1731,33.9956,85.9618,1395176460
1731,33.9956,85.9618,1395175320
1731,33.6108,85.7951,1395116340
1731,34.0345,85.9842,1395037260
1731,34.0121,85.9902,1394846880
1731,34.0345,85.9841,1394779500
1731,34.0269,86.0471,1394745840
1731,34.0472,85.9446,1394710560
1731,34.0157,85.9794,1394710140
1731,34.2603,85.3699,1394608020
1731,34.26,85.1677,1394603940
1731,34.0154,85.9794,1394522820
1731,34.0345,85.9842,1394196120
1731,33.9912,85.9921,1393971420
1731,33.9932,85.9921,1393968840
1731,34.0345,85.9842,1393715220
1731,34.2489,85.4825,1393656240
1731,34.0345,85.9841,1374689760
1731,34.0345,85.9841,1374686700
1731,34.0345,85.9841,1374461940
1731,34.0345,85.9841,1374461820
1731,34.0345,85.9841,1374424320
1731,33.9865,85.8607,1373874720
1731,34.0123,85.9898,1373426520
1731,34.0123,85.9898,1373426520
1731,34.0044,86.0038,1373009100
1731,34.011,85.9998,1372999800
1731,33.9727,86.0621,1372743360
1731,33.9908,85.9135,1371963720
1731,34.0103,86.0066,1371590040
1731,34.2135,86.1599,1371021240
1731,33.7754,84.6004,1368999300
1731,33.7754,84.6004,1368999300
1731,33.7662,84.3492,1368997740
1731,33.6229,84.4552,1368943140
1731,33.7517,84.3965,1368899580
1731,33.996,85.9629,1368844980
1731,34.0414,86.0212,1367983080
1731,34.0107,85.9927,1358720580
1731,34.0101,85.9998,1358308080
1731,34.009,85.9896,1358110560
1731,34.01,85.9993,1358023440
1731,33.9894,85.9602,1357901760
1731,33.9995,85.9872,1357757880
1731,33.5086,86.8461,1357704540
1731,33.5048,86.8023,1357692600
1731,33.9977,85.9682,1356842640
1731,34.0107,85.9894,1356745800
1731,34.0112,85.999,1355888040
1731,34.0313,86.0349,1355559060
1731,34.0113,85.9989,1355553060
1731,34.0114,85.9894,1355550960
1731,34.0115,85.98,1355546760
1731,34.0099,85.9799,1355124300
1731,33.9963,85.9657,1355029800
1731,34.0099,85.9799,1355012820
1731,34.0099,85.9799,1354997160
1731,34.005,85.9896,1354950000
1731,34.0099,85.9799,1354939500
1731,34.0099,85.9799,1354932900
1731,34.0099,85.9799,1354930860
1731,34.0099,85.9799,1354906260
1731,34.0099,85.9799,1354767180
1731,34.0107,85.9927,1354767000
1731,34.011,85.9981,1354678620
1731,34.0099,85.9799,1354678500
1731,34.011,85.9981,1354677480
1731,34.011,85.9981,1354667700
1731,34.01,85.98,1354341780
1731,33.9971,85.963,1354266480
1731,34.0116,85.9797,1354181460
1731,34.0116,85.9797,1354181160
1731,34.0116,85.9797,1354174020
1731,34.0116,85.9797,1354173780
1731,34.0111,85.9926,1354163160
1731,34.0114,85.9804,1354162680
1731,34.0114,85.9804,1354146240
1731,34.0112,85.9866,1353980160
1731,34.0114,85.9805,1353924780
1731,34.0116,85.9796,1353839040
1731,34.0117,85.9804,1353659880
1731,34.0117,85.9804,1353658560
1731,34.011,85.9927,1353575400
1731,34.011,85.9927,1353566400
1731,33.9954,85.963,1344933000
1731,34.0091,86.0804,1344919560
1731,35.2001,83.8412,1340497440
1731,35.2016,83.824,1340497200
1731,35.2016,83.824,1340497140
1731,35.8112,83.5773,1340392080
1731,35.7852,83.5308,1340391900
1731,35.8092,83.5779,1340335740
1731,35.8112,83.5773,1340333100
1731,35.8112,83.5773,1340333040
1731,35.8112,83.5773,1340329020
1731,35.8112,83.5773,1340219280
1731,35.8054,83.5813,1340188920
1731,35.8112,83.5773,1340169960
1731,35.8112,83.5773,1340154900
1731,35.8092,83.5775,1340090220
1731,35.8092,83.5775,1340090100
1731,35.7884,83.5547,1340067960
1731,35.8057,83.5809,1340062560
1731,35.8053,83.5808,1340061960
1731,34.577,84.9506,1340047200
1731,34.5766,84.9473,1340046900
