1732,0.0734,109.349,1427746800
1732,0.0734,109.349,1427746800
1732,0.0734,109.349,1427746740
1732,0.0242,109.3411,1427729400
1732,0.0734,109.349,1427688720
1732,0.0734,109.349,1427688720
1732,0.0734,109.349,1427688720
1732,0.0736,109.3487,1427598120
1732,0.0766,109.3506,1427598120
1732,0.0735,109.3489,1427515440
1732,0.0243,109.3411,1427391240
1732,0.0493,109.346,1427089620
1732,0.9048,109.0084,1427032920
1732,0.1401,109.4109,1426902720
1732,0.1401,109.4109,1426902720
1732,0.1401,109.4109,1426902720
1732,0.0677,109.3527,1426902720
1732,0.0449,109.345,1426838520
1732,0.0735,109.349,1426799220
1732,0.0735,109.349,1426798980
1732,0.0735,109.349,1426797960
1732,0.044,109.3462,1426762860
1732,0.044,109.3464,1426762800
1732,0.0442,109.3463,1426762740
1732,0.0735,109.349,1426733400
1732,0.0282,109.3436,1426676700
1732,0.0286,109.3437,1426676640
1732,0.0287,109.3437,1426676640
1732,0.0735,109.3489,1426473960
1732,0.0735,109.3489,1426437240
1732,0.0735,109.349,1426412040
1732,0.0735,109.349,1426397580
1732,0.0553,109.3602,1426356360
1732,0.0547,109.35,1426349100
1732,0.0733,109.3488,1426344720
1732,0.0496,109.343,1426329060
1732,0.0416,109.337,1426252320
1732,0.0225,109.343,1426238700
1732,0.0242,109.3411,1426086720
1732,0.0242,109.3411,1426009440
1732,0.0301,109.3455,1425794640
1732,0.0736,109.3491,1425772320
1732,0.0736,109.3492,1425772260
1732,0.0735,109.3489,1425746280
1732,0.0243,109.3411,1425568260
1732,0.0735,109.349,1425549900
1732,0.0735,109.3489,1425526920
1732,0.0735,109.3489,1425526500
1732,0.0241,109.341,1425381960
1732,0.0219,109.3289,1425379920
1732,0.0219,109.3289,1425379860
1732,0.022,109.3288,1425379800
1732,0.0226,109.3256,1425379200
1732,0.0242,109.3411,1425362160
1732,0.0739,109.3491,1425358080
1732,0.0735,109.3491,1425270540
1732,0.0735,109.3489,1425191940
1732,0.0476,109.3191,1424873160
1732,0.0242,109.3411,1424855520
1732,0.0241,109.341,1424852100
1732,0.0242,109.3411,1424700120
1732,0.0242,109.3411,1424699640
1732,0.0242,109.3411,1424699640
1732,0.0242,109.3411,1424699460
1732,0.0287,109.3345,1424683200
1732,0.0241,109.341,1424676300
1732,0.0241,109.341,1424672700
1732,0.0735,109.3489,1424666340
1732,0.0241,109.341,1424414940
1732,0.0241,109.341,1424414940
1732,0.0735,109.3489,1424201580
1732,0.0225,109.343,1424189220
1732,0.0735,109.3489,1424039460
1732,0.0351,109.3595,1423479540
1732,0.0351,109.3595,1423479480
1732,0.9,108.983,1423462980
1732,0.0735,109.3489,1423455540
1732,0.0735,109.3489,1423454760
1732,0.0735,109.3489,1423370520
1732,0.0735,109.3489,1423370520
1732,0.0735,109.3489,1423370460
1732,0.0735,109.3489,1423033560
1732,0.0735,109.3489,1423024920
1732,0.0735,109.3489,1421898240
1732,0.0735,109.3489,1421897040
1732,0.0735,109.3489,1421897040
1732,0.0471,109.3054,1421835960
1732,0.0471,109.3054,1421835960
1732,0.0735,109.3489,1421554740
1732,0.0735,109.349,1421554680
1732,0.0735,109.3489,1421497140
1732,0.0747,109.3499,1421393100
1732,0.0237,109.3371,1421247120
1732,0.0232,109.3384,1421231160
1732,0.024,109.3409,1421173440
1732,0.0241,109.3411,1421041980
1732,0.0735,109.349,1420982040
1732,0.0241,109.3411,1420811460
1732,0.0733,109.3493,1420570860
1732,0.0736,109.349,1420570800
1732,0.0241,109.3411,1420559880
1732,0.0273,109.333,1420454640
1732,0.0242,109.341,1420445040
1732,0.0242,109.3411,1420437360
1732,0.0242,109.3411,1420435920
1732,0.0736,109.349,1420094220
1732,0.0312,109.3402,1419842400
1732,0.0735,109.349,1419796020
1732,0.0737,109.3489,1419795240
1732,0.0515,109.3458,1419791520
1732,0.0515,109.3458,1419791460
1732,0.905,109.0056,1419737520
1732,0.0352,109.3334,1419244740
1732,0.0537,109.3283,1419239220
1732,0.0593,109.345,1419048960
1732,0.0591,109.3455,1419048840
1732,0.0225,109.343,1418970720
1732,0.0242,109.341,1418926500
1732,0.0241,109.341,1418912460
1732,0.024,109.3411,1418835060
1732,0.024,109.3411,1418835060
1732,0.0225,109.3353,1418673840
1732,0.0225,109.343,1418671020
1732,0.0225,109.343,1418668740
1732,0.0225,109.343,1418668560
1732,0.0225,109.343,1418668560
1732,0.0314,109.3244,1418642880
1732,0.0496,109.343,1417725480
1732,0.0737,109.349,1417494840
1732,0.0766,109.3506,1417494780
1732,0.0766,109.3506,1417372020
1732,0.0766,109.3506,1417372020
1732,0.0422,109.3446,1417110600
1732,0.1243,109.4001,1417016520
1732,0.061,109.3456,1416716580
1732,0.0736,109.3491,1416713100
1732,0.0766,109.3506,1416713040
1732,0.0766,109.3506,1416522240
1732,0.0743,109.3497,1416521940
1732,0.0766,109.3506,1416458100
1732,0.1243,109.4002,1416236760
1732,0.0492,109.3434,1416221940
1732,0.0601,109.3457,1416030600
1732,0.0736,109.349,1416021240
1732,0.0736,109.3489,1416021240
1732,0.0735,109.349,1415764140
1732,0.0735,109.349,1415764140
1732,0.0735,109.349,1415427120
1732,0.0766,109.3506,1415396040
1732,0.1243,109.4001,1415342100
1732,0.1243,109.4001,1415341920
1732,0.1243,109.4001,1415266680
1732,0.1243,109.4001,1415266560
1732,0.1243,109.4001,1415265600
1732,0.1243,109.4001,1415252040
1732,0.1243,109.4001,1415251920
1732,0.1242,109.4003,1415043060
1732,0.1242,109.4004,1415042820
1732,0.1243,109.4002,1415035800
1732,0.1243,109.4002,1415034660
1732,0.1243,109.4002,1415034180
1732,0.1243,109.4002,1415029980
1732,0.0735,109.349,1414730580
1732,0.0735,109.349,1414730100
1732,0.0735,109.349,1414729980
1732,0.0735,109.349,1414557480
1732,0.0735,109.349,1414557480
1732,0.1243,109.4001,1414069140
1732,0.1243,109.4002,1414067880
1732,0.1243,109.4003,1413782880
1732,0.0735,109.349,1413689040
1732,0.124,109.4003,1413219240
1732,0.1243,109.4003,1413216660
1732,0.0735,109.3489,1413172680
1732,0.0766,109.3507,1412880540
1732,0.0625,109.3451,1412835180
1732,0.0734,109.3489,1412825700
1732,0.0625,109.3451,1412771700
1732,0.9,108.983,1412454360
1732,0.0625,109.3451,1412229300
1732,0.0735,109.349,1412139360
1732,0.0735,109.349,1411873920
1732,0.0766,109.351,1411760880
1732,0.0735,109.349,1411749600
1732,0.0225,109.343,1411709280
1732,0.0225,109.343,1411708980
1732,0.0626,109.3475,1411372440
1732,0.0735,109.3489,1411358880
1732,0.0734,109.3484,1411358700
1732,0.0733,109.3488,1411358400
1732,0.0766,109.3498,1411185840
1732,0.0763,109.35,1411143240
1732,0.0734,109.3489,1411140480
1732,0.0291,109.3412,1411135500
1732,0.0578,109.3644,1411030860
1732,0.0645,109.3565,1410971160
1732,0.0647,109.3565,1410971100
1732,0.0736,109.349,1410839040
1732,0.03,109.3418,1410498840
1732,0.0581,109.3659,1410427800
1732,0.0241,109.341,1410412080
1732,0.0735,109.3489,1410410460
1732,0.9049,109.0056,1410157800
1732,0.8954,109.0016,1410092940
1732,0.0437,109.338,1410008700
1732,0.0626,109.3475,1409834160
1732,0.0626,109.3475,1409834100
1732,0.0626,109.3475,1409833860
1732,0.0636,109.3479,1409724900
1732,0.0626,109.3455,1409637900
1732,0.0626,109.3451,1409569740
1732,0.0625,109.3452,1409568000
1732,0.0623,109.3448,1409567820
1732,0.0626,109.3475,1409567580
1732,0.0626,109.3472,1409566080
1732,0.0626,109.3472,1409552040
1732,0.0626,109.3451,1409551860
1732,0.0626,109.3475,1409551320
1732,0.0735,109.349,1409542380
1732,0.0735,109.349,1409475300
1732,0.0737,109.3489,1409455860
1732,0.0496,109.343,1409416620
1732,0.0496,109.343,1409416500
1732,0.0512,109.3452,1409413980
1732,0.0512,109.3452,1409413860
1732,0.0496,109.343,1409413740
1732,0.0511,109.3457,1409412720
1732,0.0685,109.3629,1409385060
1732,0.0686,109.3625,1409384160
1732,0.0766,109.3499,1409268240
1732,0.0637,109.348,1409208000
1732,0.0733,109.3486,1409156880
1732,0.0766,109.3499,1409076060
1732,0.0626,109.3475,1409033100
1732,0.0736,109.3491,1408991160
1732,0.0275,109.3383,1408985520
1732,0.0626,109.3475,1408950060
1732,0.0766,109.3499,1408939800
1732,0.0734,109.349,1408862220
1732,0.0734,109.349,1408862220
1732,0.0476,109.349,1408833360
1732,0.0478,109.3489,1408833180
1732,0.0496,109.343,1408833180
1732,0.0496,109.343,1408794600
1732,0.0496,109.343,1408793820
1732,0.0496,109.343,1408792740
1732,0.0496,109.343,1408792440
1732,0.0513,109.3451,1408792020
1732,0.0496,109.3442,1408790400
1732,0.0737,109.349,1408789440
1732,0.0766,109.3499,1408789200
1732,0.0571,109.3483,1408771320
1732,0.0566,109.3487,1408771080
1732,0.0565,109.3487,1408771020
1732,0.0565,109.3487,1408770960
1732,0.0564,109.3487,1408770960
1732,0.0626,109.3452,1408615440
1732,0.0735,109.349,1408566120
1732,0.0627,109.3456,1408531980
1732,0.0638,109.3482,1408531920
1732,0.0638,109.3482,1408531200
1732,0.0734,109.3491,1408507260
1732,0.0735,109.349,1408506720
1732,0.0236,109.3371,1408459680
1732,0.0638,109.3482,1408432980
1732,0.0278,109.3297,1408294740
1732,0.0277,109.3302,1408294440
1732,0.0736,109.3493,1408269780
1732,0.0496,109.343,1408221420
1732,0.0758,109.3545,1408123380
1732,0.0734,109.3489,1407872280
1732,0.0736,109.349,1407689280
1732,0.0574,109.3642,1407308520
1732,0.0574,109.3642,1407247380
1732,0.0574,109.3642,1407222120
1732,0.0766,109.3499,1407213540
1732,0.0766,109.3499,1407211920
1732,0.0576,109.3644,1407150960
1732,0.0576,109.3644,1407150060
1732,0.058,109.3661,1407130860
1732,0.0579,109.3658,1407130560
1732,0.0736,109.349,1407122040
1732,0.0735,109.349,1407104340
1732,0.0735,109.349,1407104280
1732,0.0735,109.3489,1407087720
1732,0.0722,109.3475,1407074760
1732,0.0736,109.3492,1407051720
1732,0.0736,109.3489,1407051360
1732,0.0737,109.3488,1407051300
1732,0.0732,109.3493,1407049980
1732,0.0736,109.3488,1407049440
1732,0.0545,109.3515,1407005220
1732,0.0735,109.3489,1406962380
1732,0.0733,109.3496,1406962320
1732,0.0735,109.3491,1406961240
1732,0.0766,109.3511,1406961000
1732,0.0766,109.3499,1406910000
1732,0.0682,109.3548,1406876640
1732,0.0333,109.3692,1406874900
1732,0.911,108.9889,1406718000
1732,0.9048,109.0053,1406711940
1732,0.9049,109.0056,1406711520
1732,0.9022,109.004,1406711520
1732,0.9049,109.0054,1406711400
1732,0.9049,109.0054,1406711400
1732,0.9045,109.0066,1406711340
1732,0.9099,108.9796,1406655600
1732,0.911,108.9889,1406574180
1732,0.9048,109.0054,1406519820
1732,0.9049,109.0055,1406500860
1732,0.0735,109.3489,1406372460
1732,0.0736,109.349,1406371140
1732,0.0736,109.349,1406363700
1732,0.0735,109.349,1406362440
1732,0.0737,109.3491,1406362260
1732,0.0735,109.3489,1406309760
1732,0.0735,109.349,1406309220
1732,0.0735,109.349,1406058900
1732,0.0735,109.349,1406058480
1732,0.0735,109.349,1406058420
1732,0.0735,109.349,1406058180
1732,0.0735,109.349,1406058060
1732,0.0735,109.349,1406058000
1732,0.0735,109.3489,1406057280
1732,0.0736,109.349,1406056980
1732,0.0735,109.349,1406052240
1732,0.0735,109.349,1406052120
1732,0.0735,109.3489,1406049360
1732,0.0735,109.3489,1406049300
1732,0.0735,109.3489,1406049120
1732,0.0735,109.349,1406048700
1732,0.0735,109.3489,1406048520
1732,0.0735,109.3489,1406048460
1732,0.0735,109.3489,1406048400
1732,0.0735,109.349,1406048280
1732,0.0735,109.349,1406046420
1732,0.0735,109.349,1406046300
1732,0.0735,109.349,1406046180
1732,0.0625,109.3452,1406028720
1732,0.0625,109.3451,1406010180
1732,0.0625,109.3452,1405925100
1732,0.0738,109.3488,1405870200
1732,0.0624,109.3454,1405850160
1732,0.0625,109.3451,1405847640
1732,0.0735,109.3489,1405833420
1732,0.0735,109.349,1405833000
1732,0.0735,109.3489,1405832820
1732,0.0735,109.3489,1405832520
1732,0.0624,109.3451,1405753440
1732,0.0439,109.3395,1405629180
1732,0.0389,109.3289,1405628700
1732,0.0376,109.3302,1405628580
1732,0.0684,109.3611,1405627860
1732,0.0701,109.3526,1405627380
1732,0.0737,109.3491,1405626840
1732,0.0735,109.349,1405626540
1732,0.0735,109.349,1405623540
1732,0.0735,109.349,1405623180
1732,0.0735,109.349,1405622940
1732,0.0735,109.349,1405617180
1732,0.0735,109.349,1405615740
1732,0.0735,109.349,1405615740
1732,0.0625,109.3451,1405601520
1732,0.0625,109.3452,1405592700
1732,0.0625,109.3452,1405592640
1732,0.0736,109.349,1405572000
1732,0.0735,109.349,1405538760
1732,0.0735,109.349,1405535460
1732,0.0625,109.3452,1405515420
1732,0.0627,109.3452,1405499940
1732,0.0625,109.3451,1405492860
1732,0.0625,109.3451,1405492800
1732,0.0735,109.349,1405458720
1732,0.0735,109.349,1405457460
1732,0.0735,109.349,1405442640
1732,0.0625,109.3452,1405419480
1732,0.0735,109.349,1405401300
1732,0.0263,109.3383,1405321860
1732,0.0735,109.3489,1405310160
1732,0.0735,109.3489,1405283220
1732,0.0735,109.349,1405233360
1732,0.0735,109.349,1405206660
1732,0.0735,109.349,1405206420
1732,0.0735,109.349,1405206240
1732,0.0345,109.3464,1405204980
1732,0.0345,109.3464,1405204920
1732,0.0238,109.3408,1404971460
1732,0.0735,109.349,1404956340
1732,0.0735,109.349,1404955920
1732,0.0735,109.349,1404936240
1732,0.0735,109.349,1404933960
1732,0.0735,109.349,1404926040
1732,0.0735,109.349,1404898560
1732,0.0264,109.3379,1404824040
1732,0.0263,109.338,1404810300
1732,0.0273,109.3386,1404810240
1732,0.0265,109.3384,1404803340
1732,0.0735,109.349,1404673920
1732,0.0312,109.3446,1404664560
1732,0.5544,108.9376,1404652260
1732,0.5653,108.9381,1404644400
1732,0.5653,108.938,1404643500
1732,0.5652,108.938,1404643020
1732,0.5653,108.9384,1404641820
1732,0.5653,108.9382,1404630540
1732,0.5654,108.9382,1404598260
1732,0.5654,108.9382,1404598200
1732,0.5655,108.9382,1404597300
1732,0.564,108.9381,1404597240
1732,0.5656,108.9382,1404596940
1732,0.5656,108.9382,1404596820
1732,0.5654,108.9385,1404596580
1732,0.5654,108.9382,1404596040
1732,0.5544,108.9376,1404595740
1732,0.5654,108.9382,1404595440
1732,0.5656,108.9382,1404595140
1732,0.5654,108.9382,1404594840
1732,0.5653,108.9382,1404594780
1732,0.5543,108.9376,1404594120
1732,0.5571,108.9378,1404593580
1732,0.5555,108.9377,1404593160
1732,0.5654,108.9382,1404593040
1732,0.5654,108.9382,1404592500
1732,0.5543,108.9376,1404591000
1732,0.5543,108.9376,1404590280
1732,0.5543,108.9376,1404590160
1732,0.5653,108.9382,1404588780
1732,0.0734,109.3489,1404413580
1732,0.0734,109.3489,1404413580
1732,0.0735,109.349,1404364800
1732,0.0735,109.349,1404101640
1732,0.0735,109.349,1404009540
1732,0.0736,109.3491,1403889120
1732,0.0242,109.3411,1403799300
1732,0.0242,109.3411,1403505360
1732,0.0735,109.349,1403444700
1732,0.0736,109.349,1403423160
1732,0.0241,109.3411,1403167740
1732,0.0496,109.343,1402997220
1732,0.0242,109.3411,1402915020
1732,0.0242,109.3411,1402899840
1732,0.0242,109.3411,1402898700
1732,0.0241,109.3411,1402898580
1732,0.0241,109.3411,1402898520
1732,0.5653,108.9382,1402819740
1732,0.5596,108.9279,1402810200
1732,0.5544,108.9376,1402775400
1732,0.0766,109.3511,1402632360
1732,0.0735,109.349,1402545480
1732,0.0245,109.3411,1402417080
1732,0.0242,109.3411,1402416960
1732,0.0737,109.349,1402024860
1732,0.0241,109.3411,1401963720
1732,0.0766,109.3511,1401917580
1732,0.0737,109.3489,1401911880
1732,0.0737,109.3489,1401911820
1732,0.0356,109.3547,1401910920
1732,0.0356,109.3549,1401910920
1732,0.026,109.341,1401862140
1732,0.0242,109.3411,1401772740
1732,0.0766,109.3511,1401753120
1732,0.0766,109.3511,1401753060
1732,0.0766,109.351,1401753000
1732,0.0151,109.3296,1401728760
1732,0.0241,109.3411,1401715320
1732,0.0243,109.3411,1401693900
1732,0.0757,109.3519,1401526560
1732,0.0592,109.3458,1401509220
1732,0.0737,109.3491,1401507300
1732,0.0242,109.3411,1400048220
1732,0.0242,109.3411,1400047680
1732,0.0303,109.3366,1399887720
1732,0.0735,109.3489,1399863300
1732,0.0735,109.3489,1399863240
1732,0.0303,109.3366,1399266060
1732,0.0735,109.3489,1399189620
1732,0.0834,109.3527,1399052640
1732,0.0304,109.3364,1399015800
1732,0.0303,109.3366,1398844200
1732,0.0303,109.3366,1398844080
1732,0.0834,109.3526,1398707220
1732,0.1473,109.4051,1398621780
1732,0.0736,109.3488,1398588120
1732,0.0736,109.3488,1398588000
1732,0.0736,109.349,1397975100
1732,0.5666,108.9302,1396182900
1732,0.5666,108.9302,1396182600
1732,0.0744,109.3482,1395590040
1732,0.0254,109.3301,1394795760
1732,0.0241,109.3294,1394795760
1732,0.0302,109.3365,1394430300
1732,0.0303,109.3366,1394430300
1732,0.0766,109.3503,1393905780
1732,0.0306,109.3359,1393833420
1732,0.0306,109.3359,1393833240
1732,0.0303,109.3366,1393824900
1732,0.0303,109.3366,1393824900
1732,0.5608,108.9287,1393746720
1732,0.0766,109.35,1393162680
1732,0.0316,109.334,1391697780
1732,0.0735,109.349,1391688540
1732,0.0739,109.3485,1391688420
1732,0.0239,109.343,1391521800
1732,0.5528,108.9248,1391240820
1732,0.0557,109.3348,1390979520
1732,0.0303,109.3366,1390460760
1732,0.0303,109.3366,1390454700
1732,0.0308,109.3341,1389888420
1732,0.0766,109.3506,1389816480
1732,0.0402,109.3448,1389245340
1732,0.0403,109.3451,1389244320
1732,0.0303,109.3366,1389087540
1732,0.0734,109.3497,1388940540
1732,0.027,109.3406,1388835480
1732,0.0766,109.3505,1388637540
1732,0.0766,109.3506,1388232600
1732,0.0406,109.3423,1388164080
1732,0.0736,109.3489,1387580460
1732,0.0764,109.3507,1387579980
1732,0.0736,109.3489,1387513980
1732,0.0315,109.3368,1387473540
1732,0.0766,109.35,1387165320
1732,0.0406,109.343,1386812700
1732,0.0558,109.3492,1386744480
1732,0.0341,109.3356,1386738000
1732,0.0766,109.35,1386733020
1732,0.0302,109.3364,1386540540
1732,0.0296,109.3157,1386431220
1732,0.0303,109.3157,1386430920
1732,0.0303,109.3157,1386430680
1732,0.0309,109.3401,1385759640
1732,0.0303,109.3366,1384785240
1732,0.0738,109.3491,1384468800
1732,0.0303,109.3366,1384159560
1732,0.0464,109.3391,1384062960
1732,0.0735,109.3491,1383660120
1732,0.0737,109.3491,1383635100
1732,0.0737,109.3491,1383395940
1732,0.0734,109.3491,1383018960
1732,0.0734,109.3489,1382932980
1732,0.0737,109.3491,1382674740
1732,0.0735,109.3491,1382640480
1732,0.0303,109.3366,1382588700
1732,0.0303,109.3366,1382529600
1732,0.0303,109.3366,1382515560
1732,0.0303,109.3367,1382512800
1732,0.0744,109.349,1382481180
1732,0.0744,109.349,1382480820
1732,0.0734,109.3491,1382479260
1732,0.0736,109.3491,1382413080
1732,0.0737,109.3491,1382038980
1732,0.0737,109.3491,1381555560
1732,0.0737,109.3491,1381535820
1732,0.0303,109.3366,1381402380
1732,0.0303,109.3366,1381312560
1732,0.0736,109.349,1381116000
1732,0.0735,109.349,1381009500
1732,0.0286,109.3286,1380018720
1732,0.0745,109.3491,1378764900
1732,0.074,109.3496,1378506960
1732,0.0743,109.3493,1378493940
1732,0.074,109.3496,1377954960
1732,0.0303,109.3367,1377706980
1732,0.0745,109.349,1377315300
1732,0.0745,109.349,1377231540
1732,0.0308,109.3365,1377011040
1732,0.0612,109.3548,1376932140
1732,0.0736,109.3491,1376422860
1732,0.0741,109.3498,1376420400
1732,0.0471,109.3365,1376320620
1732,0.9048,109.0055,1376128800
1732,0.9092,108.9984,1375945560
1732,0.5804,108.9306,1375878780
1732,0.0369,109.347,1375819920
1732,0.0302,109.3376,1375681860
1732,0.0282,109.3388,1375469700
1732,0.0745,109.3491,1375333440
1732,0.0647,109.3556,1375310220
1732,0.0302,109.3355,1375297140
1732,0.0745,109.3491,1375161420
1732,0.0288,109.3404,1375125660
1732,0.0745,109.3491,1375047540
1732,0.0732,109.3495,1374861900
1732,0.0766,109.3505,1374521340
1732,0.0734,109.3488,1374124260
1732,0.0765,109.3513,1374007860
1732,0.0315,109.3341,1373898000
1732,0.0315,109.334,1373877660
1732,0.0764,109.3509,1373842200
1732,0.0764,109.3509,1373825820
1732,0.0764,109.3509,1373824980
1732,0.0763,109.3508,1373823180
1732,0.0392,109.3364,1373760720
1732,0.019,109.3405,1373554560
1732,0.0315,109.3367,1373547060
1732,0.0315,109.3352,1373546340
1732,0.0315,109.3367,1373546160
1732,0.0315,109.335,1373529660
1732,0.0315,109.334,1373367780
1732,0.0674,109.3553,1373318400
1732,0.0766,109.3508,1373305680
1732,0.0766,109.3508,1373304420
1732,0.0766,109.3508,1373304300
1732,0.0303,109.3366,1373296800
1732,0.0496,109.343,1373223840
1732,0.072,109.3521,1373217000
1732,0.0767,109.3514,1373215260
1732,0.0767,109.3514,1373146680
1732,0.0496,109.3432,1373138100
1732,0.0767,109.3514,1373136060
1732,0.0767,109.3514,1373134860
1732,0.0294,109.3183,1373133780
1732,0.0766,109.3508,1373088960
1732,0.0451,109.3272,1372931280
1732,0.0766,109.3474,1372737240
1732,0.0315,109.3352,1372657380
1732,0.0767,109.3514,1372564680
1732,0.0767,109.3514,1372564560
1732,0.0352,109.3403,1372404120
1732,0.0815,109.354,1372361520
1732,0.0695,109.3609,1372340100
1732,0.0767,109.3514,1372267680
1732,0.0767,109.3514,1372267500
1732,0.0766,109.3507,1372182360
1732,0.0758,109.3505,1372182240
1732,0.0338,109.343,1372081440
1732,0.0766,109.3508,1371998280
1732,0.0766,109.3508,1371997860
1732,0.0766,109.3508,1371972720
1732,0.065,109.3486,1371972420
1732,0.0767,109.3514,1371880440
1732,0.0767,109.3514,1371853800
1732,0.0315,109.3343,1371834720
1732,0.0315,109.335,1371815400
1732,0.0315,109.3348,1371706200
1732,0.0267,109.3357,1371648120
1732,0.0315,109.3367,1371631740
1732,0.0702,109.3597,1371586680
1732,0.0747,109.3547,1371586620
1732,0.0315,109.3341,1371572880
1732,0.0315,109.3341,1371532860
1732,0.0315,109.335,1371532440
1732,0.0373,109.3114,1371495180
1732,0.0315,109.3348,1371465780
1732,0.0303,109.3366,1371458280
1732,0.0303,109.3366,1371027360
1732,0.019,109.3263,1371013140
1732,0.0184,109.3279,1371011520
1732,0.0303,109.3366,1370967540
1732,0.0315,109.334,1370882640
1732,0.0311,109.335,1370859000
1732,0.0233,109.3323,1370760660
1732,0.0509,109.3461,1370603820
1732,0.0766,109.3508,1370542020
1732,0.5625,108.9291,1370497020
1732,0.0765,109.3514,1370452560
1732,0.0402,109.3448,1370399040
1732,0.0404,109.3447,1370396760
1732,0.0765,109.3514,1370374800
1732,0.0496,109.343,1370182320
1732,0.0397,109.3277,1370029620
1732,0.0737,109.3489,1369846920
1732,0.0471,109.342,1369759920
1732,0.0766,109.3506,1369485900
1732,0.0401,109.3348,1369436100
1732,0.03,109.3312,1369408140
1732,0.044,109.3114,1369402020
1732,0.0304,109.3367,1369328460
1732,0.0404,109.3447,1369032240
1732,0.9117,108.9817,1368975660
1732,0.9134,108.982,1368975480
1732,0.5664,108.9302,1368894300
1732,0.0765,109.3514,1368824880
1732,0.0765,109.3514,1368824100
1732,0.0239,109.3408,1368811620
1732,0.0304,109.3366,1368791940
1732,0.0304,109.3366,1368717540
1732,0.0315,109.3352,1368695040
1732,0.0766,109.3505,1368652980
1732,0.0307,109.34,1368453060
1732,0.0631,109.3456,1368284580
1732,0.0272,109.337,1368203700
1732,0.0762,109.3502,1368098940
1732,0.0406,109.3422,1368096240
1732,0.0384,109.343,1368093120
1732,0.0766,109.3501,1368084480
1732,0.0766,109.3501,1368084180
1732,0.0425,109.3447,1367944620
1732,0.2486,109.3713,1367930880
1732,0.2496,109.3709,1367906280
1732,0.0735,109.3491,1367861340
1732,0.0735,109.3491,1367617620
1732,0.2497,109.3705,1367507100
1732,0.2497,109.3705,1367495640
1732,0.0762,109.35,1367466600
1732,0.0468,109.3546,1367437260
1732,0.0406,109.343,1367429700
1732,0.2461,109.3739,1367399220
1732,0.2478,109.3722,1367251440
1732,0.0764,109.3512,1367185320
1732,0.0048,109.3687,1367137860
1732,0.0332,109.3694,1367085300
1732,0.0766,109.3501,1367044380
1732,0.2461,109.3739,1366956840
1732,0.2461,109.3739,1366953600
1732,0.0737,109.3494,1366925700
1732,0.0501,109.3434,1366914600
1732,0.0766,109.3501,1366908900
1732,0.2475,109.3725,1366874520
1732,0.2497,109.3707,1366868580
1732,0.2493,109.3707,1366868400
1732,0.0764,109.3503,1366740480
1732,0.0734,109.3491,1366740240
1732,0.2474,109.373,1366694220
1732,0.0762,109.3515,1366655760
1732,0.0297,109.338,1366651800
1732,0.2495,109.3706,1366609620
1732,0.25,109.3704,1366284180
1732,0.2498,109.3707,1366283760
1732,0.0708,109.3553,1366143300
1732,0.248,109.3724,1366113660
1732,0.2499,109.3706,1366107780
1732,0.2497,109.371,1366106820
1732,0.2472,109.3732,1366106820
1732,0.2488,109.3717,1366100940
1732,0.2473,109.3732,1366100640
1732,0.2494,109.371,1366090320
1732,0.0766,109.3503,1366062240
1732,0.2473,109.3732,1366010040
1732,0.0732,109.3489,1365828060
1732,0.0764,109.3503,1365827940
1732,0.0766,109.3503,1365827580
1732,0.0314,109.3451,1365694500
1732,0.0304,109.3367,1365682200
1732,0.0305,109.3367,1365681360
1732,0.0766,109.3503,1365625860
1732,0.0766,109.3503,1365623700
1732,0.0721,109.3526,1365620220
1732,0.0196,109.3422,1365581220
1732,0.0737,109.3492,1365393120
1732,0.0421,109.3431,1365242040
1732,0.0421,109.3431,1365234120
1732,0.0435,109.3453,1365229080
1732,0.0766,109.3503,1365184440
1732,0.0724,109.3581,1365182280
1732,0.0273,109.3331,1365158640
