1763,55.7363,37.5226,1427843100
1763,55.7366,37.5228,1427766720
1763,55.7457,37.5555,1427719740
1763,55.7474,37.5555,1427719680
1763,55.7366,37.5221,1427715840
1763,55.7598,37.6225,1427597820
1763,55.7598,37.6224,1427596140
1763,55.7363,37.5226,1427584680
1763,55.7368,37.5228,1427408700
1763,55.7366,37.519,1427408280
1763,55.7533,37.5757,1427396280
1763,55.7529,37.5761,1427387580
1763,55.7365,37.5224,1427336700
1763,55.7529,37.5761,1427116260
1763,55.7438,37.5463,1427115780
1763,55.7437,37.5459,1427115660
1763,55.7535,37.5755,1427064420
1763,55.7366,37.5229,1426976040
1763,55.7599,37.6224,1426909500
1763,55.7599,37.6224,1426908840
1763,55.7599,37.6224,1426908180
1763,55.7598,37.6224,1426904640
1763,55.7535,37.5755,1426695840
1763,55.7598,37.6225,1426645200
1763,55.7598,37.6224,1426644120
1763,55.7367,37.5229,1426638900
1763,55.7388,37.5293,1426509600
1763,55.7632,37.5615,1426365960
1763,55.7626,37.5632,1426364760
1763,55.7625,37.5634,1426362480
1763,55.7625,37.5632,1426362120
1763,55.7652,37.5644,1426361700
1763,55.7672,37.5717,1426361520
1763,55.7548,37.6372,1426355640
1763,55.7367,37.523,1426308900
1763,55.7351,37.5216,1426245660
1763,55.748,37.6144,1426216500
1763,55.7599,37.6224,1426214580
1763,55.7599,37.6224,1426213680
1763,55.7598,37.6224,1426213440
1763,55.7599,37.6224,1426213020
1763,55.7598,37.6225,1426212840
1763,55.7598,37.6224,1426210920
1763,55.7457,37.6462,1426205100
1763,55.7458,37.6463,1426201860
1763,55.7535,37.5774,1426111200
1763,55.7535,37.5755,1426099260
1763,55.7374,37.5245,1426039740
1763,55.7364,37.5224,1425989640
1763,55.7367,37.5233,1425989520
1763,55.7366,37.5228,1425988980
1763,55.7598,37.6224,1425870360
1763,55.7365,37.5223,1425835560
1763,55.7346,37.5112,1425737520
1763,55.7598,37.6224,1425605640
1763,55.7366,37.519,1425593580
1763,55.7367,37.5234,1425511320
1763,55.7366,37.5233,1425511260
1763,55.7367,37.5235,1425511140
1763,55.7366,37.5232,1425510960
1763,55.7535,37.5755,1425494460
1763,55.7363,37.5227,1425470820
1763,55.7366,37.5233,1425470580
1763,55.7363,37.5224,1425440400
1763,55.7351,37.5216,1425385620
1763,55.7352,37.5216,1425350220
1763,55.7375,37.5229,1425349800
1763,55.7367,37.5232,1425349680
1763,55.7368,37.5216,1425349380
1763,55.7362,37.523,1425349320
1763,55.7364,37.5223,1425229080
1763,55.7599,37.6224,1425187320
1763,55.7598,37.6225,1425187320
1763,55.7599,37.6224,1425183240
1763,55.7599,37.6224,1425181740
1763,55.7599,37.6224,1425181380
1763,55.7598,37.6224,1425179040
1763,55.7364,37.5223,1425175320
1763,55.7522,37.589,1425166080
1763,55.7467,37.6248,1425164760
1763,55.7543,37.6202,1425164520
1763,55.7879,37.6111,1425156600
1763,55.7364,37.5225,1425148680
1763,55.7364,37.5224,1425138360
1763,55.7364,37.5227,1425137940
1763,55.7364,37.5223,1425137100
1763,55.7363,37.5223,1425136860
1763,55.7363,37.5225,1425136800
1763,55.7363,37.5224,1425136620
1763,55.7364,37.5224,1425136560
1763,55.7365,37.5204,1425099960
1763,55.7365,37.5204,1425099900
1763,55.7365,37.5204,1425099900
1763,55.7365,37.5204,1425099720
1763,55.7365,37.5205,1425099660
1763,55.7362,37.5222,1425099600
1763,55.7365,37.5204,1425099300
1763,55.7365,37.5204,1425099120
1763,55.7365,37.5204,1425099060
1763,55.736,37.5229,1425098880
1763,55.7355,37.5211,1425097740
1763,55.7354,37.5211,1425097620
1763,55.7351,37.5216,1425096840
1763,55.7351,37.5216,1425096720
1763,55.7375,37.5246,1425091800
1763,55.7351,37.5216,1425091080
1763,55.7369,37.5231,1425088680
1763,55.7575,37.5868,1425085560
1763,55.7366,37.5229,1425039720
1763,55.7598,37.6224,1425000660
1763,55.7346,37.5112,1424996040
1763,55.7529,37.5761,1424865720
1763,55.7529,37.5761,1424785800
1763,55.7656,37.5921,1424725560
1763,55.7576,37.6189,1424716320
1763,55.7375,37.5246,1424660160
1763,55.8489,38.1817,1424568120
1763,55.7346,37.5112,1424533320
1763,55.7375,37.5246,1424485980
1763,55.7535,37.5774,1424469480
1763,55.7535,37.5755,1424463540
1763,55.7535,37.5755,1424372280
1763,55.7535,37.5774,1424367120
1763,55.7529,37.5761,1424358360
1763,55.7535,37.5755,1424285460
1763,55.7356,37.5214,1424264040
1763,55.753,37.5757,1424189340
1763,55.7439,37.5081,1424038800
1763,55.7084,37.6247,1424034720
1763,55.7081,37.6246,1424033820
1763,55.762,37.6494,1424029980
1763,55.7302,37.6254,1423971000
1763,55.7599,37.6224,1423873440
1763,55.7598,37.6224,1423873440
1763,55.7346,37.5112,1423785480
1763,55.7346,37.5112,1423785480
1763,55.7491,37.5398,1423692840
1763,55.7874,37.6137,1423345680
1763,55.633,37.6244,1423290060
1763,55.7375,37.5246,1423283760
1763,55.6725,37.2758,1423266180
1763,55.7346,37.5112,1423253340
1763,55.7532,37.5757,1423168740
1763,55.7158,37.5088,1422843480
1763,55.7418,37.5413,1422842640
1763,55.6608,37.8804,1422828720
1763,55.7599,37.6224,1422757740
1763,55.7599,37.6224,1422404520
1763,55.7791,37.5892,1422230820
1763,55.7747,37.5824,1422229200
1763,55.7599,37.6224,1422146940
1763,55.7747,37.5824,1422143820
1763,55.7383,37.5207,1422141060
1763,55.7491,37.5398,1422044640
1763,55.7346,37.5112,1421444100
1763,55.7431,37.503,1421360880
1763,55.6556,37.5559,1421252880
1763,55.6543,37.8446,1420915920
1763,55.8489,38.1817,1420747920
1763,55.8291,38.2123,1420745760
1763,55.8068,38.0561,1420743000
1763,55.7599,37.6224,1420668180
1763,55.7375,37.5246,1420593300
1763,55.7354,37.5188,1420587120
1763,55.7639,37.6543,1420411560
1763,55.7613,37.5797,1420404180
1763,55.7771,37.5852,1420401660
1763,55.744,37.5655,1420333440
1763,55.6725,37.2758,1420239480
1763,55.753,37.589,1420167120
1763,55.7815,37.6372,1420072680
1763,55.7486,37.5578,1419993600
1763,55.7418,37.5413,1419986940
1763,55.7346,37.5112,1419897480
1763,55.6858,37.4319,1419809280
1763,55.7495,37.6326,1419802860
1763,55.6328,37.4501,1419789060
1763,55.7495,37.5404,1419719160
1763,55.7491,37.5398,1419205680
1763,55.7486,37.5578,1419129960
1763,55.7018,37.5094,1419123420
1763,55.7014,37.5109,1419102180
1763,55.7014,37.5109,1419100320
1763,55.7547,37.6214,1419094140
1763,55.7448,37.5485,1419085560
1763,55.7483,37.5397,1418689380
1763,55.7491,37.5398,1418687400
1763,55.7345,37.5888,1418672040
1763,55.7418,37.5413,1418600760
1763,55.7375,37.5246,1418529240
1763,55.7441,37.5439,1418523600
1763,55.7558,37.6147,1418335320
1763,55.7346,37.5112,1417796400
1763,55.7346,37.5112,1417714260
1763,55.753,37.589,1417378620
1763,55.788,37.6111,1417373100
1763,55.7828,37.6278,1417317960
1763,55.7637,37.6559,1417309800
1763,55.7317,37.4874,1417116300
1763,55.84,37.4914,1416944220
1763,55.6556,37.5556,1416851340
1763,55.7418,37.5413,1416707940
1763,55.753,37.6534,1416683940
1763,55.7573,37.6588,1416681300
1763,55.7346,37.5112,1416446940
1763,55.7613,37.5797,1416086640
1763,55.7375,37.5246,1416007440
1763,55.7346,37.5112,1415744820
1763,55.6556,37.5556,1415635440
1763,55.6858,37.4319,1415566680
1763,55.768,37.6296,1415499720
1763,55.7418,37.5413,1415491920
1763,55.7613,37.5797,1415480520
1763,55.6533,37.5535,1415362740
1763,55.7381,37.5207,1415273100
1763,55.6551,37.5566,1415188500
1763,55.7569,37.633,1415105940
1763,55.7375,37.5246,1414982820
1763,55.744,37.5655,1414971480
1763,55.7346,37.5112,1414791900
1763,55.7058,37.3893,1414277940
1763,55.7346,37.5112,1414030080
1763,55.7346,37.5112,1413924840
1763,55.7491,37.5398,1413671760
1763,55.768,37.6296,1413654900
1763,55.7342,37.5681,1413652500
1763,55.7342,37.5681,1413650580
1763,55.7342,37.5681,1413648360
1763,55.6029,37.2822,1413490740
1763,59.9925,30.2151,1413459720
1763,59.987,30.2168,1413459360
1763,59.7998,30.2723,1413451560
1763,55.4143,37.9009,1413445800
1763,55.4144,37.9006,1413443340
1763,55.4143,37.9009,1413439140
1763,55.7685,37.4979,1413402240
1763,55.748,37.4833,1413056760
1763,55.7346,37.5112,1413037740
1763,55.8331,37.4854,1412942580
1763,55.7368,37.5233,1412524500
1763,55.7486,37.5392,1412447640
1763,55.7491,37.5398,1412445540
1763,55.7346,37.5112,1412380080
1763,55.7441,37.5089,1411934700
1763,55.7458,37.6463,1411869780
1763,55.7375,37.5246,1411866780
1763,55.745,37.5675,1411838280
1763,55.677,37.2712,1411764840
1763,55.7354,37.5188,1411514160
1763,55.7354,37.5188,1411512900
1763,55.6882,37.4657,1411309920
1763,55.8328,37.4823,1411061400
1763,55.7364,37.5226,1410991920
1763,55.7346,37.5112,1410989520
1763,55.8328,37.4823,1410973740
1763,55.8328,37.4823,1410973380
1763,55.7597,37.6392,1410964800
1763,55.7421,37.5291,1410964200
1763,55.7389,37.5194,1410964140
1763,55.7346,37.5112,1410879300
1763,55.7363,37.5231,1410872160
1763,55.7369,37.523,1410867960
1763,55.7369,37.5223,1410866700
1763,55.7364,37.5225,1410866340
1763,55.7364,37.5224,1410866100
1763,55.7584,37.7409,1410723000
1763,55.7599,37.74,1410721860
1763,55.7571,37.7407,1410721740
1763,55.7568,37.7406,1410721680
1763,55.7572,37.7408,1410721440
1763,55.7598,37.7398,1410720600
1763,55.7563,37.7408,1410720060
1763,55.7577,37.7405,1410718800
1763,55.7566,37.7408,1410718620
1763,55.7563,37.7408,1410718260
1763,55.8433,38.1998,1410660000
1763,55.8489,38.1817,1410625860
1763,55.7364,37.5224,1410557580
1763,55.7491,37.5398,1410540840
1763,55.8327,37.4826,1410521160
1763,55.8327,37.4825,1410432540
1763,55.7346,37.5112,1410396480
1763,55.7346,37.5112,1410383940
1763,55.8395,37.4872,1410344100
1763,55.769,37.5611,1410342900
1763,55.7363,37.5226,1410298200
1763,55.7736,37.5904,1410293280
1763,55.7772,37.5831,1410293220
1763,55.7915,37.5365,1410292920
1763,55.8037,37.5126,1410292800
1763,55.8328,37.4823,1410260880
1763,55.6783,37.2825,1410211500
1763,55.6783,37.2825,1410210180
1763,55.7491,37.5395,1410127560
1763,55.6882,37.4657,1410122880
1763,55.849,38.1815,1410095880
1763,55.8451,38.1985,1410095880
1763,55.8534,38.1798,1410044520
1763,55.8536,38.181,1410008100
1763,55.849,38.1824,1410007440
1763,55.8524,38.1708,1410007320
1763,55.8529,38.1819,1410006660
1763,55.8481,38.1944,1410004020
1763,55.8439,38.1988,1409970240
1763,55.8439,38.1988,1409970120
1763,55.8492,38.1818,1409969640
1763,55.8457,38.1915,1409969580
1763,55.8328,37.4825,1409935860
1763,55.8392,37.4871,1409912580
1763,55.7687,37.5612,1409911140
1763,55.7688,37.5612,1409911140
1763,55.7375,37.5246,1409867760
1763,55.7381,37.5285,1409863920
1763,55.7368,37.5226,1409862840
1763,55.7366,37.519,1409862660
1763,55.8376,37.484,1409859840
1763,55.8162,37.4958,1409827500
1763,55.7796,37.5811,1409826840
1763,55.7346,37.5112,1409788320
1763,55.8327,37.4826,1409750040
1763,55.8327,37.4825,1409746380
1763,55.7687,37.5619,1409738640
1763,55.7687,37.5619,1409738580
1763,55.7362,37.5216,1409737440
1763,55.7363,37.5225,1409737260
1763,55.7364,37.5224,1409702940
1763,55.7363,37.5226,1409698860
1763,55.7363,37.5225,1409697120
1763,55.7363,37.5225,1409617080
1763,55.8394,37.4873,1409599980
1763,55.7361,37.5223,1409564340
1763,55.7355,37.521,1409529420
1763,55.7352,37.5206,1409528940
1763,55.7375,37.5246,1409527380
1763,55.7365,37.5228,1409517840
1763,55.7363,37.5226,1409509980
1763,55.7364,37.5225,1409503980
1763,55.7346,37.5112,1409503440
1763,55.7346,37.5112,1409502120
1763,55.7346,37.5112,1409501340
1763,55.7365,37.5224,1409498760
1763,55.7363,37.5226,1409497260
1763,55.7406,37.6092,1409442660
1763,55.7351,37.5204,1409425920
1763,55.7351,37.5204,1409425800
1763,55.7351,37.5204,1409425560
1763,55.7354,37.5188,1409425140
1763,55.7362,37.5223,1409418540
1763,55.7423,37.5043,1409413560
1763,55.7346,37.5112,1409340780
1763,55.7363,37.5224,1409274900
1763,55.7363,37.5225,1409274660
1763,55.7365,37.5224,1409274600
1763,55.7363,37.5225,1409273340
1763,55.7452,37.5677,1409266920
1763,55.7899,37.558,1409255280
1763,55.7966,37.542,1409255280
1763,55.7956,37.532,1409255100
1763,55.8274,37.5035,1409169300
1763,55.8327,37.4825,1409142000
1763,55.7899,37.5572,1409134020
1763,55.7887,37.5594,1409133960
1763,55.7351,37.5137,1409133240
1763,55.7366,37.5225,1409105460
1763,55.7363,37.5224,1409091360
1763,55.7363,37.5225,1409087940
1763,55.7363,37.5224,1409087820
1763,55.8404,37.4866,1409083680
1763,55.7366,37.5202,1409046000
1763,55.8328,37.4823,1408982340
1763,55.8327,37.4824,1408982220
1763,55.8327,37.4824,1408982220
1763,55.7573,37.5675,1408961040
1763,55.7472,37.657,1408898460
1763,55.7472,37.6565,1408898280
1763,55.7076,37.4057,1408839900
1763,55.7406,37.6092,1408755420
1763,55.7406,37.6092,1408754640
1763,55.7427,37.6093,1408752780
1763,55.7435,37.6017,1408751880
1763,55.7346,37.5112,1408749720
1763,55.7346,37.5112,1408736820
1763,55.8285,37.4786,1408720260
1763,55.8394,37.4875,1408702680
1763,55.8188,37.4989,1408702440
1763,55.8187,37.499,1408702380
1763,55.7605,37.5571,1408701600
1763,55.7366,37.519,1408663200
1763,55.7451,37.6515,1408653060
1763,55.8325,37.4824,1408631280
1763,55.8357,37.4833,1408617240
1763,55.8361,37.4844,1408617120
1763,55.836,37.4842,1408617120
1763,55.744,37.5086,1408575540
1763,55.7372,37.5211,1408564920
1763,55.8323,37.4825,1408458600
1763,55.8325,37.4824,1408457580
1763,55.751,37.5017,1408446060
1763,55.737,37.5235,1408441620
1763,55.7341,37.5118,1408405920
1763,55.7366,37.519,1408404600
1763,55.7491,37.5398,1408322760
1763,55.8491,38.1816,1408238160
1763,55.8528,38.1781,1408237980
1763,55.8528,38.1781,1408237920
1763,55.8489,38.1817,1408237020
1763,55.8431,38.1972,1408188420
1763,55.7346,37.5112,1408141800
1763,55.7346,37.5112,1408133760
1763,55.8327,37.4826,1408102140
1763,55.7258,37.4031,1408095180
1763,55.8327,37.4826,1408028280
1763,55.8328,37.4824,1408027860
1763,55.8328,37.4824,1408027800
1763,55.8327,37.4826,1408013460
1763,55.8327,37.4826,1408013400
1763,55.8354,37.4829,1408012320
1763,55.8388,37.4862,1408011960
1763,55.7363,37.5199,1408009200
1763,55.7363,37.5225,1407968580
1763,55.7491,37.5613,1407961140
1763,55.7381,37.5285,1407957540
1763,55.7385,37.5282,1407957360
1763,55.7363,37.5225,1407956220
1763,55.7364,37.5224,1407867420
1763,55.7363,37.5225,1407867300
1763,55.7363,37.5225,1407867240
1763,55.7367,37.5232,1407866400
1763,55.8392,37.4873,1407838920
1763,55.8404,37.4865,1407838740
1763,55.7315,37.599,1407715200
1763,55.7427,37.6143,1407712920
1763,55.7315,37.599,1407710460
1763,55.7315,37.599,1407710280
1763,55.7265,37.5962,1407701340
1763,55.7313,37.5993,1407699300
1763,55.8489,38.1817,1407668400
1763,55.8425,38.1984,1407668340
1763,55.8467,38.1877,1407634440
1763,55.8498,38.1813,1407588180
1763,55.8489,38.1836,1407550500
1763,55.7985,37.987,1407546240
1763,55.7833,37.8699,1407544500
1763,55.782,37.8642,1407544500
1763,55.7743,37.8312,1407543480
1763,55.7453,37.5675,1407534660
1763,55.7447,37.566,1407532260
1763,55.7441,37.5676,1407532200
1763,55.7366,37.5224,1407453780
1763,55.7368,37.5225,1407452820
1763,55.7354,37.5209,1407451500
1763,55.7353,37.5209,1407451320
1763,55.7363,37.5225,1407446940
1763,55.7367,37.5224,1407445380
1763,55.8327,37.4826,1407407880
1763,55.7367,37.5225,1407373920
1763,55.7438,37.5642,1407370740
1763,55.8327,37.4826,1407347580
1763,55.8373,37.4815,1407340500
1763,55.7366,37.519,1407271740
1763,55.864,37.4633,1407266220
1763,55.6757,37.2698,1407191220
1763,55.6758,37.27,1407191160
1763,55.6758,37.27,1407191160
1763,55.6725,37.2758,1407185880
1763,55.7173,37.3783,1407185700
1763,55.8327,37.4826,1407163320
1763,55.7366,37.5225,1407105360
1763,55.7942,37.9288,1407097080
1763,55.7983,37.9386,1407096960
1763,55.7945,37.9439,1407096840
1763,55.7982,37.978,1407096480
1763,55.7982,37.978,1407096480
1763,55.8504,38.1806,1407001920
1763,55.8157,38.1077,1406979840
1763,55.7939,37.9316,1406978160
1763,55.7937,37.9265,1406978100
1763,55.7894,37.8983,1406977440
1763,55.7601,37.7611,1406976600
1763,55.7591,37.7558,1406976600
1763,55.7602,37.7458,1406976540
1763,55.7353,37.5209,1406973060
1763,55.7375,37.5245,1406942880
1763,55.7346,37.5112,1406924520
1763,55.7363,37.5226,1406924460
1763,55.6592,37.7372,1406924100
1763,55.6592,37.7372,1406915940
1763,55.659,37.7402,1406885100
1763,55.6592,37.7372,1406882940
1763,55.6437,37.7091,1406715780
1763,55.7346,37.5112,1406676300
1763,55.7366,37.519,1406673840
1763,55.8271,37.492,1406643180
1763,55.7366,37.519,1406626800
1763,55.8489,38.1817,1406417100
1763,55.8489,38.1817,1406394360
1763,55.8489,38.1817,1406391420
1763,55.8489,38.1817,1406391360
1763,55.8067,37.6407,1406210400
1763,55.7346,37.5112,1405904940
1763,55.7366,37.519,1405904280
1763,55.7317,37.507,1405418820
1763,55.7441,37.5089,1405378380
1763,55.7346,37.5112,1404949920
1763,55.8489,38.1817,1404678540
1763,55.8489,38.1817,1404599820
1763,55.8489,38.1817,1404571620
1763,55.7265,37.5962,1404084840
1763,55.7281,37.6012,1404078540
1763,55.7735,37.5864,1404061440
1763,55.753,37.5876,1403571180
