1775,22.895,43.1087,1419118620
1775,22.895,43.1087,1419118560
1775,22.8951,43.1087,1418580540
1775,22.895,43.1087,1418486640
1775,22.895,43.1087,1417974780
1775,22.895,43.1087,1417974720
1775,22.895,43.1087,1417974660
1775,22.895,43.1087,1417974660
1775,22.895,43.1087,1417838160
1775,22.8951,43.1087,1417837380
1775,22.895,43.1087,1417837320
1775,23.4276,46.483,1417697820
1775,3.8176,38.6134,1407254820
1775,3.7213,38.4734,1407033300
1775,3.756,38.5847,1406299680
1775,3.756,38.5847,1406299620
1775,3.8166,38.6087,1404542940
1775,3.756,38.5847,1404528240
1775,3.756,38.5847,1404523620
1775,3.7328,38.4999,1404475320
1775,3.7239,38.5071,1404416760
1775,3.7558,38.5848,1389591300
1775,3.7557,38.5848,1389591240
1775,3.7559,38.5848,1389364680
1775,3.7559,38.5848,1388468160
1775,3.7559,38.5848,1388468100
1775,3.7559,38.5848,1388467980
1775,3.7559,38.5847,1387672320
1775,3.7557,38.5848,1387660560
1775,3.7557,38.5848,1387660440
1775,3.7557,38.5848,1387660440
1775,3.7557,38.5848,1387660440
1775,3.7558,38.5847,1387514100
1775,3.7558,38.5849,1387384320
1775,3.7558,38.5847,1387384080
1775,3.7558,38.5849,1387383480
1775,3.7557,38.585,1387383300
1775,3.7557,38.585,1387383060
1775,3.7557,38.585,1387383000
1775,3.7557,38.585,1387382880
1775,3.7559,38.5847,1387298760
1775,3.7557,38.5849,1387298700
1775,3.7204,38.5144,1387220820
1775,3.7559,38.5847,1387164960
1775,3.7559,38.5848,1387164960
1775,3.724,38.506,1386965700
1775,3.7559,38.5847,1386822960
1775,3.7559,38.5847,1386822480
1775,3.7559,38.5847,1386821640
1775,3.7559,38.5847,1386821580
1775,3.7558,38.5848,1386821520
1775,3.756,38.5847,1386821460
1775,3.756,38.5847,1386821460
1775,3.756,38.5847,1386821340
1775,3.756,38.5847,1386821280
1775,3.756,38.5847,1386821280
1775,3.756,38.5847,1386821220
1775,3.7391,38.5401,1386654480
1775,3.7559,38.5847,1386579540
1775,3.7559,38.5847,1386579540
1775,3.756,38.5848,1386307800
1775,3.7558,38.5847,1385998260
1775,3.7559,38.5848,1385872500
1775,3.7559,38.5848,1385871540
1775,3.7559,38.5848,1385864640
1775,3.7559,38.5848,1385708760
1775,3.7558,38.5847,1385708460
1775,3.7558,38.5848,1385707980
1775,3.7559,38.5847,1385705700
1775,3.7558,38.5847,1385705640
1775,3.7557,38.5849,1385704440
1775,3.7558,38.5848,1385700120
1775,3.7558,38.5848,1385700060
1775,3.7559,38.5848,1385698260
1775,3.7559,38.5847,1385564640
1775,3.7558,38.5848,1385564640
1775,3.7559,38.5847,1385535600
1775,3.7558,38.5847,1385527080
1775,3.7559,38.5847,1385449080
1775,3.7559,38.5847,1385448900
1775,3.7558,38.5848,1385441040
1775,3.7559,38.5847,1385439840
1775,3.7559,38.5847,1385332980
1775,3.7557,38.5847,1385325540
1775,3.7559,38.5847,1385324280
1775,3.7645,38.5746,1385322180
1775,3.7559,38.5847,1385320680
1775,3.7559,38.5847,1385320560
1775,3.7558,38.5847,1385320440
1775,3.7559,38.5847,1385316120
1775,3.756,38.5846,1385270280
1775,3.756,38.5847,1385270160
1775,3.7558,38.5848,1385269860
1775,3.7558,38.5847,1385269620
1775,3.7562,38.5848,1385231460
1775,3.7562,38.5848,1385231460
1775,3.7558,38.5847,1385207880
1775,3.7558,38.5847,1385207880
1775,3.756,38.5847,1385207220
1775,3.7558,38.5847,1385207220
1775,3.7558,38.5847,1385206380
1775,3.7558,38.5848,1385206200
1775,3.7559,38.5847,1385205540
1775,3.7559,38.5847,1385205300
1775,3.7557,38.5849,1385205240
1775,3.7557,38.5848,1385204700
1775,3.7559,38.5847,1385204340
1775,3.7559,38.5847,1385204220
1775,3.7559,38.5847,1385204100
1775,3.7559,38.5847,1385204100
1775,3.7585,38.5795,1385186100
1775,3.7557,38.5848,1385184780
1775,3.7559,38.5847,1385184120
1775,3.7559,38.5847,1385184120
1775,3.7559,38.5847,1385184060
1775,3.7559,38.5847,1385184000
1775,3.7559,38.5847,1385105520
1775,3.7558,38.5847,1385104380
1775,3.7559,38.5847,1385103720
1775,3.7559,38.5847,1385103480
1775,3.7559,38.5847,1385103240
1775,3.7559,38.5847,1385103240
1775,3.7559,38.5847,1385103180
1775,3.7558,38.5848,1384919520
1775,3.7559,38.5848,1384749900
1775,3.7559,38.5848,1384749900
1775,3.7559,38.5848,1384749840
1775,3.753,38.5625,1384644900
1775,3.753,38.5626,1384643760
1775,3.7557,38.5847,1384494240
1775,3.7558,38.5847,1384494120
1775,3.7558,38.5849,1384492200
1775,3.756,38.5848,1384492080
1775,3.7558,38.5846,1384491360
1775,3.7563,38.5846,1384356720
1775,3.7558,38.5847,1384328160
1775,3.7558,38.5847,1384328040
1775,3.756,38.5848,1384236480
1775,3.756,38.5848,1384229100
1775,3.7559,38.5848,1384228200
1775,3.7558,38.5848,1384183320
1775,3.756,38.5848,1383373740
1775,3.756,38.5848,1383283620
1775,3.756,38.5848,1383027540
1775,3.756,38.5848,1382828760
1775,3.7185,38.517,1382761860
1775,3.756,38.5848,1382682840
1775,3.7246,38.5048,1382664960
1775,3.735,38.4924,1382641740
1775,3.7247,38.4874,1382563440
1775,3.7246,38.5048,1382476800
1775,3.7579,38.5868,1380597840
1775,3.7248,38.5031,1380572940
1775,3.7579,38.5865,1380399540
1775,3.7579,38.5868,1380251520
1775,3.7253,38.5015,1380126840
1775,3.7579,38.5868,1379954340
1775,3.7351,38.4943,1379785740
1775,3.7291,38.5292,1379697300
1775,3.7494,38.5292,1379691000
1775,3.7579,38.5868,1379390280
1775,3.7248,38.5031,1379362500
1775,3.7578,38.5866,1379092020
1775,3.7277,38.5049,1379027460
1775,3.7277,38.5049,1379027460
1775,3.7277,38.5049,1379027220
1775,3.7792,38.5654,1379017620
1775,3.7814,38.6124,1379015580
1775,3.7244,38.5051,1378939980
1775,3.7244,38.5051,1378939680
1775,3.7244,38.5051,1378939440
1775,3.7244,38.5051,1378939380
1775,3.7244,38.5051,1378939320
1775,3.7579,38.5874,1378918560
1775,3.7578,38.5864,1378917720
1775,3.7579,38.5874,1378916400
1775,3.7363,38.5659,1378843800
1775,3.7369,38.576,1378843740
1775,3.7561,38.5847,1378787700
1775,3.723,38.514,1378780920
1775,3.7369,38.4911,1378499700
1775,3.724,38.506,1378498560
1775,3.7579,38.5874,1378485900
1775,3.7369,38.4911,1378328520
