1782,32.4251,110.9775,1408006320
1782,32.4253,110.9773,1407842640
1782,30.8981,103.005,1407667020
1782,30.5721,100.5818,1407654120
1782,39.8639,104.6755,1407619500
1782,33.4375,112.0092,1407614340
1782,33.4375,112.0095,1407607440
1782,33.8139,112.093,1407574740
1782,33.8139,112.0929,1407573780
1782,33.8143,112.0932,1407402060
1782,33.8141,112.093,1407375840
1782,33.814,112.093,1407205800
1782,33.8142,112.0928,1407111960
1782,33.8139,112.093,1406762520
1782,33.8141,112.0929,1406691720
1782,33.8138,112.0929,1406669040
1782,33.814,112.093,1406275260
1782,32.4233,111.0621,1405934100
1782,28.437,81.3162,1405907040
1782,28.3784,81.5095,1405853640
1782,28.4241,81.4682,1405793880
1782,32.9003,97.0376,1405493520
1782,32.4253,110.9773,1405253640
1782,32.4253,110.9773,1405228560
1782,32.3577,110.9756,1405211820
1782,32.4254,110.9774,1405169280
1782,33.814,112.0927,1405030680
1782,33.8142,112.0929,1404967980
1782,33.8141,112.0929,1404960840
1782,33.8132,112.0925,1404906000
1782,33.7822,112.1238,1404891960
1782,33.814,112.0931,1404806520
1782,30.3946,88.8892,1404651900
1782,30.4454,88.8059,1404560520
1782,32.9075,97.0449,1404541380
1782,32.8936,97.0406,1404525720
1782,33.4373,111.9993,1404504720
1782,33.4363,112.0141,1404497940
1782,33.4613,112.0886,1404495780
1782,33.814,112.0927,1404473760
1782,33.8229,112.1418,1404468240
1782,33.814,112.093,1404387720
1782,33.8255,112.1425,1404373380
1782,33.8141,112.0929,1404216660
1782,33.8141,112.093,1404215160
1782,33.8222,112.0882,1404201780
1782,33.7124,112.109,1404090180
1782,33.814,112.0927,1404078120
1782,33.8367,112.0837,1403870340
1782,33.8141,112.093,1403610840
1782,33.8141,112.0929,1403559360
1782,33.814,112.0929,1403484420
1782,33.6198,112.1166,1403330760
1782,33.8141,112.0927,1403176140
1782,33.8141,112.0929,1403099640
1782,33.8119,112.0727,1403086500
1782,33.8139,112.093,1402991880
1782,32.4237,111.0526,1402537680
1782,33.814,112.0929,1401448620
1782,33.7642,112.128,1401166080
1782,31.8199,106.5403,1400837760
1782,29.7078,98.1219,1400625780
1782,33.4272,111.9973,1400383620
1782,33.8141,112.0929,1400321400
1782,33.8142,112.0929,1400284800
1782,33.8514,112.1255,1400231220
1782,33.8012,112.1124,1400179140
1782,33.8141,112.0929,1400139240
1782,33.8141,112.0929,1399755600
1782,33.814,112.093,1399699620
1782,33.8141,112.093,1399681140
1782,29.6507,95.4457,1399452240
1782,29.6507,95.4457,1399367820
1782,29.6794,95.4257,1399354200
1782,29.6923,95.4161,1399071360
1782,29.6898,95.4198,1399063320
1782,29.6506,95.4457,1399015440
1782,29.6507,95.4457,1398764940
1782,33.7989,112.1312,1398312120
1782,33.8141,112.0929,1398243360
1782,33.7907,112.123,1398072540
1782,29.6506,95.4456,1397725800
1782,29.6729,95.4389,1397629140
1782,33.4254,111.9749,1397506320
1782,33.814,112.0927,1397498520
1782,32.7141,117.1738,1397445660
1782,33.1162,117.2725,1397351580
1782,33.8139,112.0931,1396311180
1782,33.8141,112.093,1396164120
1782,33.4357,111.9972,1396069620
1782,32.8991,97.0386,1396057020
1782,32.786,96.806,1395996420
1782,32.7927,96.7802,1395705600
1782,32.7009,96.8363,1395653520
1782,32.7942,96.7845,1395641340
1782,32.7938,96.7848,1395543660
1782,32.7275,97.3262,1395269340
1782,32.5803,97.1323,1395198360
1782,32.7276,97.3252,1395114900
1782,32.8908,97.0304,1395068280
1782,33.2155,112.6597,1394672280
1782,33.8141,112.0929,1390536540
1782,33.8046,117.9129,1390345140
1782,33.8116,117.9139,1390283580
1782,33.8135,112.0871,1389596100
1782,33.814,112.0931,1389580680
1782,33.814,112.093,1389577140
1782,33.814,112.0929,1389382680
1782,33.937,117.2618,1388823660
1782,33.9277,116.8473,1388820180
1782,33.7221,116.1969,1388818080
1782,33.7375,112.1231,1388783700
1782,33.814,112.0929,1388743740
1782,33.8141,112.0929,1388696100
1782,35.3307,111.7105,1388607960
1782,34.0232,117.3696,1386208500
1782,32.8916,97.0388,1381716360
1782,33.676,111.9771,1380973860
1782,37.0298,113.604,1376806320
1782,33.8139,112.0928,1376103360
1782,33.8141,112.0929,1376101860
1782,33.8141,112.0928,1376099460
1782,33.8141,112.0928,1376099280
1782,33.7984,112.1083,1376019360
1782,33.814,112.0928,1375959360
1782,33.8141,112.0927,1375958100
1782,32.4301,110.9769,1375926420
1782,33.814,112.093,1375442040
1782,36.1112,115.1795,1374641700
1782,39.748,104.9989,1374397500
1782,39.7468,104.9904,1374348420
1782,39.7469,104.99,1374269280
1782,32.4256,110.9773,1374167940
1782,32.6776,114.0417,1373782920
1782,32.4254,110.9772,1370936460
1782,32.4253,110.9771,1370936400
1782,32.4253,110.9774,1370861640
1782,32.4253,110.9774,1370860200
1782,33.2329,111.9328,1370848560
1782,33.814,112.0929,1370557380
1782,34.8697,111.761,1370397540
1782,32.1366,110.8889,1369958460
1782,33.8141,112.0929,1369701780
1782,33.8141,112.0929,1369701180
1782,33.8141,112.0929,1369701120
1782,33.8141,112.0929,1369700460
1782,33.8055,112.0818,1369603560
1782,35.1078,109.6015,1369569180
1782,35.5305,108.7471,1369566360
1782,35.6431,106.0133,1369555860
1782,35.7685,105.0043,1369551660
1782,39.7629,105.144,1369503060
1782,39.7642,105.1439,1369476300
1782,40.1943,104.98,1369434240
1782,35.5895,105.7728,1369384920
1782,35.0792,106.7454,1369378500
1782,33.7991,112.1312,1369353180
1782,33.7997,112.1279,1369289520
1782,33.851,112.1262,1365107760
1782,33.851,112.1262,1365107700
1782,33.851,112.1261,1365107580
1782,33.8402,97.1319,1364954760
1782,34.7177,97.2515,1364941440
1782,34.7432,97.2668,1364941320
1782,34.8247,97.3082,1364941140
1782,35.2295,97.4857,1364901060
1782,35.2287,97.485,1364900820
1782,35.2297,97.4859,1364895960
1782,35.2325,97.4838,1364893020
1782,35.2345,97.4859,1364892720
1782,35.4069,97.4938,1364892120
1782,35.8551,97.3944,1364890020
1782,39.0084,95.7278,1364877000
1782,39.3617,95.7366,1364875260
1782,44.0931,96.7279,1364854440
1782,45.6601,97.0249,1364790600
1782,45.6598,97.0246,1364787480
1782,46.8437,96.7645,1364708760
1782,45.6645,97.0484,1364620080
1782,33.814,112.0929,1364021640
1782,33.7105,112.1127,1364017500
1782,33.8512,112.1261,1363978620
1782,33.7967,112.1169,1363922760
1782,33.7903,112.0808,1363913160
1782,32.4253,110.9773,1362989760
1782,32.4253,110.9773,1362988740
1782,32.4254,110.9773,1362971280
1782,32.405,110.9503,1362817980
1782,32.4254,110.9773,1362814680
1782,32.4253,110.9774,1362814620
1782,32.4254,110.9773,1362814500
1782,32.3362,111.0581,1362644880
1782,32.3436,110.9957,1362642420
1782,33.4042,111.9684,1362626580
1782,33.4884,112.1042,1362626220
1782,33.5354,112.1122,1362625320
1782,33.6765,112.1083,1362624900
1782,33.8444,112.0621,1362561060
1782,36.093,95.9264,1362308160
1782,37.5149,92.8364,1362297000
1782,37.9083,91.9863,1362294300
1782,38.6332,90.1882,1362276840
1782,38.6331,90.1877,1362256620
1782,33.4544,112.7454,1361861820
1782,33.7979,112.1158,1361695080
1782,33.5911,112.2251,1361420640
1782,33.8446,112.0625,1360840380
1782,33.845,112.0626,1360838400
1782,33.6583,112.2368,1360800900
1782,33.8141,112.093,1360793940
1782,33.8141,112.093,1360793880
1782,33.8446,112.0624,1360747560
1782,33.8141,112.093,1360732980
1782,33.6671,112.2336,1360644720
1782,33.8141,112.0929,1360571700
1782,33.8141,112.0929,1360571520
1782,33.8141,112.0929,1360571460
1782,33.8141,112.0929,1360571220
1782,32.8386,116.7002,1360542480
1782,32.7951,117.255,1360540440
1782,32.8017,117.2581,1360536480
1782,32.8016,117.258,1360504620
1782,32.7835,117.1167,1360477260
1782,33.6834,116.0128,1360276200
1782,33.6069,114.611,1360272480
1782,33.7003,112.115,1360265160
1782,33.6329,112.0313,1360131300
1782,33.814,112.093,1360030380
1782,33.8446,112.0625,1359970320
1782,33.8272,112.143,1359968280
1782,33.7982,117.8797,1359873780
1782,33.7979,117.8801,1359842100
1782,33.7978,117.8801,1359840660
1782,33.8045,117.9099,1359839100
1782,33.8045,117.909,1359801960
1782,33.8046,117.9092,1359799020
1782,33.8035,117.8869,1359771900
1782,33.9708,117.7331,1359721560
1782,33.9171,117.4381,1359687480
1782,33.814,112.093,1358727180
1782,33.8045,117.9092,1358566800
1782,33.799,117.8797,1358561580
1782,33.8045,117.9092,1358558340
1782,33.8045,117.9091,1358557860
1782,33.8045,117.9092,1358557380
1782,33.8045,117.9092,1358509200
1782,33.845,112.0626,1358249640
1782,33.8446,112.0624,1358249400
1782,33.8446,112.0624,1358249100
1782,33.8446,112.0624,1358248560
1782,33.8447,112.0623,1358248500
1782,33.8446,112.0625,1358240520
1782,33.7968,112.1164,1358210760
1782,33.814,112.0929,1358122080
1782,33.8134,112.0884,1357941720
1782,33.6582,112.2372,1357867680
1782,33.4449,112.0643,1357844700
1782,33.4618,112.4609,1357790160
1782,33.5293,113.1197,1357789800
1782,33.5293,113.1197,1357788420
1782,33.7082,117.3057,1357726020
1782,33.7083,117.3056,1357724040
1782,33.7082,117.3058,1357723140
1782,33.7813,112.132,1357669500
1782,33.7978,112.1158,1356855240
1782,33.4437,112.6921,1356848700
1782,33.9402,117.2325,1356816180
1782,33.8554,116.494,1356737220
1782,33.8278,112.0391,1354443480
1782,33.8142,112.0929,1354441140
1782,33.9282,116.9771,1354422840
1782,33.5022,117.153,1354342560
1782,33.5024,117.1539,1354332780
1782,33.9364,117.2743,1354193520
1782,33.814,112.0931,1352756340
1782,33.814,112.0931,1352704500
1782,33.7922,112.2748,1352583060
1782,32.4237,111.1348,1351748580
1782,32.4232,110.9796,1349677920
1782,32.5984,111.3508,1349662920
1782,32.6991,111.4725,1349662560
1782,32.7333,111.5458,1349662380
1782,32.7332,111.5458,1349662260
1782,32.8096,111.6718,1349661660
1782,32.8698,111.6868,1349661600
1782,32.8959,111.6873,1349661420
1782,32.9356,111.6984,1349661300
1782,32.9433,111.7052,1349661180
1782,33.6586,112.1166,1349657880
1782,33.7968,112.1165,1349225640
1782,33.7502,112.1056,1349005800
1782,32.2861,110.9775,1348735260
1782,33.8143,112.093,1347101220
1782,33.5019,111.924,1347011460
1782,33.5038,111.9294,1347004620
1782,32.4254,110.9774,1346843700
1782,32.4254,110.9773,1346723220
1782,32.4253,110.9773,1346588940
1782,32.4254,110.9773,1346588940
1782,32.4253,110.9773,1346588580
1782,32.4254,110.9774,1346587860
1782,33.3407,111.9702,1346560260
1782,33.8142,112.093,1346543880
1782,33.4951,112.0613,1345942260
1782,33.4953,112.0609,1345942140
1782,33.6657,117.3007,1345799880
1782,33.7544,112.1262,1345162980
1782,32.1962,110.978,1345112880
1782,36.1044,115.1749,1345039740
1782,36.1474,115.1552,1345024980
1782,36.1466,115.1565,1345024920
1782,36.1451,115.1626,1345024800
1782,36.1406,115.1671,1345024740
1782,36.132,115.1728,1345024680
1782,36.1268,115.1762,1345024620
1782,36.1207,115.1797,1345024500
1782,36.1078,115.1764,1345007940
1782,36.1044,115.1748,1345001100
1782,32.1193,110.9373,1344986340
1782,32.4253,110.9769,1344802260
1782,32.4255,110.9773,1344768540
1782,32.4255,110.9774,1344768360
1782,32.4257,110.9774,1344768180
1782,32.4255,110.9773,1344766800
1782,32.4254,110.9774,1344756000
1782,32.4252,110.9774,1344504720
1782,32.4253,110.9773,1344503040
1782,32.4254,110.9773,1344502920
1782,32.4254,110.9773,1344502680
1782,32.4254,110.9771,1344502620
1782,33.8141,112.093,1344303120
1782,33.8141,112.093,1344303000
1782,33.8139,112.0931,1344297960
1782,33.7505,112.1053,1344256320
1782,33.7502,112.1055,1344252660
1782,33.814,112.0929,1344185640
1782,33.824,112.0387,1344091800
1782,32.4051,110.9513,1343961240
1782,27.977,82.5381,1343874960
1782,28.5655,82.7127,1343799000
1782,28.1196,82.7633,1343797020
1782,28.0377,82.2784,1343724540
1782,28.0377,82.2785,1343724360
1782,28.0377,82.2787,1343723280
1782,28.785,82.6204,1343684460
1782,28.0378,82.2785,1343612880
1782,28.4274,81.468,1343556480
1782,28.4252,81.4706,1343507820
1782,28.4456,81.3822,1343351760
1782,32.1185,110.9366,1343325060
1782,32.353,111.077,1342260180
1782,33.8141,112.0929,1340980320
1782,33.8141,112.0929,1340862780
1782,33.814,112.0929,1340862720
1782,33.814,112.093,1340843520
1782,32.4253,110.9771,1340257800
1782,32.4254,110.9772,1340173560
1782,32.4253,110.9771,1340170920
1782,30.927,103.2329,1340123040
1782,29.8102,98.7536,1340077320
1782,29.6893,96.9543,1340049360
1782,30.2438,95.4613,1339898820
1782,30.2524,95.4493,1339831320
1782,29.2878,94.7904,1339555320
1782,30.2325,95.4583,1339214160
1782,31.8088,96.3866,1338016920
1782,38.6007,121.1488,1337457240
1782,33.814,112.093,1336383840
1782,36.1053,115.1739,1336352520
1782,36.086,115.0171,1336262520
1782,36.0893,115.0183,1336255680
1782,36.0893,115.0183,1336255680
1782,36.0894,115.0184,1336253100
1782,33.8005,117.919,1335705900
1782,33.8004,117.9187,1335690060
1782,33.8049,117.9173,1335560640
1782,33.8002,117.9184,1335529080
1782,33.8141,112.0929,1333404660
1782,31.0369,104.879,1333287720
1782,30.9179,103.1638,1333282980
1782,29.6847,95.4151,1333244100
1782,29.6848,95.4151,1333237560
1782,29.728,95.4424,1333179300
1782,29.7438,95.4613,1333172460
1782,29.6861,95.5342,1333168440
1782,29.6855,95.5331,1333166040
1782,29.7774,95.8748,1333144800
1782,32.2544,107.4816,1333103940
1782,32.447,110.9373,1332668760
1782,32.4465,110.9373,1332668760
1782,32.4471,110.9373,1332668400
1782,32.4245,111.1486,1332654060
1782,33.5404,111.8696,1331562300
1782,33.716,112.114,1329221940
1782,33.8243,112.0382,1327998360
1782,32.4105,110.9744,1327129860
1782,33.814,112.0929,1326779040
1782,33.5827,111.8859,1326748020
1782,33.5824,111.8826,1326748020
