1787,3.1582,101.7174,1427650680
1787,3.1576,101.7178,1427632020
1787,3.1582,101.7175,1427622600
1787,3.078,101.5885,1427364840
1787,3.0734,101.5902,1427358300
1787,3.0762,101.5897,1427274000
1787,3.0735,101.5907,1426753380
1787,3.0762,101.5897,1426669560
1787,3.078,101.5885,1426501380
1787,3.0783,101.5794,1425978240
1787,3.0425,101.5791,1425835260
1787,3.0435,101.5793,1425788520
1787,3.078,101.5885,1425636780
1787,3.0762,101.5897,1425279840
1787,3.0472,101.5873,1425236160
1787,3.0751,101.591,1425141060
1787,3.075,101.5914,1425060180
1787,3.078,101.5884,1424938740
1787,3.1714,101.6651,1424201640
1787,3.0817,101.5828,1424177640
1787,3.078,101.5884,1423727940
1787,3.1583,101.7175,1422129360
1787,3.1582,101.7175,1422123060
1787,2.7437,101.686,1421583360
1787,3.1755,101.6603,1421520540
1787,3.0224,101.58,1421169360
1787,3.0817,101.5828,1420822320
1787,3.0812,101.5824,1420806960
1787,3.0224,101.58,1420482660
1787,3.1185,101.6761,1420293120
1787,3.1574,101.7122,1420204860
1787,49.004,2.5711,1419773040
1787,48.8571,2.3518,1419768120
1787,48.8692,2.7848,1419695220
1787,51.4717,0.4681,1419539520
1787,51.5138,0.159,1419450240
1787,49.4948,8.6556,1419247980
1787,51.1634,10.4477,1419176280
1787,46.7707,8.4232,1419111240
1787,48.9974,2.417,1418740380
1787,48.844,2.3395,1418591760
1787,48.8567,2.3508,1418409300
1787,3.0639,101.565,1412618520
1787,3.0639,101.5649,1412618400
1787,3.0639,101.5649,1412618340
1787,3.0639,101.5649,1412618280
1787,3.064,101.565,1412584200
1787,3.064,101.565,1412584080
