1822,38.8394,77.2968,1415143140
1822,38.8393,77.2968,1414474320
1822,38.8259,77.3146,1398145860
1822,38.7909,77.2381,1397458500
1822,38.8073,77.2411,1396704060
1822,38.7908,77.238,1396433160
1822,38.2896,77.5964,1396043160
1822,38.249,77.497,1395641640
1822,38.8259,77.3147,1395292560
1822,38.7908,77.238,1395134040
1822,38.9507,77.4025,1383199920
1822,38.891,77.1745,1382929920
1822,38.9505,77.4027,1382913840
1822,38.9509,77.4027,1382865960
1822,38.9507,77.4024,1382604300
1822,38.9507,77.4024,1382590920
1822,38.9513,77.4077,1382551260
1822,38.8922,77.1865,1382511660
1822,38.9506,77.4025,1382346420
1822,38.9507,77.4021,1382319360
1822,38.9506,77.4026,1382258040
1822,38.9506,77.4024,1382086680
1822,38.9506,77.4024,1382086560
1822,38.8531,77.3712,1382043180
1822,38.9505,77.4024,1381799880
1822,38.9506,77.4023,1381740360
1822,38.9507,77.4024,1381734120
1822,38.9506,77.4024,1381725660
1822,38.9506,77.4024,1381725600
1822,38.9506,77.4024,1381725540
1822,38.9506,77.4024,1381712400
1822,38.8851,77.1751,1381528320
1822,38.9506,77.4026,1381364100
1822,38.9507,77.4025,1381219800
1822,38.951,77.4024,1381217580
1822,38.9506,77.4024,1381006440
1822,38.9505,77.4024,1381005000
1822,38.9506,77.4024,1381004460
1822,38.9483,77.3409,1380905880
1822,38.9506,77.4025,1380643320
1822,38.9507,77.4024,1380612780
1822,38.9329,77.2516,1380569040
1822,38.9507,77.4022,1380355500
1822,38.9505,77.4024,1380334260
1822,38.9508,77.4023,1380234060
1822,38.9507,77.4026,1380180660
1822,38.9506,77.4023,1380155100
1822,38.9506,77.4024,1380154980
1822,38.9506,77.4024,1380154980
1822,38.9506,77.4024,1380154920
1822,38.9509,77.4023,1380097980
1822,38.9507,77.4023,1380052920
1822,38.9507,77.4023,1379880660
1822,38.9507,77.4026,1379879160
1822,38.9507,77.4025,1379876880
1822,38.9507,77.4026,1379818080
1822,38.9507,77.4026,1379818080
1822,38.9507,77.4022,1379798580
1822,38.7907,77.2382,1379646780
1822,38.1985,77.5975,1377711180
1822,38.1984,77.5977,1377689940
1822,38.1985,77.5975,1377278940
1822,38.1986,77.5975,1377075480
1822,38.1986,77.5975,1377030720
1822,38.1987,77.5975,1377028260
1822,38.1984,77.5973,1377001680
1822,38.1986,77.5975,1377001260
1822,38.1984,77.5976,1376762760
1822,37.6824,77.4517,1374387540
1822,38.1984,77.5977,1369653840
1822,38.1986,77.5976,1369331460
1822,38.1984,77.5978,1369176420
1822,38.1985,77.5976,1369176240
1822,38.1984,77.5975,1369173960
1822,38.1984,77.5978,1368800400
1822,38.1983,77.5978,1368798060
1822,38.1984,77.5975,1368796740
1822,38.1985,77.5976,1368796500
1822,38.1985,77.5977,1368628020
1822,38.1984,77.5977,1368623040
1822,38.1984,77.5978,1368622620
1822,38.1984,77.5978,1368622560
1822,38.1981,77.5976,1368622260
1822,38.1984,77.5978,1368622200
1822,38.1984,77.5978,1368622140
1822,38.1984,77.5978,1368622080
1822,38.1984,77.5978,1368621900
1822,38.1984,77.5978,1368621720
1822,38.1984,77.5978,1368621600
1822,38.1984,77.5978,1368621360
1822,38.1984,77.5979,1360183500
1822,38.1984,77.598,1360181040
1822,38.1985,77.5975,1360138920
1822,38.1985,77.5975,1360138800
1822,38.1985,77.5975,1360138680
1822,38.2014,77.5973,1360055100
1822,38.1985,77.5976,1360055040
1822,38.1983,77.5979,1359964200
1822,38.1982,77.5973,1359955860
1822,38.2262,77.6055,1359954240
1822,38.2234,77.5775,1359953100
1822,38.1983,77.5979,1359879300
1822,38.1985,77.5978,1359611040
1822,38.1985,77.5977,1359011340
1822,38.3014,77.5048,1358561820
1822,38.1985,77.5976,1358364360
1822,38.1985,77.5979,1358300340
1822,38.1985,77.5976,1357440180
1822,38.1986,77.5974,1357440120
1822,38.1985,77.5975,1357333200
1822,38.1985,77.5977,1357333140
1822,38.1984,77.5979,1357082100
1822,37.5504,77.4422,1356945000
1822,37.5486,77.4488,1356918240
1822,37.549,77.4561,1356916560
1822,37.5487,77.4488,1356862320
1822,37.5485,77.4486,1356860880
1822,37.5487,77.4488,1356857760
1822,37.5486,77.4488,1356857700
1822,37.5486,77.4486,1356724680
1822,37.874,77.4542,1356648540
1822,37.5487,77.4487,1356417960
1822,37.5485,77.4486,1356393420
1822,37.5485,77.4486,1356393300
1822,37.5486,77.4488,1356346140
1822,37.5486,77.4486,1356340500
1822,37.5495,77.457,1356340380
1822,37.5485,77.4483,1356311220
1822,37.5486,77.4487,1356306240
1822,37.5486,77.4487,1356306120
1822,37.5485,77.4485,1356305820
1822,37.5492,77.4473,1356305760
1822,37.5485,77.4487,1356301200
1822,37.5484,77.4485,1356267240
1822,37.5484,77.4485,1356267240
1822,37.5484,77.4485,1356267180
1822,37.5481,77.4479,1356214020
1822,37.5486,77.4487,1356178860
1822,37.5493,77.4467,1356177060
1822,37.5486,77.4486,1355908740
1822,37.5485,77.4485,1355907120
1822,37.8422,77.4451,1344330240
1822,38.1987,77.598,1336249020
1822,38.1985,77.5978,1332011220
1822,38.1983,77.5975,1327479240
1822,38.1984,77.5976,1327478820
1822,38.1984,77.5976,1327478820
1822,38.1984,77.5976,1327472700
1822,38.1984,77.5975,1327472100
