1836,19.3079,99.068,1427428260
1836,19.4307,98.9644,1426826220
1836,19.4307,98.9644,1426826220
1836,19.3897,99.1667,1424654340
1836,19.362,99.1007,1423635180
1836,19.4795,99.1176,1421995320
1836,19.3394,98.9755,1421133660
1836,20.5926,100.337,1420101360
1836,20.5926,100.337,1420082400
1836,18.9667,99.0333,1416960420
1836,18.9667,99.0333,1416913020
1836,19.4156,99.1657,1416885300
1836,19.413,99.1722,1415178120
1836,19.4333,99.1346,1410049620
1836,19.4333,99.1346,1409989800
1836,19.001,99.2562,1407311760
1836,19.2891,99.1591,1407201540
1836,19.3817,99.1069,1407059160
1836,19.4336,99.1291,1406872260
1836,19.2994,99.2363,1406608800
1836,19.3636,99.1508,1405908660
1836,19.4336,99.1291,1405734600
1836,19.4295,99.1571,1405326180
1836,19.4295,99.1571,1405324200
1836,15.756,96.1322,1403057400
1836,15.753,96.1315,1403038380
1836,19.4333,99.086,1402958400
1836,19.3766,99.108,1402390860
1836,20.5836,100.3703,1402203120
1836,20.3143,99.9321,1402101600
1836,19.4277,99.1352,1398985920
1836,19.3266,99.291,1398640920
1836,19.3266,99.291,1398580560
1836,19.3787,99.1093,1398311280
1836,19.4789,99.1073,1396596240
1836,19.3766,99.1081,1396069080
1836,19.3944,99.1738,1395898560
1836,19.3947,99.1741,1395883140
1836,19.433,99.1621,1391671920
1836,19.4242,99.1848,1389402060
1836,19.422,99.1805,1389324060
1836,19.4205,99.1819,1389249900
1836,19.422,99.1805,1389167460
1836,19.3843,99.1506,1388638920
1836,20.5931,100.3921,1387337640
1836,19.2537,99.245,1386564960
1836,19.4278,99.136,1376368980
1836,19.3764,99.108,1376012940
1836,19.3938,99.1436,1373795820
1836,19.2988,99.0192,1366888080
1836,19.3766,99.1081,1366886940
1836,19.2886,99.159,1354141440
1836,19.3919,99.1835,1353798600
1836,19.3736,99.1627,1353380880
1836,19.2886,99.159,1352416440
1836,19.3764,99.108,1352372640
1836,19.3766,99.108,1352193360
1836,19.3766,99.108,1352193180
1836,19.3766,99.1081,1351985100
1836,19.3571,99.1844,1351916520
1836,19.3809,99.1267,1351399380
1836,19.4266,99.1367,1351220100
1836,19.2036,99.0477,1350876120
