1882,51.3966,0.044,1360082460
1882,51.3966,0.044,1359963900
1882,51.3967,0.044,1359963720
1882,51.3967,0.044,1359962520
1882,51.3966,0.0439,1359962340
1882,51.3967,0.044,1359961920
1882,51.3967,0.044,1359961680
1882,51.3967,0.044,1359961320
1882,51.3967,0.044,1359960720
1882,51.3967,0.044,1359960360
1882,51.3966,0.0441,1359959880
1882,51.3966,0.044,1359959580
1882,51.4003,0.047,1359959400
1882,51.3967,0.044,1359958800
1882,51.3968,0.0441,1359944760
1882,51.3966,0.044,1359914520
1882,51.3966,0.044,1359779280
1882,51.3968,0.0438,1359259200
1882,51.3967,0.0442,1359177540
1882,51.3966,0.0441,1359177240
1882,51.3966,0.0441,1359177180
1882,51.3965,0.0441,1359177120
1882,51.3967,0.0439,1359176460
1882,51.3981,0.0431,1359175980
1882,51.3967,0.0442,1359096360
1882,51.3967,0.0442,1359092340
1882,51.3967,0.0441,1359001620
1882,51.3967,0.0441,1358921700
1882,51.3967,0.0441,1358921100
1882,51.3967,0.044,1358920980
1882,51.4056,0.0491,1358916300
1882,51.3967,0.0441,1358825400
1882,51.3967,0.0443,1358824200
1882,51.3967,0.0442,1358823600
1882,51.3967,0.044,1358742660
1882,51.3966,0.044,1358734920
1882,51.3966,0.044,1358719020
1882,51.3966,0.044,1358701200
1882,51.3966,0.0442,1358660400
1882,51.3966,0.0441,1358658660
1882,51.3967,0.044,1358540880
1882,51.3967,0.044,1358540640
1882,51.3966,0.044,1358540340
1882,51.3967,0.0441,1358493000
1882,51.3976,0.0429,1358482560
1882,51.3967,0.044,1358445000
1882,51.3967,0.044,1358444640
1882,51.3967,0.0441,1358404320
1882,51.3964,0.044,1358312520
1882,51.3967,0.0441,1358230800
1882,51.3967,0.0441,1358229360
1882,51.3966,0.044,1358223180
1882,51.3968,0.044,1358132280
1882,51.397,0.0439,1358132220
1882,51.4051,0.0482,1358054520
1882,51.4051,0.0482,1358052660
1882,51.3967,0.044,1358050080
1882,51.3967,0.044,1358049360
1882,51.3966,0.044,1358019960
1882,51.3966,0.0439,1358015460
1882,51.3968,0.0441,1358012220
1882,51.3988,0.0431,1357970940
1882,51.3967,0.044,1357968720
1882,51.3936,0.042,1357957200
1882,51.3967,0.044,1357926180
1882,51.3967,0.044,1357925640
1882,51.3966,0.044,1357925340
1882,51.3968,0.0441,1357925220
1882,51.3966,0.044,1357924500
1882,51.3966,0.0441,1357886100
1882,51.3967,0.0442,1357885380
1882,51.3967,0.0441,1357885200
1882,51.3967,0.044,1357884540
1882,51.3967,0.0441,1357881780
1882,51.3967,0.0442,1357878480
1882,51.3968,0.0438,1357877580
1882,51.3966,0.0442,1357796460
1882,51.3966,0.044,1357794960
1882,51.3967,0.044,1357785060
1882,51.3967,0.0441,1357775580
1882,51.3967,0.044,1357752300
1882,51.3967,0.044,1357710300
1882,51.3967,0.044,1357708740
1882,51.3967,0.0442,1357700400
1882,51.3967,0.044,1357700100
1882,51.3968,0.044,1357699620
1882,51.3966,0.044,1357699140
1882,51.3966,0.044,1357698840
1882,51.3966,0.0441,1357698660
1882,51.3968,0.0442,1357698600
1882,51.3966,0.044,1357698420
1882,51.3967,0.044,1357692060
1882,51.4053,0.0489,1357691580
1882,51.3966,0.044,1357690680
1882,51.3966,0.0439,1357684200
1882,51.3966,0.044,1357605840
1882,51.3966,0.044,1357605420
1882,51.3966,0.044,1357532100
1882,51.3966,0.044,1357523460
1882,51.3966,0.044,1357450080
1882,51.3967,0.0442,1357367640
1882,51.3966,0.044,1357284120
1882,51.3967,0.0441,1357274160
1882,51.3967,0.0441,1357274100
1882,51.3967,0.0442,1357271100
1882,51.3966,0.044,1357271040
1882,51.3966,0.0443,1357269300
1882,51.3967,0.044,1357262580
1882,51.3966,0.0442,1357192140
1882,51.3967,0.044,1357180020
1882,51.3967,0.044,1357089600
1882,51.3967,0.044,1356985980
1882,51.3966,0.044,1356931080
1882,51.3967,0.0441,1356930780
1882,51.3967,0.0438,1356923880
1882,51.4001,0.0464,1356909780
1882,51.3967,0.044,1356906840
1882,51.3967,0.044,1356905400
1882,51.3967,0.044,1356905340
1882,51.3966,0.0441,1356847680
1882,51.3967,0.0441,1356846420
1882,51.3967,0.0441,1356846360
1882,51.3967,0.044,1356821340
1882,51.3963,0.0441,1356817560
1882,51.3966,0.0442,1356817500
1882,51.3966,0.0442,1356817020
1882,51.3967,0.0444,1356816660
1882,51.3967,0.044,1356815880
1882,51.3967,0.044,1356814980
1882,51.3968,0.044,1356814080
1882,51.3966,0.044,1356813900
1882,51.3966,0.0441,1356813600
1882,51.3967,0.044,1356812820
1882,51.3966,0.0443,1356809340
1882,51.3966,0.044,1355954520
1882,51.3967,0.044,1355856240
1882,51.3967,0.0441,1355805360
1882,51.3967,0.044,1355803380
1882,51.3966,0.0441,1355803080
1882,51.3966,0.0441,1355803080
1882,51.3967,0.0441,1355803020
1882,51.3966,0.0441,1355801820
1882,51.3966,0.0441,1355800380
1882,51.4067,0.0511,1355688180
1882,51.3967,0.044,1355614920
1882,51.3966,0.044,1355602080
1882,51.3967,0.0441,1355591220
1882,51.3981,0.0433,1355552880
1882,51.3994,0.0461,1355495580
1882,51.3967,0.0441,1355463240
1882,51.3967,0.0442,1355460420
1882,51.3966,0.0442,1355459820
1882,51.3967,0.0441,1355459700
1882,51.3967,0.044,1355453940
1882,51.3968,0.044,1355453640
1882,51.3967,0.0442,1355373900
1882,51.3967,0.044,1355369280
1882,51.3967,0.0441,1355205240
1882,51.3966,0.044,1355200020
1882,51.3977,0.0448,1355199180
1882,51.3966,0.044,1355192940
1882,51.3971,0.0437,1355175000
1882,51.3949,0.0423,1355111400
1882,51.3967,0.044,1355029620
1882,51.3966,0.0441,1355029500
1882,51.3967,0.0439,1354855860
1882,51.3966,0.044,1354853940
1882,51.3967,0.044,1354767720
1882,51.3967,0.044,1354732800
1882,51.3967,0.044,1354685520
1882,51.3967,0.044,1354685400
1882,51.3966,0.044,1354079880
1882,51.3967,0.044,1353858180
1882,51.4087,0.0529,1353796860
1882,51.3966,0.044,1353796380
1882,51.3966,0.0441,1353796080
1882,51.3975,0.0438,1353795780
1882,51.3967,0.044,1353645540
1882,51.3966,0.0442,1353561480
1882,51.3997,0.0456,1353559560
1882,51.3967,0.0438,1353510480
1882,51.3966,0.044,1353424680
1882,51.3967,0.044,1353388740
1882,51.3991,0.0431,1353388380
1882,51.3967,0.0439,1353367260
1882,51.3967,0.044,1353349080
1882,51.3984,0.0434,1353306120
1882,51.3967,0.0441,1353305520
1882,51.3967,0.044,1353287880
1882,51.3966,0.0441,1353285480
1882,51.3966,0.0441,1353281280
1882,51.3967,0.044,1353266460
1882,51.4057,0.0494,1353251220
1882,51.3967,0.044,1353250080
1882,51.3967,0.044,1353249960
1882,51.3967,0.044,1353211800
1882,51.3966,0.0442,1353183480
1882,51.3967,0.044,1353134700
1882,51.3968,0.0441,1353044940
1882,51.3967,0.044,1353025740
1882,51.3967,0.044,1353024300
1882,51.3966,0.0439,1353021720
1882,51.3966,0.0441,1352949120
1882,51.3967,0.044,1352873760
1882,51.3966,0.044,1352785800
1882,51.3967,0.044,1352777880
1882,51.3966,0.044,1352777820
1882,51.3967,0.044,1352738160
1882,51.3966,0.0438,1352692140
1882,51.3967,0.044,1352690820
1882,51.3968,0.044,1352690760
1882,51.3966,0.044,1352690700
1882,51.3967,0.044,1352690400
1882,51.3965,0.0441,1352690340
1882,51.3966,0.044,1352690340
1882,51.3966,0.044,1352690220
1882,51.3966,0.044,1352690100
1882,51.3967,0.044,1352689920
1882,51.3966,0.0441,1352689920
1882,51.3966,0.0441,1352689620
1882,51.3966,0.0441,1352689320
1882,51.3967,0.044,1352667420
1882,51.3967,0.044,1352665860
1882,51.3967,0.044,1352652120
1882,51.3967,0.044,1352650020
1882,51.3967,0.0441,1352615880
1882,51.3966,0.0441,1352612760
1882,51.3967,0.044,1352607120
1882,51.3967,0.044,1352602800
1882,51.3967,0.044,1352602680
1882,51.3967,0.0441,1352531340
1882,51.3966,0.044,1352527920
1882,51.3967,0.044,1352520060
1882,51.3968,0.0441,1352517120
1882,51.3966,0.0441,1352512800
1882,51.3967,0.0441,1352355540
1882,51.3966,0.0441,1352350140
1882,51.3966,0.0441,1352348820
1882,51.3967,0.044,1352315280
1882,51.3968,0.0438,1352314500
1882,51.3967,0.044,1352311560
1882,51.3967,0.044,1352310600
1882,51.3967,0.0442,1352268660
1882,51.3965,0.0441,1352264940
1882,51.3967,0.0442,1352264760
1882,51.3967,0.0441,1352264700
1882,51.3967,0.044,1352228640
1882,51.3967,0.044,1352180820
1882,51.3967,0.044,1352179320
1882,51.3967,0.044,1352138880
1882,51.4144,0.3868,1352045040
1882,51.4144,0.3869,1352016060
1882,51.3967,0.0442,1351874040
1882,51.3967,0.044,1351873920
1882,51.3967,0.044,1351873560
1882,51.3966,0.0441,1351873140
1882,51.3967,0.044,1351872420
1882,51.3966,0.044,1351872120
1882,51.3966,0.0441,1351872000
1882,51.3966,0.0441,1351871580
1882,51.3967,0.0441,1351832160
1882,51.3967,0.044,1351832040
1882,51.3968,0.0442,1351748880
1882,51.3966,0.0441,1351743240
1882,51.3966,0.0441,1351742580
1882,51.3965,0.0438,1351737780
1882,51.3966,0.0441,1351737420
1882,51.4154,0.0877,1351728000
1882,51.4152,0.0873,1351727160
1882,51.4153,0.0873,1351726980
1882,51.3969,0.044,1351717980
1882,51.3967,0.044,1351654020
1882,51.3966,0.0441,1351645800
1882,51.3971,0.0445,1351615680
1882,51.3967,0.044,1351559160
1882,51.3966,0.0441,1351551600
1882,51.3966,0.0437,1351551480
1882,51.3967,0.0441,1351550400
1882,51.3968,0.0441,1351549740
1882,51.3978,0.043,1351534800
1882,51.3967,0.044,1351525080
1882,51.3966,0.0442,1351486080
1882,51.3966,0.0441,1351459440
1882,51.3968,0.044,1351450800
1882,51.3966,0.0441,1351306260
1882,51.3966,0.0441,1351284540
1882,51.3967,0.044,1351228020
1882,51.3966,0.044,1351227720
1882,51.3967,0.044,1351227540
1882,51.3967,0.044,1351226340
1882,51.3966,0.044,1351226220
1882,51.3966,0.0441,1351176600
1882,51.3967,0.044,1351140660
1882,51.3966,0.0439,1351123680
1882,51.3966,0.0441,1351123500
1882,51.3967,0.044,1351099260
1882,51.3966,0.044,1351089300
1882,51.3967,0.044,1351047840
1882,51.3967,0.044,1351014360
1882,51.3966,0.0442,1350962940
1882,51.3967,0.044,1350960960
1882,51.3966,0.0441,1350940260
1882,51.3967,0.0441,1350917340
1882,51.3965,0.0441,1350572100
1882,51.3967,0.0439,1350510840
1882,51.3967,0.044,1350049380
1882,51.3967,0.044,1349981880
1882,51.3984,0.0437,1349981700
1882,51.3967,0.044,1349960820
1882,51.3967,0.0441,1349955660
1882,51.3966,0.0442,1349928960
1882,51.3966,0.0441,1349927880
1882,51.3967,0.044,1349757600
1882,51.3967,0.0441,1349757420
1882,51.3966,0.0441,1349757240
1882,51.3966,0.0441,1349671980
1882,51.3966,0.0441,1349671860
1882,51.3967,0.0441,1349671800
1882,51.3967,0.0442,1349671680
1882,28.3283,81.605,1349321280
1882,28.3465,81.6121,1349256360
1882,28.4167,81.5813,1349173560
1882,28.3278,81.6255,1349085360
1882,28.3341,81.479,1349085300
1882,28.3283,81.6047,1349084520
1882,28.3283,81.6049,1349062440
1882,28.3285,81.6045,1349062380
1882,28.3284,81.605,1349055720
1882,28.3283,81.6051,1349052360
1882,28.3283,81.605,1349051820
1882,28.3283,81.605,1349051100
1882,28.3284,81.605,1349051100
1882,28.3286,81.605,1349050140
1882,28.3283,81.605,1349049780
1882,28.3284,81.605,1349048340
1882,28.3754,81.5495,1349031600
1882,28.3754,81.5495,1348994940
1882,28.3564,81.5609,1348821480
1882,28.3564,81.5609,1348821420
1882,28.3581,81.5591,1348821300
1882,28.3387,81.5981,1348552380
1882,28.3387,81.5981,1348552260
1882,28.3333,81.5253,1348530720
1882,28.3281,81.6039,1348391160
1882,28.3503,81.5639,1347872460
1882,28.3281,81.6045,1347872040
1882,28.3266,81.6246,1347695460
1882,28.4723,81.4681,1347515700
1882,28.4731,81.4726,1347515640
1882,28.3278,81.6255,1347437880
1882,28.3278,81.6256,1347387960
1882,28.4741,81.4508,1347335520
1882,28.4723,81.4681,1347335400
1882,28.3754,81.5495,1347181020
1882,28.3341,81.479,1346919300
1882,28.3341,81.479,1346919300
1882,28.3612,81.5585,1346830920
1882,28.3612,81.5585,1346830920
1882,28.3581,81.5591,1346830920
1882,28.3277,81.6257,1346693580
1882,28.3279,81.6252,1346693520
1882,28.3278,81.6258,1346690700
1882,28.3278,81.6255,1346639940
1882,28.4753,81.4677,1346571900
1882,28.4753,81.4677,1346571480
1882,28.3277,81.6256,1346486640
1882,28.3341,81.479,1346479200
1882,28.3279,81.6257,1346456820
1882,28.3271,81.6244,1346450760
1882,28.3547,81.5905,1346389920
1882,28.3278,81.6258,1346304360
