1895,33.9772,118.4089,1384940100
1895,34.0636,118.3554,1383013440
1895,34.0734,118.2402,1381980180
1895,34.0064,118.4593,1378766640
1895,34.0978,118.3429,1378766580
1895,34.1183,118.3003,1378244220
1895,34.0466,118.2613,1376466060
1895,34.0552,118.2492,1374631800
1895,34.0912,118.3657,1368952140
1895,34.0953,118.3718,1368911820
1895,34.0953,118.3718,1368910380
1895,34.0952,118.3953,1368428940
1895,34.0952,118.3953,1368422880
1895,33.766,118.1895,1368343200
1895,34.0928,118.4013,1367885940
1895,34.1019,118.3403,1366934880
1895,34.0952,118.3953,1366783320
1895,34.0734,118.2402,1366098120
1895,34.0826,118.3876,1365289980
1895,34.0826,118.3876,1365288600
1895,34.0734,118.2402,1365239100
1895,37.7918,122.4412,1364954640
1895,34.0431,118.2672,1364703360
1895,34.0441,118.2655,1364698980
1895,34.0439,118.2659,1364695320
1895,34.0906,118.386,1364454000
1895,34.0951,118.3953,1364109240
1895,34.0772,118.3947,1363824120
1895,34.0772,118.3947,1363820400
1895,34.1109,118.3691,1363646940
1895,34.0906,118.386,1363564860
1895,34.0997,118.3813,1363464540
1895,34.1109,118.3691,1363330200
1895,34.0948,118.395,1363289580
1895,34.1183,118.3003,1363036260
1895,34.0577,118.3041,1362793200
1895,34.0906,118.386,1362734160
1895,34.0774,118.3879,1362708600
1895,34.0906,118.386,1362626040
1895,34.0906,118.386,1362624780
1895,36.5515,121.9302,1362383040
1895,36.5543,121.9206,1362376020
1895,34.0943,118.3745,1362261180
1895,34.0722,118.36,1362012780
1895,34.0473,118.4455,1361932920
1895,34.0862,118.3828,1361154180
1895,34.1331,118.3015,1361147100
1895,34.089,118.3775,1360977720
1895,34.1017,118.3355,1360716780
1895,36.6157,121.9009,1360311480
1895,36.1078,115.1764,1359898800
1895,36.1077,115.1763,1359894000
1895,36.0163,114.7374,1359876840
1895,36.1615,115.1455,1359866700
1895,36.1615,115.1455,1359865920
1895,36.1079,115.1737,1359791700
1895,34.0728,118.373,1359087360
1895,34.0975,118.3684,1359015240
1895,37.7818,122.4175,1357854780
1895,34.072,118.3576,1357547640
1895,34.095,118.395,1357069560
1895,34.0882,118.3788,1356123780
1895,32.7126,117.1575,1355992500
1895,32.7099,117.1682,1355886180
1895,33.6593,117.9998,1355813760
1895,34.095,118.395,1355494920
1895,34.0401,118.2702,1355481000
1895,34.1054,118.3188,1355469420
1895,36.6269,121.6914,1339796940
1895,34.0671,118.3843,1337221020
1895,34.095,118.395,1336961400
1895,34.0927,118.4012,1336354920
1895,34.0927,118.4012,1336354740
1895,34.0927,118.4012,1336354740
1895,34.0824,118.2732,1334835180
1895,34.0833,118.3839,1334814240
1895,36.5967,121.8964,1334199300
