1904,35.0722,106.6489,1400739720
1904,35.0878,106.5637,1394443980
1904,35.1418,106.5996,1391936280
1904,35.0842,106.6494,1391766420
1904,35.0684,106.5304,1391492880
1904,35.1035,106.57,1388216940
1904,35.0977,106.5624,1385704140
1904,35.0859,106.6488,1385101500
1904,35.0859,106.6488,1384852140
1904,35.1983,106.6558,1382170740
1904,35.1416,106.602,1382093880
1904,35.0859,106.6488,1382078940
1904,35.135,106.6078,1382072520
1904,35.0774,106.5814,1380497220
1904,35.0805,106.6207,1380336960
1904,35.1362,106.5859,1380191580
1904,35.0834,106.6565,1380176880
1904,35.0962,106.6039,1379135460
1904,36.7303,108.1891,1378691280
1904,35.0823,106.5273,1377384060
1904,35.0723,106.6489,1377358260
1904,35.0843,106.6526,1377345300
1904,35.0845,106.6527,1377345240
1904,35.0844,106.6511,1377344340
1904,35.0842,106.6494,1375945980
1904,35.0823,106.5273,1375908420
1904,35.0807,106.6095,1375872840
1904,35.1472,106.5945,1375865760
1904,35.0796,106.5304,1375561440
1904,35.0796,106.5305,1375561260
1904,35.0796,106.5305,1375561080
1904,35.0766,106.5325,1375559580
1904,32.4177,97.2255,1374358920
1904,35.1311,106.5489,1374140160
1904,35.0801,106.6086,1373937540
1904,35.1476,106.6385,1373864580
1904,35.1672,106.504,1373756460
1904,35.1417,106.6023,1373712780
1904,35.1417,106.6023,1373526960
1904,35.1472,106.5945,1373454180
1904,35.106,106.5701,1373342580
1904,35.087,106.5879,1373326740
1904,35.0722,106.6489,1373209440
1904,35.1009,106.5708,1372920000
1904,35.1035,106.57,1372904400
1904,35.1038,106.5695,1372888560
1904,35.0805,106.6357,1372887960
1904,35.0723,106.6488,1372886040
1904,35.0722,106.6489,1372886040
1904,35.0722,106.6489,1372885920
1904,35.0722,106.6489,1372677360
1904,35.0722,106.6489,1372676880
1904,35.0785,106.5957,1372675260
1904,35.0877,106.6491,1372671660
1904,35.085,106.6491,1372671360
1904,35.0843,106.6493,1372671360
1904,35.0722,106.649,1372625520
1904,35.0801,106.6084,1372538280
1904,35.0755,106.5879,1372418160
1904,35.0706,106.6547,1372209060
1904,35.1028,106.5922,1372199220
1904,35.1028,106.5923,1372199160
1904,35.0801,106.6398,1372151820
1904,35.1094,106.601,1371555120
1904,35.1417,106.6023,1371116040
1904,35.0618,106.6457,1370903700
1904,35.0836,106.6484,1370595720
1904,35.1417,106.6023,1369293480
1904,35.0825,106.5275,1368239880
1904,35.0905,106.6429,1368237420
1904,35.0843,106.6488,1367136660
1904,35.072,106.5348,1366948200
1904,35.0843,106.6488,1365660900
1904,35.0825,106.5275,1365635940
1904,35.0723,106.6488,1365587100
1904,35.0722,106.649,1365557220
1904,35.0722,106.6489,1365545640
1904,35.0995,106.5673,1365482880
1904,35.0717,106.534,1365477060
1904,35.0717,106.5344,1365476760
1904,35.0799,106.5782,1365320340
1904,35.1047,106.589,1365317580
1904,35.0724,106.6488,1364963220
1904,35.0723,106.6489,1364889000
1904,35.0823,106.5273,1364869560
1904,35.0823,106.5273,1364866560
1904,35.0296,106.9531,1364733360
1904,35.0289,106.9531,1364733300
1904,35.0289,106.9531,1364733240
1904,35.0289,106.9532,1364733120
1904,35.0285,106.9529,1364728440
1904,35.0286,106.9532,1364726700
1904,35.0285,106.9528,1364723040
1904,35.0927,106.6467,1364698920
1904,35.085,106.6533,1364695320
1904,35.085,106.6533,1364694900
1904,35.0851,106.6533,1364694720
1904,35.0723,106.649,1364680080
1904,35.0722,106.6491,1364675940
1904,35.0722,106.6491,1364656440
1904,35.0723,106.649,1364544960
1904,35.0723,106.6489,1364457240
1904,35.0823,106.5273,1364427780
1904,35.0825,106.5275,1364410560
1904,35.1052,106.5887,1364357760
1904,35.0757,106.6485,1363667400
1904,35.1642,106.4955,1363566600
1904,35.1673,106.5042,1363566360
1904,35.1362,106.5861,1363518420
1904,35.0815,106.6608,1363344660
1904,35.0824,106.5273,1363055820
1904,35.0825,106.527,1362872460
1904,35.0835,106.5318,1362729960
1904,35.0724,106.6489,1362567540
1904,35.0724,106.6489,1362567480
1904,35.1666,106.5043,1362528960
1904,35.1669,106.5041,1362528900
1904,35.0724,106.6487,1362376380
1904,35.0724,106.6487,1362372720
1904,35.0717,106.5342,1362206100
1904,35.0823,106.5273,1360198860
1904,35.0833,106.5143,1360133580
1904,35.1175,106.5179,1359967800
1904,35.1176,106.5181,1359963900
1904,35.1176,106.5182,1359959820
1904,35.1487,106.4978,1359953940
1904,35.167,106.5038,1359952380
1904,35.0825,106.527,1359681240
1904,35.0823,106.5274,1359447420
1904,37.2639,107.0525,1359358140
1904,37.269,107.0551,1359285540
1904,37.2689,107.0548,1359285180
1904,35.0823,106.5273,1359152880
1904,35.0832,106.5142,1359101340
1904,35.0833,106.5142,1359101340
1904,35.0832,106.5141,1359092880
1904,35.0825,106.5273,1358972040
1904,35.0826,106.527,1358971440
1904,35.0826,106.527,1358971380
1904,35.0823,106.5273,1358906280
1904,35.0826,106.5269,1358886720
1904,35.0824,106.5273,1358885340
1904,35.0823,106.5273,1358814300
1904,35.0922,106.6672,1358653020
1904,35.2026,107.3897,1358587980
1904,35.0685,106.5053,1358487840
1904,35.0798,106.5261,1358388060
1904,35.0816,106.5267,1358387400
1904,35.0804,106.5272,1358387280
1904,35.0672,106.5319,1358387220
1904,35.0656,106.5356,1358302860
1904,35.0773,106.5141,1358293560
1904,35.0833,106.5141,1358248320
1904,35.0796,106.5264,1358248320
1904,35.0823,106.5272,1357958760
1904,35.0832,106.5142,1357880340
1904,35.0833,106.5142,1357880340
1904,35.0823,106.5273,1357773660
1904,35.0822,106.5273,1357773360
1904,35.0831,106.5143,1357735440
1904,35.0833,106.5142,1357734660
1904,35.0823,106.5272,1357682460
1904,35.0823,106.5272,1357602420
1904,35.167,106.5038,1357553820
1904,35.167,106.5039,1357542660
1904,35.1672,106.504,1357540500
1904,35.0832,106.5142,1357389840
1904,35.0833,106.5141,1357386780
1904,35.0773,106.5224,1357347360
1904,35.0823,106.5272,1357262400
1904,35.0822,106.5272,1357180320
1904,35.0866,106.5158,1357113300
1904,35.0833,106.5142,1356958740
1904,35.0833,106.5141,1356958440
1904,35.0831,106.5141,1356956100
1904,34.9812,107.1573,1356470760
1904,35.0844,106.6528,1356182760
1904,35.0824,106.5273,1355173320
1904,35.0833,106.5142,1354897740
1904,35.1011,106.5246,1354672740
1904,35.0832,106.5142,1354372500
1904,35.0832,106.5141,1353238500
1904,35.0823,106.5273,1352936280
1904,35.0833,106.5142,1352687520
1904,35.0844,106.5269,1351493640
1904,35.0832,106.5142,1350802380
1904,35.0824,106.5273,1350787740
1904,35.0832,106.5142,1350778140
1904,35.0336,107.3925,1350723120
1904,35.2026,107.3897,1350722220
1904,35.0823,106.5273,1350424680
1904,35.0787,106.5253,1350083940
1904,35.0887,106.5207,1350046980
1904,35.0808,106.6092,1350045060
1904,35.0772,106.6165,1350044100
1904,35.0807,106.6093,1350043020
1904,35.0828,106.6111,1350042960
1904,35.0834,106.6116,1350042840
1904,35.0811,106.6093,1350041520
1904,35.0797,106.6399,1350037620
1904,35.0798,106.64,1350036960
1904,35.0844,106.6491,1350035520
1904,35.0829,106.653,1350034200
1904,35.0829,106.6532,1350034140
1904,35.0834,106.6509,1350034020
1904,35.0825,106.6461,1350033720
1904,35.0807,106.6418,1350033540
1904,35.0795,106.6403,1350033360
1904,35.0917,106.6542,1350029520
1904,35.0819,106.656,1350028380
1904,35.0806,106.6478,1350028320
1904,35.0839,106.6459,1350026220
1904,35.1404,106.5857,1350007920
1904,35.1012,106.6334,1350005220
1904,34.7998,106.7571,1350003480
1904,34.7727,106.7598,1350003300
1904,34.6876,106.7941,1350003060
1904,33.9717,106.8894,1350000720
1904,33.8477,106.9155,1350000300
1904,33.1275,107.2867,1349997240
1904,32.7386,107.2204,1349995980
1904,32.3319,106.7561,1349991000
1904,32.33,106.7566,1349953980
1904,32.284,106.7424,1349942760
1904,32.2841,106.7424,1349941740
1904,32.284,106.7424,1349940780
1904,32.3072,106.742,1349934360
1904,35.0848,106.6549,1336977480
1904,36.1717,115.1422,1336875960
1904,36.1726,115.1416,1336868160
1904,36.1078,115.1764,1336723440
1904,36.108,115.1705,1336721400
1904,35.1417,106.6023,1336278660
1904,35.1032,106.6172,1335767820
1904,35.0851,106.5318,1335506880
1904,35.084,106.6493,1334739180
1904,35.0834,106.5143,1334547180
1904,35.1299,106.5507,1334029020
1904,35.0872,106.5155,1333145820
1904,35.0995,106.515,1333004640
1904,35.1417,106.6023,1332754320
1904,35.029,106.9518,1332667320
1904,35.0807,106.6205,1332320700
1904,35.0844,106.6489,1332041520
1904,35.0836,106.6483,1332035100
1904,35.0856,106.5281,1331767800
1904,35.0825,106.5275,1331744760
1904,35.1068,106.6001,1331436780
1904,35.0825,106.5275,1331143440
1904,35.0917,106.6362,1330025160
1904,35.1068,106.6004,1329720000
1904,35.1068,106.6004,1329720000
1904,35.071,106.5329,1329621840
1904,35.1068,106.6004,1329604860
1904,35.1085,106.5325,1329559380
1904,35.0773,106.5808,1329556860
1904,35.1068,106.6004,1329538860
1904,35.1442,106.5934,1329285120
1904,35.1033,106.5684,1329203280
1904,35.1068,106.6004,1329192360
1904,35.1068,106.6004,1329192360
1904,35.0699,106.5103,1329172080
1904,35.0872,106.5155,1328863500
1904,35.0685,106.532,1328773080
1904,35.1442,106.5934,1328767380
1904,35.1068,106.6004,1328760600
1904,35.0802,106.5144,1328599020
1904,35.1016,106.5868,1328598540
1904,35.1026,106.6047,1328596800
1904,35.1415,106.602,1328514420
1904,35.1068,106.6004,1328401920
1904,35.0674,106.5081,1328355300
1904,35.0674,106.508,1328354400
1904,35.0774,106.5808,1328319540
1904,35.0701,106.5104,1328308020
1904,35.0918,106.5305,1328292420
1904,35.0791,106.6416,1328247900
1904,35.078,106.5863,1328245500
1904,35.1068,106.6,1328240280
1904,35.0849,106.5365,1328239080
1904,35.0922,106.5307,1328235600
1904,35.0922,106.5307,1328235480
1904,35.0921,106.5307,1328174940
1904,35.1072,106.6003,1328155440
1904,35.1069,106.6004,1328153460
1904,35.1068,106.6004,1328151600
1904,35.0823,106.5272,1328141700
1904,35.1068,106.6004,1328072400
1904,35.0825,106.5275,1328037420
1904,35.1068,106.6004,1327993080
1904,35.0878,106.516,1327907100
1904,35.1049,106.5887,1327893660
1904,35.1068,106.6004,1327889580
1904,35.1068,106.6004,1327798620
1904,35.1068,106.6004,1327739880
1904,35.1415,106.602,1327653480
1904,35.1023,106.5661,1327560960
1904,35.1023,106.5661,1327560960
1904,35.0851,106.6223,1327112940
1904,35.0801,106.6086,1327108020
1904,35.1537,106.5845,1326764220
1904,35.0836,106.6483,1326596640
1904,35.0797,106.5306,1326535140
1904,35.1311,106.5489,1326438840
1904,35.0806,106.6084,1326087960
1904,35.0118,106.7128,1326073500
1904,35.0805,106.6197,1325924880
1904,35.1299,106.5529,1325837580
1904,35.1012,106.6325,1325751300
1904,35.1026,106.6047,1325749860
1904,35.0118,106.7139,1325741880
1904,35.0751,106.5682,1325566200
1904,35.0754,106.568,1325564460
1904,35.0909,106.5157,1325544960
1904,35.0825,106.5275,1325366400
1904,35.0909,106.5157,1325365500
1904,35.1457,106.5915,1325229360
1904,35.2002,106.649,1325222460
1904,35.0905,106.5155,1325112120
1904,35.1087,106.5684,1325033820
1904,35.143,106.5938,1324968840
1904,34.814,106.7556,1324870860
1904,35.1147,106.5336,1324780800
1904,34.814,106.7556,1324766940
1904,35.0862,106.6396,1324384020
1904,35.1311,106.5489,1324347300
1904,35.072,106.5352,1324197960
1904,35.0681,106.5305,1324171320
1904,35.071,106.5329,1324170480
1904,35.0989,106.6703,1324111740
1904,35.0681,106.5305,1324085820
1904,35.1416,106.6019,1324034760
1904,35.0935,106.6794,1324018680
1904,35.0922,106.5307,1324017660
1904,35.0823,106.5273,1323979500
1904,35.0922,106.5307,1323969060
1904,35.0771,106.581,1323934620
1904,35.0926,106.5571,1323931140
1904,35.0821,106.5014,1323802380
1904,35.0922,106.5306,1323794580
1904,35.1023,106.5661,1323754020
1904,35.0797,106.606,1323590760
1904,35.0933,106.5333,1323474780
1904,35.0909,106.5157,1323378780
1904,35.0859,106.5287,1323306480
1904,35.1027,106.5671,1322550480
1904,35.1023,106.5661,1322542920
1904,35.0843,106.53,1322137920
1904,35.1311,106.5489,1322023620
1904,35.1302,106.5454,1322021100
1904,35.0905,106.6429,1320714600
1904,35.0802,106.6081,1320474000
1904,35.0806,106.6084,1320196680
1904,35.0863,106.5329,1319961720
1904,35.0845,106.6489,1319936700
1904,35.1027,106.5666,1319608560
1904,35.0699,106.5104,1319486880
1904,34.9381,106.6634,1319335320
1904,34.98,107.1725,1319321940
1904,35.0774,106.5808,1319169840
1904,35.1353,106.587,1319002020
1904,35.1848,106.5625,1318124100
1904,35.1676,106.4898,1318122600
1904,35.1676,106.4898,1318122360
1904,35.0922,106.5306,1318016520
1904,35.0922,106.5306,1318016520
1904,35.0921,106.5307,1317909660
1904,35.0918,106.5305,1317906720
1904,35.0923,106.5307,1317784500
1904,35.0922,106.5306,1317646860
1904,35.0922,106.5307,1317620940
1904,35.0807,106.6397,1317449880
1904,35.0824,106.5273,1317321120
1904,35.0933,106.5333,1317276540
1904,35.0774,106.5808,1317182760
1904,35.0869,106.5284,1317112860
1904,35.0922,106.5306,1316946240
1904,35.0922,106.5307,1316939940
1904,35.0922,106.5306,1316830980
1904,35.0922,106.5306,1316829480
1904,35.0926,106.5329,1316741940
1904,35.0933,106.5333,1316644140
1904,35.1734,106.5779,1316641560
1904,35.0923,106.5307,1316571840
1904,35.0922,106.5307,1316571000
1904,35.0923,106.5308,1316569440
1904,35.0923,106.5308,1316569080
1904,35.0922,106.5307,1316568960
1904,35.0923,106.5307,1316300760
1904,35.087,106.5265,1316150100
1904,35.1003,106.5688,1316147340
1904,35.0922,106.5306,1316130420
1904,35.0922,106.5306,1316130300
1904,35.0923,106.5306,1316104920
1904,35.0922,106.5307,1316067960
1904,35.0922,106.5306,1316056200
1904,35.0922,106.5306,1316020080
1904,35.0922,106.5306,1316018340
1904,35.0921,106.5307,1315963620
1904,35.0921,106.5307,1315962300
1904,35.0921,106.5307,1315926660
1904,35.1027,106.5666,1315894020
1904,35.0922,106.5308,1315818180
1904,35.0921,106.5307,1315818000
1904,35.0922,106.5307,1315761180
1904,35.0921,106.5307,1315705200
1904,35.0921,106.5307,1315705080
1904,34.9138,106.6956,1315703640
1904,34.9138,106.6956,1315703640
1904,34.814,106.7556,1315690200
1904,35.0922,106.5307,1315659300
1904,35.0922,106.5307,1315659300
1904,35.1236,106.5334,1315632360
1904,35.0921,106.5307,1315623720
1904,35.0922,106.5306,1315623360
1904,35.0921,106.5307,1315549200
1904,35.0921,106.5308,1315547700
1904,35.0913,106.5287,1315503660
1904,35.0921,106.5308,1315464420
1904,35.0922,106.5308,1315301220
1904,35.0922,106.5307,1315086720
1904,35.0922,106.5308,1315084500
1904,35.0819,106.5264,1315008180
1904,35.0922,106.5311,1314663180
1904,35.1019,106.5365,1314662280
1904,35.0922,106.5308,1314456120
1904,35.0921,106.5307,1314456000
1904,35.1293,106.5892,1314449340
1904,35.1293,106.5892,1314446880
1904,35.1296,106.5891,1314441120
1904,35.1028,106.5672,1314424680
1904,35.1019,106.5687,1314422880
1904,35.1311,106.5489,1314352320
1904,35.0825,106.5272,1314294180
1904,35.0825,106.5272,1314294120
1904,35.1468,106.5557,1314248460
1904,35.1456,106.5876,1314246300
1904,35.146,106.5876,1314246000
1904,35.0825,106.5273,1314217740
1904,35.0933,106.5333,1314158040
1904,35.0922,106.5308,1314149760
1904,35.1413,106.6028,1314093900
1904,35.1416,106.6013,1314085080
1904,35.1437,106.5962,1314083820
1904,35.0862,106.516,1314038580
1904,35.0953,106.5625,1313826420
1904,35.1068,106.5701,1313825280
1904,35.0819,106.5264,1313510640
1904,35.0819,106.5264,1313500020
1904,35.0921,106.5306,1313364000
1904,35.0921,106.5307,1313277420
1904,35.0871,106.5267,1313219340
1904,35.0922,106.5307,1313208300
1904,35.0819,106.5264,1313181360
1904,35.1311,106.5489,1313142420
1904,35.0922,106.5306,1312929900
1904,35.0921,106.5307,1312929480
1904,35.0922,106.5307,1312821180
1904,35.1309,106.531,1312519740
1904,35.1029,106.5669,1312265340
1904,35.1069,106.5715,1312263840
1904,35.0945,106.5302,1312179780
1904,35.0922,106.5307,1312103520
1904,35.122,106.5214,1311937200
1904,35.0922,106.5307,1311909060
1904,35.0922,106.5309,1311739680
1904,35.1191,106.5158,1311675720
1904,35.1191,106.5158,1311675060
1904,35.0922,106.5307,1311387660
1904,35.0922,106.5307,1311387540
1904,35.0799,106.6209,1311227280
1904,35.0801,106.6212,1311227160
1904,35.0924,106.5309,1311067500
1904,35.1384,106.5395,1310965740
1904,35.0824,106.5276,1310853240
1904,35.1414,106.6019,1310811360
1904,35.0974,106.5506,1310795700
1904,35.1019,106.5687,1310780520
1904,35.0922,106.5307,1310607720
1904,34.6522,106.7985,1310554560
1904,35.131,106.5988,1310453220
1904,35.131,106.5988,1310453220
1904,35.0825,106.5279,1310403840
1904,35.083,106.5271,1310362920
1904,35.0924,106.5308,1310356500
1904,35.0924,106.5308,1310355540
1904,35.0827,106.5275,1310310300
1904,35.16,106.4967,1310234880
1904,35.0131,106.6411,1310219040
1904,35.0804,106.6222,1310218560
1904,35.1309,106.5491,1310211600
1904,35.1309,106.5494,1310121060
1904,35.1309,106.5494,1310119320
1904,35.1949,106.6545,1310118240
1904,35.1084,106.533,1310117700
1904,35.0922,106.5307,1310105820
1904,35.0922,106.5307,1310104980
1904,35.0923,106.5309,1310103180
1904,35.0922,106.5307,1310086740
1904,35.0922,106.5307,1310044140
1904,35.0922,106.5307,1310004900
1904,35.0922,106.5307,1309903440
1904,35.1977,106.5954,1309851720
1904,35.1851,106.5977,1309851180
1904,35.1076,106.5255,1309835520
1904,35.1075,106.5255,1309835460
1904,35.0922,106.5307,1309822260
1904,35.092,106.5308,1309645200
1904,35.087,106.5224,1309578480
1904,35.0922,106.5308,1309564680
1904,35.1307,106.5502,1309558260
1904,35.087,106.5229,1309515600
1904,35.0922,106.5305,1309475340
1904,35.1631,106.5062,1309377780
1904,35.143,106.5955,1309355220
1904,35.1397,106.5935,1309334340
1904,35.0824,106.5273,1309298520
1904,35.0824,106.5273,1309297740
1904,35.0922,106.5307,1309289460
1904,35.1316,106.5967,1309239060
1904,35.131,106.5988,1309237980
1904,35.0824,106.5273,1309227840
1904,35.0824,106.5273,1309207260
1904,35.0824,106.5273,1309153380
1904,35.1853,106.6744,1309128300
1904,35.0921,106.5307,1309059000
1904,35.0921,106.5307,1309058940
1904,35.0921,106.5307,1309058940
1904,35.0824,106.5273,1309037280
1904,35.0824,106.5273,1308980580
1904,35.0869,106.5321,1308969660
1904,35.0922,106.5307,1308967560
1904,35.1949,106.6545,1308908220
1904,35.0922,106.5308,1308872100
1904,35.0869,106.5245,1308866760
1904,35.0921,106.5308,1308832980
1904,35.0923,106.5309,1308832620
1904,35.0922,106.5307,1308808200
1904,35.1239,106.4983,1308795540
1904,35.0924,106.5307,1308732660
1904,35.0922,106.5307,1308716520
1904,35.0922,106.5307,1308698220
1904,35.0922,106.5307,1308684360
1904,35.0824,106.5273,1308640920
1904,35.0865,106.5295,1308629760
1904,35.092,106.5307,1308490380
1904,35.0922,106.5307,1308490020
1904,35.0923,106.5308,1308486540
1904,35.0921,106.5307,1308486480
1904,35.1177,106.5505,1308459780
1904,35.1175,106.5502,1308452040
1904,35.1173,106.5508,1308451800
1904,35.0922,106.5306,1308448920
1904,35.0824,106.5273,1308298380
1904,35.0923,106.5308,1308279660
1904,35.0915,106.5302,1308252180
1904,35.092,106.5307,1308247020
1904,35.092,106.5306,1308233520
1904,35.0923,106.5307,1308233160
1904,35.0921,106.5306,1308232440
1904,35.0922,106.5307,1308075720
1904,35.0922,106.5307,1308029340
1904,35.0921,106.5307,1307995020
1904,35.0826,106.5278,1307948460
1904,35.0921,106.5307,1307934840
1904,35.0966,106.5862,1307833080
1904,35.0802,106.6084,1307827800
1904,35.0802,106.6084,1307824920
1904,35.08,106.6085,1307824800
1904,35.08,106.6085,1307824140
1904,35.0799,106.6087,1307819280
1904,35.0802,106.6085,1307819100
1904,35.0921,106.5306,1307817120
1904,35.0824,106.5273,1307782260
1904,35.0824,106.5273,1307772480
1904,35.0875,106.5264,1307761380
1904,35.0968,106.5327,1307748480
1904,35.0923,106.5308,1307746680
1904,35.1323,106.6118,1307711580
1904,35.1416,106.6024,1307702580
1904,35.0922,106.5307,1307691960
1904,35.0924,106.5304,1307691840
1904,35.0924,106.5304,1307691840
1904,35.0922,106.5307,1307687700
1904,34.8127,106.7633,1307580600
1904,34.8093,106.6996,1307575920
1904,35.1416,106.6024,1306644840
1904,35.0826,106.5278,1306010700
1904,35.0805,106.6221,1305847860
1904,35.0809,106.6104,1305606960
1904,34.8138,106.7568,1305539580
1904,34.0564,106.8924,1305459300
1904,35.0826,106.5278,1304742780
1904,35.1189,106.5162,1304413440
1904,35.1297,106.5898,1303639200
1904,35.1473,106.5504,1303622220
1904,35.0826,106.5278,1303595220
1904,35.1189,106.5162,1303197780
1904,35.0077,106.8604,1303101300
1904,35.1741,106.5776,1303096260
1904,35.1003,106.5697,1303017300
1904,35.1189,106.5162,1302595440
1904,35.1088,106.5456,1302477600
1904,35.0752,106.569,1302327600
1904,35.1151,106.5155,1302217260
1904,35.0907,106.6168,1302208740
1904,35.0804,106.6217,1302206280
1904,35.1189,106.5162,1301991780
1904,35.0968,106.5327,1301803560
1904,35.1308,106.5152,1301728380
1904,35.0833,106.65,1301654580
1904,35.103,106.5672,1301628780
1904,35.1298,106.5529,1301461860
1904,35.0821,106.5275,1301426460
1904,35.1374,106.6024,1301386440
1904,35.1298,106.5529,1301022960
1904,35.2106,106.4499,1300943280
1904,35.0821,106.5275,1300825800
1904,35.1183,106.5168,1300780260
1904,35.0821,106.5275,1300746900
1904,35.0722,106.5344,1300662180
1904,35.0821,106.5275,1300595880
1904,47.61,122.3426,1300276080
1904,35.0491,106.6171,1300247700
1904,35.1374,106.6024,1300171740
1904,35.1418,106.5994,1300169640
1904,35.0821,106.5275,1300137000
1904,35.0849,106.6528,1300017600
1904,35.1297,106.5898,1300012620
1904,35.0994,106.57,1300001460
1904,35.107,106.5717,1300000080
1904,34.8062,106.7279,1299909180
1904,35.0968,106.5327,1299904320
1904,35.1374,106.6024,1299836220
1904,35.135,106.5894,1299751620
1904,35.0806,106.6205,1299736500
1904,35.0808,106.6086,1299735540
1904,35.0804,106.6084,1299735060
1904,35.0821,106.5275,1299618720
1904,35.1374,106.6024,1299311280
1904,35.0821,106.5275,1299216720
1904,35.1376,106.5874,1299136500
1904,35.0959,106.4994,1299128100
1904,35.0722,106.5344,1299116220
1904,35.1308,106.5245,1298361300
1904,35.0821,106.5275,1298324220
1904,35.0865,106.5295,1298270520
1904,35.0752,106.569,1298102100
1904,35.0821,106.5275,1297816440
1904,35.0821,106.5275,1297661220
1904,35.0722,106.5344,1297651140
1904,35.0821,106.5275,1297571760
1904,35.0682,106.5302,1297570740
1904,35.0821,106.5275,1297463280
1904,35.0821,106.5275,1297373640
1904,35.0821,106.5275,1297306080
1904,35.0821,106.5275,1297225500
1904,35.1653,106.5884,1296960660
1904,35.0722,106.5344,1296862920
1904,35.0821,106.5275,1296700080
1904,35.0821,106.5275,1296628440
1904,35.0849,106.6528,1296383760
1904,35.1096,106.5673,1296377760
1904,35.1448,106.5937,1296279960
1904,35.0826,106.6202,1296198780
1904,35.0966,106.5326,1296127260
1904,35.1741,106.5776,1296096480
1904,35.1468,106.556,1296091500
1904,35.0722,106.5344,1296013380
1904,35.131,106.55,1295564880
1904,35.0821,106.5275,1295482020
1904,35.0772,106.6416,1295424780
1904,35.0966,106.5326,1295322000
1904,35.0821,106.5275,1295314020
1904,35.0821,106.5275,1295222280
1904,35.0966,106.5326,1295141520
1904,35.0966,106.5326,1295071740
1904,35.0722,106.5344,1295053740
1904,35.0722,106.5344,1295053740
1904,35.0966,106.5326,1294636320
1904,35.1068,106.5725,1293690480
1904,35.0722,106.5344,1293661980
1904,34.8122,106.7653,1293433620
1904,35.0823,106.5246,1291911780
1904,35.0823,106.5246,1291764960
1904,35.0823,106.5246,1291764960
1904,35.0823,106.5246,1291764900
1904,35.0823,106.5246,1291700160
1904,35.0736,106.5339,1291632360
1904,35.0766,106.5344,1291630200
1904,35.0766,106.5344,1291629960
1904,35.0823,106.5246,1291413720
1904,35.0113,107.0252,1291401900
1904,35.0864,106.5151,1291304040
1904,35.0864,106.5151,1291300140
1904,35.0864,106.5151,1291289760
1904,35.0736,106.5339,1291283700
1904,35.0736,106.5339,1291281780
1904,35.0828,106.5259,1291257000
1904,35.0786,106.6584,1291192980
1904,35.0786,106.6584,1291192320
1904,35.084,106.6545,1291189920
1904,35.084,106.6545,1291189200
1904,35.0844,106.6546,1291187700
1904,35.0847,106.6548,1291187460
1904,35.0844,106.6546,1291186680
1904,35.1084,106.5694,1291170660
1904,35.1309,106.5411,1291164780
1904,35.1309,106.5411,1291091460
1904,35.1309,106.5411,1291088700
1904,35.1309,106.5411,1291088700
1904,35.1309,106.5411,1291082820
1904,35.0956,106.5362,1291081560
1904,35.0956,106.5362,1291081560
1904,35.0736,106.5339,1291076100
1904,35.0823,106.5246,1291069920
1904,35.0956,106.5362,1291037400
