1905,1.3021,103.8535,1421845860
1905,1.3008,103.8398,1421147160
1905,1.3424,103.7764,1418977680
1905,1.3553,103.8367,1417362960
1905,1.3442,103.6802,1407154920
1905,1.4527,103.7794,1404829980
1905,1.2839,103.8458,1404673260
1905,1.3409,103.7735,1393864800
1905,1.3001,103.875,1390248900
1905,4.2278,73.5197,1386267720
1905,51.5022,0.1401,1363279860
1905,1.4287,103.7833,1344252240
1905,1.3211,103.8439,1344079620
1905,1.3207,103.8436,1344077940
1905,1.3205,103.8453,1336836420
1905,1.4288,103.786,1334649060
1905,1.4286,103.7835,1334640900
1905,1.437,103.7886,1334567340
1905,1.4281,103.7861,1334509920
1905,1.4287,103.786,1334433420
1905,1.4285,103.7835,1334432400
1905,1.4287,103.786,1334431740
1905,1.3567,103.946,1334399640
1905,1.4284,103.7834,1334243940
1905,1.4306,103.7872,1334070060
1905,1.3685,103.7494,1334065140
1905,1.3666,103.7501,1334061540
1905,1.4306,103.7687,1333963380
1905,1.4291,103.7861,1333909560
