1932,36.1177,115.1685,1427140860
1932,41.8755,87.6324,1426643220
1932,41.8727,87.6492,1424998680
1932,41.8308,87.6309,1421205540
1932,41.8762,87.6488,1421204160
1932,41.9039,87.629,1420077660
1932,41.8737,87.6524,1417718220
1932,41.6482,87.7383,1416042360
1932,41.6442,87.738,1414929840
1932,41.5129,88.0467,1414927920
1932,41.5129,88.0494,1414927860
1932,41.5127,88.0513,1414927860
1932,41.8388,87.6284,1414894500
1932,41.7318,87.6585,1412905680
1932,41.8317,87.6295,1412904720
1932,41.6521,87.6658,1412830560
1932,41.7065,87.6819,1412822460
1932,41.7065,87.6819,1412816460
1932,41.7065,87.6819,1412811780
1932,41.7065,87.6818,1412794920
1932,41.8646,87.6303,1412743740
1932,41.8651,87.6304,1412743740
1932,41.8736,87.6525,1412732460
1932,41.8736,87.6525,1412732400
1932,41.8736,87.6526,1412732220
1932,41.8737,87.6527,1412719800
1932,41.8715,87.6506,1412712600
1932,41.7065,87.6819,1412642940
1932,41.7065,87.6819,1412642760
1932,41.7065,87.6819,1412641620
1932,41.7065,87.6819,1412641140
1932,41.7064,87.6821,1412641080
1932,41.7065,87.6819,1412641020
1932,41.7065,87.6819,1412640840
1932,41.652,87.6659,1412625240
1932,41.6118,87.8536,1412572800
1932,41.6139,87.9444,1412561820
1932,41.607,87.9304,1412560020
1932,41.6005,87.8986,1412559840
1932,41.6005,87.8918,1412559780
1932,41.6517,87.6656,1412555340
1932,41.7787,87.7229,1412506380
1932,41.7916,87.7231,1412506200
1932,41.7989,87.7234,1412506200
1932,41.9042,87.6289,1412503620
1932,41.9042,87.6289,1412503620
1932,41.9042,87.6289,1412502780
1932,41.9042,87.6288,1412502720
1932,41.9042,87.6288,1412502120
1932,41.9043,87.6289,1412501040
1932,41.9042,87.6289,1412500860
1932,41.9042,87.6288,1412500500
1932,41.9042,87.6289,1412500440
1932,41.9042,87.6289,1412499840
1932,41.652,87.6658,1405420740
1932,41.655,87.7424,1405411320
1932,41.6549,87.742,1405411320
1932,41.655,87.7424,1405411320
1932,41.6212,87.6876,1405326480
1932,41.6595,87.6658,1405310880
1932,41.6594,87.6659,1405304640
1932,41.7039,87.6818,1405302000
1932,41.652,87.6658,1405269540
1932,41.8903,87.6216,1405262640
1932,41.8903,87.6216,1405257300
1932,41.8904,87.6215,1405252200
1932,41.8904,87.6216,1405250880
1932,41.8904,87.6215,1405250640
1932,41.8905,87.6213,1405249800
1932,41.8903,87.6217,1405248420
1932,41.8904,87.6216,1405247700
1932,41.8907,87.62,1405247580
1932,41.8905,87.621,1405247340
1932,41.8905,87.6215,1405246020
1932,41.8913,87.6198,1405245780
1932,41.9718,87.9,1402307040
1932,41.9718,87.9,1402306920
1932,41.9718,87.9,1402306860
1932,41.9716,87.899,1402306740
1932,41.9655,87.876,1402306260
1932,41.9735,87.8976,1402305960
1932,41.9734,87.8961,1402305900
1932,33.9463,118.4073,1402291920
1932,33.9395,118.4062,1402291260
1932,33.9429,118.4074,1402291140
1932,33.9406,118.4064,1402290780
1932,33.9404,118.4068,1402288140
1932,33.9404,118.4068,1402288140
1932,33.9417,118.4065,1402287600
1932,33.9819,118.4416,1402285800
1932,33.9819,118.4416,1402285740
1932,33.982,118.4416,1402285740
1932,33.9819,118.4416,1402285740
1932,33.979,118.4667,1402276920
1932,33.979,118.4667,1402276860
1932,34.1021,118.3017,1402266900
1932,34.1016,118.3019,1402266840
1932,34.0775,118.4296,1402205400
1932,34.0898,118.4033,1402203960
1932,34.1017,118.3093,1402196700
1932,34.1016,118.3094,1402196520
1932,34.1017,118.3094,1402196520
1932,34.1016,118.3343,1402150200
1932,34.1018,118.3355,1402141500
1932,34.102,118.3017,1402138080
1932,34.1021,118.3018,1402138080
1932,34.1015,118.3382,1402122000
1932,34.1018,118.3019,1402117020
1932,33.9666,118.4424,1402095960
1932,33.9555,118.4006,1402095780
1932,33.9435,118.4214,1402090380
1932,33.9435,118.4214,1402090380
1932,33.9556,118.4,1402088640
1932,33.957,118.409,1402042980
1932,33.9638,118.4085,1402042440
1932,33.9473,118.4099,1402038540
1932,33.9878,118.4745,1402032960
1932,33.9849,118.4742,1402026960
1932,33.9849,118.4742,1402026960
1932,33.985,118.4742,1402026960
1932,33.9615,118.421,1402012200
1932,33.9605,118.4234,1402012140
1932,33.966,118.4245,1402012080
1932,33.9614,118.421,1402011000
1932,33.9596,118.4202,1402009680
1932,33.9435,118.4214,1402007640
1932,33.9434,118.4214,1402007520
1932,33.959,118.4187,1402006500
1932,33.9593,118.4183,1402003680
1932,33.9556,118.4,1402000500
1932,33.9473,118.4099,1401972600
1932,33.9454,118.3958,1401965760
1932,33.9434,118.4002,1401965640
1932,33.9432,118.4027,1401965580
1932,33.9427,118.4057,1401965460
1932,33.943,118.4079,1401965340
1932,33.9431,118.4079,1401965280
1932,33.9468,118.402,1401963240
1932,33.9462,118.4043,1401963180
1932,33.9474,118.4024,1401963000
1932,33.9384,118.4169,1401962580
1932,33.938,118.4163,1401962580
1932,41.9793,87.9062,1401492960
1932,41.6513,87.6809,1400915880
1932,41.7818,87.8684,1395025380
1932,41.9769,87.8661,1395020700
1932,41.9785,87.8611,1395018000
1932,41.9786,87.8607,1395015060
1932,41.9788,87.8607,1395014760
1932,41.6521,87.6658,1395003180
1932,41.6521,87.6659,1394980980
1932,41.644,87.7381,1394978760
1932,41.869,87.6178,1394975820
1932,41.8773,87.6174,1394975820
1932,41.8812,87.6207,1394975760
1932,41.8989,87.6183,1394975580
1932,41.8989,87.6183,1394975580
1932,41.9245,87.632,1394975400
1932,41.9245,87.632,1394975400
1932,41.9474,87.6573,1394974920
1932,41.9474,87.6573,1394974860
1932,41.652,87.6658,1394865420
1932,41.652,87.6658,1394865300
1932,41.6521,87.6659,1394865000
1932,41.652,87.6659,1394861220
1932,41.652,87.6659,1394861160
1932,41.652,87.6659,1394861100
1932,41.6521,87.666,1394861040
1932,41.8809,87.6355,1394844300
1932,41.8539,87.6795,1394838660
1932,41.8539,87.6794,1394838660
1932,41.8539,87.6795,1394837940
1932,41.8539,87.6794,1394837940
1932,41.7064,87.7398,1394411520
1932,41.9868,87.6652,1394367540
1932,41.946,87.6554,1393157100
1932,41.6508,87.6813,1392549480
1932,41.6513,87.6809,1392547500
