1935,39.915,75.352,1426559340
1935,39.9465,75.2555,1425028140
1935,39.9546,75.2835,1420849380
1935,39.9546,75.2836,1420720380
1935,39.8275,75.4147,1420449780
1935,39.8991,75.3049,1388553360
1935,39.9148,75.3515,1385461380
1935,39.9148,75.3515,1385445300
1935,39.8201,75.4184,1384770960
1935,39.944,75.263,1383080400
1935,40.0451,75.0903,1380830520
1935,39.9267,75.2692,1380654120
1935,39.962,75.2612,1358386620
1935,39.9617,75.2407,1357791240
1935,39.944,75.2632,1357035360
1935,39.9342,75.2652,1356453360
1935,39.9342,75.2655,1355855160
1935,39.9576,75.2578,1354674600
1935,39.9439,75.2631,1354641300
1935,39.9526,75.2624,1353444780
1935,39.9345,75.2655,1353130740
1935,39.944,75.263,1352536260
1935,39.944,75.263,1352533500
1935,39.9441,75.2631,1352240820
1935,39.944,75.263,1351539720
1935,39.944,75.2632,1351537260
1935,39.9441,75.263,1351536780
1935,39.944,75.263,1351315680
1935,39.9438,75.2628,1350999360
1935,39.9441,75.263,1350897840
1935,39.9418,75.2664,1349755140
1935,39.9449,75.2589,1349372880
1935,39.9439,75.2631,1348718820
1935,39.9534,75.2634,1348078560
1935,39.944,75.263,1348038840
1935,40.0411,75.1439,1347830520
1935,39.944,75.2632,1347561300
1935,39.944,75.263,1347515820
1935,39.9458,75.2537,1347328620
1935,39.944,75.263,1347170880
1935,39.9953,75.1687,1347156720
1935,39.9444,75.2632,1347066660
1935,39.9527,75.2639,1346999040
1935,39.9527,75.2641,1346986920
1935,39.9535,75.2604,1346982600
1935,39.9526,75.2652,1346981400
1935,39.944,75.263,1346909820
1935,39.9526,75.2652,1346899440
1935,39.9533,75.261,1346395140
1935,39.9449,75.2589,1346358420
1935,39.9893,75.1521,1346312880
1935,39.9526,75.2652,1346223480
1935,39.944,75.2631,1345464180
1935,39.944,75.2631,1345449000
1935,39.944,75.2631,1345442160
1935,39.9439,75.2633,1345439580
1935,39.944,75.263,1345438800
1935,39.944,75.2631,1345427100
1935,39.9435,75.2632,1344230760
1935,39.944,75.263,1344051720
1935,39.9441,75.263,1343976660
1935,39.944,75.2631,1343976360
1935,39.9992,75.1273,1343884920
1935,39.9992,75.1273,1343884380
1935,39.944,75.263,1343792100
1935,40.0691,75.4677,1343279880
1935,39.9567,75.2251,1343267880
1935,39.944,75.2631,1342922640
1935,39.9389,75.3556,1342240020
1935,39.9644,75.2521,1341459420
1935,39.9442,75.263,1341275460
1935,39.9442,75.263,1340347440
1935,39.944,75.263,1340105220
1935,39.9707,75.1836,1340073120
1935,40.0412,75.1431,1339952880
1935,39.9439,75.263,1339643700
1935,39.9449,75.2627,1339182900
1935,39.944,75.263,1339054860
1935,40.1419,75.1185,1338699060
1935,40.1419,75.1185,1338698340
1935,39.9635,75.257,1338320220
1935,40.0424,75.0777,1338103260
1935,39.9617,75.2407,1337917200
1935,39.9573,75.2589,1337557560
1935,39.9893,75.1521,1337255820
1935,39.944,75.263,1337065200
1935,39.944,75.263,1336939260
1935,39.944,75.263,1336701600
1935,39.9566,75.1821,1336679760
1935,39.9986,75.17,1336295160
1935,39.942,75.2663,1336258680
1935,39.944,75.263,1336173840
1935,39.953,75.1649,1336114680
1935,39.953,75.1649,1336114500
1935,39.944,75.263,1335651780
1935,39.944,75.2632,1335639540
1935,39.9439,75.2631,1335350040
1935,39.944,75.2631,1335342720
1935,39.944,75.2631,1335341040
1935,39.9441,75.2631,1335340380
1935,39.944,75.2631,1335105360
1935,39.944,75.263,1335087780
1935,39.9441,75.2631,1334757660
1935,39.9378,75.2651,1334538540
1935,39.9563,75.2075,1334499000
1935,39.9893,75.1521,1334472300
1935,39.944,75.263,1334444400
1935,39.944,75.263,1334408820
1935,39.9778,75.1576,1334403480
1935,39.944,75.263,1334323140
1935,39.944,75.2631,1334320020
1935,39.944,75.263,1334135940
1935,39.9438,75.2633,1334094180
1935,39.9893,75.1521,1334053500
1935,39.944,75.2631,1333921020
1935,39.944,75.263,1333738500
1935,39.9413,75.2746,1333687860
1935,39.944,75.263,1333665240
1935,39.944,75.263,1333580700
1935,39.944,75.2631,1333566720
1935,39.9626,75.2584,1333493040
1935,39.944,75.2628,1333336020
1935,39.944,75.2632,1333334340
1935,39.944,75.263,1333333980
1935,39.9441,75.2634,1333333080
1935,39.944,75.2631,1333222860
1935,39.9433,75.2381,1333096980
1935,39.9439,75.263,1333053480
1935,39.9468,75.2602,1333007400
1935,39.944,75.2631,1332780900
1935,39.9527,75.2615,1332641160
1935,39.9423,75.2661,1332563700
1935,39.944,75.263,1332559800
1935,39.9441,75.263,1332554100
1935,39.9441,75.2629,1332553800
1935,39.9441,75.2631,1332552720
1935,39.944,75.2633,1332552360
1935,39.944,75.2631,1332552120
1935,39.9439,75.2631,1332481620
1935,39.944,75.263,1332461400
1935,39.932,75.2666,1332453000
1935,39.9442,75.2631,1332435180
1935,39.944,75.2629,1332392460
1935,39.944,75.263,1332392040
1935,39.944,75.2629,1332391800
1935,39.944,75.2631,1332389580
1935,39.9645,75.27,1332385380
1935,39.9439,75.2632,1332337980
1935,39.944,75.263,1332220440
1935,39.944,75.2629,1332200460
1935,39.944,75.2632,1332141120
1935,39.9441,75.2632,1332122040
1935,39.9441,75.263,1331553780
1935,39.944,75.2631,1331406960
1935,39.944,75.2631,1331318340
1935,39.9438,75.263,1331006460
1935,39.9346,75.2659,1330991700
1935,39.944,75.2631,1330756020
1935,39.9439,75.2631,1330602360
1935,39.9417,75.2373,1329358560
1935,39.932,75.2665,1329306240
1935,39.9439,75.263,1329302760
1935,39.9439,75.263,1329302520
1935,39.944,75.2629,1329289800
1935,39.932,75.2665,1329263220
1935,39.932,75.2665,1329262500
1935,39.9439,75.2632,1329216900
1935,39.9436,75.2635,1329208560
1935,39.944,75.2631,1329081660
1935,39.9439,75.2631,1329037620
1935,39.9433,75.2382,1328681700
1935,39.9514,75.2289,1328653260
1935,39.9434,75.2383,1328628660
1935,39.9597,75.1403,1328345280
1935,39.944,75.2628,1328174220
1935,39.9441,75.2629,1328137440
1935,39.944,75.2631,1328128620
1935,39.9418,75.253,1328056020
1935,39.932,75.2664,1328006760
1935,39.9346,75.2658,1327968300
1935,39.944,75.2632,1327635780
1935,39.9441,75.2632,1327631160
1935,39.944,75.2631,1327277940
1935,39.944,75.2631,1327173240
1935,39.9441,75.2631,1327142580
1935,39.9437,75.2633,1327123440
1935,39.944,75.263,1327118460
1935,39.9452,75.2628,1327117560
1935,39.944,75.2633,1327037640
1935,39.944,75.2631,1327036320
1935,39.9438,75.2632,1326961680
1935,39.944,75.2631,1326960240
1935,39.9439,75.2631,1326760620
1935,39.944,75.2631,1326454740
1935,39.932,75.2663,1326417480
1935,39.9346,75.2657,1326417360
1935,39.944,75.2632,1326247860
1935,39.944,75.2633,1326035580
1935,39.9537,75.1634,1326031860
1935,39.9442,75.2632,1325980080
1935,39.9438,75.2633,1325978580
1935,39.9441,75.2632,1325886060
1935,39.9439,75.263,1325800980
1935,39.944,75.2631,1325751900
1935,39.9452,75.2628,1325684580
1935,39.9346,75.2656,1325635800
1935,39.9439,75.2632,1325514960
1935,39.9224,75.2618,1325295600
1935,39.9291,75.2689,1325213400
1935,39.9439,75.2631,1325136300
1935,39.9438,75.2632,1325079840
1935,39.944,75.263,1324977900
1935,39.9433,75.238,1324893240
