1992,53.2996,8.747,1427045880
1992,53.2995,8.7448,1425743460
1992,53.3477,6.2595,1425220140
1992,53.2996,8.747,1424652660
1992,53.2996,8.747,1424637540
1992,53.3484,6.2601,1424553900
1992,53.2996,8.747,1424019060
1992,53.2996,8.747,1422315840
1992,53.2996,8.747,1422201120
1992,53.2996,8.747,1422198960
1992,53.2702,9.0581,1421458320
1992,53.2597,9.0756,1421410740
1992,53.2702,9.0581,1421410500
1992,53.2996,8.747,1420306140
1992,53.2699,9.0512,1419820380
1992,53.3042,8.7515,1419796200
1992,53.3039,8.7511,1419725640
1992,53.3039,8.7505,1419718680
1992,53.2996,8.747,1419718260
1992,53.3041,8.7511,1419693780
1992,53.3042,8.7511,1419638580
1992,53.2996,8.747,1419605520
1992,53.3014,8.7486,1419211500
1992,53.304,8.7512,1418592300
1992,53.2996,8.747,1417383720
1992,53.2996,8.747,1417370580
1992,53.2996,8.747,1417207440
1992,53.2996,8.747,1416846600
1992,53.2996,8.747,1416789300
1992,53.3039,8.7514,1415409000
1992,53.2996,8.747,1414886400
1992,53.4603,9.8625,1413679500
1992,53.2731,9.05,1413151500
1992,53.2996,8.747,1411932360
1992,53.3041,8.7516,1411523400
1992,53.3039,8.7515,1411522980
1992,53.304,8.7513,1411425840
1992,53.3044,8.7514,1411350960
1992,53.3042,8.7509,1411218360
1992,53.3041,8.7515,1411218060
1992,53.2996,8.747,1411039440
1992,53.304,8.7511,1411013820
1992,53.3041,8.7514,1411001100
1992,53.3041,8.7512,1410913740
1992,53.3041,8.7513,1410911940
1992,53.3042,8.7514,1410911640
1992,53.3042,8.7515,1410909120
1992,53.3041,8.7514,1410739980
1992,53.3736,8.6916,1410720720
1992,53.304,8.7514,1410711840
1992,53.3042,8.751,1410711660
1992,53.3041,8.7515,1410637860
1992,53.3042,8.7511,1410580740
1992,53.304,8.7514,1410312420
1992,53.3041,8.7512,1410310260
1992,53.2996,8.747,1410096420
1992,53.3043,8.7509,1409359860
1992,53.3047,8.7509,1408884600
1992,53.3047,8.751,1408884420
1992,53.3041,8.7513,1408830000
1992,53.304,8.7518,1408664160
1992,53.3042,8.7512,1408279800
1992,53.3042,8.7512,1408148100
1992,53.2996,8.747,1407715860
1992,53.3041,8.7508,1407685620
1992,53.3041,8.7515,1407556500
1992,53.3041,8.7513,1407459060
1992,53.3042,8.7513,1407458220
1992,53.1018,9.2971,1407104700
1992,53.1018,9.2971,1407098160
1992,53.1315,9.2879,1407097920
1992,53.304,8.7513,1406984160
1992,53.3041,8.7514,1406505540
1992,53.3041,8.7514,1406495400
1992,53.3041,8.7513,1406422080
1992,53.3043,8.7512,1406385000
1992,53.2996,8.747,1405875060
1992,53.3041,8.7513,1405873860
1992,53.3042,8.7512,1405730760
1992,53.3039,8.7522,1405729620
1992,53.3039,8.7513,1405724160
1992,53.2996,8.747,1405723500
1992,53.3041,8.7514,1405656120
1992,53.3041,8.7513,1405305660
1992,53.3041,8.7514,1405298040
1992,53.3018,8.7492,1405273440
1992,53.3041,8.7513,1405214280
1992,53.3041,8.7513,1405209960
1992,53.3041,8.7513,1405194420
1992,53.3041,8.7513,1405118580
1992,53.3042,8.7513,1405051740
1992,53.3041,8.7513,1405036860
1992,53.303,8.7475,1405006260
1992,53.3005,8.7542,1404734040
1992,53.3737,8.6986,1404660180
1992,53.3736,8.6916,1404659640
1992,53.3041,8.7513,1404598620
1992,53.3042,8.7514,1404598440
1992,53.3736,8.6916,1404596040
1992,53.3433,6.3002,1404257400
1992,53.3041,8.7513,1404184560
1992,53.3041,8.7513,1404183660
1992,53.3041,8.7513,1404175980
1992,53.3042,8.7514,1404101760
1992,53.3043,8.7512,1404077520
1992,53.2729,9.0525,1404048540
1992,53.3041,8.7513,1403928780
1992,53.2996,8.747,1403918280
1992,53.3433,6.3002,1403900520
1992,53.3433,6.3002,1403900400
1992,53.1472,7.1766,1403802000
1992,53.3041,8.7513,1403752200
1992,53.3041,8.7514,1403735760
1992,53.3041,8.7514,1403661780
1992,53.3041,8.7513,1403659620
1992,53.3041,8.7513,1403580300
1992,53.3042,8.7513,1403569440
1992,53.3001,8.7536,1403557200
1992,53.2511,9.1254,1403476440
1992,53.6225,9.2214,1403357640
1992,53.3002,8.7535,1403276340
1992,53.3,8.7533,1403274840
1992,53.3041,8.7514,1403144460
1992,53.3042,8.751,1403144100
1992,53.3041,8.7514,1403142780
1992,53.3001,8.7535,1403100720
1992,53.3041,8.7517,1403055840
1992,53.3005,8.7542,1403031540
1992,53.3002,8.7536,1403027520
1992,53.3001,8.7535,1403013840
1992,53.3002,8.7535,1403007720
1992,53.3041,8.7513,1402977060
1992,53.3041,8.7514,1402808280
1992,53.3042,8.7514,1402709160
1992,53.3041,8.7514,1402628820
1992,53.3042,8.7513,1402444860
1992,53.3041,8.7514,1402287600
1992,53.3041,8.7514,1402284780
1992,41.5379,7.974,1402273860
1992,53.3043,8.751,1402271580
1992,53.302,8.7523,1402027560
1992,53.3002,8.7535,1401970440
1992,53.304,8.7513,1401939960
1992,53.304,8.7513,1401936600
1992,53.2511,9.1254,1401741360
1992,53.2955,8.7936,1401740580
1992,53.3041,8.7513,1401634080
1992,53.3041,8.7513,1401584700
1992,53.3041,8.7513,1401579120
1992,53.5345,9.285,1401574380
1992,53.3732,8.6912,1401541620
1992,53.3035,8.7527,1401486900
1992,53.304,8.7511,1401421200
1992,53.3041,8.7513,1401412440
1992,53.304,8.7513,1401073680
1992,53.7252,8.9904,1401030960
1992,53.3041,8.7512,1400984700
1992,53.3041,8.7513,1400983620
1992,53.3041,8.7514,1400983260
1992,53.3041,8.7513,1400980980
1992,53.3041,8.7511,1400978040
1992,53.3041,8.7514,1400974380
1992,53.3041,8.7513,1400973300
1992,53.3041,8.7513,1400905380
1992,53.3003,8.7543,1400850660
1992,53.3045,8.7515,1400844780
1992,53.3009,8.7541,1400606580
1992,53.3041,8.7513,1400464800
1992,53.2596,9.0755,1400390220
1992,53.2596,9.0755,1400390160
1992,53.3042,8.7515,1400386200
1992,53.3041,8.7514,1400386140
1992,53.3042,8.7513,1400366640
1992,53.3041,8.7511,1400332620
1992,53.3002,8.7535,1400181600
1992,53.3041,8.7514,1400116200
1992,53.3042,8.7512,1400107380
1992,53.3003,8.7545,1400098680
1992,53.3041,8.7513,1400066340
1992,53.3002,8.7535,1400012820
1992,53.3004,8.7538,1400012700
1992,53.3001,8.7534,1399903920
1992,53.3042,8.7513,1399832700
1992,53.3041,8.751,1399817640
1992,53.3041,8.7513,1399815120
1992,41.5379,7.974,1399763700
1992,53.3041,8.7513,1399733580
1992,53.2702,9.0582,1399727820
1992,53.2702,9.0582,1399727760
1992,53.3041,8.7513,1399696680
1992,53.3041,8.7513,1399678800
1992,53.3041,8.7513,1399673340
1992,53.3001,8.7534,1399659060
1992,53.3001,8.7534,1399658880
1992,53.3001,8.7534,1399658280
1992,53.3001,8.7534,1399657620
1992,53.3001,8.7534,1399657080
1992,53.3001,8.7534,1399656540
1992,53.3041,8.7512,1399603260
1992,53.3041,8.7513,1399521180
1992,53.3042,8.7516,1399511520
1992,53.3042,8.7516,1399511280
1992,53.3042,8.7516,1399510920
1992,53.3041,8.752,1399341540
1992,53.3044,8.7513,1399334400
1992,53.3041,8.752,1399236060
1992,53.3041,8.7515,1399230780
1992,53.3001,8.7534,1399051380
1992,53.3004,8.7539,1399051140
1992,53.3041,8.752,1399001940
1992,53.3001,8.7534,1398960000
1992,53.3016,8.7489,1398552060
1992,53.3016,8.7489,1398543120
1992,54.3494,5.7918,1398088740
1992,53.2999,8.7536,1396535400
1992,53.3041,8.7513,1396484520
1992,53.3041,8.7513,1396401660
1992,53.3041,8.7513,1396398480
1992,53.3041,8.7514,1396215360
1992,53.3041,8.7514,1396214580
1992,53.3015,8.7489,1396100040
1992,53.3041,8.7513,1396098720
1992,53.3041,8.7513,1395888060
1992,53.301,8.7526,1395713220
1992,53.3041,8.7513,1395634620
1992,53.303,8.7488,1395527940
1992,53.3042,8.7514,1395282480
1992,53.2997,8.754,1393877340
1992,53.3001,8.7533,1393855680
1992,53.2507,8.9658,1393799100
1992,53.3041,8.7513,1393685220
1992,53.3042,8.7513,1393682160
1992,53.3041,8.7513,1393560720
1992,53.3041,8.7513,1393461900
1992,53.3042,8.7514,1393296720
1992,53.3041,8.7513,1393182480
1992,53.3041,8.7514,1393179600
1992,53.3041,8.7514,1393174560
1992,53.3041,8.7513,1393174080
1992,53.3041,8.7513,1393114260
1992,53.3042,8.7514,1393114140
1992,53.3041,8.7512,1393076700
1992,53.3041,8.7514,1393075980
1992,53.3041,8.7513,1392863700
1992,53.3041,8.7513,1392777120
1992,53.2988,8.7454,1391980260
1992,53.3741,8.6962,1391974440
1992,53.2988,8.7454,1389463500
1992,54.3497,5.7927,1388635080
1992,53.3043,8.7516,1388329260
1992,53.3042,8.7514,1387686120
1992,53.2988,8.7454,1387332000
1992,53.3041,8.7515,1386537300
1992,53.3041,8.7513,1386520140
1992,53.3041,8.7513,1386514560
1992,53.3041,8.7514,1386465960
1992,53.3041,8.7514,1386440760
1992,53.3041,8.7513,1386371160
1992,53.304,8.7513,1386131460
1992,53.3041,8.7512,1385987520
1992,53.3041,8.7514,1385874600
1992,53.3455,6.2642,1385772360
1992,53.3041,8.7515,1385688240
1992,53.3041,8.7513,1385553960
1992,53.3041,8.7514,1385525640
1992,53.3041,8.7514,1385231100
1992,53.3041,8.7513,1385229960
1992,53.3438,6.255,1385168760
1992,53.2983,8.7567,1385144460
1992,53.3041,8.7513,1384920180
1992,53.3041,8.7514,1384913400
1992,53.3041,8.7514,1384912320
1992,53.3041,8.7514,1384912260
1992,53.3438,6.2245,1384822620
1992,53.3438,6.2245,1384805460
1992,53.4268,7.9345,1384804800
1992,53.4262,7.9349,1384804140
1992,53.3042,8.7512,1384660740
1992,53.3042,8.7513,1384566900
1992,53.3041,8.7514,1384564380
1992,53.3041,8.7514,1384479300
1992,53.2977,8.7567,1384464960
1992,53.3001,8.7532,1384453080
1992,53.3042,8.7513,1384215720
1992,53.2836,8.6843,1384121220
1992,53.304,8.7515,1384110360
1992,53.304,8.7513,1384036140
1992,53.3041,8.7514,1384036080
1992,53.304,8.7515,1384033680
1992,53.3041,8.7514,1384033560
1992,53.304,8.7513,1384033440
1992,53.3041,8.7514,1383957660
1992,53.3,8.7531,1383934680
1992,53.3004,8.754,1383919920
1992,53.3041,8.7514,1383913680
1992,53.3041,8.7513,1383912540
1992,53.304,8.7513,1383789960
1992,53.3041,8.7514,1383702840
1992,53.3041,8.7514,1383618420
1992,53.3041,8.7514,1383511200
1992,53.3041,8.7514,1383437640
1992,53.304,8.7513,1383435300
1992,53.3041,8.7514,1383179280
1992,53.3042,8.7513,1383136260
1992,53.304,8.7515,1382970600
1992,53.304,8.7514,1382970480
1992,53.304,8.7513,1382891580
1992,53.304,8.7513,1382890920
1992,53.3041,8.7514,1382880300
1992,53.304,8.7513,1382814840
1992,53.3002,8.7534,1382710800
1992,53.2975,8.7557,1382635620
1992,53.3041,8.7513,1382492340
1992,53.2985,8.7558,1382377440
1992,53.3002,8.7531,1382376480
1992,53.2986,8.7558,1382376000
1992,53.3041,8.7514,1382277960
1992,53.3041,8.7513,1382240220
1992,53.2978,8.7563,1381944000
1992,53.3043,8.751,1381921440
1992,53.3042,8.7514,1381886640
1992,53.3041,8.7514,1381886580
1992,53.3041,8.7514,1381802280
1992,53.3041,8.7512,1381705140
1992,53.3041,8.7513,1381618560
1992,53.3041,8.7514,1381587840
1992,53.304,8.7513,1381531380
1992,53.3041,8.7514,1381530900
1992,53.3041,8.7514,1381529700
1992,53.2974,8.7561,1381500540
1992,53.3001,8.7532,1381252020
1992,53.3041,8.7514,1380763980
1992,53.3041,8.7514,1380762840
1992,53.3001,8.7532,1380734640
1992,53.3041,8.7514,1380676320
1992,53.3041,8.7514,1380511200
1992,53.3042,8.7511,1380464040
1992,53.304,8.7513,1380411600
1992,53.304,8.7513,1380399660
1992,53.304,8.7514,1380376560
1992,53.304,8.7514,1380372240
1992,53.304,8.7514,1380329220
1992,53.3001,8.7532,1380299940
1992,53.3003,8.7547,1380294240
1992,53.2999,8.7536,1380294060
1992,53.3041,8.7513,1380251220
1992,53.2999,8.7535,1380204480
1992,53.3041,8.7512,1380195120
1992,53.3041,8.7514,1380157920
1992,53.3041,8.7514,1380157440
1992,53.304,8.7514,1380156840
1992,53.3001,8.7533,1380129480
1992,53.304,8.7515,1380066480
1992,53.3044,8.7514,1379988120
1992,53.304,8.7514,1379555220
1992,53.3039,8.7515,1379553000
1992,53.3041,8.7514,1379380020
1992,53.304,8.7516,1379289180
1992,53.3041,8.7514,1379282280
1992,53.3001,8.7532,1379084880
1992,53.304,8.7516,1378959780
1992,53.3039,8.7516,1378777500
1992,53.304,8.7513,1378591980
1992,53.3039,8.7516,1378559280
1992,53.3001,8.7532,1378315740
1992,53.3042,8.7513,1377969120
1992,53.304,8.7512,1377968820
1992,53.2984,8.7564,1377887820
1992,53.304,8.7512,1377737760
1992,54.3497,5.7927,1377349860
1992,54.3493,5.7925,1376407140
1992,45.8059,15.7273,1376165460
1992,45.8059,15.7273,1376090700
1992,53.304,8.7512,1373859420
1992,53.3041,8.7513,1373494440
1992,53.3041,8.7513,1373418660
1992,53.3041,8.7513,1373231580
1992,53.3041,8.7513,1373226180
1992,53.3041,8.7513,1373225400
1992,53.3041,8.7513,1373156040
1992,53.3041,8.7512,1373121720
1992,53.3041,8.7513,1373065440
1992,53.3041,8.7513,1373065260
1992,53.2984,8.7568,1372957380
1992,53.2967,8.757,1372948200
1992,53.3001,8.7533,1372698420
1992,53.3039,8.7516,1372652340
1992,53.3041,8.7513,1372648740
1992,53.3039,8.7516,1372617960
1992,53.304,8.7512,1372617480
1992,53.304,8.7513,1372617360
1992,53.304,8.7513,1372617240
1992,53.304,8.7514,1372617060
1992,53.304,8.7512,1372613040
1992,53.304,8.7514,1372611780
1992,53.2752,9.0567,1372603020
1992,53.3042,8.7514,1372564740
1992,53.2756,9.056,1372556100
1992,53.3041,8.7514,1372479960
1992,53.304,8.7513,1372476720
1992,53.304,8.7512,1372476180
1992,53.304,8.7514,1372474800
1992,53.304,8.7513,1372471380
1992,53.3039,8.7513,1372418520
1992,53.304,8.7513,1372389240
1992,53.247,8.9665,1372382940
1992,53.2836,8.6843,1372302720
1992,53.304,8.7513,1372130760
1992,53.2979,8.7559,1372093800
1992,53.304,8.7512,1372018980
1992,53.38,8.8534,1371775860
1992,53.304,8.7513,1371297960
1992,53.3039,8.7515,1371251460
1992,53.3039,8.7516,1371180540
1992,53.304,8.7513,1370653920
1992,53.3041,8.7513,1370653740
1992,53.304,8.7513,1370653320
1992,53.304,8.7513,1370648760
1992,53.3041,8.7514,1370648220
1992,53.3041,8.7513,1370302920
1992,53.3041,8.7514,1369969080
1992,53.304,8.7515,1369614720
1992,53.3041,8.7515,1369596240
1992,53.304,8.7514,1369581300
1992,53.3041,8.7514,1369581060
1992,53.3041,8.7514,1369533180
1992,53.3042,8.7513,1369525140
1992,53.2975,8.7568,1369416300
1992,53.2983,8.7565,1369416240
1992,53.2975,8.7571,1369416180
1992,53.2993,8.7545,1369070820
1992,53.298,8.7566,1369070760
1992,53.3041,8.7515,1368979320
1992,53.3041,8.7514,1368969120
1992,53.304,8.7517,1368753180
1992,53.304,8.7517,1368753060
1992,53.3039,8.7516,1368703260
1992,53.3041,8.7512,1368668460
1992,53.3039,8.7515,1368668220
1992,53.3039,8.7517,1368582300
1992,53.3039,8.7515,1368336480
1992,53.304,8.7513,1368322380
1992,53.3041,8.7515,1368295500
1992,53.3039,8.7517,1367890080
1992,53.3003,8.7537,1367515680
1992,53.3042,8.7514,1367320620
1992,53.3042,8.7515,1367103720
1992,53.3042,8.7511,1367073660
1992,53.3044,8.7514,1366853160
1992,53.3041,8.7518,1366852440
1992,53.2998,8.7545,1366813500
1992,53.3042,8.7513,1366768140
1992,53.3041,8.7514,1366564920
1992,53.3042,8.7514,1366416300
1992,53.3005,8.7536,1366035000
1992,53.3041,8.7513,1365963600
1992,53.3042,8.7507,1365863820
1992,53.3042,8.7512,1365680460
1992,53.2999,8.7535,1365517560
1992,53.3043,8.7512,1365344220
1992,53.3001,8.7533,1365181500
1992,53.3001,8.7538,1365098280
1992,53.3041,8.7513,1364350680
1992,53.3042,8.7513,1364350020
1992,53.2984,8.7555,1364348160
1992,53.3042,8.7513,1364347920
1992,53.3042,8.7513,1364347020
1992,53.3042,8.7514,1361028720
1992,53.3041,8.751,1361028360
1992,53.3043,8.7511,1361028120
1992,53.3042,8.7515,1361028060
1992,53.3041,8.7515,1360809240
1992,53.2976,8.7565,1360768860
1992,53.3042,8.7514,1360724100
1992,53.3042,8.7514,1360723920
1992,53.3041,8.7515,1360723620
1992,53.2999,8.7535,1360693320
1992,53.2999,8.7535,1360693200
1992,53.3001,8.7532,1360682340
1992,53.2999,8.7532,1360682280
1992,53.2983,8.7563,1360607340
1992,53.2975,8.7566,1360596600
1992,53.3042,8.7515,1360561200
1992,53.3042,8.7514,1360555800
1992,53.3041,8.7512,1360547940
1992,53.3045,8.7516,1360547520
1992,53.3039,8.7514,1360546500
1992,53.304,8.7518,1360542660
1992,53.3042,8.7514,1360532700
1992,53.3,8.7534,1360347480
1992,53.3041,8.7516,1360325100
1992,53.3042,8.7514,1359514380
1992,53.3042,8.7514,1359308760
1992,53.3042,8.7513,1358992680
1992,53.3042,8.7515,1358914200
1992,53.3,8.7535,1358878380
1992,53.3042,8.7515,1358651160
1992,54.2722,8.4797,1358618280
1992,53.3042,8.7514,1358606460
1992,53.2817,9.031,1358560380
1992,53.3041,8.7516,1358549940
1992,53.3039,8.7518,1358549220
1992,53.3045,8.751,1358544120
1992,53.3042,8.7512,1358424780
1992,53.3042,8.7514,1358166840
1992,53.3041,8.7514,1358111700
1992,53.3041,8.7514,1358104320
1992,53.3041,8.7514,1358104200
1992,53.3041,8.7515,1358051940
1992,53.3,8.7535,1357928700
1992,53.3042,8.7514,1357783020
1992,53.3042,8.7513,1357782660
1992,53.3001,8.7532,1357745040
1992,53.3,8.7535,1357744920
1992,53.3,8.7535,1357658280
1992,53.3042,8.7514,1357607340
1992,53.3042,8.7513,1357607280
1992,53.3041,8.7515,1357524720
1992,53.3041,8.7515,1357524540
1992,53.3041,8.7516,1357511700
1992,53.3042,8.7514,1357511220
1992,53.3041,8.7518,1357396140
1992,53.3,8.7535,1357312620
1992,53.2999,8.7535,1357307760
1992,53.3041,8.7514,1357072200
1992,53.3041,8.7515,1355884380
1992,53.3001,8.7532,1355336940
1992,53.304,8.7517,1355277540
1992,53.3042,8.7514,1355084640
1992,53.3043,8.7515,1355084040
1992,53.3042,8.7515,1354843860
1992,53.3042,8.7514,1354761240
1992,53.3041,8.7515,1354761120
1992,53.3042,8.7515,1354710960
1992,53.304,8.7515,1354678260
1992,53.3041,8.7514,1354311360
1992,53.3001,8.7532,1354288860
1992,53.3041,8.7514,1354249440
1992,53.3001,8.7532,1353954300
1992,53.3041,8.7515,1353823560
1992,53.3041,8.7515,1353775920
1992,53.3041,8.7514,1353465000
1992,53.3,8.7534,1353436080
1992,53.3041,8.7515,1353382740
1992,53.3001,8.7532,1353339000
1992,53.3041,8.7515,1352862180
1992,53.3041,8.7515,1352668980
1992,53.3041,8.7515,1352341140
1992,53.3001,8.7532,1352312820
1992,53.3042,8.7514,1352291220
1992,53.3,8.7535,1352129040
1992,53.3041,8.7515,1352089920
1992,53.3041,8.7515,1351961940
1992,53.3041,8.7515,1351953300
1992,53.3041,8.7514,1351744680
1992,53.3041,8.7515,1351740600
1992,53.3042,8.7514,1351736940
1992,53.3041,8.7515,1351736880
1992,53.3041,8.7515,1351652940
1992,53.3041,8.7515,1351484520
1992,53.3041,8.7515,1351454520
1992,53.3041,8.7515,1351452240
1992,53.3041,8.7513,1351298040
1992,53.3041,8.7514,1351297020
1992,53.3041,8.7515,1351215060
1992,53.3041,8.7514,1351129740
1992,53.3041,8.7515,1350472620
1992,53.304,8.7515,1350435120
1992,53.3041,8.7515,1350299700
1992,53.3041,8.7514,1350271200
1992,53.3041,8.7514,1350091560
1992,53.3041,8.7515,1350089220
1992,53.3041,8.7514,1350086520
1992,53.3041,8.7514,1349892120
1992,53.3041,8.7509,1349482440
1992,53.3041,8.7514,1349309820
1992,53.3041,8.7514,1349308980
1992,53.3041,8.7515,1349308020
1992,53.3041,8.7514,1349263560
1992,53.3001,8.7533,1349101200
1992,53.3001,8.7533,1349095500
1992,53.3042,8.7513,1349055240
1992,53.3042,8.7511,1349020920
1992,53.3041,8.7515,1348962120
1992,53.3041,8.7515,1348439580
1992,53.3741,8.6913,1348437780
1992,53.3041,8.7514,1348180860
1992,53.3041,8.7514,1348178400
1992,53.3041,8.7514,1348054320
1992,53.2983,8.7545,1347989100
1992,53.3041,8.7513,1347932220
1992,53.304,8.7515,1347807060
1992,53.3042,8.7511,1347803280
1992,53.3041,8.7512,1347716700
1992,53.3024,8.7493,1347149220
1992,53.3041,8.7511,1347081120
1992,53.3041,8.7514,1347074700
1992,53.3043,8.7514,1347067860
1992,53.3042,8.7513,1347065520
1992,53.3042,8.7514,1347065220
1992,53.3041,8.7513,1347061440
1992,53.2986,8.7445,1347058860
1992,53.304,8.7512,1346979060
1992,53.3041,8.7515,1346978940
1992,53.3042,8.7514,1346978820
1992,53.2999,8.7538,1346779620
1992,53.3041,8.7511,1346671980
1992,53.3041,8.7513,1346377140
1992,53.3042,8.7513,1346298240
1992,53.3041,8.7514,1346298120
1992,53.3042,8.7513,1346297040
1992,53.3041,8.7514,1345939860
1992,53.3042,8.7512,1345850940
1992,53.3042,8.7512,1345850820
1992,53.3042,8.7511,1345808280
1992,53.3041,8.7514,1345770240
1992,53.3041,8.7514,1345765440
1992,53.3041,8.7513,1345761180
1992,53.3041,8.7513,1345549140
1992,53.3041,8.7513,1345295520
1992,45.3757,15.08,1345257780
1992,53.3043,8.7515,1345164060
1992,45.8059,15.7273,1344803760
1992,45.8059,15.7273,1344803040
1992,45.8019,15.7096,1344617760
1992,45.8059,15.7273,1344479220
1992,45.0298,14.5825,1344048120
1992,45.8061,15.7269,1343658180
1992,45.8018,15.7099,1343436540
1992,53.2987,8.7439,1342386720
1992,53.3042,8.7513,1342377660
1992,53.304,8.7514,1342376640
1992,53.3041,8.7513,1341787320
1992,53.3041,8.7513,1341786780
1992,53.3042,8.7513,1341786300
1992,53.3042,8.7514,1341782460
1992,53.3041,8.7513,1341774660
1992,53.3041,8.7513,1341462060
1992,53.3041,8.7513,1341367560
1992,53.3041,8.7513,1341271980
1992,53.3043,8.7507,1341193260
1992,53.3041,8.7515,1341191700
1992,53.3038,8.7519,1341185700
1992,53.3043,8.7512,1341152280
1992,55.5769,5.1509,1341063780
1992,53.2987,8.7439,1340904420
1992,53.3041,8.7513,1340845860
1992,53.3,8.7534,1340817900
1992,53.299,8.7445,1340658180
1992,53.3043,8.7513,1340657340
1992,53.3042,8.7513,1340497620
1992,53.3041,8.7513,1340497500
1992,53.3041,8.7513,1340161860
1992,53.3041,8.7514,1340159400
1992,53.3041,8.7513,1340076540
1992,53.3038,8.7512,1340075340
1992,53.3041,8.7514,1340075280
1992,53.3041,8.7507,1339944720
1992,53.3001,8.7532,1339780800
1992,53.3,8.7535,1339770480
1992,53.304,8.7513,1339731000
1992,53.3041,8.7513,1339730820
1992,53.3041,8.7515,1339717500
1992,53.3041,8.7512,1339673340
1992,53.3042,8.7515,1339673280
1992,53.3001,8.7532,1339511220
1992,53.3041,8.7513,1339463160
1992,53.3042,8.7512,1339462920
1992,53.3041,8.7513,1339462620
1992,53.3,8.7535,1339435380
1992,53.3039,8.7513,1339370340
1992,53.3042,8.7513,1339369560
1992,53.3041,8.7512,1339369560
1992,53.2989,8.7442,1339353840
1992,53.2987,8.7439,1337213100
1992,53.3041,8.7513,1337043120
1992,53.3004,8.749,1336799400
1992,53.3041,8.7513,1336188300
1992,53.3041,8.7513,1335893220
1992,52.6967,8.8113,1335390900
1992,52.6973,8.8127,1335372420
1992,53.304,8.7517,1335325260
1992,53.3041,8.7513,1334931540
1992,53.3041,8.751,1334882400
1992,53.3041,8.7514,1334807520
1992,53.2813,8.6823,1334504100
1992,53.3041,8.7513,1334448960
1992,53.3045,8.7512,1334447460
1992,53.3041,8.7513,1334416320
1992,53.3041,8.7513,1334271300
1992,53.3041,8.7513,1334251440
1992,53.3004,8.7492,1334010180
1992,53.2984,8.7441,1333985220
1992,53.2984,8.7441,1333131780
1992,53.2563,9.0922,1333072560
1992,53.2592,9.0766,1332724620
1992,53.2563,9.0922,1332709800
1992,53.2984,8.7441,1332636300
1992,53.2984,8.7441,1332333420
1992,53.3041,8.7513,1332180540
1992,53.3041,8.7513,1332115620
1992,53.2984,8.7441,1332103200
1992,53.2984,8.7441,1332030180
1992,53.2984,8.7441,1332030000
1992,53.2984,8.7441,1332026220
1992,53.2984,8.7441,1332025860
1992,53.3043,8.7507,1331952840
1992,53.2984,8.7441,1331922360
1992,53.3741,8.7021,1331001900
1992,53.2984,8.7441,1330560540
1992,52.6928,8.92,1330149420
1992,53.2755,9.057,1329603840
1992,51.5941,0.1308,1329077640
1992,53.3043,8.7511,1327970340
1992,53.3037,8.7506,1327925880
1992,53.3004,8.7492,1327262220
1992,53.2988,8.7441,1327256040
1992,53.3041,8.7514,1327029480
1992,53.2507,8.9612,1326890040
1992,53.3043,8.7513,1326162120
1992,53.3041,8.7514,1325728620
1992,53.3042,8.7514,1324344180
1992,53.2988,8.7441,1324234800
1992,53.2988,8.7441,1322459520
1992,53.3041,8.7513,1322285100
1992,53.2739,9.0572,1321446480
1992,53.2755,9.057,1321212540
1992,53.2439,9.2978,1320618000
1992,53.3041,8.7514,1319906040
1992,53.3004,8.745,1319725260
1992,53.3041,8.7513,1319517000
1992,53.3041,8.7513,1319412060
1992,53.3041,8.7508,1319331720
1992,53.304,8.7476,1319323320
1992,53.3039,8.7517,1319170920
1992,53.3004,8.7455,1318351320
1992,53.3079,8.7409,1317872580
1992,53.3041,8.7518,1317869760
1992,53.3043,8.7518,1317844920
1992,53.305,8.7445,1317738180
1992,53.3043,8.7511,1317603840
1992,53.3038,8.752,1317347700
1992,53.3004,8.7455,1317323220
1992,54.3692,5.8529,1316887740
1992,53.3004,8.745,1316578860
1992,53.3004,8.745,1316453220
1992,53.3004,8.745,1316442420
