1993,6.2187,106.9895,1373426220
1993,6.2128,106.8126,1368897240
1993,6.7787,108.5671,1368469980
1993,6.7787,108.5671,1368469320
1993,6.7786,108.567,1368469200
1993,6.7788,108.5668,1368468180
1993,6.779,108.567,1368468180
1993,6.7787,108.567,1368467820
1993,6.7787,108.567,1368467820
1993,6.7787,108.567,1368467760
1993,6.7787,108.567,1368467700
1993,6.7787,108.567,1368467700
1993,6.7787,108.5671,1368467640
1993,7.4215,109.2365,1368449820
1993,7.4225,109.235,1368449820
1993,7.752,110.3856,1368430500
1993,7.7523,110.3856,1368428940
1993,7.7502,110.4192,1368382920
1993,7.7823,110.3664,1368300600
1993,7.7822,110.3664,1368300360
1993,7.7823,110.3664,1368300300
1993,7.7823,110.3664,1368300300
1993,1.2904,103.8465,1366572480
1993,1.2899,103.8467,1366572480
1993,1.3051,103.8532,1366503480
1993,1.3044,103.8533,1366450260
1993,6.2129,106.813,1366212780
1993,6.2294,106.8098,1365875280
1993,6.2129,106.8125,1363715820
1993,6.2128,106.8125,1363714980
1993,6.2129,106.8129,1363714800
1993,6.2129,106.8129,1363714740
1993,6.2129,106.8125,1363714740
1993,6.2257,106.8041,1363457940
1993,6.2149,106.8069,1363373640
1993,6.3586,106.8817,1363219920
1993,6.3586,106.8818,1363219860
1993,7.9725,112.6329,1363093320
1993,7.3744,112.7934,1362807060
1993,6.2122,106.8109,1362702540
1993,6.2123,106.8108,1362702180
1993,6.2124,106.8101,1362701160
1993,6.2123,106.8104,1362700680
1993,6.2188,106.9898,1362578940
1993,6.2503,106.9682,1362435960
1993,6.2504,106.9681,1362435480
1993,6.2506,106.9684,1362435000
1993,6.2505,106.9681,1362434640
1993,6.2504,106.9681,1362434460
1993,6.2502,106.9681,1362434160
1993,6.2504,106.9682,1362434160
1993,6.2503,106.9681,1362433740
1993,6.2503,106.9681,1362433680
1993,6.2503,106.9682,1362433620
1993,6.2503,106.9683,1362433380
1993,6.2391,106.8074,1362267900
1993,6.2023,106.8063,1362184380
1993,6.2023,106.8063,1362184140
1993,6.2023,106.8063,1362183540
1993,6.2021,106.8062,1362183360
1993,6.2024,106.8063,1362183300
1993,6.2023,106.8063,1362183240
1993,6.2024,106.8063,1362183120
1993,6.2021,106.8062,1362183000
1993,6.2022,106.8062,1362182400
1993,6.2021,106.8062,1362181680
1993,6.2023,106.8063,1362181560
1993,6.2024,106.8063,1362181380
1993,6.2021,106.8062,1362181200
1993,6.2021,106.8062,1362181140
1993,6.2021,106.8062,1362181020
1993,6.1088,106.8883,1361523420
1993,6.2239,106.8255,1361472060
1993,6.2244,106.8256,1361471820
1993,6.2771,106.82,1358099220
1993,6.2322,107.01,1357151760
1993,8.3555,116.0425,1356900180
1993,8.3569,116.0472,1356858840
1993,8.3798,116.0396,1356785100
1993,6.227,106.8179,1352665800
1993,8.7158,115.174,1351448640
1993,8.6794,115.1499,1351326900
1993,6.1228,106.6539,1351309260
1993,6.9832,106.3148,1350194160
1993,6.9756,106.2999,1350110580
1993,5.8586,106.6193,1347169740
1993,7.7604,110.4084,1346014800
1993,6.2053,106.8104,1345053960
1993,6.2053,106.8104,1344631380
1993,6.2203,106.8331,1339448760
1993,6.2259,106.8073,1339275120
1993,6.2202,106.8055,1338136320
1993,6.1665,106.8353,1337101380
1993,6.2771,106.82,1336250460
1993,6.3015,106.8364,1336216860
1993,7.0262,110.4096,1332574440
1993,8.3532,116.0439,1325337480
1993,8.7625,116.2727,1325317380
1993,6.2188,106.9895,1313071500
1993,6.1082,106.8871,1312819860
1993,6.1109,106.8894,1312808220
1993,6.2189,106.9897,1312795020
1993,6.219,106.9898,1312794480
1993,6.217,106.9889,1312680000
1993,6.2433,107.014,1312661040
1993,6.2353,107.0315,1312650480
1993,6.217,106.9889,1312642560
