2006,43.1436,77.4656,1398842880
2006,43.102,77.6108,1398711120
2006,43.1438,77.466,1398675960
2006,43.1435,77.4661,1398675720
2006,43.1432,77.4661,1398662520
2006,43.1436,77.4656,1398563160
2006,43.1437,77.4657,1398540900
2006,43.1437,77.4657,1398540000
2006,43.1438,77.466,1398239520
2006,43.1436,77.4659,1398159840
2006,43.1437,77.4657,1398157380
2006,43.1437,77.4658,1398157260
2006,43.1438,77.466,1398154860
2006,43.102,77.6108,1398103200
2006,43.1009,77.6099,1398102000
2006,43.1434,77.4662,1398055200
2006,43.1437,77.4658,1398052560
2006,43.1438,77.466,1398044820
2006,43.1437,77.4657,1398044160
2006,43.1437,77.4655,1398043680
2006,43.1439,77.4661,1397550540
2006,43.1564,77.5931,1397418900
2006,43.1599,77.5895,1397418840
2006,43.1605,77.5893,1397418720
2006,43.1605,77.5893,1397418660
2006,43.1438,77.466,1397415060
2006,43.101,77.6101,1397247120
2006,43.1437,77.4658,1397211060
2006,43.1435,77.4662,1397208060
2006,43.1013,77.6099,1397079960
2006,43.1009,77.6097,1397079840
2006,43.1009,77.6101,1397075760
2006,43.1021,77.6108,1397066460
2006,43.1021,77.6109,1397066340
2006,43.1438,77.4659,1397027760
2006,43.1436,77.466,1396756620
2006,43.1437,77.4657,1396744800
2006,43.1439,77.4658,1396744680
2006,43.1437,77.4657,1396744560
2006,43.1435,77.4657,1396738680
2006,43.1437,77.4658,1396679400
2006,43.1437,77.4657,1396676220
2006,43.1437,77.4658,1396675200
2006,43.1438,77.4659,1396674780
2006,43.1436,77.4657,1396527540
2006,43.1438,77.4659,1396527480
2006,43.1436,77.4656,1396518180
2006,43.1438,77.4657,1396517820
2006,43.1437,77.4656,1396517520
2006,43.1437,77.4658,1396394100
2006,43.1436,77.4656,1396346700
2006,43.1438,77.466,1396257720
2006,43.1438,77.466,1396257600
2006,43.1437,77.4657,1396257300
2006,43.1436,77.4662,1396257180
2006,43.1434,77.4662,1396256940
2006,43.1436,77.4661,1396256760
2006,43.1437,77.4659,1395820500
2006,43.1437,77.4658,1395809100
2006,43.1437,77.4657,1395732000
2006,43.1437,77.4657,1395731880
2006,43.1437,77.4658,1395730740
2006,43.1434,77.4662,1395730560
2006,43.1436,77.4662,1395730260
2006,43.1439,77.4661,1395730200
2006,43.1436,77.4656,1395728580
2006,43.1436,77.4661,1395720120
2006,43.1438,77.466,1395697680
2006,43.1436,77.466,1395529740
2006,43.1435,77.4661,1395529380
2006,43.1435,77.4659,1395529140
2006,43.1434,77.4659,1395528660
2006,43.1438,77.4657,1395486960
2006,43.1436,77.4656,1395486900
2006,43.1436,77.4657,1395486840
2006,43.1438,77.466,1395484800
2006,43.1437,77.4658,1395484560
2006,43.1437,77.4658,1395484440
2006,43.1437,77.4658,1395484380
2006,43.1437,77.4659,1395436980
2006,43.1441,77.4655,1395436200
2006,43.1436,77.4664,1395218880
2006,43.1438,77.466,1395218820
2006,43.1437,77.4657,1395180300
2006,43.1436,77.466,1395177360
2006,43.1437,77.4659,1394922660
2006,43.1438,77.4659,1394911380
2006,43.1438,77.466,1394910720
2006,43.1438,77.466,1394910540
2006,43.1438,77.4657,1394414760
2006,43.1514,77.5934,1394304780
2006,43.1551,77.5948,1394270640
2006,43.1436,77.4656,1394260560
2006,43.1437,77.4659,1394260440
2006,43.1434,77.4662,1394260440
2006,43.1437,77.4657,1394236800
2006,43.102,77.6108,1394218800
2006,43.1437,77.4662,1394186880
2006,43.1436,77.4661,1394010720
2006,43.1435,77.4659,1394010540
2006,43.1438,77.466,1393982580
2006,43.1435,77.4656,1393981080
2006,43.1437,77.4662,1393980960
2006,43.1438,77.466,1393925820
2006,43.1438,77.466,1393925580
2006,43.1437,77.4657,1393925400
2006,43.1437,77.4657,1393923840
2006,43.1437,77.4657,1393908600
2006,43.1436,77.4657,1393908360
2006,43.1438,77.466,1393898940
2006,43.1451,77.5568,1393806060
2006,43.1053,77.7348,1393798320
2006,43.1438,77.466,1393720860
2006,43.1437,77.4656,1393648860
2006,43.1436,77.4654,1393635180
2006,43.1438,77.466,1393630320
2006,43.1437,77.4656,1393630260
2006,43.1436,77.4662,1393581600
2006,43.1437,77.4658,1393572660
2006,43.1437,77.4661,1393566000
2006,43.1437,77.4657,1393565220
2006,43.1438,77.4659,1393563120
2006,43.1436,77.4658,1393563000
2006,43.1436,77.4656,1393557960
2006,43.1438,77.466,1393548000
2006,43.1435,77.4656,1393452600
2006,43.1438,77.466,1393452540
2006,43.1437,77.4659,1393379340
2006,43.1021,77.6109,1393357800
2006,43.2009,77.4941,1393317780
2006,43.1497,77.4371,1393300440
2006,43.1436,77.4657,1393028340
2006,43.1436,77.4656,1393028100
2006,43.1436,77.4655,1393027980
2006,43.1436,77.4655,1393026240
2006,43.1516,77.592,1393014300
2006,43.1516,77.5921,1393014180
2006,43.1435,77.4662,1392921120
2006,43.1437,77.4656,1392768060
2006,40.7423,73.191,1392655320
2006,40.7424,73.1912,1392625980
2006,40.7423,73.1912,1392601620
2006,40.7016,73.4871,1392508380
2006,31.8617,35.4533,1392148380
2006,40.9778,28.8255,1391857260
2006,40.6423,73.7916,1391813340
2006,43.1263,77.6666,1391727420
2006,43.1263,77.6671,1391727180
2006,43.1438,77.466,1391685360
2006,43.1437,77.4657,1391644920
2006,43.1437,77.4657,1391644920
2006,43.1437,77.4657,1391644920
2006,43.1437,77.4658,1391644860
2006,43.1438,77.4659,1391644860
2006,43.1437,77.4659,1391598600
2006,43.1438,77.466,1391559180
2006,43.1019,77.6108,1391457540
2006,43.0366,77.4642,1391414400
2006,43.0366,77.4642,1391409240
2006,43.0368,77.4641,1391405880
2006,43.1437,77.4658,1391317440
2006,43.1435,77.4655,1391293800
2006,43.1435,77.4657,1391293740
2006,43.1437,77.4657,1391292600
2006,43.2701,77.338,1391241120
2006,43.1438,77.4659,1391171280
2006,43.1437,77.466,1391154060
2006,43.1496,77.4372,1391145120
2006,43.1437,77.466,1391121540
2006,43.1437,77.4659,1391121360
2006,43.1437,77.4657,1391072820
2006,43.1437,77.4657,1391072400
2006,43.1437,77.4657,1391071200
2006,43.1438,77.466,1391043180
2006,43.1437,77.4657,1391043180
2006,43.1437,77.4656,1391035620
2006,43.1437,77.4659,1391033040
2006,43.1437,77.4658,1391032920
2006,43.1437,77.4658,1391032800
2006,43.1438,77.4661,1391016840
2006,43.1438,77.466,1390989060
2006,43.1437,77.4657,1390988820
2006,43.1437,77.4657,1390988760
2006,43.1437,77.4657,1390988580
2006,43.1436,77.4657,1390982040
2006,43.1436,77.4659,1390981980
2006,43.1435,77.4659,1390981680
2006,43.101,77.6099,1390932360
2006,43.1437,77.4657,1390901040
2006,43.1435,77.4657,1390893720
2006,43.1437,77.4659,1390880340
2006,43.1436,77.4656,1390878300
2006,43.1438,77.4657,1390876980
2006,43.1436,77.4655,1390876320
2006,43.1436,77.4658,1390875480
2006,43.1437,77.4656,1390875420
2006,43.1436,77.4655,1390874880
2006,43.1021,77.6108,1390849200
2006,43.1018,77.6105,1390848480
2006,43.1435,77.4655,1390815300
2006,43.1437,77.4664,1390815180
2006,43.1436,77.4657,1390815000
2006,43.1437,77.4659,1390814280
2006,43.1437,77.4659,1390813680
2006,43.1437,77.466,1390812360
2006,43.1438,77.4661,1390811460
2006,43.1437,77.4659,1390809480
2006,43.1437,77.4656,1390809240
2006,43.1437,77.466,1390808760
2006,43.1436,77.4657,1390808400
2006,43.1437,77.466,1390808340
2006,43.1437,77.466,1390807740
2006,43.1436,77.4656,1390806540
2006,43.1435,77.4655,1390806480
2006,43.1437,77.466,1390806180
2006,43.1437,77.466,1390805940
2006,43.1438,77.466,1390805880
2006,43.1435,77.4659,1390805580
2006,43.1435,77.4659,1390805520
2006,43.1438,77.466,1390805100
2006,43.1437,77.4657,1390802580
2006,43.1437,77.4657,1390800840
2006,43.0527,78.8688,1390648980
2006,43.1437,77.4657,1390617360
2006,43.1437,77.466,1390617120
2006,43.1436,77.4657,1390616760
2006,43.1435,77.4657,1390616040
2006,43.1435,77.4657,1390616040
2006,43.1437,77.466,1390601460
2006,43.1289,77.5396,1390585740
2006,43.1435,77.4656,1390557960
2006,43.1436,77.4656,1390557120
2006,43.1436,77.4656,1390556460
2006,43.1435,77.4655,1390555740
2006,43.1437,77.4657,1390465740
2006,43.1437,77.4657,1390465200
2006,43.1437,77.4656,1390449900
2006,43.1434,77.4656,1390449600
2006,43.1437,77.4658,1390447920
2006,43.1436,77.4656,1390387680
2006,43.1435,77.4657,1390386540
2006,43.1438,77.466,1390384620
2006,43.1437,77.4657,1390378080
2006,43.1022,77.6109,1390332840
2006,43.0998,77.6099,1390326960
2006,43.0998,77.6099,1390326120
2006,43.1437,77.4658,1390304700
2006,43.1437,77.466,1390302480
2006,43.1438,77.466,1390301760
2006,43.1436,77.4656,1390301520
2006,43.1436,77.4658,1390291680
2006,43.1436,77.4658,1390290240
2006,43.1437,77.4659,1390290180
2006,43.1436,77.4656,1390289940
2006,43.1436,77.4656,1390289820
2006,43.1436,77.4656,1390289760
2006,43.1437,77.4657,1390289580
2006,43.1437,77.4657,1390289460
2006,43.1436,77.4656,1390289400
2006,43.1436,77.4657,1390289160
2006,43.1436,77.4656,1390210860
2006,43.0372,77.4641,1390183620
2006,43.1437,77.4657,1390132380
2006,43.1437,77.4657,1390126560
2006,43.157,77.6551,1390123920
2006,43.1438,77.466,1390080780
2006,43.1438,77.4657,1390080720
2006,43.1437,77.4658,1390048200
2006,43.1434,77.4657,1390037700
2006,43.1434,77.4657,1390036920
2006,43.1434,77.4657,1390036860
2006,43.1434,77.4657,1390036680
2006,43.1436,77.4656,1390032780
2006,43.1435,77.4655,1389999540
2006,43.1437,77.466,1389994800
2006,43.1435,77.4659,1389994620
2006,43.1438,77.466,1389994320
2006,43.1437,77.466,1389994200
2006,43.1436,77.4657,1389994020
2006,43.1438,77.466,1389957900
2006,43.1438,77.466,1389957780
2006,43.1437,77.4657,1389957480
2006,43.1437,77.4656,1389865380
2006,43.1436,77.4656,1389865380
2006,43.1605,77.5506,1389852960
2006,43.1437,77.4658,1389776580
2006,43.1437,77.4659,1389772920
2006,43.1436,77.4655,1389771780
2006,43.1436,77.4654,1389673980
2006,42.339,79.5821,1389586500
2006,40.9409,80.1366,1389562140
2006,43.1437,77.4658,1389491040
2006,43.1437,77.4657,1389417120
2006,43.1435,77.4659,1389416160
2006,43.1437,77.4657,1389403920
2006,43.1435,77.4658,1389354480
2006,43.1436,77.4657,1389313920
2006,43.1437,77.4657,1389269520
2006,43.1436,77.4657,1389269340
2006,43.1436,77.4657,1389269280
2006,43.1436,77.4657,1389267000
2006,43.1437,77.4659,1389266700
2006,43.1438,77.466,1389181380
2006,43.1438,77.4657,1389181320
2006,43.1436,77.4657,1389181020
2006,43.1436,77.4657,1389180180
2006,43.1435,77.4656,1388793600
2006,43.1436,77.4659,1388270880
2006,43.1434,77.4664,1388147700
2006,43.1435,77.4656,1387626120
2006,43.1435,77.4659,1387593060
2006,43.1437,77.4659,1387433760
2006,43.1437,77.4659,1387433580
2006,43.1436,77.4657,1387137960
2006,43.1437,77.4657,1387137900
2006,43.1437,77.4659,1387137840
2006,43.1053,77.7348,1387050180
2006,43.1437,77.4657,1386840780
2006,43.1712,77.5382,1385517480
2006,43.1436,77.466,1385177700
2006,43.1006,77.6111,1384540980
2006,43.1297,77.6694,1381628400
2006,43.1278,77.6659,1381628160
2006,43.1436,77.4656,1380523320
2006,43.1567,77.6104,1380496440
2006,43.157,77.6016,1341817500
2006,43.1432,77.4663,1341792600
2006,43.1465,77.5213,1341743580
2006,43.1439,77.4714,1341742800
2006,43.1432,77.4663,1341692100
2006,43.1228,77.6524,1341631680
2006,43.1215,77.6565,1341629580
2006,43.1158,77.6251,1341629460
2006,43.1434,77.4661,1341619740
2006,43.1432,77.4663,1341605040
2006,43.1432,77.4663,1341554220
2006,43.1432,77.4663,1341545040
2006,42.8304,77.7287,1341456180
2006,42.8241,77.7103,1341376080
2006,43.1435,77.4656,1341338760
2006,43.1437,77.4656,1341294900
2006,43.1434,77.4658,1341183900
2006,43.1552,77.5947,1341128820
2006,43.156,77.6018,1340958360
2006,43.1432,77.4663,1340942160
2006,43.1432,77.4663,1340941860
2006,43.1573,77.6018,1340261700
2006,43.1431,77.4663,1340243280
2006,43.1582,77.6201,1340172000
2006,43.1431,77.4663,1340086320
2006,43.1431,77.4663,1340086200
2006,43.0901,77.5182,1339838100
2006,43.1434,77.466,1339811280
2006,43.1431,77.4663,1339810860
2006,43.1431,77.4663,1339788120
2006,33.5547,117.1537,1335087660
2006,33.5547,117.1537,1334980740
2006,33.5547,117.1537,1334965020
2006,33.5547,117.1537,1334964720
2006,33.5547,117.1537,1334711700
2006,33.5547,117.1537,1334711700
2006,33.5568,117.1545,1334186520
2006,33.5571,117.1569,1334131440
2006,33.5567,117.1546,1334007840
2006,33.5567,117.1545,1334006400
2006,33.5979,117.1793,1333968900
2006,32.6843,117.1851,1333892400
2006,32.6728,115.4984,1333855080
2006,31.32,113.5618,1333801080
2006,32.19,114.9993,1333275420
2006,33.3725,117.168,1333199040
2006,33.5583,117.1569,1333105200
2006,33.5579,117.1557,1332910620
2006,33.5578,117.1558,1332910560
2006,33.5567,117.1548,1332800400
2006,33.5584,117.1544,1332766920
2006,33.5579,117.1571,1332731820
2006,33.5583,117.1543,1332725640
2006,33.5583,117.1544,1332725640
2006,33.5583,117.1543,1332714060
2006,33.6049,117.2227,1332674940
2006,33.5579,117.1552,1332668220
2006,33.5579,117.1557,1330651320
2006,33.558,117.1556,1330581600
2006,33.5582,117.1544,1330549560
2006,33.5582,117.1544,1330505160
2006,33.557,117.1545,1330472520
2006,33.557,117.1547,1330472340
2006,33.5569,117.1547,1330470600
2006,33.5581,117.1544,1330433340
2006,33.558,117.1544,1330432980
2006,33.5581,117.1544,1330350240
2006,33.5582,117.1545,1330265760
2006,33.5572,117.1565,1330258680
2006,33.5572,117.1565,1330258560
2006,33.1875,117.3532,1330241700
2006,33.2068,117.2649,1330179660
2006,33.5585,117.1543,1330069080
2006,33.5585,117.1575,1330055640
2006,33.5588,117.1574,1329883440
2006,33.554,117.1549,1329738480
2006,33.5578,117.1558,1329720360
2006,33.555,117.1591,1329609120
2006,33.5614,117.1393,1329559020
2006,33.5582,117.1544,1329511920
2006,33.5582,117.1544,1329511740
2006,33.554,117.1549,1329475080
2006,33.554,117.1549,1329474360
2006,33.558,117.1557,1329473640
2006,33.554,117.1549,1329343920
2006,33.554,117.1549,1329343200
2006,33.554,117.1549,1329342600
2006,33.554,117.1549,1329274980
2006,33.5568,117.1548,1329257580
2006,33.5236,117.1611,1329219720
2006,33.5579,117.1557,1329212460
2006,33.554,117.1549,1329212220
2006,33.554,117.1549,1329212160
2006,33.5579,117.1557,1329208680
2006,33.526,117.1545,1329208320
2006,33.5579,117.1557,1329208260
2006,33.5578,117.1557,1329208200
2006,33.5578,117.1557,1329208200
2006,33.558,117.1557,1329206100
2006,33.558,117.1556,1329205980
2006,33.5582,117.1548,1329195480
2006,33.7068,117.3601,1329187020
2006,33.554,117.1549,1329128400
2006,33.554,117.1549,1329128040
2006,33.5577,117.1565,1329052380
2006,33.554,117.1549,1328961540
2006,33.554,117.1549,1328960880
2006,33.554,117.1549,1328960820
2006,33.554,117.1549,1328959920
2006,33.554,117.1549,1328959860
2006,33.554,117.1549,1328959800
2006,33.554,117.1549,1328959680
2006,33.554,117.1549,1328958420
2006,33.554,117.1549,1328958300
2006,33.558,117.1557,1328955840
2006,33.558,117.1557,1328955360
2006,33.5579,117.1557,1328954520
2006,34.0433,117.3137,1328932500
2006,33.554,117.1549,1328866740
2006,33.5582,117.1552,1328862600
2006,33.554,117.1549,1328701980
2006,33.554,117.1549,1328701260
2006,33.554,117.1549,1328700300
2006,33.5402,117.1387,1328514540
2006,33.5402,117.1387,1328513460
2006,38.9455,77.4471,1328478660
2006,43.1436,77.4657,1328442600
2006,43.2701,77.3382,1328425740
2006,43.1436,77.4657,1328404260
2006,43.1436,77.4657,1328404080
2006,43.1387,77.5416,1328403960
2006,43.1436,77.4656,1328393760
2006,43.1436,77.4657,1328393640
2006,43.1436,77.4657,1328346540
2006,43.1436,77.4657,1328290440
2006,43.1569,77.4589,1328244240
2006,43.1436,77.4657,1328223780
2006,43.1436,77.4657,1328177160
2006,43.1436,77.4656,1328174460
2006,43.1436,77.4656,1328174160
2006,43.1436,77.4656,1328174100
2006,43.1436,77.4656,1328173860
2006,43.0453,77.4258,1328075340
2006,43.1437,77.4658,1328056980
2006,43.1435,77.4655,1328056920
2006,43.1436,77.4657,1328000340
2006,43.1478,77.4994,1327903680
2006,43.1436,77.4656,1327903380
2006,43.1553,77.6013,1327867620
2006,43.1553,77.6013,1327867140
2006,43.1553,77.6013,1327816860
2006,43.1436,77.4656,1327797960
2006,43.1436,77.4656,1327797900
2006,43.1436,77.4656,1327797840
2006,43.1436,77.4656,1327652460
2006,43.1436,77.4656,1327652340
2006,43.1436,77.4656,1327539780
2006,43.1302,77.4855,1327404420
2006,43.1684,77.5013,1327357560
2006,42.7377,78.8206,1327218660
2006,42.9989,78.847,1327121640
2006,43.1436,77.4656,1327101480
2006,43.1437,77.4658,1327101180
2006,43.1436,77.4656,1327058100
2006,43.1436,77.4656,1327055340
2006,43.153,77.4382,1327042500
2006,43.1498,77.437,1327042320
2006,43.1436,77.4656,1327007640
2006,43.1436,77.4656,1327007640
2006,43.1437,77.4658,1326964200
2006,43.1277,77.5533,1326919500
2006,43.1498,77.4372,1326855900
2006,43.1438,77.4713,1326791460
2006,43.1436,77.4656,1326705420
2006,43.1553,77.6013,1326605820
2006,43.1332,77.4413,1326503160
2006,43.1436,77.4656,1326497700
2006,43.1436,77.4656,1326323220
2006,43.1436,77.4656,1326274320
2006,43.1436,77.4656,1326270360
2006,43.1436,77.4656,1326270300
2006,43.1436,77.4656,1326270300
2006,43.1436,77.4656,1326270240
2006,43.1436,77.4656,1326188160
2006,43.1449,77.5134,1326187800
2006,43.1449,77.5134,1326187680
2006,43.1436,77.4656,1326187440
2006,43.1459,77.4936,1326187320
2006,43.1439,77.4714,1326152220
2006,43.1436,77.4657,1326105060
2006,43.1437,77.4656,1326097260
2006,43.1439,77.4714,1326096600
2006,43.1459,77.4937,1326062100
2006,43.152,77.601,1326050280
2006,43.1436,77.4657,1326028500
2006,43.1436,77.4657,1326028140
2006,43.1437,77.4657,1326028140
2006,43.1469,77.5048,1326028020
2006,43.1452,77.5275,1326024960
2006,43.1559,77.5427,1326015900
2006,43.1436,77.4656,1325879940
2006,43.1298,77.4469,1325878500
2006,43.1435,77.4657,1325870640
2006,43.1436,77.4658,1325853000
2006,43.1435,77.4655,1325852940
2006,43.1498,77.4372,1325542800
2006,43.1498,77.4372,1325542620
2006,43.1498,77.4372,1325535360
2006,43.1682,77.5019,1325412060
2006,43.1556,77.6012,1325398260
2006,43.1553,77.6013,1325394960
