2012,40.1495,111.5746,1378552380
2012,40.1419,111.5783,1378101180
2012,40.1421,111.5783,1377918000
2012,40.1421,111.5784,1377507840
2012,40.1421,111.5784,1377507720
2012,40.1421,111.5783,1377505680
2012,40.1421,111.5783,1377501300
2012,40.1421,111.5783,1377498060
2012,40.1421,111.5783,1377379020
2012,40.1421,111.5784,1377343200
2012,40.1421,111.5783,1377343200
2012,40.142,111.5783,1377342900
2012,40.142,111.5783,1377342600
2012,40.142,111.5783,1377342540
2012,40.1421,111.5783,1377037980
2012,40.142,111.5783,1376993340
2012,40.1421,111.5782,1376770620
2012,40.1421,111.5783,1376621100
2012,40.2198,111.6636,1376287080
2012,40.1493,111.5742,1376203020
2012,40.1421,111.5783,1375954260
2012,40.1422,111.5783,1375925820
2012,40.1421,111.5782,1374438780
2012,40.1229,111.649,1374180300
2012,40.142,111.5782,1374048120
2012,40.1421,111.5782,1374003300
2012,40.142,111.5782,1373438820
2012,40.142,111.5782,1373438580
2012,40.1421,111.5782,1373367120
2012,40.1421,111.5781,1373266380
2012,40.1421,111.5782,1373094540
2012,40.1595,111.6494,1372980780
2012,40.1489,111.572,1372755600
2012,36.118,115.1744,1372576740
2012,36.118,115.1745,1372576680
2012,36.118,115.1741,1372576440
2012,36.1089,115.1686,1372496220
2012,37.1855,113.0017,1372322580
2012,39.9042,111.8218,1372287180
2012,40.1254,111.594,1372219740
2012,40.1254,111.594,1372219620
2012,40.1281,111.5959,1372219560
2012,40.1421,111.5782,1372141800
2012,40.1421,111.5782,1372075680
2012,40.1422,111.5782,1372072800
2012,40.1421,111.5782,1372071780
2012,40.1421,111.5782,1371859560
2012,40.1421,111.5782,1371789480
2012,40.7298,111.554,1371780480
2012,40.6875,111.468,1371771000
2012,40.1421,111.5782,1371463500
2012,40.1421,111.5782,1371463440
2012,40.142,111.5783,1371463200
2012,40.4889,111.8933,1371355440
2012,40.1421,111.5782,1371165060
2012,40.1434,111.5902,1371094740
2012,40.1609,111.5873,1371094740
2012,40.1421,111.5782,1371003840
2012,40.142,111.5782,1370999160
2012,40.1422,111.5782,1370863020
2012,40.1422,111.5782,1370862540
2012,40.1422,111.5783,1370855040
2012,40.2881,111.6688,1370840700
2012,40.1316,111.5896,1370690100
2012,40.1546,111.5947,1370245740
2012,40.1546,111.5947,1370239920
2012,40.1546,111.5947,1370239860
2012,40.1155,111.6121,1370237340
2012,40.1534,111.5927,1370236920
2012,40.1573,111.625,1370236800
2012,40.1435,111.642,1370236680
2012,40.1327,111.5857,1370151180
2012,41.2252,111.9711,1370037900
2012,40.1379,111.5985,1369960620
2012,40.1547,111.5945,1369959420
2012,40.1331,111.5858,1369946280
2012,40.1163,111.6121,1368062940
2012,40.1165,111.6116,1367026260
2012,40.1165,111.6116,1367026200
2012,40.1165,111.6116,1367026080
2012,40.1165,111.6116,1367025900
