2018,53.4786,2.2403,1420649160
2018,53.7835,1.07,1414864500
2018,53.7832,1.071,1414861560
2018,53.7832,1.071,1414861560
2018,53.7873,0.9946,1414861200
2018,53.7422,0.8665,1414860660
2018,53.3728,1.4627,1410663960
2018,53.4166,1.4335,1409578080
2018,53.4166,1.4332,1409577720
2018,53.4178,1.4324,1408919220
2018,53.4166,1.4332,1408558080
2018,53.4165,1.4332,1408555320
2018,53.4166,1.4333,1408554900
2018,53.7174,1.3483,1408061040
2018,53.4165,1.4333,1407958080
2018,53.6909,1.3125,1407351480
2018,54.4863,0.6133,1407181380
2018,53.3275,1.4737,1406843880
2018,53.7168,1.3471,1406676060
2018,53.7175,1.3485,1406671140
2018,53.7145,1.352,1406664480
2018,53.5035,1.0419,1406572980
2018,54.0079,1.4661,1406487540
2018,53.4166,1.4333,1405910040
2018,53.3797,1.4279,1405836180
2018,53.3757,1.4669,1405835880
2018,53.4014,1.4639,1405405200
2018,53.6917,1.3104,1405278060
2018,53.6909,1.3119,1405278060
2018,53.821,1.6072,1405197120
2018,53.7172,1.3483,1405128900
2018,53.7174,1.3484,1405127280
2018,53.4166,1.4332,1404317760
2018,53.3799,1.4696,1404237900
2018,53.4017,1.4143,1404172680
2018,53.5215,1.1338,1404153900
2018,53.2282,1.6108,1404070800
2018,53.4167,1.4333,1403892420
2018,53.3725,1.4625,1403843340
2018,53.4165,1.4333,1403814960
2018,53.4165,1.4333,1403808180
2018,53.4061,1.4143,1403478540
2018,53.3726,1.4624,1403318700
2018,53.3726,1.4626,1403318520
2018,53.3727,1.4626,1403313240
2018,53.4166,1.4333,1402331100
2018,53.4166,1.4334,1402119120
2018,53.4168,1.4334,1401814440
2018,53.4167,1.4333,1401728100
2018,53.3725,1.4625,1401573600
2018,53.4148,1.4116,1401483060
2018,53.4142,1.4109,1401483000
2018,53.4198,1.4332,1401301200
2018,53.413,1.4118,1401221280
2018,53.417,1.4134,1401216960
2018,53.71,1.3402,1400883300
2018,53.7099,1.3405,1400876580
2018,53.7102,1.3404,1400876520
2018,53.3719,1.498,1400708640
2018,53.4434,1.4646,1400611020
2018,53.4198,1.4332,1400514120
2018,53.3774,1.4759,1400386320
2018,53.3724,1.4624,1400355000
2018,53.3815,1.4662,1400354100
2018,53.5176,1.4162,1400351460
2018,53.3716,1.4784,1400091960
2018,53.4173,1.4148,1400012880
2018,53.3832,1.4665,1399927980
2018,53.383,1.4662,1399924860
2018,53.3724,1.4624,1399505520
2018,53.4198,1.4332,1399479060
2018,53.3724,1.4624,1399177140
2018,53.4173,1.4148,1399152240
2018,53.3724,1.4624,1399086600
2018,53.383,1.4662,1398892740
2018,53.5747,1.7063,1398648000
2018,53.6909,1.3119,1398626940
2018,53.7145,1.352,1398622260
2018,53.7131,1.3443,1398446820
2018,53.4198,1.4332,1398267660
2018,53.71,1.3404,1397920800
2018,53.8106,3.0552,1397773500
2018,53.8106,3.0552,1397759400
2018,53.5683,2.2318,1397756880
2018,53.6414,1.9505,1397756280
2018,53.4198,1.4332,1397749020
2018,53.3724,1.4624,1397694120
2018,53.4173,1.4148,1397683620
2018,53.4045,1.4138,1396645800
2018,53.9536,1.0798,1396460160
2018,53.4198,1.4332,1396450260
2018,53.957,1.0816,1396214700
2018,53.9558,1.0799,1396214700
2018,53.622,1.55,1396201620
2018,53.456,1.4454,1396199040
2018,53.3462,1.4975,1396134600
2018,53.3427,1.5003,1396134540
2018,53.3724,1.4624,1396065180
2018,53.417,1.4134,1395354540
2018,53.4173,1.4148,1395354480
2018,53.1361,1.3319,1395184740
2018,52.4744,1.9156,1395178620
2018,52.4777,1.901,1395171240
2018,52.5054,1.7898,1395160860
2018,52.6367,1.6068,1395160140
2018,52.8265,1.3699,1395159240
2018,52.9615,1.2672,1395158520
2018,53.1899,1.3094,1395157620
2018,53.1928,1.343,1395157440
2018,53.2361,1.3981,1395157200
2018,53.3445,1.4782,1395156240
2018,53.3724,1.4624,1395156240
2018,53.4198,1.4332,1394469420
2018,53.3724,1.4624,1394319480
2018,53.4166,1.4333,1389725040
2018,53.4166,1.4332,1389629220
2018,53.7174,1.3483,1389482580
2018,53.4184,1.4316,1389084600
2018,53.4167,1.4333,1388787540
2018,53.4166,1.4333,1388744100
2018,53.413,1.4129,1388264040
2018,53.4166,1.4333,1387838040
2018,53.4166,1.4332,1387569780
2018,53.4166,1.4333,1387479000
2018,53.4166,1.4333,1387395300
2018,53.4166,1.4333,1387252620
2018,53.4165,1.4334,1387252560
2018,53.4165,1.4334,1387252500
2018,53.4166,1.4332,1387252440
2018,53.3728,1.4623,1387081500
2018,53.3725,1.4624,1387065060
2018,53.4172,1.4114,1386973500
2018,53.4166,1.4333,1386782280
2018,53.4171,1.4148,1386369720
2018,52.4486,1.498,1386182280
2018,52.6195,1.2054,1386180720
2018,52.9443,1.2794,1386179340
2018,52.9621,1.2687,1386179280
2018,53.0821,1.2563,1386178860
2018,53.3157,1.2829,1386177840
2018,53.3724,1.4624,1386174060
2018,53.3726,1.4624,1386173580
2018,53.4166,1.4333,1386047580
2018,53.4166,1.4333,1386047520
2018,53.4166,1.4333,1386008100
2018,53.3725,1.4623,1385778780
2018,53.4166,1.4332,1385751960
2018,53.4166,1.4333,1385619000
2018,53.4166,1.4333,1385609040
2018,53.4166,1.4333,1385450640
2018,53.7945,1.5482,1383157260
2018,53.414,1.4125,1374535680
2018,53.4198,1.4332,1373206620
2018,53.4198,1.4332,1373183940
2018,53.3774,1.4759,1373181120
2018,53.3799,1.4723,1373164440
2018,53.4166,1.4333,1370026140
2018,53.4166,1.4333,1370020620
2018,53.4165,1.4333,1369989120
2018,53.4165,1.4333,1369985700
2018,53.4166,1.4333,1369985160
2018,53.4165,1.4323,1369802040
2018,53.4162,1.4328,1369797120
2018,53.4166,1.4333,1369797000
2018,53.4166,1.4333,1369785300
2018,53.4165,1.4335,1369776300
2018,53.4166,1.4333,1369776060
2018,53.4166,1.4333,1369775880
2018,53.4166,1.4332,1369775760
2018,53.4166,1.4332,1369775640
2018,53.4166,1.4334,1369774140
2018,53.4165,1.4334,1369731540
2018,53.3724,1.4627,1369700580
2018,53.4165,1.4333,1369637040
2018,53.4166,1.4332,1369636200
2018,53.4165,1.4334,1369581420
2018,53.4166,1.4332,1369581180
2018,53.4169,1.4334,1369551540
2018,53.4166,1.4333,1369156800
2018,53.4166,1.4333,1369154220
2018,53.4165,1.4334,1369020960
2018,53.4167,1.4333,1368859380
2018,53.3916,1.4779,1368826920
2018,53.4198,1.4332,1368725340
2018,53.4159,1.4333,1368719160
2018,53.4183,1.4313,1368547860
2018,53.4167,1.4336,1368506700
2018,53.4198,1.4366,1368500880
2018,53.4184,1.4314,1368500520
2018,53.4183,1.4313,1368323100
2018,53.4184,1.4314,1368262620
2018,53.4184,1.4314,1368248400
2018,53.4166,1.4334,1368115260
2018,53.4165,1.4334,1368112440
2018,53.3849,1.4646,1368052860
2018,53.4166,1.4333,1367693940
2018,53.4165,1.4333,1367608200
2018,53.4166,1.4332,1367564340
2018,53.4212,1.4417,1367562600
2018,53.4184,1.4314,1367562240
2018,53.4166,1.4332,1367513520
2018,53.3729,1.4624,1367457120
2018,53.4167,1.4334,1367213100
2018,53.3743,1.4629,1366779660
2018,53.3971,1.4671,1366665900
2018,53.3998,1.4658,1366665780
2018,53.4018,1.4632,1366665720
2018,53.4166,1.4332,1366510920
2018,53.4166,1.4333,1366510860
2018,53.4166,1.4333,1366509780
2018,53.4167,1.4334,1366393200
2018,53.3989,1.4437,1366350960
2018,53.3893,1.4512,1366350780
2018,53.3721,1.4623,1366340820
2018,53.4774,2.2305,1366170420
2018,51.4587,0.9725,1366156500
2018,51.5177,0.7197,1366153020
2018,51.5187,0.7227,1366133700
2018,51.4753,0.8633,1366133220
2018,51.4588,0.9719,1366131960
2018,52.0623,1.3372,1366129140
2018,52.3725,1.7534,1366128300
2018,52.4791,1.8925,1366125840
2018,52.9162,1.4626,1366123860
2018,53.3782,1.4619,1366121640
2018,53.3721,1.4623,1366121160
2018,53.4143,1.4331,1365978840
2018,53.4143,1.4331,1365534960
2018,53.4143,1.4331,1361299620
2018,53.4143,1.4331,1361136060
2018,53.4139,1.4136,1360898520
2018,53.4139,1.4257,1360884360
2018,53.4143,1.4331,1360884180
2018,53.3724,1.4625,1360823820
2018,53.4143,1.4331,1360783380
2018,53.3724,1.4625,1360649280
2018,53.3774,1.4759,1360526460
2018,53.4143,1.4331,1360209420
2018,53.4143,1.4331,1359253320
2018,53.4143,1.4331,1359159060
2018,53.4143,1.4331,1358991120
2018,53.4143,1.4331,1358880060
2018,53.4143,1.4331,1358880060
2018,53.4143,1.4331,1358533980
2018,53.4143,1.4331,1358362080
2018,53.4143,1.4331,1358042580
2018,53.3534,1.4091,1358036880
2018,53.4143,1.4331,1357943040
2018,53.4143,1.4331,1357850460
2018,53.3724,1.4625,1357033260
2018,53.4143,1.4331,1356485940
2018,53.4143,1.4331,1355771220
2018,53.4143,1.4331,1354384140
2018,53.4143,1.4331,1354032720
2018,53.4143,1.4331,1353726600
2018,53.3799,1.4696,1353442980
2018,53.3724,1.4625,1353002760
2018,53.4141,1.4106,1352933880
2018,53.4167,1.4332,1352880960
2018,53.3724,1.4625,1352782440
2018,53.3724,1.4625,1352763060
2018,53.4139,1.4257,1352176800
2018,53.4191,1.4183,1351537320
2018,53.3727,1.4625,1351381680
2018,53.4166,1.4334,1351362000
2018,53.419,1.4183,1351359720
2018,53.4165,1.4331,1351359660
2018,53.4165,1.4335,1351359300
2018,53.4217,1.4424,1351272660
2018,53.4164,1.4337,1351233480
2018,53.3727,1.4625,1351228020
2018,53.4143,1.4331,1351192080
2018,53.4165,1.4337,1351191660
2018,53.4165,1.4336,1351191600
2018,53.4166,1.4331,1351187220
2018,53.4165,1.4336,1351185720
2018,53.4164,1.4337,1351183680
2018,53.3726,1.4626,1351141980
2018,53.3725,1.4629,1351115760
2018,53.4164,1.4337,1351106700
2018,53.4167,1.4334,1351106400
2018,53.4164,1.4337,1351106400
2018,53.4143,1.4331,1351104600
2018,53.4143,1.4331,1351092360
2018,53.4168,1.4337,1351089240
2018,53.4166,1.4336,1351051380
2018,53.4164,1.4337,1351031400
2018,53.4143,1.4331,1351029420
2018,53.4143,1.4331,1351027560
2018,53.4143,1.4331,1350943080
2018,53.4166,1.4335,1350919860
2018,53.4168,1.4334,1350919080
2018,53.4166,1.4332,1350918780
2018,53.4169,1.4326,1350918720
2018,53.4199,1.4262,1350918600
2018,53.3998,1.4221,1350873660
2018,53.3998,1.4221,1350873540
2018,53.3998,1.4221,1350873480
2018,53.3998,1.4221,1350873420
2018,53.3998,1.4221,1350873300
2018,53.3998,1.4221,1350873240
2018,53.3985,1.4244,1350864360
2018,53.3998,1.4221,1350860160
2018,53.3998,1.4221,1350856560
2018,53.4184,1.4477,1350853260
2018,53.4237,1.4653,1350786000
2018,53.4233,1.4647,1350785640
2018,53.4278,1.4643,1350767100
2018,53.4227,1.4862,1350766920
2018,53.4298,1.4747,1350766320
2018,53.4227,1.4862,1350766140
2018,53.4165,1.4336,1350686340
2018,53.4168,1.4335,1350612780
2018,53.4167,1.4334,1350611640
2018,53.4165,1.4336,1350611520
2018,53.4141,1.4106,1350593220
2018,53.4168,1.4335,1350588060
2018,53.4143,1.4331,1350541860
2018,53.4143,1.4331,1350517260
2018,53.4143,1.4331,1350516720
2018,53.4143,1.4331,1350516540
2018,53.4168,1.4332,1350424800
2018,53.4166,1.4332,1350414600
2018,53.4165,1.4333,1350414360
2018,53.3716,1.462,1350351600
2018,53.3808,1.4568,1350254460
2018,53.4047,1.4324,1350254280
2018,53.4173,1.4146,1350254160
2018,53.417,1.4153,1350253680
2018,53.417,1.4152,1350253500
2018,53.4165,1.4332,1350244020
2018,53.412,1.4221,1350109740
2018,53.3848,1.4629,1350109440
2018,53.4143,1.4331,1350061920
2018,53.4143,1.4331,1350060660
2018,53.4165,1.4331,1349999400
2018,54.5593,1.3085,1349907360
2018,54.5594,1.3085,1349901960
2018,54.5597,1.309,1349895480
2018,54.5595,1.3086,1349895300
2018,53.3897,1.4561,1349882460
2018,53.4141,1.4106,1349200920
2018,53.3998,1.4188,1349183580
2018,53.4143,1.4331,1349124000
2018,53.3998,1.4188,1349055300
2018,53.3998,1.4188,1349055180
2018,53.3527,1.3813,1349028000
2018,53.3727,1.4625,1348982700
2018,53.3727,1.4625,1348979460
2018,53.3727,1.4625,1348903020
2018,53.3727,1.4625,1348873740
2018,53.3727,1.4625,1348861140
2018,53.3727,1.4625,1348799040
2018,53.4143,1.4331,1348776300
2018,53.4141,1.4106,1348686780
2018,53.4143,1.4331,1348504500
2018,53.3772,1.476,1348382160
2018,53.414,1.413,1348267980
2018,53.4143,1.4331,1348165440
2018,53.4143,1.4331,1348159080
2018,53.4143,1.4331,1348158240
2018,53.3727,1.4625,1348065180
2018,53.3727,1.4625,1347981660
2018,53.4143,1.4331,1347491460
2018,53.4139,1.4257,1347312600
2018,53.3998,1.4188,1347144300
2018,53.4166,1.4335,1347127380
2018,53.4166,1.4335,1347127260
2018,53.4165,1.4332,1344916140
2018,53.4164,1.4337,1344879660
2018,53.4198,1.415,1344843420
2018,53.3728,1.4627,1344724440
2018,53.3727,1.465,1344716820
2018,53.4164,1.4337,1344700620
2018,53.3741,1.4616,1344456180
2018,53.3741,1.4616,1344432240
2018,53.4164,1.4337,1344404820
2018,53.4164,1.4332,1344355320
2018,53.4182,1.4332,1344355080
2018,53.4164,1.4338,1344266760
2018,53.4165,1.4333,1344266700
2018,53.3727,1.465,1344219540
2018,53.3713,1.4617,1344112260
2018,53.4164,1.4338,1344089460
2018,53.4164,1.4338,1344089460
2018,53.3723,1.4629,1344041520
2018,53.3723,1.4627,1344041280
2018,53.4166,1.4332,1344006960
2018,53.4166,1.4334,1343961180
2018,53.4164,1.4337,1343852460
2018,53.4164,1.4334,1343838180
2018,53.4164,1.4337,1343749020
2018,53.3925,1.4582,1343744700
2018,53.3885,1.4609,1343744640
2018,53.4187,1.445,1343738460
2018,53.3727,1.4651,1341889080
