2042,1.4473,125.1394,1388940180
2042,1.4401,125.1373,1388939760
2042,1.4441,125.1731,1388427120
2042,1.446,125.1387,1387168980
2042,1.4474,125.1395,1387168920
2042,1.4446,125.1379,1387128600
2042,1.4409,125.1287,1386959880
2042,1.4427,125.132,1386337860
2042,1.4474,125.1395,1385555460
2042,1.4474,125.1395,1385549880
2042,1.4447,125.1378,1385549760
2042,1.4447,125.1378,1385549700
2042,1.4447,125.1378,1385549640
2042,1.4447,125.1378,1385549580
2042,1.4447,125.1378,1385520300
2042,1.4424,125.1375,1385503440
2042,1.4474,125.1395,1385503320
2042,1.4431,125.1376,1385502840
2042,1.4393,125.1256,1383715200
2042,1.4456,125.1367,1374434040
2042,1.4353,125.1359,1374433020
2042,1.4456,125.1366,1374371700
2042,1.4459,125.133,1374171900
2042,1.4453,125.1332,1374171300
2042,1.4417,125.1306,1374170880
2042,1.4417,125.1306,1374170820
2042,1.4457,125.1366,1374169020
2042,1.4427,125.1364,1374167940
2042,1.4389,125.1253,1374137160
2042,1.4389,125.1253,1374128700
2042,1.4389,125.1253,1374119760
2042,1.4437,125.1365,1374092340
2042,1.4478,125.1396,1374091620
2042,1.4415,125.1377,1374089640
2042,1.4398,125.1362,1374088680
2042,1.4393,125.1259,1374032700
2042,1.4393,125.1259,1374032580
2042,1.4392,125.1257,1373954640
2042,1.439,125.1255,1373949960
2042,1.439,125.1255,1373947080
2042,1.439,125.1256,1373612220
2042,1.439,125.1256,1373607720
2042,1.4393,125.126,1373607000
2042,1.4393,125.126,1373606820
2042,1.44,125.1363,1373564640
2042,1.4478,125.1396,1373563980
2042,1.4415,125.1377,1373555880
2042,1.4458,125.1365,1373555760
2042,1.4423,125.1363,1373555700
2042,1.4393,125.126,1373530500
2042,1.439,125.1256,1373530260
2042,1.4393,125.126,1373528940
2042,1.44,125.1363,1373472120
2042,1.4478,125.1396,1373471340
2042,1.4352,125.1358,1373386860
2042,1.4352,125.1358,1373386740
2042,1.4352,125.1358,1373386440
2042,1.4458,125.1365,1373364960
2042,1.4458,125.1365,1373364900
2042,1.4458,125.1365,1373363760
2042,1.4429,125.1373,1373363700
2042,1.4423,125.1363,1373359860
2042,1.4458,125.1365,1373357940
2042,1.4445,125.1695,1373284440
2042,1.4426,125.1374,1373263680
2042,1.4471,125.1386,1373262660
2042,1.4458,125.1365,1373262360
2042,1.4429,125.1364,1373261940
2042,1.4352,125.1358,1373261760
2042,1.4429,125.1364,1373261520
2042,1.4459,125.1365,1373219580
2042,1.4459,125.1365,1373217960
2042,1.4415,125.1377,1373217480
2042,1.4478,125.1396,1373217360
2042,1.4459,125.1365,1373216340
2042,1.4478,125.1396,1373213940
2042,1.4478,125.1396,1373213640
2042,1.4416,125.155,1373211780
2042,1.4435,125.1734,1373211540
2042,1.44,125.1363,1373200320
2042,1.4459,125.1365,1373198340
2042,1.4459,125.1365,1373197560
2042,1.441,125.1381,1373196840
2042,1.4459,125.1365,1373195520
2042,1.4471,125.1386,1373195160
2042,1.4368,125.136,1373176440
2042,1.4478,125.1396,1373176260
2042,1.4391,125.1252,1373173020
2042,1.4458,125.1365,1373150160
2042,1.4403,125.1362,1373149980
2042,1.4458,125.1365,1373149800
2042,1.4446,125.1387,1373149680
2042,1.4415,125.1377,1373148720
2042,1.4415,125.1377,1373148540
2042,1.4478,125.1396,1373148480
2042,1.4478,125.1396,1373148360
2042,1.4478,125.1396,1373147760
2042,1.4478,125.1396,1373147580
2042,1.4352,125.1358,1373147460
2042,1.4478,125.1396,1373147280
2042,1.4429,125.1364,1373147100
2042,1.4458,125.1365,1373147040
2042,1.4436,125.1384,1373146620
2042,1.4423,125.1363,1373146260
2042,1.4478,125.1396,1373119320
2042,1.4478,125.1396,1372913160
2042,1.4418,125.1328,1372867560
2042,1.4351,125.1358,1372863900
2042,1.4476,125.1681,1372842060
2042,1.4457,125.1367,1372822920
2042,1.4414,125.1377,1372656300
2042,1.4351,125.1358,1372624440
2042,1.4425,125.136,1372624080
2042,1.4467,125.1382,1372623480
2042,1.4478,125.1397,1372623480
2042,1.4457,125.1368,1372622940
2042,1.4457,125.1368,1372622880
2042,1.4409,125.1371,1372622760
2042,1.4446,125.1384,1372618320
2042,1.4381,125.1199,1372608900
2042,1.4391,125.1253,1372608780
2042,1.4391,125.1253,1372608360
2042,1.4393,125.126,1372608240
2042,1.439,125.1336,1372603080
2042,1.4457,125.1368,1372597680
2042,1.4478,125.1397,1372592100
2042,1.4457,125.1368,1372591380
2042,1.4457,125.1368,1372583400
2042,1.4427,125.1364,1372582800
2042,1.4427,125.1364,1372582380
2042,1.4457,125.1368,1372578480
2042,1.4457,125.1368,1372577760
2042,1.4478,125.1397,1372577280
2042,1.4478,125.1397,1372576920
2042,1.4391,125.1253,1372576080
2042,1.4391,125.1253,1372576020
2042,1.4393,125.126,1372575300
2042,1.4393,125.126,1372575300
2042,1.4478,125.1397,1372570440
2042,1.4478,125.1397,1372570380
2042,1.4479,125.1694,1372086840
2042,1.4447,125.1677,1372086120
2042,1.4455,125.1371,1372078920
2042,1.4478,125.1397,1372078140
2042,1.4478,125.1397,1372077000
2042,1.4478,125.1397,1372077000
2042,1.4478,125.1397,1372076040
2042,1.435,125.1358,1372067160
2042,1.4414,125.1377,1372067100
2042,1.4455,125.1371,1372066740
2042,1.4394,125.1257,1372003320
2042,1.4394,125.1257,1372003200
2042,1.4394,125.1257,1372003140
2042,1.4394,125.1257,1372002840
2042,1.4394,125.1257,1372002720
2042,1.4393,125.126,1372002600
2042,1.4393,125.126,1372002360
2042,1.4393,125.1259,1372002240
2042,1.4394,125.1257,1372002000
2042,1.4394,125.1257,1372001880
2042,1.4478,125.1397,1371940080
2042,1.4463,125.138,1371940020
2042,1.4455,125.1371,1371844200
2042,1.4454,125.1373,1371801960
2042,1.4436,125.1369,1371753360
2042,1.4478,125.1397,1371469200
2042,1.4392,125.1371,1371376620
2042,1.4393,125.126,1371363420
2042,1.4454,125.1371,1371359160
2042,1.4454,125.1371,1371339240
2042,1.4454,125.1371,1371337980
2042,1.4454,125.1371,1371334500
2042,1.44,125.136,1371285600
2042,1.4391,125.1259,1371277080
2042,1.4391,125.1259,1371276960
2042,1.4428,125.1367,1371155640
2042,1.4455,125.1371,1371154800
2042,1.4478,125.1397,1371154620
2042,1.4467,125.1384,1371142200
2042,1.4478,125.1397,1371141360
2042,1.4478,125.1397,1371141180
2042,1.4435,125.1384,1371140820
2042,1.4428,125.1367,1371121740
2042,1.4478,125.1397,1371121620
2042,1.4449,125.1464,1371065820
2042,1.4456,125.1371,1370971740
2042,1.4456,125.1371,1370971680
2042,1.4478,125.1397,1370920740
2042,1.4454,125.1366,1370920020
2042,1.4454,125.1366,1370919660
2042,1.4478,125.1397,1370895180
2042,1.4423,125.1358,1370813760
2042,1.4424,125.1359,1370798880
2042,1.4424,125.1359,1370798820
2042,1.4429,125.1364,1370797980
2042,1.4455,125.1365,1370797920
2042,1.4425,125.1359,1370796960
2042,1.4423,125.1357,1370796060
2042,1.4455,125.1365,1370796000
2042,1.4478,125.1397,1370795700
2042,1.4455,125.1365,1370795040
2042,1.4455,125.1365,1370793240
2042,1.4348,125.1357,1370792820
2042,1.4478,125.1397,1370792340
2042,1.4455,125.1365,1370792100
2042,1.4429,125.1364,1370790420
2042,1.4403,125.1363,1370775360
2042,1.4403,125.1363,1370730600
2042,1.4478,125.1397,1370725980
2042,1.4453,125.1366,1370546460
2042,1.4402,125.1364,1370546160
2042,1.4453,125.1366,1370539560
2042,1.4478,125.1397,1370539380
2042,1.4348,125.1358,1370513640
2042,1.4469,125.1342,1370502600
2042,1.4469,125.1342,1370502540
2042,1.4449,125.1368,1370372940
2042,1.4478,125.1397,1370372640
2042,1.4393,125.126,1370275740
2042,1.4478,125.1397,1370162820
2042,1.4478,125.1397,1370162760
