2050,8.1254,63.5436,1427495700
2050,8.122,63.5362,1396603380
2050,2.8082,60.6922,1396478220
2050,2.8345,60.6681,1396467720
2050,2.8345,60.6681,1396467540
2050,4.589,61.115,1396395240
2050,4.6028,61.1103,1396394760
2050,4.5891,61.1149,1396393920
2050,10.5981,66.9994,1394079480
2050,10.5981,67.0013,1394076180
2050,10.594,66.9994,1394069040
2050,40.473,3.5824,1393907940
2050,40.473,3.5825,1393903440
2050,40.4731,3.5825,1393903200
2050,42.8919,8.4191,1393860060
2050,42.7868,8.8871,1393642740
2050,42.7868,8.8878,1393551180
2050,42.7867,8.8877,1393551120
2050,42.7864,8.8871,1393518300
2050,8.1255,63.5435,1389679740
2050,8.1255,63.5435,1388225520
2050,8.1255,63.5436,1387434060
2050,8.1041,63.5354,1387429200
2050,8.1231,63.5209,1387388220
2050,8.1296,63.5424,1387007340
2050,8.1193,63.5103,1386787200
2050,8.1255,63.5436,1386529860
2050,8.1171,63.4995,1386178020
2050,8.1253,63.5435,1385916060
2050,37.4474,126.4523,1385461800
2050,37.4733,127.0443,1385447580
2050,37.4734,127.0443,1385025000
2050,37.4734,127.0443,1385014740
2050,37.4734,127.0443,1385014620
2050,37.4733,127.0444,1384961700
2050,37.5112,127.0983,1384675380
2050,37.4733,127.044,1384149300
2050,37.535,126.9751,1383900240
2050,37.4699,127.0384,1383826380
2050,37.5423,127.0706,1383755520
2050,37.4695,127.0394,1383566880
2050,37.4717,127.0424,1383557280
2050,49.1949,123.1795,1383455760
2050,43.6802,79.6158,1383370380
2050,8.1171,63.4997,1382403840
2050,8.1172,63.4997,1382398980
2050,8.1171,63.4997,1382038620
2050,8.1257,63.5553,1382035260
2050,8.1254,63.5436,1381942020
2050,8.1223,63.5448,1381699440
2050,8.1254,63.5387,1381662180
2050,8.1255,63.5435,1381564860
2050,8.1255,63.5436,1381562640
2050,8.1143,63.4955,1381538160
2050,8.1147,63.495,1381536120
2050,8.1143,63.4955,1381534020
2050,8.1077,63.504,1381533180
2050,8.1097,63.4882,1381519620
2050,8.8786,64.2306,1372454700
2050,4.6032,61.1114,1371318840
2050,4.5832,61.1166,1371270900
2050,4.5832,61.1166,1371270120
2050,8.1255,63.5435,1350619800
2050,8.1255,63.5435,1350619620
2050,8.1257,63.5436,1350099720
2050,8.1255,63.5436,1349767500
2050,10.3215,65.9792,1344645000
2050,8.8892,64.2007,1340915160
2050,8.8892,64.2007,1340915100
2050,8.1223,63.5283,1334625420
2050,8.1114,63.5399,1331589360
