2058,22.8711,43.513,1427690220
2058,22.8712,43.513,1427690100
2058,22.8897,43.4713,1410761100
2058,22.7757,43.534,1378681740
2058,22.8691,43.5107,1377764880
2058,22.8691,43.5107,1377586020
2058,22.8573,43.4961,1376748540
2058,22.8573,43.4961,1376748480
2058,22.8705,43.5112,1376538480
2058,22.869,43.5107,1376537580
2058,22.869,43.5107,1376537580
2058,22.8712,43.5131,1376536980
2058,22.8705,43.5112,1376511720
2058,22.8709,43.5149,1375670700
2058,22.9372,43.1905,1375046160
2058,22.9391,43.1896,1374011640
2058,22.9391,43.1896,1373857860
2058,22.9391,43.1896,1373857560
2058,22.9391,43.1896,1373857440
2058,22.8689,43.5107,1373806260
2058,22.8689,43.5107,1373805780
2058,22.8689,43.5107,1373805720
2058,22.8689,43.5107,1373805660
2058,22.8689,43.5107,1373461320
2058,22.8705,43.5111,1373442540
2058,22.8705,43.5111,1373361060
2058,22.9391,43.1896,1372127280
2058,22.9391,43.1896,1372098360
2058,22.9384,43.1906,1371918000
2058,22.8689,43.5107,1371884580
2058,22.8658,43.4327,1371735480
2058,22.8658,43.4327,1371735480
2058,22.8689,43.5107,1371189120
2058,22.939,43.1896,1371064440
2058,22.9391,43.1896,1371064380
2058,22.939,43.1896,1371063600
2058,22.9043,43.1731,1370924280
2058,22.9369,43.1916,1370917020
2058,22.9391,43.1896,1370911020
2058,22.9391,43.1896,1370910420
2058,22.937,43.1917,1370907960
2058,22.9386,43.1905,1369707300
2058,22.8705,43.5114,1368046620
2058,22.9379,43.1909,1367791380
2058,22.8561,43.4928,1367067780
2058,22.8561,43.4928,1367067780
2058,22.867,43.51,1367067720
2058,22.8609,43.2478,1365340020
2058,22.815,43.2984,1365339840
2058,22.8199,43.3179,1365339540
2058,22.8265,43.3387,1365339420
2058,22.8712,43.5131,1363934100
2058,22.8712,43.5131,1363934100
2058,22.8712,43.513,1363933860
2058,22.8711,43.5148,1363497840
2058,22.8712,43.513,1362638640
2058,22.9024,43.1831,1362450900
2058,22.8848,43.5529,1361680080
2058,22.8775,43.5339,1361679960
2058,22.8751,43.5243,1361679840
2058,22.9024,43.1762,1361502060
2058,22.9006,43.1768,1361413440
2058,22.9029,43.1747,1361413260
2058,22.9046,43.1903,1361328120
2058,22.8707,43.5114,1361181600
2058,22.8707,43.5114,1361170560
2058,22.8707,43.5114,1361170560
2058,22.9058,43.559,1361054160
2058,22.8708,43.5114,1361022660
2058,22.8708,43.5114,1361022660
2058,22.8708,43.5114,1361022540
2058,22.9215,43.2166,1360851540
2058,22.8953,43.212,1360850940
2058,22.896,43.2134,1360850880
2058,22.8949,43.2158,1360850820
2058,22.9059,43.8787,1360534440
2058,22.9088,43.8864,1360534020
2058,22.906,43.8787,1360430400
2058,22.9088,43.8864,1360337460
2058,22.8708,43.5113,1360329120
2058,22.8708,43.5113,1360329000
2058,22.8711,43.5131,1360272180
2058,22.8711,43.513,1360094880
2058,22.8711,43.5131,1360086060
