2063,25.7698,80.246,1425859680
2063,25.7698,80.246,1425856320
2063,25.7698,80.246,1425849660
2063,25.7752,80.278,1425808800
2063,25.7774,80.2446,1425712020
2063,25.7774,80.2446,1425711360
2063,25.7732,80.2456,1425708360
2063,25.7738,80.2385,1425708300
2063,25.7738,80.2385,1425708240
2063,25.7743,80.2379,1425688740
2063,25.7735,80.2461,1425661800
2063,25.7735,80.2461,1425661800
2063,25.7735,80.2461,1425624600
2063,25.7735,80.2461,1425623280
2063,25.7735,80.2461,1425623280
2063,25.7735,80.2461,1425623160
2063,25.7735,80.2461,1425622980
2063,25.7735,80.2461,1425622980
2063,25.7735,80.2461,1425621060
2063,25.7735,80.2461,1425621060
2063,25.7735,80.2461,1425621000
2063,25.7735,80.2461,1425620340
2063,25.7715,80.2358,1425608760
2063,25.7715,80.2357,1425608280
2063,25.7715,80.2358,1425607680
2063,25.7715,80.2358,1425607680
2063,25.7715,80.2358,1425607380
2063,25.7726,80.2385,1425490920
2063,25.7735,80.2463,1425451980
2063,25.7735,80.2463,1425451920
2063,25.7753,80.238,1425322440
2063,25.7709,80.2318,1425321300
2063,25.7709,80.2318,1425320220
2063,25.7709,80.2318,1425318660
2063,25.7709,80.2318,1425318660
2063,25.7735,80.2462,1425279180
2063,25.7735,80.2462,1425279180
2063,25.7697,80.2458,1425250860
2063,25.7697,80.2458,1425250860
2063,25.7698,80.2459,1425236760
2063,25.7699,80.2459,1425236760
2063,25.7698,80.2459,1425191580
2063,25.7735,80.2462,1425113700
2063,25.7735,80.2462,1425113220
2063,25.7735,80.2462,1425112140
2063,25.7754,80.243,1425109560
2063,25.7735,80.2462,1425108900
2063,25.7735,80.2461,1425028740
2063,25.7727,80.2355,1424971920
2063,25.7727,80.2355,1424971800
2063,25.7727,80.2355,1424971740
2063,25.7903,80.2309,1424967360
2063,25.7897,80.2301,1424967300
2063,25.7899,80.23,1424967180
2063,25.7899,80.23,1424967120
2063,25.7698,80.2459,1424941380
2063,25.7697,80.2459,1424940840
2063,25.7697,80.2459,1424940480
2063,25.7699,80.2459,1424939040
2063,25.7698,80.2459,1424938140
2063,25.7699,80.246,1424937840
2063,25.7906,80.233,1424932080
2063,25.7702,80.2323,1424895540
2063,25.7702,80.2323,1424895540
2063,25.7702,80.2323,1424891160
2063,25.7738,80.2386,1424890860
2063,25.7738,80.2386,1424890740
2063,25.7713,80.2374,1424882880
2063,25.7695,80.2361,1424882820
2063,25.7897,80.2383,1424881800
2063,25.7899,80.2382,1424881740
2063,25.7897,80.2301,1424881380
2063,25.7902,80.2316,1424881080
2063,25.7896,80.2299,1424858580
2063,25.7896,80.2299,1424858580
2063,25.7698,80.2459,1424854980
2063,25.7698,80.2459,1424854440
2063,25.7699,80.2459,1424854320
2063,25.7699,80.2459,1424854140
2063,25.7698,80.2459,1424853900
2063,25.7699,80.246,1424853420
2063,25.7698,80.2459,1424852880
2063,25.8051,80.2361,1423296240
2063,25.8051,80.2362,1423295520
2063,25.8051,80.2362,1423295220
2063,25.7731,80.238,1412619360
2063,25.7896,80.2299,1412583720
2063,25.7896,80.2299,1412583660
2063,25.7896,80.2299,1412575020
2063,25.7896,80.2299,1412555640
2063,25.7896,80.2299,1412555040
2063,25.7896,80.2299,1412554500
2063,25.7897,80.2299,1412554440
2063,25.7897,80.2299,1412552640
2063,25.7897,80.23,1412466960
2063,25.7897,80.23,1412412660
2063,25.7897,80.23,1412410260
2063,25.7897,80.23,1412391300
2063,25.7897,80.23,1412391240
2063,25.7897,80.23,1412382000
2063,25.7897,80.23,1412381940
2063,25.7726,80.2371,1412373360
2063,25.7726,80.2371,1412373300
2063,25.7742,80.2388,1412352060
2063,25.7727,80.2349,1412351880
2063,25.7742,80.2388,1412351040
2063,25.7742,80.2388,1412351040
2063,25.7742,80.2388,1412351040
2063,25.7842,80.2384,1412350680
2063,25.7842,80.2384,1412350680
2063,25.7879,80.2406,1412350380
2063,25.7897,80.23,1412312820
2063,25.7896,80.2299,1412307900
2063,25.7896,80.2299,1412305380
2063,25.7896,80.2299,1412305320
2063,25.7896,80.23,1412304960
2063,25.7896,80.2299,1412304960
2063,25.7832,80.2348,1412004960
2063,25.7897,80.23,1411885140
