2068,20.3936,40.3175,1423851000
2068,20.3936,40.3175,1423851000
2068,20.3126,40.2881,1423368600
2068,20.3126,40.2881,1423198440
2068,20.3515,40.3402,1423120500
2068,20.3507,40.2931,1422135420
2068,20.3507,40.2931,1422135300
2068,20.3507,40.2931,1421818140
2068,20.352,40.3399,1421362920
2068,20.352,40.3399,1421362800
2068,20.352,40.3399,1421362740
2068,20.352,40.3399,1421303880
2068,20.352,40.3399,1421303760
2068,20.352,40.3399,1421303760
2068,20.352,40.3399,1421303700
2068,20.352,40.3399,1420925580
2068,20.352,40.3399,1420925520
2068,20.352,40.3399,1420925520
2068,20.352,40.3399,1420661880
2068,20.352,40.3399,1420661880
2068,20.352,40.3399,1420586760
2068,20.352,40.3399,1420584420
2068,20.352,40.3399,1420584240
2068,20.352,40.3399,1420583940
2068,20.352,40.3399,1420583880
2068,20.352,40.3399,1420583820
2068,20.3519,40.34,1420400640
2068,20.3519,40.3399,1420400340
2068,20.3519,40.3399,1420400280
2068,20.3519,40.3399,1420400220
2068,20.3519,40.3399,1420400220
2068,20.3519,40.3399,1420400040
2068,20.3519,40.3399,1420399860
2068,20.3519,40.3399,1420399860
2068,20.3519,40.3399,1420399800
2068,20.3519,40.3399,1420399800
2068,20.3572,40.2911,1420106220
2068,20.3487,40.3178,1418960460
2068,20.352,40.3399,1418873940
2068,20.311,40.3145,1418266740
2068,20.311,40.3145,1418246220
2068,20.3572,40.293,1416211140
2068,20.3043,40.3024,1416087480
2068,20.3043,40.3024,1416087480
2068,20.3007,40.2918,1413758220
2068,20.3127,40.2876,1412917980
2068,20.3122,40.3147,1412044860
2068,20.334,40.2882,1410686940
2068,20.3187,40.3098,1410586980
2068,20.3592,40.2987,1408581840
2068,20.3507,40.2931,1408217520
2068,20.3117,40.3145,1407776040
2068,20.347,40.3181,1406158980
2068,20.3519,40.3398,1405705260
2068,20.3508,40.2931,1405323840
2068,20.3508,40.2931,1405292580
2068,20.264,40.2709,1401946920
2068,20.264,40.2709,1401942840
2068,20.3508,40.2931,1401075900
2068,20.3519,40.3399,1400213760
2068,20.3519,40.3399,1399962240
2068,20.3519,40.3399,1399960080
2068,20.357,40.3015,1399948680
2068,20.3184,40.3099,1399856640
2068,20.3508,40.2931,1399422240
2068,20.3182,40.3086,1397717340
2068,20.3182,40.3086,1397679840
2068,20.3183,40.3077,1397635980
2068,20.352,40.3398,1396332720
2068,20.352,40.3398,1396305780
2068,20.3429,40.2952,1395004860
2068,20.3171,40.295,1395003600
2068,20.341,40.2873,1394965740
2068,20.341,40.2873,1394957460
2068,20.341,40.2873,1394955060
2068,20.3402,40.2875,1394953500
2068,20.426,40.3304,1394139840
2068,20.426,40.3304,1394134020
2068,20.3373,40.3739,1393972380
2068,20.426,40.3304,1393915140
2068,20.3519,40.34,1393783560
2068,20.8273,40.7007,1389598140
2068,20.8273,40.7007,1389486900
2068,20.8432,40.7329,1389486420
2068,20.8544,40.7506,1389465660
2068,20.3505,40.286,1389331680
2068,20.352,40.3399,1389153900
2068,20.3575,40.2916,1388647020
2068,20.3576,40.2917,1388646960
2068,20.3575,40.2916,1388646960
2068,20.3574,40.2914,1388565900
2068,20.352,40.3399,1388205120
2068,20.3519,40.3398,1388204460
2068,20.3519,40.3398,1388204340
2068,20.352,40.3399,1387180380
2068,20.352,40.3399,1387180140
2068,20.352,40.3399,1387180140
2068,20.352,40.3399,1387175160
2068,20.352,40.3399,1387175160
2068,20.352,40.3399,1387175040
2068,20.352,40.3398,1387159200
2068,20.3519,40.3399,1387054680
2068,20.352,40.3398,1387054560
2068,20.352,40.3399,1384927260
2068,20.3563,40.2933,1377394020
2068,20.3518,40.34,1374487200
2068,20.3676,40.3011,1374382320
2068,20.3518,40.3399,1374141420
2068,20.3519,40.34,1374123120
2068,20.3517,40.34,1374119340
2068,20.3517,40.34,1374119280
2068,20.3517,40.34,1374119220
2068,20.3517,40.34,1374119100
2068,20.3517,40.34,1374117840
2068,20.3517,40.34,1374115200
2068,20.3517,40.34,1374114180
2068,20.3519,40.3399,1374113880
2068,20.3519,40.3399,1373951880
2068,20.3519,40.3399,1373943060
2068,20.3385,40.2927,1373396520
2068,20.3547,40.3354,1372984260
2068,20.352,40.3399,1372984200
2068,20.352,40.3399,1372984140
2068,20.3463,40.2975,1372952880
2068,20.3463,40.2975,1372952880
2068,20.3463,40.2975,1372952820
2068,20.3463,40.2975,1372952760
2068,20.3463,40.2975,1372952640
2068,20.3463,40.2975,1372952640
2068,20.3463,40.2975,1372952580
2068,20.3463,40.2975,1372952520
2068,20.3463,40.2975,1372952520
2068,20.3407,40.2942,1372578000
2068,20.3407,40.2942,1372575240
2068,20.8592,41.0966,1372025820
2068,20.8592,41.0966,1372025160
2068,20.8592,41.0966,1372023900
2068,20.8592,41.0966,1372023900
2068,20.854,41.0969,1372023780
2068,20.854,41.0969,1372022040
2068,20.828,41.1471,1371971400
2068,20.8572,41.1039,1371950400
2068,20.8558,41.1051,1371950280
2068,20.8548,41.1063,1371950280
2068,20.8544,41.1091,1371950220
2068,20.3452,40.3156,1371409140
2068,20.3481,40.2941,1371330240
2068,20.3519,40.3399,1370981700
2068,20.356,40.294,1367744700
2068,20.3554,40.2941,1367739900
2068,20.352,40.3399,1361090760
2068,20.3521,40.34,1361089980
2068,20.3521,40.3399,1361089740
2068,20.3488,40.344,1361089380
2068,20.0034,40.1506,1360979700
2068,16.4173,39.1309,1360951860
2068,16.4179,39.1144,1360951680
2068,16.4224,39.103,1360951680
2068,16.4374,39.0861,1360951500
2068,16.4358,39.0746,1360951320
2068,16.4405,39.0671,1360951260
2068,16.4314,39.0622,1360951140
2068,16.3853,39.0396,1360861980
2068,16.3853,39.0396,1360861800
2068,16.3853,39.0395,1360861680
2068,16.3853,39.0395,1360861620
2068,16.4122,39.0506,1360733880
2068,16.4283,39.0606,1360695780
2068,16.4251,39.0579,1360693080
2068,16.393,39.0424,1360692240
2068,16.3846,39.0392,1360692000
2068,16.3852,39.0396,1360691880
2068,16.3852,39.0396,1360691880
2068,16.4458,39.0694,1360658160
2068,16.4519,39.0659,1360658160
2068,16.4542,39.0655,1360657860
2068,16.4542,39.066,1360657800
2068,16.4851,39.0713,1360651080
2068,16.3853,39.04,1360603560
2068,16.3853,39.04,1360603560
2068,16.3853,39.04,1360603500
2068,16.3852,39.0399,1360603380
2068,16.3849,39.0412,1360603320
2068,16.4433,39.0623,1360557420
2068,16.4425,39.0626,1360557360
2068,16.4422,39.0629,1360557240
2068,16.4513,39.0651,1360512540
2068,16.3924,39.0386,1360510380
2068,16.3915,39.0379,1360510260
2068,16.3852,39.0396,1360472160
2068,16.3887,39.0386,1360472160
2068,16.3887,39.0386,1360461480
2068,16.3887,39.0386,1360460460
2068,16.3887,39.0386,1360460400
2068,16.3853,39.0396,1360459920
2068,16.4086,39.0475,1360437300
2068,16.4086,39.0476,1360434840
2068,16.4086,39.0476,1360434720
2068,16.4086,39.0476,1360434360
2068,16.4086,39.0476,1360434300
2068,16.4086,39.0476,1360434000
2068,16.3854,39.0378,1360433280
2068,16.3851,39.0395,1360432860
2068,16.3853,39.0398,1360431480
2068,16.3852,39.0394,1360380720
2068,16.3887,39.0386,1360380240
2068,16.3853,39.0396,1360376280
2068,16.3852,39.0396,1360373940
2068,16.3852,39.0396,1360373640
2068,16.3851,39.0397,1360373640
