2070,53.4808,2.2387,1366165140
2070,51.5193,0.169,1366070640
2070,53.4797,2.2512,1359393720
2070,53.4797,2.2512,1359391680
2070,53.4797,2.2512,1359391500
2070,53.4769,2.2583,1359306600
2070,53.4769,2.2583,1359306600
2070,53.4772,2.2581,1359305760
2070,53.4769,2.2582,1359304800
2070,53.4769,2.2582,1359302400
2070,53.4769,2.2582,1359298440
2070,53.4797,2.2513,1359055080
2070,51.5202,0.1706,1358826840
2070,51.5191,0.164,1358822040
2070,51.5199,0.1704,1358817840
2070,53.4803,2.2493,1357157100
2070,51.4145,3.4322,1356575460
2070,53.4768,2.2581,1355888940
2070,53.4769,2.2582,1355714400
2070,53.4767,2.2574,1355599140
2070,53.4769,2.2582,1355597700
2070,53.4769,2.258,1355596380
2070,53.4797,2.2513,1355422080
2070,53.4797,2.2513,1355163960
2070,53.4797,2.2513,1354825140
2070,53.4769,2.2581,1354498260
2070,53.4769,2.2583,1354478040
2070,53.4769,2.2582,1354476300
2070,53.4768,2.2582,1354468260
2070,53.4769,2.2582,1354389000
2070,53.4769,2.2583,1354386960
2070,53.4767,2.2582,1354386960
2070,53.4769,2.2582,1354066440
2070,53.477,2.2581,1353971640
2070,53.4769,2.2582,1353860760
2070,53.4769,2.2582,1353860520
2070,53.4769,2.2582,1353816540
2070,53.4769,2.2581,1353813840
2070,53.4769,2.2582,1353813780
2070,53.4769,2.2582,1353813300
2070,53.4769,2.2582,1353812640
2070,53.4767,2.258,1353808380
2070,53.4769,2.2582,1353796200
2070,53.4769,2.2581,1353795960
2070,53.4769,2.2582,1353795720
2070,53.4769,2.2582,1353787020
2070,53.4768,2.2582,1353625320
2070,46.5099,6.6219,1353093780
2070,53.4769,2.2582,1352950080
2070,53.4764,2.2541,1352946720
2070,53.477,2.2581,1352524500
2070,51.5103,0.1877,1352280360
2070,51.6366,0.3865,1352068380
2070,53.478,2.2313,1352059980
2070,53.4769,2.2582,1352044680
2070,53.4769,2.2582,1351997400
2070,53.4768,2.258,1351994580
2070,53.4767,2.2579,1351986060
2070,53.477,2.2583,1351986000
2070,53.4769,2.2583,1351980900
2070,53.4769,2.2582,1351979040
2070,53.4769,2.2582,1351976700
2070,53.4769,2.2582,1351971600
2070,53.4768,2.2582,1351830180
2070,53.4796,2.2517,1351792860
2070,53.4769,2.2582,1351659180
2070,53.4769,2.2582,1351658820
2070,53.4769,2.2582,1351658520
2070,53.4768,2.2583,1351658280
2070,53.4768,2.2582,1351658160
2070,53.4769,2.2582,1351654500
2070,53.477,2.2582,1351652760
2070,53.4768,2.2582,1351652340
2070,53.4769,2.2583,1351652100
2070,53.4769,2.2582,1351571640
2070,53.4769,2.2582,1351566840
2070,53.4768,2.2582,1351565880
2070,53.477,2.2582,1351565220
2070,53.4769,2.2582,1351559460
2070,53.4769,2.2582,1351558320
2070,53.4769,2.2582,1351556040
2070,53.7645,2.7086,1351214280
2070,53.7645,2.7086,1351214220
2070,53.4769,2.2584,1348454940
2070,52.3037,2.1095,1348421280
2070,53.4786,2.2499,1347739860
2070,53.4797,2.2513,1347645420
2070,53.4797,2.2512,1347628680
2070,53.4769,2.2583,1347587460
2070,53.4769,2.2583,1347587400
2070,53.4768,2.2583,1347587220
2070,53.4769,2.2582,1347587100
2070,53.4768,2.2583,1347585540
2070,53.4769,2.2583,1347585420
2070,53.4766,2.2579,1347423360
2070,53.4768,2.2582,1327450440
2070,53.4796,2.2513,1327429560
2070,53.4796,2.2513,1327429500
2070,53.4796,2.2514,1327428720
2070,53.4796,2.2514,1327426020
2070,53.4796,2.2515,1327417140
2070,53.4769,2.2582,1327370100
2070,53.4769,2.2582,1327370040
2070,53.4769,2.2582,1327293060
2070,53.4769,2.2582,1327293000
2070,53.4769,2.2582,1327253400
2070,51.4127,3.4478,1291260300
2070,51.4129,3.4477,1291259760
2070,51.652,3.0212,1291229700
2070,51.6525,3.0213,1291228140
2070,51.6525,3.0213,1291226940
2070,51.6525,3.0215,1291216620
2070,51.4145,3.4321,1291175400
2070,51.4145,3.4321,1291174800
2070,51.4145,3.4321,1291174440
