2100,28.7088,81.4756,1426842120
2100,28.7137,81.4443,1426809060
2100,28.7088,81.4756,1426808220
2100,28.7088,81.4756,1426802520
2100,28.7088,81.4756,1426752060
2100,28.7088,81.4756,1426743300
2100,28.7088,81.4756,1426715580
2100,28.5687,81.3255,1426222620
2100,28.575,81.3113,1426220220
2100,28.5176,81.3514,1426139880
2100,28.331,80.613,1426137660
2100,28.5392,81.4028,1425945780
2100,28.5386,81.4044,1425945660
2100,28.5392,81.4028,1425885300
2100,28.5432,81.371,1425614640
2100,28.5557,81.4389,1425078180
2100,28.5391,81.3516,1423829220
2100,28.555,81.3346,1423438320
2100,28.4119,81.4599,1422777180
2100,28.9449,81.3389,1422408120
2100,28.9449,81.3389,1422303660
2100,28.9449,81.3389,1422295440
2100,28.9449,81.3389,1422269280
2100,28.5528,81.2766,1419531780
2100,28.4869,81.4332,1419115380
2100,28.5421,81.3789,1418963100
2100,28.5421,81.3789,1418962740
2100,28.5118,81.224,1418719860
2100,28.5118,81.2241,1418686380
2100,28.5119,81.2241,1418650140
2100,28.5119,81.2244,1418631900
2100,28.5119,81.224,1418631660
2100,28.5119,81.224,1418631600
2100,28.5526,81.2765,1418610900
2100,28.5523,81.2762,1418610840
2100,28.5527,81.2763,1418610780
2100,28.5526,81.2762,1418610660
2100,28.433,81.47,1418016840
2100,28.5119,81.224,1417992180
2100,28.5119,81.2241,1417586460
2100,28.5118,81.2241,1417559520
2100,28.4322,81.307,1417474800
2100,28.4322,81.307,1417322880
2100,28.5866,81.2784,1417321260
2100,18.3573,65.9889,1417163100
2100,18.3573,65.9889,1417163100
2100,18.3571,65.9888,1417163100
2100,18.3573,65.989,1417156320
2100,18.3568,65.9897,1417156080
2100,18.3812,65.7193,1417149720
2100,18.3812,65.7193,1417147560
2100,18.3812,65.7193,1417137420
2100,18.3622,65.7697,1417126620
2100,18.3167,65.7833,1417085100
2100,18.3462,66.822,1417040400
2100,18.5019,67.0166,1417036620
2100,18.3911,65.9622,1417027260
2100,18.3908,65.9623,1417027200
2100,18.3622,65.7697,1417026960
2100,18.3086,65.7752,1417026600
2100,18.4198,66.0636,1416891600
2100,18.2507,66.3945,1416874080
2100,18.3529,66.0247,1416733920
2100,18.3529,66.0247,1416721560
2100,18.3651,65.9969,1416714540
2100,18.3812,65.7193,1416683700
2100,18.3848,65.7299,1416683100
2100,18.4377,66.0047,1416625320
2100,28.4309,81.3088,1416601080
2100,28.5431,81.3793,1416471120
2100,28.5396,81.4035,1415864880
2100,28.5396,81.4035,1415844840
2100,28.5396,81.4035,1415766600
2100,28.5396,81.4035,1415762400
2100,28.5396,81.4035,1415761680
2100,28.5396,81.4035,1415760300
2100,28.5396,81.4035,1415749920
2100,28.5396,81.4035,1415749620
2100,28.5375,81.4022,1415746500
2100,28.5375,81.4022,1415680080
2100,28.5375,81.4022,1415608440
2100,28.5375,81.4022,1415607900
2100,28.5375,81.4022,1415607600
2100,28.5375,81.4022,1415587440
2100,28.5375,81.4022,1415447820
2100,28.5114,81.2414,1415057940
2100,28.5091,81.2319,1414898460
2100,28.4791,81.468,1414790340
2100,28.4741,81.4632,1414789440
2100,28.5091,81.2319,1414399380
2100,28.5979,81.2247,1414367160
2100,28.5568,81.2238,1414343760
2100,28.6072,81.1972,1414304280
2100,28.5568,81.2238,1414303680
2100,28.548,81.398,1414142700
2100,28.4644,81.4553,1413961020
2100,28.541,81.3791,1413363300
2100,28.541,81.3791,1413263640
2100,28.541,81.3791,1413262140
2100,28.5416,81.379,1413237960
2100,28.5422,81.3727,1413179880
2100,28.5438,81.3696,1413176340
2100,28.5422,81.3727,1413160620
2100,28.5422,81.3727,1413160140
2100,28.5422,81.3727,1413158940
2100,28.5422,81.3727,1413157920
2100,28.5422,81.3727,1413157440
2100,28.5574,81.207,1412538840
2100,28.5398,81.383,1412460420
2100,28.5383,81.3792,1412454780
2100,28.5399,81.3831,1412423040
2100,28.478,81.4669,1411368720
2100,28.4729,81.4728,1411359660
2100,25.788,80.143,1410052020
2100,25.7821,80.1287,1409969280
2100,28.5394,81.2448,1409950260
2100,28.406,81.4707,1409693820
2100,28.406,81.4707,1409693580
2100,28.4057,81.4692,1409623740
2100,28.406,81.4707,1409620080
2100,28.5538,81.3388,1409271240
2100,28.4509,81.3644,1409111880
2100,28.5119,81.224,1408962600
2100,28.5119,81.224,1408951920
2100,28.512,81.2242,1408948740
2100,28.5119,81.2242,1408948140
2100,28.5118,81.2241,1408947900
2100,28.5119,81.224,1408946280
2100,28.3973,80.6128,1408936440
2100,28.585,80.651,1408936380
2100,28.585,80.651,1408935000
2100,28.7138,81.4444,1408675740
2100,28.7138,81.4444,1408658340
2100,28.5428,81.3706,1408411800
2100,29.1286,80.9552,1408241520
2100,28.5315,81.2976,1407907380
2100,28.5434,81.359,1407906900
2100,28.5428,81.3706,1407902280
2100,28.529,81.3101,1407892800
2100,28.548,81.398,1407471720
2100,28.548,81.398,1407471600
2100,28.5677,81.3466,1407385860
2100,28.3801,81.1888,1407100080
2100,28.4516,81.2102,1406690820
2100,28.4516,81.2102,1406689680
2100,26.1217,80.1461,1406577240
2100,26.1217,80.1461,1406452620
2100,26.1217,80.1461,1406444280
2100,26.1217,80.1461,1406443980
2100,25.7773,80.1314,1406416020
2100,25.7837,80.1319,1406414760
2100,25.7837,80.1319,1406414580
2100,25.7837,80.1319,1406381640
2100,28.4708,81.4698,1405931700
2100,28.4707,81.4701,1405924200
2100,28.4726,81.4732,1405916280
2100,28.4728,81.4727,1405914960
2100,25.7838,80.13,1404954540
2100,25.7838,80.13,1404943140
2100,25.7773,80.1314,1404875880
2100,25.7838,80.13,1404806220
2100,25.7773,80.1314,1404798780
2100,25.7931,80.1295,1404782160
2100,28.5461,81.3792,1404439080
2100,28.5461,81.3792,1404350700
2100,28.5461,81.3792,1404347760
2100,28.5754,81.2643,1404285900
2100,28.4605,81.469,1404179400
2100,28.5681,81.2053,1404105120
2100,28.5416,81.379,1404008880
2100,28.5416,81.379,1404008640
2100,28.5937,81.3505,1403935680
2100,28.5383,81.3792,1403739480
2100,28.5419,81.3779,1403543640
2100,28.3707,81.5222,1403426280
2100,28.5508,81.3794,1403392680
2100,28.4368,81.4048,1403235660
2100,28.5461,81.3792,1403047440
2100,28.5426,81.3784,1403042640
2100,28.5426,81.3784,1402988700
2100,28.5426,81.3785,1402978680
2100,28.5426,81.3785,1402977960
2100,28.5788,81.272,1402884900
2100,28.4728,81.471,1402787700
2100,28.4728,81.471,1402737360
2100,28.4717,81.4735,1402737300
2100,28.5441,81.3755,1402693800
2100,28.5453,81.3704,1402631340
2100,28.5426,81.3785,1402626600
2100,28.6562,81.3349,1402465200
2100,28.6562,81.3349,1402430640
2100,28.6562,81.3349,1402430460
2100,28.4866,81.4281,1402133220
2100,28.5975,81.2502,1402030980
2100,28.5754,81.2643,1401918780
2100,28.5195,81.3767,1401621420
2100,28.5498,81.3508,1401336780
2100,28.3842,80.7885,1401223080
2100,28.4569,81.3735,1401175440
2100,28.5879,81.2553,1401157260
2100,28.3554,80.6085,1401149940
2100,28.478,81.4667,1401073200
2100,28.5092,81.2686,1400747760
2100,28.5754,81.2643,1400713920
2100,28.5426,81.3789,1400706840
2100,28.5528,81.3797,1400537460
2100,28.548,81.398,1400503260
2100,28.5693,81.3726,1400490960
2100,28.5693,81.3726,1400489700
2100,28.4474,81.3967,1400395020
2100,28.4859,81.275,1400151240
2100,28.4466,81.3909,1399672260
2100,28.4971,81.4379,1399575960
2100,28.4971,81.4379,1399575840
2100,28.9644,81.2372,1399518000
2100,28.548,81.398,1399348500
2100,28.548,81.398,1399347600
2100,28.4707,81.4701,1399021500
2100,28.474,81.4615,1398987120
2100,28.4708,81.4698,1398976320
2100,28.535,81.3653,1398762120
2100,28.535,81.3653,1398755640
2100,28.4457,81.3941,1398570600
2100,28.4692,81.4,1398374340
2100,28.4692,81.4,1397680560
2100,28.4466,81.3909,1397543700
2100,28.548,81.3981,1397423100
2100,28.548,81.3981,1397384700
2100,28.529,81.3976,1397269620
2100,28.4692,81.4,1397067000
2100,28.5496,81.3801,1396479300
2100,28.5496,81.3801,1396473000
2100,28.5496,81.3801,1396443600
2100,28.4458,81.3951,1396323420
2100,28.4723,81.466,1396082460
2100,28.4466,81.3909,1396029840
2100,28.4688,81.4001,1395978480
2100,28.4693,81.3997,1395888300
2100,28.4688,81.4001,1395376320
2100,28.4693,81.3997,1395283500
2100,28.4691,81.4001,1395256200
2100,28.5402,81.381,1395203820
2100,28.5402,81.381,1395202740
2100,28.4693,81.3997,1394774040
2100,28.4688,81.4001,1394759220
2100,28.5433,81.3792,1394749020
2100,28.5425,81.3725,1394610300
2100,28.3708,81.5221,1394511180
2100,28.3708,81.5221,1394486580
2100,28.3708,81.5221,1394452380
2100,28.4292,81.4123,1394362380
2100,28.4688,81.4001,1394180100
2100,28.4688,81.4001,1394150880
2100,28.4662,81.4556,1393917960
2100,28.4662,81.4556,1393836960
2100,28.4693,81.3997,1393566360
2100,28.4693,81.3997,1393457880
2100,28.4693,81.3997,1393457640
2100,28.4693,81.3997,1393457580
2100,28.4689,81.4,1393450680
2100,28.4691,81.4001,1393445880
2100,28.4737,81.4672,1393230720
2100,28.4737,81.4672,1393057560
2100,28.4494,81.4019,1392854040
2100,28.4691,81.4001,1392843060
2100,28.5547,81.3338,1392788940
2100,28.4767,81.4495,1391919600
2100,28.3669,81.5023,1391843640
2100,28.3669,81.5023,1391842380
2100,28.3669,81.5023,1391840160
2100,28.4691,81.4001,1390951800
2100,28.5408,81.3809,1390882860
2100,27.9409,82.4603,1390715040
2100,27.9409,82.4601,1390714620
2100,28.4693,81.3996,1390519200
2100,28.5388,81.3838,1390460580
2100,28.4693,81.3996,1390451580
2100,28.3753,81.3169,1390441560
2100,28.5087,81.4385,1390344360
2100,28.5087,81.4385,1390344180
2100,28.5686,81.2065,1389984720
2100,28.4694,81.3997,1389650100
2100,28.542,81.3787,1389373320
2100,28.4693,81.3996,1389050640
2100,28.4767,81.4495,1388637600
2100,28.5407,81.3474,1388434620
2100,28.5412,81.3805,1388408220
2100,28.5547,81.3338,1388391300
2100,28.5547,81.3338,1388391180
2100,28.5547,81.3338,1388360040
2100,28.5547,81.3338,1388359500
2100,28.5547,81.3338,1388359200
2100,28.5547,81.3338,1388343180
2100,28.5547,81.3338,1388322540
2100,28.3862,81.5075,1388033880
2100,28.544,81.3732,1387253820
2100,28.5383,81.3792,1384390020
2100,28.5383,81.3792,1384383540
2100,28.5383,81.3792,1384325520
2100,28.5383,81.3792,1384325340
2100,28.5383,81.3792,1384310340
2100,28.5383,81.3792,1384252200
2100,28.5383,81.3792,1384165440
2100,28.5383,81.3792,1384158360
2100,28.5383,81.3792,1384127160
2100,28.5383,81.3792,1384126260
2100,28.5383,81.3792,1384114980
2100,28.5383,81.3792,1384114920
2100,28.5383,81.3792,1384113180
2100,28.5383,81.3792,1384111740
2100,28.5383,81.3792,1384110000
2100,28.5383,81.3792,1384035540
2100,28.4793,81.4654,1381059900
2100,28.5407,81.3797,1378633200
2100,28.5547,81.3338,1377216660
2100,28.5224,80.6817,1376250420
2100,28.5251,80.68,1376194260
2100,28.5251,80.68,1376191860
2100,28.525,80.6801,1376189520
2100,28.5251,80.68,1376188140
2100,28.5102,81.1554,1375680060
2100,28.5241,81.379,1375595760
2100,28.5676,81.2108,1375519320
2100,28.5396,81.2081,1374661140
2100,28.54,81.2807,1374276240
2100,28.4734,81.4654,1373513580
