2162,34.0282,118.4739,1420682940
2162,34.0663,118.4466,1413366960
2162,34.0679,118.4,1412804400
2162,34.1026,118.34,1411720800
2162,34.0282,118.4739,1408771680
2162,34.0282,118.4739,1408747440
2162,31.8618,116.6259,1406336880
2162,33.752,118.1901,1406261340
2162,34.0283,118.4738,1402710480
2162,34.0282,118.4737,1402710360
2162,34.0282,118.4738,1402710240
2162,34.0282,118.4738,1402709880
2162,34.0282,118.4738,1402709520
2162,34.0282,118.4738,1402709460
2162,34.0279,118.4739,1402707600
2162,34.0618,118.2458,1402560240
2162,34.0618,118.2457,1402479960
2162,34.0277,118.4741,1402454460
2162,34.0618,118.2457,1402402500
2162,34.0618,118.2458,1402401840
2162,34.0619,118.2458,1402398000
2162,34.0617,118.2459,1402385160
2162,34.0618,118.2458,1402317660
2162,34.0617,118.2459,1402317540
2162,34.1,118.3263,1402192380
2162,34.0618,118.2459,1402127580
2162,34.0618,118.2458,1401960060
2162,34.0281,118.4742,1401925380
2162,34.0618,118.2458,1401881280
2162,34.0618,118.2458,1401881160
2162,34.0618,118.2458,1401881100
2162,34.0618,118.2458,1401879600
2162,34.0618,118.2459,1401879000
2162,34.0618,118.2458,1401792540
2162,34.028,118.4743,1401752220
2162,34.0855,118.3765,1401709080
2162,34.1027,118.3296,1401699480
2162,34.0617,118.2458,1401665880
2162,34.0618,118.2458,1401624420
2162,34.0617,118.2458,1401595740
2162,34.0617,118.2458,1401586380
2162,34.0617,118.2458,1401582720
2162,34.0433,118.2669,1401525180
2162,34.0617,118.2458,1401453780
2162,34.0279,118.4742,1401416280
2162,34.042,118.273,1401347700
2162,34.0274,118.4742,1401313980
2162,34.0617,118.2459,1401279180
2162,34.0297,118.4429,1401262980
2162,34.0275,118.4788,1401262680
2162,34.0342,118.3547,1401225300
2162,32.7076,117.1597,1401095880
2162,32.7085,117.1589,1401080160
2162,32.7079,117.1578,1401072600
2162,32.7073,117.157,1401069300
2162,32.8739,117.2047,1401058680
2162,33.988,118.4729,1401003000
2162,33.75,118.1063,1400984580
2162,33.75,118.1063,1400984340
2162,33.75,118.1063,1400978880
2162,33.75,118.1063,1400974140
2162,33.75,118.1063,1400972760
2162,33.75,118.1063,1400972700
2162,33.7499,118.1065,1400972220
2162,33.7501,118.1062,1400926860
2162,34.0618,118.2458,1400912340
2162,34.0618,118.2458,1400912160
2162,34.0618,118.2457,1400911680
2162,34.0617,118.2458,1400911380
2162,34.0314,118.4833,1400830560
2162,34.0341,118.4929,1400830500
2162,34.0328,118.4942,1400825040
2162,34.0284,118.4744,1400712900
2162,34.0617,118.2458,1400495280
2162,34.0618,118.2458,1400481600
2162,34.0618,118.2458,1400456220
2162,34.0618,118.2458,1400417340
2162,34.0618,118.2458,1400416920
2162,34.0618,118.2458,1400416440
2162,34.0618,118.2457,1400392260
2162,34.0617,118.2457,1400319540
2162,34.0617,118.2458,1400319360
2162,34.0278,118.4739,1400302860
2162,34.0185,118.4896,1400289780
2162,34.0277,118.4741,1400288160
2162,34.0617,118.2457,1400237940
2162,34.0282,118.4736,1400122080
2162,34.0617,118.2459,1400067000
2162,34.0617,118.2458,1399979820
2162,34.0616,118.2459,1399979280
2162,34.0617,118.2459,1399979040
2162,34.0617,118.2458,1399978560
2162,34.0618,118.2457,1399978260
2162,34.0617,118.2458,1399974600
2162,34.0603,118.2535,1399974180
2162,34.0158,118.4463,1399972680
2162,34.0277,118.4743,1399950120
2162,34.0616,118.2457,1399889160
2162,33.8621,118.4007,1399786860
2162,34.0618,118.2458,1399771980
2162,34.0618,118.2457,1399725180
2162,34.0618,118.2456,1399723740
2162,34.0618,118.2457,1399722960
2162,34.0618,118.2458,1399716120
2162,34.0618,118.2458,1399555860
2162,34.0618,118.2457,1399526700
2162,34.1413,118.3885,1399449060
2162,34.0277,118.4742,1399439820
2162,34.0617,118.2457,1399375260
2162,34.0617,118.2457,1399372320
2162,34.0618,118.2457,1399367160
2162,34.0276,118.4741,1399344480
2162,34.0276,118.4741,1399344420
2162,34.0618,118.2458,1399282980
2162,34.0617,118.2458,1399282680
2162,33.75,118.1063,1399207920
2162,33.7585,118.1113,1399205040
2162,33.7587,118.1114,1399204620
2162,33.7599,118.1343,1399198860
2162,33.7598,118.1343,1399198620
2162,33.7599,118.1344,1399198380
2162,33.7599,118.1343,1399198080
2162,33.7599,118.1343,1399196460
2162,33.7599,118.1343,1399195860
2162,33.7598,118.1343,1399195080
2162,33.7494,118.1072,1399187460
2162,33.7583,118.1106,1399179780
2162,34.0618,118.2457,1399173960
2162,34.0617,118.2458,1399171800
2162,34.0617,118.2458,1399159260
2162,34.029,118.3968,1399016880
2162,34.0276,118.4742,1398833820
2162,34.0618,118.2458,1398589380
2162,34.0617,118.2459,1398506820
2162,34.0282,118.4744,1398294660
2162,34.0617,118.2459,1398244260
2162,34.0617,118.2459,1398240960
2162,34.0691,117.6069,1398068400
2162,34.069,117.401,1398067680
2162,33.6843,116.2392,1398043680
2162,33.6838,116.2432,1398007200
2162,33.6776,116.2364,1397905440
2162,33.6841,116.2365,1397886420
2162,33.681,116.2362,1397785500
2162,34.016,118.4069,1397735700
2162,34.0231,118.395,1397725080
2162,34.0231,118.3951,1397723340
2162,34.1013,118.3449,1397651460
2162,34.0617,118.2458,1397626980
2162,33.6773,116.2362,1397479260
2162,33.6789,116.2354,1397476740
2162,33.68,116.2366,1397473740
2162,33.6774,116.2361,1397433960
2162,33.6807,116.234,1397424540
2162,33.6772,116.2358,1397396400
2162,33.6792,116.2341,1397390640
2162,33.6803,116.2355,1397369880
2162,33.6804,116.236,1397369040
2162,33.6768,116.2348,1397363820
2162,33.6866,116.2383,1397345160
2162,33.6798,116.2368,1397301180
2162,33.6798,116.2367,1397301120
2162,33.6773,116.2361,1397287860
2162,33.6872,116.2353,1397188380
2162,34.0329,118.4942,1397023680
2162,34.0277,118.4742,1397001060
2162,34.0617,118.2459,1396944420
2162,33.6584,118.0008,1396844460
2162,33.6049,117.8586,1396750860
2162,34.0617,118.2459,1396525500
2162,34.0617,118.2458,1396525440
2162,34.0616,118.2458,1396525140
2162,34.0555,118.2492,1396425120
2162,34.0555,118.2492,1396423080
2162,34.0277,118.4743,1396410060
2162,34.0277,118.4743,1396401900
2162,34.0559,118.4515,1396264620
2162,34.1667,118.3708,1396240380
2162,34.1667,118.3708,1396240260
2162,34.1666,118.3708,1396240140
2162,34.1666,118.3709,1396239660
2162,34.1667,118.3707,1396236480
2162,34.1666,118.3708,1396236420
2162,34.1667,118.3708,1396236000
2162,34.1667,118.3707,1396235940
2162,34.1667,118.3707,1396235520
2162,34.1667,118.3707,1396235460
2162,34.1666,118.3708,1396235280
2162,34.1665,118.3707,1396235280
2162,34.1666,118.3707,1396234860
2162,34.1666,118.3708,1396234680
2162,34.1667,118.3707,1396234620
2162,34.1667,118.3707,1396234380
2162,34.1666,118.3708,1396234200
2162,34.1666,118.3707,1396233780
2162,34.1666,118.3708,1396233300
2162,34.0617,118.2458,1396225140
2162,34.0617,118.2458,1396224900
2162,34.0776,118.3822,1396188840
2162,34.0769,118.3809,1396185180
2162,34.0949,118.3741,1396179360
2162,34.0949,118.3742,1396178760
2162,34.0617,118.2458,1396168020
2162,34.0617,118.2458,1396167960
2162,34.0617,118.2459,1396167840
2162,34.0617,118.2458,1396164840
2162,34.0617,118.2458,1396164780
2162,34.0617,118.2458,1396164720
2162,34.0617,118.2459,1396164300
2162,34.0617,118.2458,1396163700
2162,34.0617,118.2459,1396162980
2162,34.0617,118.2457,1396162380
2162,34.0617,118.2458,1396162320
2162,34.0617,118.2458,1396148040
2162,34.062,118.2453,1396145340
2162,34.07,118.2623,1396144980
2162,34.0617,118.2459,1396085280
2162,34.0617,118.2458,1396084860
2162,34.0617,118.2458,1396084320
2162,34.0617,118.2458,1396082520
2162,34.0617,118.2458,1396082340
2162,34.0617,118.2459,1396079880
2162,34.0617,118.2459,1396078260
2162,34.0617,118.2458,1396077180
2162,34.0617,118.2458,1396077060
2162,34.0279,118.4742,1396066380
2162,34.0475,118.2675,1395955440
2162,34.0278,118.4743,1395903780
2162,34.0279,118.4742,1395877380
2162,34.0617,118.2458,1395837360
2162,34.0617,118.2459,1395746160
2162,34.0617,118.2458,1395653460
2162,34.0617,118.2458,1395523200
2162,34.0617,118.2458,1395479100
2162,34.0279,118.4742,1395456480
2162,34.0617,118.2457,1395398040
2162,34.0617,118.2457,1395397800
2162,34.0641,118.2509,1395392520
2162,34.0704,118.268,1395392100
2162,34.064,118.251,1395392040
2162,34.0301,118.4414,1395388800
2162,34.027,118.4721,1395387540
2162,34.0276,118.4741,1395289680
2162,34.0618,118.2459,1395134700
2162,34.0617,118.2459,1395131400
2162,34.0617,118.2459,1395131400
2162,34.0276,118.4742,1395119040
2162,34.0277,118.4741,1395114180
2162,34.0279,118.4746,1395104400
2162,34.0277,118.4745,1395102960
2162,34.0277,118.4745,1395102840
2162,34.0277,118.4742,1395100680
2162,34.0281,118.4745,1395098460
2162,34.0275,118.474,1395096120
2162,34.0359,118.3241,1395092160
2162,34.0617,118.2458,1395082020
2162,34.0617,118.2459,1395047340
2162,33.5913,117.627,1395025380
2162,34.0616,118.2458,1394874840
2162,34.0279,118.4744,1394774400
2162,34.0278,118.4742,1394773860
2162,34.0278,118.4742,1394773800
2162,34.0617,118.2458,1394711220
2162,34.0617,118.2458,1394535840
2162,34.0617,118.2458,1394440200
2162,34.0617,118.2457,1394438940
2162,34.0608,118.2459,1394340600
2162,34.0617,118.2458,1394324520
2162,34.0617,118.2457,1394273700
2162,34.0617,118.2459,1394190900
2162,34.0617,118.2458,1394190720
2162,34.0383,118.5562,1388469840
