2181,23.5945,46.691,1422523020
2181,23.9801,46.1976,1421894220
2181,28.3927,81.5707,1421350140
2181,28.4736,81.4674,1421219400
2181,28.3715,81.5171,1421127600
2181,28.3421,81.5982,1421039880
2181,28.4059,81.4772,1420965660
2181,23.5476,46.6524,1407219360
2181,23.6191,46.5624,1405158420
2181,23.6191,46.5624,1400191620
2181,23.6396,46.5413,1383454980
2181,23.5989,46.6976,1382334840
2181,23.6188,46.5622,1380231120
2181,23.6268,46.5801,1379897400
2181,23.6188,46.5622,1379117220
2181,23.6183,46.5623,1378263960
2181,23.6188,46.5624,1377907920
2181,23.6186,46.5622,1376257440
2181,8.1194,34.8961,1374956100
2181,7.8255,34.9138,1374914820
2181,8.0621,34.8706,1374817440
2181,8.1194,34.8961,1374781140
2181,8.0285,34.9176,1374516540
2181,23.5917,46.6894,1373239800
2181,23.6396,46.5413,1373101140
2181,23.6187,46.5626,1371694440
2181,23.6171,46.566,1371447780
2181,23.5917,46.6894,1369963800
2181,23.5917,46.6894,1369609860
2181,23.6331,46.5728,1368995880
2181,23.6189,46.5627,1368599280
2181,23.6188,46.5627,1366863780
2181,23.6186,46.5625,1365911400
2181,12.4341,37.9189,1364329020
2181,23.6189,46.5632,1364104560
2181,23.6136,46.5685,1363552740
2181,23.6207,46.5688,1363541880
2181,23.6362,46.562,1363540500
2181,23.6188,46.5626,1363470120
2181,23.6158,46.5697,1363464480
2181,23.6207,46.5688,1363459800
2181,23.6185,46.5626,1363449420
2181,23.6188,46.5626,1363449360
2181,23.6188,46.5626,1363449300
2181,23.6188,46.5626,1363449300
2181,23.6189,46.5626,1363326480
2181,23.6188,46.5626,1363314000
2181,23.6185,46.5626,1363312800
2181,23.6185,46.5626,1363306800
2181,23.6188,46.5626,1363304880
2181,23.6185,46.5626,1363304700
2181,23.617,46.5653,1363276080
2181,23.6189,46.5626,1363238700
2181,23.6189,46.5626,1363238520
2181,23.6188,46.5626,1363238400
2181,23.6189,46.5626,1363238280
2181,23.6188,46.5626,1363237380
2181,23.6188,46.5626,1363237320
2181,23.6188,46.5626,1363234860
2181,23.6189,46.5626,1363231320
2181,23.6189,46.5626,1363231320
2181,23.6189,46.5626,1363230180
2181,23.6189,46.5626,1363230120
2181,23.6189,46.5626,1363230000
2181,23.6188,46.5626,1363229280
2181,23.6185,46.5626,1363227840
2181,23.6188,46.5626,1363227720
2181,23.6185,46.5626,1363226460
2181,23.6188,46.5626,1363226400
2181,23.6188,46.5626,1363226340
2181,12.9138,38.3368,1358378520
2181,12.9138,38.3368,1358287320
2181,12.4341,37.9189,1358181120
2181,12.4396,37.918,1358031780
2181,12.4341,37.9189,1357927080
2181,12.4396,37.918,1357847280
2181,12.4396,37.918,1357790040
2181,12.4396,37.918,1357697640
2181,12.9138,38.3368,1357682340
2181,12.4396,37.918,1357625880
2181,12.4396,37.918,1357600260
2181,12.4396,37.918,1357540380
2181,12.4396,37.918,1357515300
2181,12.4396,37.918,1357453380
2181,12.4396,37.918,1357422840
2181,12.4396,37.918,1357409220
2181,12.4396,37.918,1357359420
2181,12.4396,37.918,1357348920
2181,12.4396,37.918,1357316520
2181,12.4396,37.918,1357279140
2181,12.4396,37.918,1357261200
2181,12.9138,38.3368,1357241100
