2208,40.4717,3.6404,1427223180
2208,40.4582,3.6959,1427149800
2208,28.2731,16.6394,1427049420
2208,28.1311,16.7735,1426965360
2208,28.4563,16.2514,1426912440
2208,42.6768,8.7249,1426645020
2208,40.4263,3.703,1426558320
2208,40.418,3.7143,1426191600
2208,40.4255,3.705,1426035840
2208,43.3388,3.008,1425929100
2208,40.4263,3.7035,1425580680
2208,40.4228,3.7119,1425348720
2208,40.4757,3.6848,1425002880
2208,40.4321,3.6973,1424830620
2208,40.4321,3.6973,1424830380
2208,40.4242,3.6993,1424485920
2208,25.0338,121.5647,1423620000
2208,40.4244,3.7122,1423497720
2208,40.4,3.6833,1423362300
2208,42.7,8.6333,1423336440
2208,40.4693,3.6382,1423243260
2208,42.6768,8.7249,1423095360
2208,52.3759,4.8974,1422843060
2208,52.3621,4.8778,1422669840
2208,52.3108,4.8325,1422500280
2208,52.3108,4.8325,1422414660
2208,52.3503,4.9046,1422067800
2208,52.3503,4.9046,1422067380
2208,40.4581,3.6702,1422036780
2208,40.3921,3.6978,1421892000
2208,40.4258,3.6896,1421678160
2208,40.4252,3.7129,1421457120
2208,40.4996,3.6742,1421114700
2208,40.4235,3.7019,1421069100
2208,40.4,3.6833,1420942020
2208,40.4186,3.7033,1420929180
2208,40.4,3.6833,1420685460
2208,28.7345,13.8695,1420423080
2208,42.8833,8.55,1420304880
2208,52.5139,13.3789,1419971220
2208,42.7,8.6333,1419884220
2208,40.4166,3.699,1419545760
2208,40.4231,3.7008,1419131400
2208,40.4,3.6833,1419038040
2208,40.4127,3.7034,1418656860
2208,40.4127,3.7034,1418586540
2208,40.4277,3.7096,1418434200
2208,40.4,3.6833,1418321700
2208,40.4877,3.6551,1417999920
2208,40.5077,3.675,1417746120
2208,40.4996,3.6742,1417744620
2208,50.8833,6.1667,1417460340
2208,40.4,3.6833,1417199340
2208,40.4256,3.7074,1417055820
2208,40.417,3.7033,1416936240
2208,40.4194,3.7451,1416799680
2208,40.4242,3.7119,1416540300
2208,40.4158,3.7058,1416364740
2208,51.5008,0.1247,1416185640
2208,52.5208,13.4094,1416093120
2208,52.5089,13.3759,1415929200
2208,52.5147,13.3485,1415847000
2208,40.4207,3.7076,1415671260
2208,40.4166,3.7004,1415575560
2208,40.4661,3.6896,1415410440
2208,40.4,3.6833,1415345940
2208,40.4503,3.6925,1415122980
2208,40.4503,3.6925,1415122860
2208,40.4166,3.699,1414869540
2208,40.3813,3.6957,1414631940
2208,40.3921,3.6979,1414537860
2208,40.4781,3.6872,1414446360
2208,40.4,3.6833,1414337520
2208,40.3941,3.7016,1414283760
2208,40.4,3.6833,1414212540
2208,40.4664,3.6878,1413937620
2208,40.4085,3.7008,1413418920
2208,40.4069,3.6912,1413165120
2208,51.5014,0.125,1413076980
2208,40.4244,3.7122,1412720520
2208,40.4244,3.7122,1412720100
2208,40.421,3.7068,1412636280
2208,40.4201,3.7018,1412559300
2208,40.42,3.7017,1412380200
2208,40.4503,3.6925,1412198640
2208,51.9229,4.4717,1412038500
2208,42.4333,8.6333,1411956000
2208,40.4169,3.7035,1411401480
2208,40.4203,3.6642,1411072860
2208,40.4203,3.6642,1411070940
2208,40.4257,3.691,1410834420
2208,51.5139,0.1406,1410550500
2208,42.5624,8.8671,1409924160
2208,42.5465,8.8603,1409616960
2208,40.4468,3.7141,1409439600
2208,51.5145,0.0861,1409175360
2208,42.4333,8.6333,1409013120
2208,42.4347,8.6365,1408932840
2208,51.505,0.0194,1408666500
2208,51.5029,0.0032,1408154880
2208,51.5029,0.0032,1408153320
2208,51.5104,0.1449,1407974880
2208,51.5003,0.0035,1407892080
2208,51.5861,0.0259,1407784440
2208,51.5139,0.0819,1407615720
2208,51.5045,0.0866,1407444300
2208,51.5108,0.0838,1407374880
2208,51.5145,0.0804,1407116160
2208,51.5053,0.0288,1406856780
2208,51.5286,0.166,1406648340
2208,51.5038,0.02,1406055000
2208,51.501,0.1234,1405904040
2208,51.501,0.1234,1405903320
2208,51.5072,0.1275,1405341720
2208,42.8916,8.4212,1405169160
2208,40.4673,3.6878,1404582660
2208,40.4244,3.7122,1404338520
2208,40.4,3.6833,1404087540
2208,40.4448,3.6911,1403982720
2208,40.4448,3.6911,1403982360
2208,40.4855,3.8633,1403980620
2208,42.4414,8.6915,1403480280
2208,40.4,3.6833,1403031780
2208,40.4,3.6833,1403018820
2208,40.419,3.6934,1402959540
2208,40.4756,3.6878,1402772520
2208,40.4195,3.7056,1402606740
2208,40.4294,3.6938,1402536840
2208,40.4294,3.6938,1402536840
2208,40.4243,3.7183,1402195380
2208,40.4192,3.6925,1402076880
2208,40.4214,3.708,1401913500
2208,40.4192,3.6925,1401824280
2208,40.4117,3.7106,1401660660
2208,40.424,3.7021,1401659520
2208,40.4287,3.7033,1399848900
2208,40.4253,3.688,1397519880
2208,40.4224,3.7008,1396408200
2208,40.4063,3.6905,1393968480
2208,40.4207,3.7095,1393465200
2208,40.466,3.6893,1393287720
2208,40.4276,3.696,1393217580
2208,52.5093,13.3754,1392395820
2208,40.4774,3.6875,1391983440
2208,40.425,3.6903,1391287740
2208,40.425,3.6903,1391222340
2208,40.425,3.6903,1391127900
2208,40.4166,3.7036,1391050080
2208,40.4695,3.9449,1390863540
2208,40.4513,3.6917,1390541820
2208,40.4468,3.6949,1390350840
2208,40.4291,3.7022,1390252020
2208,40.3942,3.6772,1390152360
2208,40.4474,3.6923,1389671640
2208,40.4503,3.693,1389559320
2208,40.466,3.6893,1389461160
2208,42.6973,8.2453,1389038100
2208,42.8804,8.5462,1388787420
2208,42.6782,8.6635,1388686680
2208,42.889,8.5271,1388536080
2208,42.8699,8.5267,1388441580
2208,42.8292,8.5721,1388355540
2208,42.8827,8.5386,1388117520
2208,42.8835,8.526,1387765380
2208,40.4243,3.7122,1386461640
2208,40.4332,3.6736,1386088800
2208,40.42,3.7058,1385598780
2208,40.428,3.708,1383434760
2208,40.4722,3.6408,1378830060
2208,40.428,3.708,1377022560
2208,42.5917,8.7653,1375247820
2208,42.6765,8.725,1373834580
2208,40.4264,3.7043,1371758880
2208,53.4684,2.2359,1368215760
2208,53.4621,2.2306,1368060900
2208,40.4281,3.7035,1366053600
2208,40.4465,3.7036,1360151760
2208,42.8735,8.5522,1356825960
2208,42.8823,8.5284,1344299100
2208,42.4012,8.8124,1343861040
2208,42.4042,8.8104,1343822520
2208,42.3995,8.8066,1343821800
2208,42.4033,8.8129,1343798040
2208,42.4041,8.8125,1343785260
2208,42.4012,8.8093,1343778120
2208,42.4005,8.8085,1343776860
2208,42.4018,8.8051,1343775900
2208,42.4031,8.8131,1343762160
