2228,34.1571,118.4401,1427945760
2228,34.1568,118.4383,1427866260
2228,34.1013,118.3255,1427721240
2228,34.1448,118.3955,1427006760
2228,34.1012,118.3257,1423544100
2228,34.1012,118.3257,1421984100
2228,34.1012,118.3256,1420467300
2228,34.1563,118.4868,1420366140
2228,34.1371,118.3555,1419929280
2228,34.1012,118.3256,1419916740
2228,34.1371,118.3555,1419915240
2228,34.1012,118.3256,1419862800
2228,33.9466,118.4063,1419819900
2228,34.1529,118.4612,1419675240
2228,34.1414,118.3884,1419497160
2228,34.062,118.3002,1418629560
2228,34.1058,118.3421,1418100180
2228,34.0664,118.4008,1417876500
2228,34.0664,118.4008,1417874880
2228,34.1012,118.3256,1417590960
2228,34.1013,118.3257,1417482360
2228,34.1013,118.3257,1417448340
2228,34.1012,118.3256,1417439580
2228,34.062,118.3002,1416815460
2228,34.1521,118.4607,1416712020
2228,34.063,118.4323,1416658500
2228,34.0664,118.4008,1416612540
2228,34.249,117.1969,1416128520
2228,34.2516,117.1884,1416118620
2228,34.1521,118.4607,1415934300
2228,34.0691,118.4062,1415834760
2228,34.1058,118.3421,1415741280
2228,34.1058,118.3421,1415698980
2228,33.9423,118.4071,1415671380
2228,34.1058,118.3421,1415533740
2228,34.1058,118.3421,1415533560
2228,34.1058,118.3421,1415423100
2228,34.1058,118.3421,1415366940
2228,34.1541,118.4664,1415261580
2228,34.1541,118.4664,1415257200
2228,34.1045,118.3417,1414486560
2228,34.1528,118.4606,1414466040
2228,32.7107,117.1563,1413692160
2228,32.7123,117.1598,1413689640
2228,34.1005,118.3296,1413421920
2228,34.0691,118.4062,1413413220
2228,34.1005,118.3296,1413367860
2228,34.1005,118.3296,1413362580
2228,34.1012,118.3256,1411391280
2228,34.1012,118.3256,1410767640
2228,34.062,118.3002,1410680520
2228,34.1569,118.439,1410580140
2228,34.1521,118.4607,1410350640
2228,34.0913,118.8167,1410063900
2228,34.0935,118.6021,1409051340
2228,34.0744,118.2406,1408940040
2228,34.0734,118.2396,1408931280
2228,34.0734,118.2403,1408929660
2228,33.8109,117.9215,1408786440
2228,34.0453,118.2648,1408614060
2228,33.8081,117.9201,1407663720
2228,34.1498,118.4414,1407462780
2228,34.1012,118.3256,1407187500
2228,34.0949,118.3744,1406712540
2228,34.1012,118.3256,1406556300
2228,34.1012,118.3256,1406556120
2228,34.152,118.4607,1406274960
2228,33.8114,117.9205,1406026680
2228,36.1019,115.1687,1405753560
2228,34.0722,118.3583,1405158240
2228,34.0721,118.3583,1405073760
2228,34.0728,118.3587,1405060500
2228,33.8113,117.9212,1404630720
2228,33.8114,117.9205,1404616440
2228,34.1556,118.4528,1402982160
2228,34.1556,118.4528,1402962240
2228,34.1012,118.3256,1402308600
2228,34.0928,118.379,1402294500
2228,34.1009,118.3254,1402284480
2228,36.0857,115.1392,1402200960
2228,36.1851,115.1891,1402103760
2228,34.417,119.6889,1402008420
2228,34.41,119.6857,1401929400
2228,34.2115,118.4482,1401917700
2228,34.1012,118.3256,1401836640
2228,34.1556,118.4528,1401836280
2228,34.1724,118.3642,1401581100
2228,33.9963,118.4578,1401409200
2228,34.1451,118.3697,1401174240
2228,34.1451,118.3697,1401163920
2228,33.9203,116.7726,1401057480
2228,33.8202,116.4092,1400905620
2228,34.0718,118.3604,1400836260
2228,34.0914,118.3816,1400663640
2228,34.1369,118.3556,1400404680
2228,34.1369,118.3556,1400403660
2228,34.1384,118.3551,1400387100
2228,34.1029,118.3264,1400047560
2228,34.1527,118.4606,1399592700
2228,34.1012,118.3256,1399412700
2228,34.1012,118.3256,1399329540
2228,34.1351,118.6423,1397707440
2228,30.4819,81.6476,1397367540
2228,28.325,81.5333,1397181480
2228,32.0807,81.0944,1397083080
2228,32.0805,81.0859,1397007480
2228,34.0632,118.4412,1395469200
2228,34.0632,118.4412,1395466980
2228,34.1468,118.4228,1395217800
2228,29.8818,81.2886,1394914560
2228,34.1531,118.463,1394617200
2228,34.1517,118.4488,1394531460
2228,34.1522,118.4607,1394095680
2228,33.8135,117.9247,1393995900
2228,34.1012,118.3255,1393898220
2228,34.0606,118.3754,1393504860
2228,34.1009,118.3416,1392734460
2228,34.1009,118.3416,1392724320
2228,33.814,117.9203,1388919660
2228,34.1447,118.4088,1388840040
2228,34.1012,118.3255,1387364460
2228,34.0722,118.3566,1386498180
2228,34.1512,118.4521,1386322140
2228,34.1544,118.4668,1386238380
2228,34.1534,118.3781,1386031320
2228,34.152,118.4606,1385809740
2228,34.1552,118.4735,1385606100
2228,34.1553,118.4735,1385605740
2228,34.152,118.4608,1385592120
2228,34.1521,118.4607,1385546520
2228,34.152,118.4607,1385532060
2228,34.152,118.4607,1385531940
2228,34.152,118.4608,1385531580
2228,34.152,118.4606,1385528160
2228,34.1515,118.4592,1385526960
2228,34.1516,118.4527,1385520900
2228,34.1515,118.4528,1385520720
2228,34.152,118.4606,1385453700
2228,34.1521,118.4606,1385338380
2228,34.152,118.4608,1385335980
2228,34.152,118.4607,1385276580
2228,34.152,118.4606,1385257260
2228,34.152,118.4606,1385192460
2228,34.135,118.6424,1385174040
2228,34.1521,118.4608,1385136960
2228,34.152,118.4608,1385124540
2228,34.152,118.4608,1385082900
2228,34.152,118.4607,1385073360
2228,34.152,118.4608,1384999200
2228,34.1519,118.4607,1384957860
2228,34.1522,118.4608,1384835760
2228,34.1007,118.3254,1384824720
2228,34.1007,118.3255,1384822560
2228,34.1007,118.3256,1384821180
2228,34.1007,118.3254,1384789860
2228,34.152,118.4606,1384676100
2228,34.1521,118.4606,1384675800
2228,34.153,118.463,1384674240
2228,34.1521,118.4606,1384672740
2228,34.152,118.4606,1384671960
2228,34.1538,118.4529,1384660860
2228,34.152,118.4606,1384648980
2228,34.152,118.4605,1384643640
2228,34.1519,118.4606,1384641960
2228,34.1519,118.4605,1384641720
2228,34.1521,118.4608,1384491180
2228,34.1521,118.4608,1384491180
2228,34.1514,118.4524,1384486800
2228,34.1512,118.4525,1384486560
2228,34.1523,118.4606,1384476420
2228,34.1521,118.4607,1384433220
2228,34.135,118.6424,1384407060
2228,34.1521,118.4608,1384354200
2228,34.152,118.4607,1384353900
2228,34.1521,118.4607,1384353720
2228,34.1521,118.4607,1384292160
2228,34.152,118.4606,1384290540
2228,34.152,118.4608,1384214700
2228,34.092,118.3794,1384154940
2228,34.0922,118.3798,1384145820
2228,34.0922,118.3797,1384145700
2228,34.152,118.4607,1384134840
2228,34.1007,118.3418,1384094100
2228,34.1448,118.4096,1384067220
2228,34.1512,118.4566,1384060500
2228,34.1706,118.2075,1384000440
2228,34.1706,118.2075,1383990300
2228,34.152,118.4608,1383946680
2228,34.152,118.4608,1383915180
2228,34.1521,118.4607,1383873660
2228,34.152,118.4606,1383781800
2228,34.152,118.4609,1383688020
2228,34.136,118.6361,1383611520
2228,34.1531,118.4617,1383610320
2228,34.1012,118.3255,1383604320
2228,34.152,118.4607,1383579360
2228,34.1521,118.4608,1383577140
2228,34.1511,118.4489,1383543780
2228,34.152,118.4607,1383537600
2228,34.1521,118.4607,1383537300
2228,34.1521,118.4608,1383536040
2228,34.1521,118.4609,1383455700
2228,34.1521,118.4608,1383430380
2228,34.152,118.4606,1383429540
2228,34.152,118.4608,1383428760
2228,34.152,118.4608,1383392700
2228,34.152,118.4606,1383391680
2228,34.152,118.4606,1383390000
2228,34.135,118.6424,1383372720
2228,34.135,118.6422,1383372420
2228,34.135,118.6424,1383360120
2228,34.1521,118.4608,1383174000
2228,34.1522,118.4606,1383173640
2228,34.1519,118.4607,1383172200
2228,34.1521,118.4607,1383172080
2228,34.0733,118.3748,1383170460
2228,34.1522,118.4608,1383168420
2228,34.1524,118.4608,1383140700
2228,34.152,118.4607,1383140460
2228,34.152,118.4607,1383024300
2228,34.1522,118.4608,1383024060
2228,34.152,118.4607,1383013500
2228,34.1521,118.4608,1382975520
2228,33.9486,118.4079,1382919240
2228,33.9486,118.4079,1382919180
2228,30.2479,81.5381,1382868660
2228,30.2478,81.538,1382868540
2228,30.2479,81.5381,1382868480
2228,30.2479,81.5381,1382846340
2228,30.2574,81.5254,1382835900
2228,30.0596,81.5132,1382813100
2228,30.3255,81.395,1382804520
2228,30.3254,81.3947,1382771040
2228,30.3253,81.3949,1382768400
2228,30.3245,81.3959,1382763960
2228,30.3253,81.3948,1382741340
2228,30.3255,81.3949,1382741160
2228,30.3249,81.395,1382723160
2228,30.3252,81.3951,1382722080
2228,30.3253,81.3947,1382716560
2228,30.3254,81.3947,1382686500
2228,30.3253,81.3949,1382686200
2228,30.3255,81.395,1382685540
2228,30.3245,81.3945,1382672400
2228,30.3245,81.3945,1382671500
2228,29.6528,95.2764,1382591580
2228,34.1012,118.3255,1382400000
2228,33.7215,116.3218,1382262840
2228,33.7616,116.2715,1382252280
2228,34.0909,118.326,1381995360
2228,34.1012,118.3255,1381793700
2228,34.0917,118.3137,1381400520
2228,34.1521,118.4608,1381377000
2228,34.1521,118.4608,1381375440
2228,34.1012,118.3255,1381153740
2228,34.1019,118.3256,1381106340
2228,33.8103,117.9197,1381023300
2228,33.8116,117.9172,1380942720
2228,33.8118,117.9221,1380939900
2228,34.1665,118.6605,1380610740
2228,34.1012,118.3255,1380586560
2228,34.1012,118.3255,1380452640
2228,34.1351,118.6423,1380259740
2228,34.1012,118.3255,1379339880
2228,34.1521,118.4608,1378951860
2228,34.1521,118.4608,1378860360
2228,34.1012,118.3255,1378684080
2228,34.1404,118.3756,1377413760
2228,34.0692,118.3997,1377249420
2228,34.0731,118.3893,1377042240
2228,34.0608,118.3831,1376435640
2228,34.1351,118.6423,1376371860
2228,34.0721,118.3605,1376122920
2228,34.1012,118.3255,1375745400
2228,34.1012,118.3255,1375745040
2228,34.0949,118.3744,1375345620
2228,34.0763,118.3723,1375057920
2228,34.0722,118.3575,1374915660
2228,34.0908,118.372,1373858820
2228,33.8862,117.5637,1373763840
2228,34.1012,118.3255,1373624220
2228,34.1569,118.3238,1373528820
2228,34.1565,118.6425,1373421840
2228,34.0088,118.4934,1372986960
2228,33.8106,117.9188,1372850940
2228,33.8068,117.9172,1372817100
2228,33.8123,117.9149,1372801920
2228,34.0608,118.3837,1372495200
2228,33.9967,118.4846,1371954600
2228,36.1158,115.173,1371594900
2228,34.0937,118.3778,1371173400
2228,34.0727,118.3689,1371157380
2228,34.0608,118.3831,1370696400
2228,33.807,117.9172,1370594820
2228,34.0727,118.3689,1370559540
2228,29.6528,95.2774,1370498880
2228,36.0424,86.7797,1370402340
2228,33.8079,117.9219,1370222760
2228,34.1416,118.75,1370147520
2228,34.0613,118.3815,1370092740
2228,34.1414,118.3885,1370080260
2228,34.0613,118.3815,1369951140
2228,34.0613,118.3815,1369910340
2228,34.0613,118.3816,1369908600
2228,33.989,118.4718,1369871940
2228,33.9888,118.4715,1369870620
2228,34.0613,118.3814,1369822860
2228,34.0613,118.3814,1369822560
2228,34.0613,118.3814,1369818900
2228,34.1407,118.3761,1369712040
2228,33.8103,117.9197,1369659900
2228,33.8103,117.9197,1369625580
2228,33.815,117.926,1369620540
2228,34.0613,118.3817,1369566840
2228,34.0613,118.3814,1369521240
2228,33.959,118.1132,1369496040
2228,32.7481,117.152,1369450920
2228,32.7817,117.2066,1369440660
2228,32.76,117.1682,1369389900
2228,32.7817,117.2066,1369389300
2228,32.76,117.1682,1369375200
2228,34.1707,118.2074,1369212780
2228,34.0628,118.3836,1369184100
2228,34.0835,118.3602,1369008120
2228,34.0476,118.3385,1368963180
2228,33.9221,116.8054,1368842160
2228,33.9202,116.7731,1368840780
2228,33.845,116.5423,1368838380
2228,33.845,116.5423,1368830340
2228,33.8232,116.5468,1368774060
2228,33.845,116.5423,1368749580
2228,33.845,116.5423,1368742560
2228,33.845,116.5423,1368742260
2228,33.845,116.5423,1368705240
2228,33.8451,116.5466,1368704460
2228,34.0871,118.3838,1368679560
2228,33.9981,118.4738,1368667140
2228,33.9981,118.4738,1368662400
2228,34.1012,118.3255,1368505800
2228,34.1012,118.3255,1368473040
2228,34.1012,118.3255,1368468900
2228,33.9976,118.4579,1368309180
2228,34.0614,118.3818,1368170880
2228,33.9868,118.4736,1368064860
2228,34.0614,118.3818,1367924520
2228,33.9976,118.4579,1367885400
2228,41.7881,87.7436,1367823480
2228,30.2029,81.3853,1367732760
2228,30.2029,81.3853,1367637840
2228,34.0733,118.3748,1367482200
2228,34.0733,118.3748,1367481180
2228,34.1667,118.3756,1367467620
2228,34.0614,118.3818,1367405040
2228,34.0912,118.3657,1367199420
2228,34.0924,118.3797,1367139480
2228,34.0714,118.3438,1367118780
2228,34.0614,118.3818,1367070780
2228,34.0614,118.3818,1367047500
2228,33.7331,117.7662,1367029980
2228,33.9868,118.4736,1366946820
2228,33.9976,118.4579,1366860660
2228,34.0908,118.3729,1366338240
2228,34.1376,118.3643,1366190460
2228,33.9787,118.04,1365907320
2228,34.0943,118.3637,1365675180
2228,34.135,118.6423,1365581400
2228,33.7743,118.137,1365417180
2228,34.0613,118.3816,1365333060
2228,34.0771,118.3806,1364977320
2228,33.733,117.7662,1364799240
2228,33.733,117.7662,1364790000
2228,33.733,117.7662,1364787720
2228,34.0613,118.3816,1364729700
2228,34.0613,118.3816,1364729400
2228,34.0613,118.3816,1364726040
2228,34.0949,118.3744,1364598840
2228,34.0614,118.3817,1364568120
2228,34.0949,118.3744,1364561940
2228,34.0718,118.3607,1364531520
2228,34.032,118.2847,1364343840
2228,34.0898,118.3761,1364284140
2228,34.0735,118.3588,1364199900
2228,34.0722,118.3674,1364184360
2228,34.0872,118.3767,1364110980
2228,34.0836,118.3753,1358224260
2228,34.0613,118.3815,1358202780
2228,34.0614,118.3816,1358199840
2228,34.0614,118.3817,1358138100
2228,34.0614,118.3817,1358089680
2228,34.1354,118.6424,1357954080
