2235,38.7061,90.3473,1427099220
2235,38.7061,90.3473,1427099220
2235,38.5648,90.5426,1426925100
2235,38.5646,90.5424,1426925040
2235,38.5648,90.5425,1426925040
2235,38.5648,90.5425,1426925040
2235,38.5646,90.5423,1426924980
2235,38.5647,90.5424,1426924980
2235,38.5648,90.5426,1426924920
2235,38.6045,90.583,1426896120
2235,38.6044,90.583,1426896000
2235,38.6044,90.5829,1426896000
2235,38.6044,90.5829,1426895940
2235,38.6044,90.5829,1426895940
2235,38.6047,90.583,1426895880
2235,38.706,90.3472,1426675380
2235,38.706,90.3472,1426675260
2235,38.706,90.3479,1426675200
2235,38.7047,90.3397,1426674720
2235,38.7047,90.3397,1426674660
2235,38.706,90.3476,1425636300
2235,38.706,90.3473,1425636300
2235,38.706,90.3473,1425636240
2235,38.706,90.3473,1425280020
2235,38.7062,90.3474,1424647020
2235,38.7062,90.3474,1424646960
2235,38.706,90.3474,1424646960
2235,38.6046,90.5825,1424310720
2235,38.6046,90.5825,1424310720
2235,38.7059,90.3474,1424257860
2235,38.7059,90.3474,1424257800
2235,38.7061,90.3474,1424097660
2235,38.7059,90.3478,1424097660
2235,38.706,90.3474,1423816980
2235,38.7058,90.3475,1423733280
2235,38.7059,90.3478,1423733220
2235,38.706,90.3473,1423733160
2235,38.7061,90.3474,1423489020
2235,38.706,90.3473,1423227180
2235,38.7058,90.3476,1423222260
2235,38.7058,90.3476,1423222260
2235,38.7059,90.3473,1423222200
2235,38.7316,90.338,1423185600
2235,38.6291,90.3349,1423184100
2235,38.6291,90.3349,1423184100
2235,38.5804,90.3377,1423183860
2235,38.5802,90.3378,1423183680
2235,38.6332,90.3443,1423112580
2235,38.6378,90.3439,1423112520
2235,38.706,90.3474,1423102680
2235,38.7059,90.3474,1423102620
2235,38.7062,90.3478,1423102200
2235,38.7058,90.3474,1422669120
2235,38.6307,90.3599,1422620400
2235,38.6202,90.4514,1422619920
2235,38.5856,90.4485,1422619800
2235,38.5555,90.4331,1422619680
2235,38.7059,90.3475,1422513240
2235,38.705,90.3398,1422491520
2235,38.705,90.3398,1422491460
2235,38.5649,90.5426,1422401940
2235,38.5649,90.5426,1422401940
2235,38.5649,90.5426,1422401940
2235,38.5649,90.5425,1422343260
2235,38.7058,90.3475,1422115140
2235,38.706,90.3474,1422113460
2235,38.706,90.3474,1422113460
2235,38.706,90.3474,1422113460
2235,38.706,90.3474,1422113460
2235,38.706,90.3475,1422112680
2235,38.706,90.3471,1422112620
2235,38.7062,90.3474,1422112560
2235,38.7061,90.3477,1422017940
2235,38.7063,90.3472,1422017880
2235,38.706,90.3474,1422017700
2235,38.706,90.3474,1422017700
2235,38.706,90.3475,1422017520
2235,38.7058,90.3476,1422017100
2235,38.706,90.3474,1421947200
2235,38.706,90.3474,1421947140
2235,38.706,90.3475,1421760180
2235,38.7058,90.3477,1421760180
2235,38.7061,90.3475,1421758320
2235,38.7058,90.3476,1421758320
2235,38.706,90.3471,1421758260
2235,38.706,90.3475,1421758260
2235,38.706,90.3473,1421758080
2235,38.706,90.3474,1421758020
2235,38.7061,90.3474,1421757960
2235,38.7058,90.3473,1421757960
2235,38.7059,90.348,1421757840
2235,38.7059,90.3475,1421060100
2235,38.7059,90.3476,1421060100
2235,38.7059,90.3473,1421059920
2235,38.7059,90.3474,1421059860
2235,38.4448,90.3027,1420998360
2235,38.4446,90.3029,1420998300
2235,38.4446,90.3029,1420998300
2235,38.4447,90.3029,1420998300
2235,38.4447,90.3029,1420998240
2235,38.4447,90.3029,1420998180
2235,38.4447,90.3029,1420998180
2235,38.706,90.3473,1420938960
2235,38.706,90.3473,1420938960
2235,38.7058,90.3478,1420938900
2235,38.7058,90.3474,1420932240
2235,38.7058,90.3474,1420932180
2235,38.7059,90.3474,1420932120
2235,38.7055,90.3474,1420932120
2235,38.5649,90.5425,1420902060
2235,38.6504,90.3382,1420768560
2235,38.6504,90.3382,1420768500
2235,38.6505,90.3381,1420768440
2235,38.6605,90.3327,1420719900
2235,38.6606,90.3326,1420719840
2235,38.6605,90.3332,1420719840
2235,38.6605,90.3327,1420718880
2235,38.6605,90.3327,1420718820
2235,38.6605,90.3327,1420718820
2235,38.6604,90.3327,1420718760
2235,38.6605,90.3328,1420718760
2235,38.6604,90.3327,1420718760
2235,38.6604,90.3327,1420718700
2235,38.6604,90.3327,1420718700
2235,38.6604,90.3327,1420718700
2235,38.6606,90.3328,1420718520
2235,38.6558,90.2985,1420685460
2235,38.6559,90.298,1420676760
2235,38.6559,90.298,1420676760
2235,38.706,90.3475,1420593060
2235,38.706,90.3476,1420593000
2235,38.7061,90.3474,1420583760
2235,38.7061,90.3474,1420507440
2235,38.706,90.3474,1420507380
2235,38.706,90.3474,1420507380
2235,38.706,90.3474,1420507380
2235,38.7063,90.3474,1420507380
2235,38.706,90.3474,1420488060
2235,38.7061,90.3476,1420443300
2235,38.7061,90.3476,1420443300
2235,38.706,90.3474,1420443240
2235,38.706,90.3474,1420443120
2235,38.7057,90.3477,1420442940
2235,38.706,90.3474,1420442940
2235,38.706,90.3474,1420442880
2235,38.706,90.3474,1420438260
2235,38.7059,90.3474,1420426740
2235,38.7059,90.3474,1420426740
2235,38.7057,90.3473,1420426140
2235,38.6248,90.2017,1420033260
2235,38.7059,90.3478,1419932520
2235,38.706,90.3474,1419932280
2235,38.706,90.3474,1419932280
2235,38.6302,90.1942,1418834280
2235,38.9334,92.9677,1418446920
2235,39.0841,94.934,1418436600
2235,39.0355,95.1084,1418436060
2235,38.9671,95.24,1418431800
2235,38.9671,95.24,1418386320
2235,38.9671,95.2398,1418368380
2235,38.6675,90.361,1416581220
2235,38.706,90.3473,1416565800
2235,38.7059,90.3473,1416565740
2235,38.7059,90.3474,1416561060
2235,38.7059,90.3473,1416560940
2235,38.7059,90.3473,1416560880
2235,38.7059,90.3473,1416560880
2235,38.7059,90.3473,1416560820
2235,27.7884,82.693,1416379980
2235,28.1142,82.7418,1416230100
2235,28.1142,82.7418,1416177960
2235,28.1142,82.7418,1416173880
2235,28.1142,82.7418,1416172620
2235,28.5822,82.2171,1416163620
2235,32.3093,83.7631,1416149340
2235,34.0879,84.6962,1416140220
2235,34.2104,84.7577,1416139740
