2247,39.9298,32.8558,1425812160
2247,39.9212,32.8535,1425055500
2247,39.789,32.8096,1424025360
2247,40.9816,28.7057,1422994320
2247,41.0036,28.6878,1422977820
2247,41.0152,28.5936,1422926700
2247,41.0155,28.6275,1422907800
2247,41.015,28.6278,1422907680
2247,41.0122,28.6279,1422806940
2247,39.9183,32.8552,1419102480
2247,39.8893,32.8121,1417286760
2247,39.9175,32.8554,1414755120
2247,39.9184,32.8553,1414696380
2247,39.9205,32.8554,1414689240
2247,40.7645,29.9345,1412710380
2247,41.0429,29.0066,1412700840
2247,41.1092,29.0545,1412693580
2247,41.0146,28.6278,1412345820
2247,39.9165,32.8556,1410471000
2247,39.9181,32.813,1409905800
2247,41.0036,28.6878,1409239980
2247,40.979,28.7213,1409009220
2247,41.0381,28.9971,1408813020
2247,41.0877,29.0568,1408807020
2247,41.0792,29.0478,1408805400
2247,41.0138,28.6396,1408750380
2247,41.0091,28.6255,1408663080
2247,41.016,28.6273,1408306080
2247,41.0155,28.6268,1408303980
2247,40.9905,29.0291,1406273160
2247,39.9181,32.813,1406252760
2247,39.9163,32.8602,1406160060
2247,39.7916,32.8153,1403586960
2247,39.7921,32.8152,1403586240
2247,39.8933,32.8686,1403447040
2247,39.9396,32.7957,1394162100
2247,39.9674,32.8438,1387809660
2247,39.7909,32.8097,1385492640
2247,39.8741,32.8608,1385250180
2247,39.973,32.8403,1384026240
2247,39.7677,32.7792,1383486000
2247,39.8803,32.8025,1383127740
2247,39.784,32.8024,1383088620
2247,39.8847,32.8459,1382741340
2247,39.7785,32.8044,1382575500
2247,39.7738,32.7856,1382142240
2247,41.0004,28.6247,1382026860
2247,40.9923,28.7718,1381966140
2247,41.0131,28.8834,1381959660
2247,41.0036,28.6878,1381959600
2247,40.979,28.7213,1381879080
2247,40.982,28.7223,1381867920
2247,40.9809,28.7206,1381782000
2247,40.6925,30.2825,1381767300
2247,40.6914,30.2687,1381767060
2247,39.9407,32.8288,1381621800
2247,39.7929,32.8166,1380188760
2247,39.7891,32.8025,1379722380
2247,39.9511,32.8321,1378906440
2247,39.7836,32.8028,1378251480
2247,39.7925,32.8149,1378225680
2247,39.792,32.8152,1373522040
2247,39.792,32.8152,1373208060
2247,39.792,32.8152,1373206080
2247,39.7921,32.8152,1372892460
2247,39.7921,32.8152,1364509620
2247,39.7921,32.8152,1364504640
2247,39.7921,32.8152,1364504340
2247,39.7921,32.8152,1364462700
2247,39.7921,32.8152,1364422560
2247,39.7921,32.8152,1364422380
2247,39.7921,32.8152,1364410320
2247,39.7921,32.8152,1364409060
2247,39.7921,32.8152,1364382660
2247,39.7921,32.8152,1364343480
2247,39.7921,32.8152,1364343360
2247,39.7921,32.8152,1364343120
2247,39.7921,32.8152,1364342940
2247,39.7921,32.8152,1364342580
2247,39.7921,32.8152,1364341560
2247,39.7921,32.8152,1364211480
2247,39.7921,32.8152,1364169060
2247,39.7921,32.8152,1364168760
