2251,18.4099,66.1012,1427775900
2251,18.4099,66.1012,1427171220
2251,18.4102,66.1011,1426566240
2251,18.3593,66.1062,1426541580
2251,18.3627,66.106,1426283820
2251,18.464,66.1061,1425863520
2251,18.4171,66.0726,1425845700
2251,18.3674,66.1057,1424357040
2251,18.3808,66.1432,1424308980
2251,18.4579,66.0749,1423991820
2251,18.4586,66.0748,1423991640
2251,18.3675,66.1057,1422952920
2251,18.3675,66.1057,1422914040
2251,18.4099,66.1012,1421987100
2251,18.4099,66.1012,1421727960
2251,18.4087,66.1043,1421387040
2251,18.4099,66.1012,1421382420
2251,18.4099,66.1012,1421122440
2251,18.4099,66.1012,1420781820
2251,17.961,66.9029,1420234140
2251,17.9609,66.9026,1420234020
2251,18.0697,66.2194,1419734760
2251,18.4087,66.1043,1419574740
2251,18.3685,66.1106,1419136260
2251,18.4087,66.1043,1418972880
2251,18.4783,66.509,1418597220
2251,18.4099,66.1012,1417494360
2251,18.3767,65.6453,1417211280
2251,18.4099,66.1012,1416543540
2251,18.3767,65.6413,1416185880
2251,18.1524,65.4432,1415820360
2251,18.1524,65.4432,1415819280
2251,18.1428,65.4714,1415769780
2251,18.1428,65.4725,1415759940
2251,18.1428,65.4725,1415759160
2251,18.1299,65.4625,1415737740
2251,18.0953,65.4736,1415592480
2251,18.0966,65.4651,1415569320
2251,18.0968,65.4656,1415569200
2251,18.0953,65.4734,1415568060
2251,18.0951,65.4716,1415567460
2251,18.1429,65.4726,1415563800
2251,18.0953,65.4735,1415510400
2251,18.0976,65.4717,1415507760
2251,18.1426,65.4709,1415475720
2251,18.0952,65.4732,1415420340
2251,18.0952,65.4731,1415419680
2251,18.1426,65.4709,1415395440
2251,18.1477,65.4413,1415391540
2251,18.1426,65.4709,1415345520
2251,18.1424,65.4716,1415341800
2251,18.0976,65.4717,1415337360
2251,18.0951,65.4716,1415335620
2251,18.1111,65.4003,1415315580
2251,18.1426,65.4709,1415257680
2251,18.1426,65.4709,1415255700
2251,18.0976,65.4717,1415250120
2251,18.1426,65.4709,1415224380
2251,18.3338,65.6298,1415206620
2251,18.4099,66.1012,1415075160
2251,18.4102,66.1011,1414469580
2251,18.4553,66.0724,1414302540
2251,18.4102,66.1011,1413873960
2251,18.4092,66.1036,1412920500
2251,18.4102,66.1011,1412914920
2251,18.4102,66.1011,1412655240
2251,18.4675,66.5246,1412478120
2251,18.4814,66.5184,1412389500
2251,18.4783,66.509,1412385300
2251,18.3692,66.1121,1412230260
2251,18.4102,66.1011,1412050080
2251,18.4814,66.5184,1411871280
2251,18.4102,66.1011,1411705020
2251,18.4102,66.1011,1411445820
