2261,37.8197,122.4786,1405054140
2261,34.4186,119.6753,1404514140
2261,34.464,119.8317,1404219480
2261,54.8238,6.3337,1393464840
2261,54.8541,6.2931,1393266900
2261,51.1589,0.1778,1393202700
2261,51.1511,0.1918,1393201800
2261,54.8027,6.3345,1384133880
2261,54.8028,6.335,1384129500
2261,54.8318,6.3212,1384097040
2261,54.8028,6.3346,1384054560
2261,54.803,6.3346,1384040160
2261,54.8028,6.3347,1384040040
2261,54.8027,6.3345,1384037520
2261,54.8028,6.3345,1384017060
2261,54.8027,6.3346,1384013580
2261,54.8027,6.3345,1384012560
2261,37.8179,144.9683,1372509000
2261,35.2278,149.1154,1372189020
2261,35.2277,149.1155,1372188600
2261,35.2277,149.1154,1372188360
2261,35.2277,149.1154,1372188120
2261,35.2276,149.1156,1372187100
2261,35.2277,149.1154,1372185120
2261,35.2276,149.1154,1372183740
2261,35.2276,149.1154,1372183260
2261,35.2274,149.1149,1372178520
2261,35.2277,149.1154,1372177920
2261,35.2277,149.1154,1372176540
2261,27.3853,153.1224,1372085460
2261,27.4687,153.0276,1372073760
2261,27.4687,153.0281,1372009620
2261,27.469,153.028,1372008000
2261,27.4687,153.0281,1372007520
2261,27.4687,153.0281,1372007340
2261,27.4687,153.0281,1372006740
2261,27.4687,153.0281,1372005840
2261,27.4687,153.0281,1372000560
2261,27.9963,153.364,1371989640
2261,27.4687,153.0281,1371929700
2261,27.4687,153.0281,1371929400
2261,27.4687,153.0281,1371926700
2261,27.4691,153.0061,1371922020
2261,35.2277,149.1155,1370721960
2261,35.2277,149.1155,1370721060
2261,35.2276,149.1155,1370711220
2261,35.2276,149.1155,1370710140
2261,35.2276,149.1155,1370709180
2261,35.2276,149.1155,1370708820
2261,35.2276,149.1155,1370708460
2261,35.2276,149.1155,1370704560
2261,35.2276,149.1156,1370702520
2261,35.2277,149.1154,1370526180
2261,35.2277,149.1154,1370521440
2261,33.8863,151.2048,1370459580
2261,33.8795,151.1085,1370439000
2261,33.8951,151.1646,1370438820
2261,33.8954,151.1937,1370438520
2261,35.25,149.1026,1367081400
2261,54.8529,6.2873,1357836540
2261,54.8029,6.3345,1356057120
2261,54.8027,6.3345,1356051120
2261,54.8027,6.3345,1356046740
