2277,35.964,79.0576,1425620580
2277,35.9246,79.0534,1425617580
2277,35.8296,78.6232,1425606900
2277,35.8297,78.6232,1425599640
2277,35.9502,79.013,1425453060
2277,35.9502,79.0129,1425262080
2277,35.9503,79.013,1424844540
2277,35.9504,79.0132,1424844240
2277,35.9504,79.0131,1424840880
2277,35.9502,79.013,1424678460
2277,35.9503,79.0131,1424678340
2277,35.9502,79.013,1424672700
2277,35.9503,79.013,1424671020
2277,35.9504,79.013,1424670600
2277,35.9503,79.013,1424670180
2277,35.9503,79.013,1424670060
2277,35.9502,79.0129,1424668200
2277,35.9503,79.013,1424667600
2277,35.9503,79.013,1424667480
2277,35.9503,79.013,1424327160
2277,35.9503,79.013,1424245380
2277,35.9502,79.013,1423985040
2277,35.9503,79.0131,1423468620
2277,35.9503,79.0129,1423468500
2277,35.9502,79.0131,1423462140
2277,35.9503,79.0129,1422858000
2277,35.9504,79.0131,1422857280
2277,35.9504,79.0128,1422851400
2277,35.9502,79.0128,1422850020
2277,35.95,79.0127,1422259620
2277,35.9502,79.0129,1422259020
2277,35.9503,79.013,1422229020
2277,35.8296,78.6233,1421705160
2277,35.9503,79.013,1421282520
2277,35.9503,79.013,1421042340
2277,35.9503,79.013,1421040540
2277,35.9502,79.0129,1421039820
2277,35.9503,79.0128,1421039700
2277,35.9473,78.9973,1420704840
2277,35.911,79.0715,1420317480
2277,35.8296,78.6233,1420250040
2277,35.7785,78.6466,1420105740
2277,35.9127,78.9818,1420094460
2277,35.9502,79.013,1420013880
2277,35.8054,80.1963,1420006080
2277,35.7508,80.3509,1420005420
2277,35.9502,79.0128,1418883960
2277,35.8927,78.8524,1418097840
2277,35.9581,78.5281,1417220640
2277,35.9579,78.5274,1417220400
2277,35.9502,79.013,1416381120
2277,35.9502,79.013,1416035520
2277,35.9502,79.0131,1416034920
2277,35.9502,79.013,1414652340
2277,35.9502,79.0129,1414372800
2277,35.9502,79.013,1414131780
2277,35.9177,79.0752,1413432900
2277,35.9169,79.0773,1413002820
2277,35.9169,79.0772,1412572740
2277,35.8924,79.0859,1411344600
2277,35.9579,78.5275,1411276980
2277,35.9611,79.0573,1411257300
2277,40.7217,73.9999,1410045240
2277,35.8785,78.7919,1409621820
2277,40.7698,73.8613,1409280060
2277,40.73,73.9824,1408771560
2277,40.7567,73.9702,1408042500
2277,40.7549,73.9766,1405897800
2277,40.7309,74.0008,1405839420
2277,40.7563,73.9704,1405036800
2277,40.7408,74.0078,1404348060
2277,40.8295,73.9269,1404274500
2277,40.7275,73.9934,1403984280
2277,40.7213,74.0146,1403933820
2277,40.7213,74.0146,1403929740
2277,40.73,73.9824,1403760480
2277,40.7617,73.9854,1403671020
2277,40.7301,73.9838,1403498460
2277,40.7301,73.9838,1403488800
2277,40.7712,73.9741,1403481300
2277,40.7349,74.0062,1403410620
2277,40.7207,73.9616,1403389140
2277,40.7566,73.9706,1403303340
2277,40.7565,73.9704,1403041980
2277,40.7565,73.9705,1402698240
2277,40.7567,73.9707,1402358340
2277,40.7283,73.985,1402269120
2277,40.7282,73.9851,1402268460
2277,40.733,73.991,1402265400
2277,40.73,73.9824,1402208100
2277,40.73,73.9824,1402193160
2277,40.73,73.9824,1402180980
2277,40.73,73.9824,1401687000
2277,40.7564,73.9704,1401322320
2277,40.7278,73.991,1401158400
2277,40.7423,74.0079,1401135540
2277,40.7423,74.0079,1401135360
2277,40.7176,74.0166,1401061680
2277,40.73,73.9824,1401051540
2277,40.73,73.9824,1400983440
2277,40.7289,73.9869,1400972520
2277,40.73,73.9824,1400887200
2277,40.7345,73.9892,1400729640
2277,40.7565,73.9705,1400705460
2277,40.7299,73.9824,1400389140
2277,40.7314,73.9872,1400359620
2277,40.7565,73.9704,1400263260
2277,40.7565,73.9704,1400189340
2277,40.7564,73.9704,1400188800
2277,40.7561,73.97,1400033640
2277,40.73,73.9824,1399858740
2277,35.8789,78.7919,1399836480
2277,35.9107,79.0772,1399751760
2277,35.7782,78.6386,1399706040
2277,35.9098,79.0721,1399674540
2277,35.9134,79.0793,1399586700
2277,40.7688,73.8621,1399519320
2277,40.7564,73.9703,1399417200
2277,40.73,73.9824,1399353780
2277,40.7571,73.9717,1399310760
2277,40.744,73.9817,1399240020
2277,40.7299,73.9835,1399238280
2277,40.7296,73.9904,1399085940
2277,40.7562,73.9705,1399074120
2277,40.7563,73.9704,1398992760
2277,40.7566,73.9706,1398879060
2277,40.7565,73.9703,1398824280
2277,40.7299,73.9833,1398637200
2277,40.73,73.9823,1398565320
2277,40.73,73.9824,1398553200
2277,40.7308,73.9855,1398311400
2277,40.7446,73.9855,1398187260
2277,40.7563,73.9703,1398124500
2277,40.73,73.9824,1397973840
2277,40.73,73.9824,1397959620
2277,40.73,73.9823,1397953560
2277,40.73,73.9824,1397953440
2277,40.73,73.9823,1397878380
2277,40.7281,73.9829,1397797200
2277,40.73,73.9824,1397623380
2277,40.7564,73.9704,1397582940
2277,40.7284,73.985,1397419260
2277,40.73,73.9824,1397410140
2277,40.73,73.9824,1397293620
2277,40.7564,73.9703,1397259540
2277,40.7574,73.9716,1397259240
2277,40.73,73.9824,1396840680
2277,40.7283,73.985,1396813500
2277,40.73,73.9824,1396767540
2277,40.73,73.9824,1396736100
2277,40.73,73.9824,1396724520
2277,40.7301,73.9911,1396723440
2277,40.7291,73.9925,1396722960
2277,40.7282,73.9885,1396661340
2277,40.73,73.9824,1396596600
2277,40.73,73.9824,1396586640
2277,40.73,73.9824,1396573440
2277,40.7445,73.9907,1396562880
2277,40.7291,73.9868,1396551660
2277,40.73,73.9824,1396547520
2277,40.7331,74.0033,1396508280
2277,40.7564,73.9704,1396468920
2277,40.7334,73.9875,1396410000
2277,40.7565,73.9703,1396404720
2277,40.7564,73.9703,1396399920
2277,40.7564,73.9703,1396381740
2277,40.7562,73.9704,1396303380
2277,40.7283,73.985,1396208460
2277,40.73,73.9824,1396137060
2277,40.7258,74.0009,1396130040
2277,40.7565,73.9705,1396028400
2277,40.73,73.9824,1395897360
2277,40.7562,73.9705,1395887280
2277,40.7564,73.9703,1395771720
2277,40.73,73.9824,1395731160
2277,40.73,73.9824,1395730440
2277,40.73,73.9824,1395722880
2277,40.7299,73.9823,1395632880
2277,40.73,73.9824,1395632520
2277,40.73,73.9824,1395599280
2277,40.73,73.9824,1395465180
2277,40.73,73.9824,1395462540
2277,40.7565,73.9703,1395439440
2277,40.7297,73.9825,1395420300
2277,40.73,73.9824,1395383220
2277,40.73,73.9824,1395382740
2277,40.7566,73.9703,1395347880
2277,40.73,73.9824,1395298200
2277,40.73,73.9824,1395023580
2277,40.73,73.9824,1395005160
2277,40.73,73.9823,1394998920
2277,40.73,73.9824,1394935260
2277,40.73,73.9824,1394929260
2277,40.73,73.9824,1394862000
2277,40.73,73.9824,1394859180
2277,40.73,73.9823,1394856780
2277,40.73,73.9824,1394772000
2277,40.73,73.9823,1394770680
2277,40.7563,73.9704,1394490600
2277,40.73,73.9824,1394418840
2277,40.7282,73.9851,1394394840
2277,40.7263,73.9947,1394318880
2277,40.73,73.9823,1394314500
2277,40.73,73.9824,1394260320
2277,40.7564,73.9703,1394162700
2277,40.73,73.9824,1394088660
2277,40.7316,73.9877,1394081280
2277,40.7564,73.9703,1394073420
2277,40.73,73.9824,1394003100
2277,40.73,73.9824,1394001600
2277,40.73,73.9824,1393916880
2277,35.8765,78.793,1393867980
2277,35.9169,79.077,1393835100
2277,35.917,79.077,1393834500
2277,35.917,79.0771,1393834380
2277,35.917,79.077,1393829220
2277,35.9173,79.0772,1393822320
2277,35.917,79.0772,1393822140
2277,35.9169,79.0773,1393822020
2277,35.9169,79.0773,1393821600
2277,35.9364,79.026,1393798560
2277,35.917,79.0771,1393737540
2277,35.9169,79.0771,1393732620
2277,35.9098,79.0721,1393628520
2277,35.9133,79.0554,1393623360
2277,35.9115,79.0605,1393620060
2277,35.9115,79.0604,1393618320
2277,35.9057,79.0461,1393545780
2277,40.6405,73.7897,1393519980
2277,40.7461,73.9739,1393516560
2277,40.7429,73.9742,1393516440
2277,40.7564,73.9704,1393371960
2277,40.7565,73.9703,1393293600
2277,40.73,73.9823,1393193640
2277,40.73,73.9824,1393193100
2277,40.73,73.9824,1393187340
2277,40.73,73.9824,1393053240
2277,40.73,73.9824,1392967260
2277,40.7255,74.0046,1392948000
2277,40.7255,74.0044,1392939780
2277,40.7564,73.9704,1392926940
2277,40.7563,73.9704,1392920760
2277,40.756,73.9706,1392836400
2277,40.7334,73.988,1392783660
2277,40.7566,73.9704,1392765780
2277,40.73,73.9823,1392673080
2277,40.7337,73.9877,1392665280
2277,40.73,73.9824,1392622920
2277,40.73,73.9824,1392600540
2277,40.73,73.9823,1392593400
2277,40.7284,73.9851,1392584520
2277,40.73,73.9824,1392540360
2277,40.7565,73.9704,1392431760
2277,40.7564,73.9703,1392430440
2277,40.7564,73.9702,1392427380
2277,40.73,73.9824,1392345420
2277,40.73,73.9824,1392343560
2277,40.73,73.9824,1392343440
2277,40.7283,73.985,1392338820
2277,40.7281,73.985,1392330840
2277,40.7282,73.985,1392317880
2277,40.7636,73.9829,1392155040
2277,40.7563,73.9704,1392145140
2277,40.73,73.9823,1392102720
2277,40.769,73.9964,1392071220
2277,40.73,73.9824,1391977020
2277,40.73,73.9823,1391921340
2277,40.7287,74.0045,1391909280
2277,40.732,73.9881,1391796780
2277,40.73,73.9823,1391754360
2277,40.7365,73.9888,1391738580
2277,40.7562,73.9703,1391730960
2277,40.7565,73.9705,1391714040
2277,40.73,73.9824,1391501940
2277,40.73,73.9824,1391499240
2277,40.73,73.9824,1391498700
2277,40.73,73.9823,1391498400
2277,40.7562,73.97,1391467440
2277,40.7563,73.9703,1391467020
2277,40.7524,73.9753,1391452320
2277,40.73,73.9823,1391381880
2277,40.73,73.9823,1391380980
2277,40.7304,73.9845,1391380200
2277,40.73,73.9824,1391250660
2277,40.73,73.9823,1391241480
2277,40.7344,73.9895,1391229600
2277,40.7564,73.9704,1391214900
2277,40.7565,73.9703,1391135760
2277,40.7564,73.9703,1391119680
2277,40.73,73.9823,1390983720
2277,40.73,73.9824,1390781700
2277,40.73,73.9823,1390781460
2277,40.7612,73.9693,1390593120
2277,40.73,73.9824,1390459380
2277,40.7565,73.9703,1390444440
2277,40.7565,73.9703,1390349640
2277,40.7564,73.9702,1390339020
2277,40.73,73.9824,1390090680
2277,40.7564,73.9703,1390014240
2277,40.73,73.9824,1389944640
2277,40.7294,73.9839,1389940320
2277,40.7282,73.9829,1389935160
2277,40.7565,73.9704,1389913140
2277,40.7564,73.9703,1389898200
2277,40.73,73.9824,1389861060
2277,40.73,73.9824,1389859380
2277,40.7566,73.9705,1389638220
2277,40.7342,73.9894,1389636840
2277,40.7432,73.9726,1389600000
2277,40.7431,73.9725,1389592740
2277,40.7431,73.9726,1389591720
2277,40.743,73.9726,1389589140
2277,40.7431,73.9725,1389588060
2277,40.7281,73.9853,1389563580
2277,40.7284,73.985,1389562140
2277,40.7283,73.9853,1389560640
2277,40.732,73.9863,1389515880
2277,40.73,73.9824,1389495000
2277,40.7566,73.9706,1389218640
2277,40.7566,73.9704,1389210780
2277,40.7564,73.9703,1389210180
2277,40.7564,73.9703,1389208560
2277,40.73,73.9824,1389166800
2277,40.73,73.9824,1389166140
2277,40.73,73.9823,1388994360
2277,40.73,73.9824,1388979000
2277,40.73,73.9823,1388978940
2277,40.7345,74.002,1388912940
2277,40.73,73.9824,1388891880
2277,40.73,73.9823,1388891880
2277,40.73,73.9824,1388890920
2277,40.7439,73.9816,1388873580
2277,40.7283,73.985,1388777880
2277,40.7283,73.9851,1388777280
2277,40.7566,73.9705,1388693580
2277,35.2187,80.9424,1388634960
2277,35.2188,80.9424,1388634900
2277,35.2207,80.9439,1388633460
2277,35.2055,80.8653,1388619780
2277,35.2055,80.8653,1388619420
2277,35.1561,80.8285,1388548980
2277,35.93,79.0333,1388451420
2277,35.93,79.0334,1388450640
2277,35.9297,79.0333,1388450220
2277,35.9299,79.0334,1388449260
2277,35.93,79.0335,1388448900
2277,36.051,80.1241,1387950540
2277,40.6451,73.7845,1387601580
2277,40.7566,73.9703,1387591440
2277,40.7521,73.9824,1387446120
2277,40.7559,73.9921,1387426980
2277,40.7555,73.9925,1387407120
2277,40.7556,73.9923,1387398300
2277,40.7299,73.9823,1387179660
2277,40.73,73.9824,1387162500
2277,40.724,74.0032,1387146000
2277,40.73,73.9824,1387083060
2277,40.7638,73.9758,1387066980
2277,40.7643,73.9734,1387063980
2277,40.7644,73.9695,1387059540
2277,40.7547,73.9691,1386877020
2277,40.73,73.9824,1386760500
2277,40.7256,74.0056,1386757620
2277,40.73,73.9824,1386563520
2277,40.73,73.9824,1386554100
2277,40.7268,74.0043,1386487740
2277,40.7646,73.9712,1386460860
2277,40.7339,73.9891,1386315720
2277,40.731,73.9858,1386135960
2277,40.7623,73.9678,1386119100
2277,40.7566,73.9705,1386013080
2277,40.7286,73.9894,1385833800
2277,35.8767,78.793,1385823360
2277,36.0508,80.124,1385282640
2277,40.7756,73.8727,1385265960
2277,40.7756,73.8727,1385265540
2277,40.7756,73.8727,1385262960
2277,40.7756,73.8727,1385261220
2277,40.7738,73.8712,1385260980
2277,40.7569,73.9544,1385259420
2277,40.73,73.9824,1385249100
2277,40.73,73.9823,1385248380
2277,40.73,73.9824,1385248260
2277,40.73,73.9824,1385247900
2277,40.7322,73.9866,1385244780
2277,40.7331,73.9888,1385244600
2277,40.7429,73.9773,1385194260
2277,40.7566,73.9705,1385161380
2277,40.73,73.9823,1385107620
2277,40.73,73.9823,1385107500
2277,40.7577,73.9715,1385105340
2277,40.73,73.9823,1384931100
2277,40.73,73.9823,1384846620
2277,40.73,73.9824,1384840800
2277,40.7565,73.9703,1384821000
2277,40.7564,73.9704,1384820760
2277,40.6496,73.9645,1384736700
2277,40.6546,73.9619,1384734360
2277,40.73,73.9823,1384718220
2277,40.7232,73.9891,1384673760
2277,40.7285,73.988,1384670460
2277,40.7298,73.9872,1384653000
2277,40.7278,73.9933,1384647780
2277,40.7733,73.9901,1384590180
2277,40.7637,73.9735,1384576020
2277,40.7564,73.9705,1384456020
2277,40.7284,73.985,1384414440
2277,40.73,73.9834,1384279560
2277,40.7349,73.9911,1384133220
2277,40.73,73.9824,1384032420
2277,40.7303,73.9819,1384027500
2277,40.7294,73.9813,1384025460
2277,40.73,73.9824,1383977160
2277,40.73,73.9823,1383976800
2277,40.7566,73.9705,1383765900
2277,40.7302,73.9843,1383455820
2277,40.7283,73.9851,1383428700
2277,40.7283,73.985,1383108780
2277,40.7283,73.985,1383108600
2277,40.7565,73.9703,1383097200
2277,40.7283,73.985,1382330880
2277,40.7565,73.9704,1381952340
2277,40.7283,73.9851,1381815660
2277,40.7284,73.985,1381815420
2277,40.7283,73.9851,1381815360
2277,40.7283,73.9851,1381813260
2277,40.724,74.0032,1381013880
2277,40.7308,73.9859,1380858660
2277,40.73,73.9823,1380783840
2277,40.7391,73.9773,1380733980
2277,40.7225,73.9993,1380410880
2277,40.8295,73.9269,1380169800
2277,40.7256,73.9897,1379893980
2277,40.7253,73.9897,1379893140
2277,40.7196,73.9869,1379881800
2277,40.7196,73.9869,1379881740
2277,40.7191,73.9851,1379757480
2277,40.7197,73.9871,1379756940
2277,40.7212,73.9938,1379736300
2277,40.7191,73.9851,1379482020
2277,40.7307,73.9851,1379477220
2277,40.7186,73.9847,1379436120
2277,40.7586,73.9767,1379129700
2277,40.758,73.9769,1379129220
2277,40.7566,73.9705,1378755360
2277,40.7298,73.9883,1378704600
2277,40.7564,73.9704,1378518000
2277,40.7564,73.9704,1378338660
2277,40.7645,73.9872,1378018620
2277,40.7645,73.9872,1378018080
2277,40.7645,73.9872,1378017600
2277,40.7645,73.9872,1378017420
2277,40.7692,73.9639,1377835980
2277,40.7491,74.0064,1377501180
2277,40.7491,74.0064,1377494640
2277,40.7491,74.0064,1377493800
2277,40.7399,74.0072,1377479220
2277,40.7112,74.017,1377417600
2277,40.7111,74.0171,1377417300
2277,40.7112,74.017,1377415080
2277,40.7111,74.017,1377414360
2277,40.7106,74.0157,1377376380
2277,40.7564,73.9704,1377288660
2277,40.7111,74.017,1377244440
2277,40.8295,73.9269,1377057240
2277,40.7111,74.0169,1376980980
2277,40.7111,74.0171,1376980680
2277,40.7111,74.017,1376979960
2277,40.7111,74.017,1376979720
2277,40.7111,74.017,1376803860
2277,40.7111,74.017,1376802960
2277,40.7102,74.0164,1376775480
2277,40.7083,74.0151,1376775300
2277,40.7412,74.005,1376731080
2277,40.7102,74.0166,1376543340
2277,40.7077,74.0132,1376543100
2277,40.7111,74.017,1376196180
2277,40.7588,73.9793,1376021220
2277,40.7566,73.9706,1375989300
2277,40.7571,73.9698,1375983120
2277,40.7562,73.9704,1375933020
2277,40.7562,73.9703,1375931580
2277,40.768,73.9849,1375769700
2277,40.768,73.9848,1375766340
2277,40.7677,73.9854,1375765020
2277,40.768,73.9849,1375764660
2277,40.7681,73.9849,1375763100
2277,40.7679,73.985,1375762920
2277,40.7308,73.9974,1375662900
2277,40.7319,73.9881,1375600380
2277,40.7319,73.9881,1375600260
2277,40.7319,73.9881,1375587960
2277,40.7316,73.9915,1375570380
2277,40.7192,73.993,1375528800
2277,40.7318,73.9881,1375508400
2277,40.7564,73.9704,1375479720
2277,40.7314,73.9885,1375429980
2277,40.7566,73.9705,1375293480
2277,40.7402,73.9831,1375226640
2277,40.7398,73.9823,1375226520
2277,40.7398,73.9825,1375221600
2277,40.7398,73.9823,1375221240
2277,40.7398,73.9824,1375220940
2277,40.7319,73.9881,1375069080
2277,40.7409,74.0052,1374910680
2277,40.7054,74.0075,1374810060
2277,40.757,73.9712,1374808320
2277,40.7319,73.9881,1374735600
2277,40.7567,73.971,1374726000
2277,40.7563,73.9705,1374271560
2277,40.7566,73.9706,1374195540
2277,40.7566,73.9705,1374191940
2277,40.7301,73.9977,1374015840
2277,40.7565,73.9704,1373998560
2277,40.732,73.9881,1373864100
2277,40.731,73.9886,1373603580
2277,40.7294,73.9957,1373603040
2277,40.7324,73.9879,1373474220
2277,40.7406,74.0067,1373246700
2277,40.7471,74.0052,1373241780
2277,40.2183,74.0139,1373226780
2277,40.2165,74.0143,1373226720
2277,40.4199,74.2224,1373054040
2277,40.5567,74.2774,1373052780
2277,40.7566,73.9705,1372379040
2277,40.7566,73.9706,1372374720
2277,40.7566,73.9706,1372373820
2277,40.7566,73.9707,1372372800
2277,40.7566,73.9706,1371860220
2277,40.7566,73.9705,1370889360
2277,40.7229,73.9988,1370746140
2277,40.8,73.9733,1370494020
2277,40.7566,73.9705,1370286000
2277,40.7646,73.9712,1370124720
2277,40.7738,73.8712,1369772100
2277,35.7705,78.6784,1366737600
2277,35.7693,78.6765,1366683780
2277,40.7635,73.974,1366241820
2277,40.7555,73.9704,1366240260
2277,40.7568,73.9706,1366230840
2277,35.8758,78.795,1366206360
2277,35.8758,78.7951,1366206120
2277,35.7546,78.6677,1357851120
2277,35.7546,78.6678,1357583940
2277,35.7546,78.6677,1357354020
2277,35.7908,78.6606,1357185480
2277,35.7547,78.6677,1357162620
2277,35.748,78.6967,1357036560
2277,36.0589,80.108,1356853860
2277,36.0512,80.1244,1356821880
2277,36.0512,80.1243,1356820560
2277,41.9757,87.9069,1356732840
2277,41.9757,87.907,1356727200
2277,41.9756,87.9069,1356726660
2277,13.4929,144.8066,1356654660
2277,13.4933,144.8047,1356652920
2277,14.2486,121.061,1356584460
2277,14.2486,121.061,1356544920
2277,14.2486,121.061,1356542700
2277,14.2489,121.061,1356270780
2277,14.2487,121.061,1356239160
2277,14.521,121.0137,1355864220
2277,35.9046,78.9418,1355027520
2277,35.8361,78.6427,1354487640
2277,35.7854,78.6475,1354438320
2277,35.8287,78.7867,1351637100
2277,35.7854,78.6456,1350189540
2277,35.7854,78.6456,1350187740
2277,35.7854,78.6456,1350185520
2277,35.7909,78.6601,1348810440
2277,35.7909,78.6601,1348809240
2277,35.7909,78.6601,1348808340
2277,35.7736,78.6426,1348287480
2277,35.777,78.6441,1347687960
2277,35.777,78.6441,1347687780
2277,35.7545,35.7545,1347481740
2277,35.7783,35.7783,1347422940
2277,35.7783,78.6388,1347421020
2277,36.0511,80.1169,1346824320
2277,35.7737,78.6426,1346048340
2277,35.7736,78.6428,1346039100
2277,35.7547,78.667,1345603860
