2283,13.9014,100.4024,1427732520
2283,13.746,100.5525,1427730600
2283,13.731,100.5695,1427552220
2283,13.7257,100.5445,1427388360
2283,13.859,100.5216,1427319480
2283,13.7441,100.5431,1427311740
2283,13.7441,100.5415,1427289480
2283,13.746,100.5346,1427288520
2283,13.7424,100.5334,1427262180
2283,13.7425,100.5335,1427259300
2283,13.7447,100.5331,1427259060
2283,13.8582,100.4102,1427133720
2283,13.7996,100.551,1426959240
2283,13.7458,100.5351,1426955700
2283,13.746,100.5346,1426955580
2283,13.7456,100.5336,1426944060
2283,13.7355,100.5616,1426936920
2283,13.739,100.5479,1426930260
2283,13.7436,100.5438,1426853880
2283,13.7457,100.5341,1426706100
2283,13.7459,100.5328,1426688640
2283,13.7425,100.5335,1426678500
2283,13.7466,100.5314,1426603140
2283,13.7424,100.5334,1426589820
2283,13.8572,100.5378,1426568520
2283,13.7466,100.5314,1426526760
2283,13.7424,100.5334,1426521420
2283,13.7328,100.5287,1426518000
2283,13.8314,100.0878,1426495500
2283,13.8278,100.0864,1426488720
2283,13.8312,100.0867,1426488600
2283,13.7218,100.5343,1426177140
2283,13.7324,100.5294,1426175820
2283,13.746,100.5346,1426169520
2283,13.7443,100.541,1426087800
2283,13.7459,100.5394,1426081320
2283,13.7467,100.534,1426064820
2283,13.746,100.5346,1426064640
2283,13.7424,100.5334,1426051080
2283,13.7425,100.5335,1426050840
2283,13.859,100.5216,1426047360
2283,13.7425,100.5333,1425993960
2283,13.7425,100.5335,1425993780
2283,13.9134,101.5945,1425757380
2283,13.8285,100.5682,1425665700
2283,13.8284,100.5685,1425665700
2283,13.777,100.5418,1425658440
2283,13.781,100.5447,1425656760
2283,13.9055,100.4068,1425583200
2283,13.746,100.5346,1425570420
2283,13.7442,100.531,1425562620
2283,13.7425,100.5335,1425531840
2283,13.7457,100.5341,1425531240
2283,13.7202,100.458,1425529620
2283,13.8979,100.403,1425477360
2283,13.7457,100.5341,1425388680
2283,13.7457,100.5341,1425358200
2283,13.7202,100.458,1425356220
2283,13.8026,100.5538,1425302100
2283,13.7457,100.5341,1425300780
2283,13.7425,100.5335,1425293100
2283,13.7435,100.5328,1425289380
2283,13.8026,100.5538,1425271980
2283,13.8121,100.5594,1425271560
2283,13.8038,100.4487,1425224100
2283,13.8243,100.4598,1425147060
2283,13.7451,100.5339,1425061140
2283,13.7457,100.5341,1425054060
2283,13.7458,100.5351,1425047520
2283,13.746,100.5346,1425047460
2283,13.7425,100.5335,1425015000
2283,13.7447,100.5331,1425013140
2283,13.762,100.4909,1425011220
2283,13.7218,100.5343,1424970060
2283,13.7324,100.5294,1424968740
2283,13.7383,100.5321,1424967540
2283,13.7409,100.528,1424959440
2283,13.7425,100.5335,1424946360
2283,13.746,100.5346,1424944380
2283,13.746,100.5346,1424892360
2283,13.7425,100.5335,1424861880
2283,13.7439,100.5332,1424860860
2283,40.7106,74.0092,1424808960
2283,13.7424,100.5334,1424774940
2283,13.7425,100.5335,1424774940
2283,13.7241,100.5285,1424586420
2283,13.7306,100.5417,1424535360
2283,13.8084,100.5558,1424534760
2283,13.8052,100.552,1424463480
2283,13.746,100.5346,1424457360
2283,13.7443,100.5327,1424449560
2283,13.745,100.534,1424442480
2283,13.8084,100.5558,1424379720
2283,13.7882,100.5766,1424379300
2283,13.7248,100.541,1424365560
2283,13.7218,100.5301,1424361780
2283,13.7453,100.5336,1424356560
2283,13.7448,100.5339,1424356500
2283,13.7424,100.5334,1424343000
2283,13.7425,100.5335,1424343000
2283,13.78,100.5448,1424341380
2283,13.78,100.5451,1424341080
2283,13.7241,100.5285,1424253780
2283,13.8408,100.4137,1424198040
2283,13.746,100.5346,1424187360
2283,13.9115,100.5484,1424112420
2283,13.7521,100.5045,1424099040
2283,13.8312,100.087,1424080740
2283,13.7307,100.5336,1424067300
2283,13.7683,100.5076,1424027040
2283,13.7457,100.5396,1424024040
2283,13.7459,100.5394,1424021700
2283,13.7311,100.5416,1424017140
2283,13.7285,100.5343,1424016300
2283,13.7306,100.5336,1424010780
2283,13.7285,100.5347,1424008080
2283,13.7284,100.5348,1424006160
2283,13.7285,100.535,1424005920
2283,13.7457,100.5341,1424005080
2283,13.8026,100.5538,1423853280
2283,13.7536,100.5302,1423847880
2283,13.7521,100.5317,1423847040
2283,13.7459,100.5328,1423845840
2283,13.7467,100.5395,1423839240
2283,13.7459,100.5394,1423838580
2283,13.746,100.5346,1423836180
2283,13.7434,100.5338,1423831260
2283,13.7424,100.5334,1423825620
2283,13.7425,100.5335,1423825620
2283,13.7446,100.5339,1423823400
2283,13.7252,100.5138,1423774980
2283,13.7461,100.5395,1423757400
2283,13.7459,100.5394,1423757340
2283,13.7444,100.5339,1423750380
2283,13.7449,100.5339,1423750380
2283,13.7424,100.5334,1423743540
2283,13.7425,100.5335,1423743480
2283,13.7435,100.5328,1423735680
2283,13.8026,100.5538,1423682880
2283,13.7441,100.5415,1423677120
2283,13.744,100.5424,1423668660
2283,13.7438,100.5421,1423665840
2283,13.746,100.5346,1423662660
2283,13.7647,100.5706,1423603560
2283,13.8026,100.5538,1423595760
2283,13.7202,100.458,1423541520
2283,13.7459,100.5394,1423502400
2283,13.7454,100.5383,1423501440
2283,13.7455,100.5383,1423499220
2283,13.7424,100.5334,1423496160
2283,13.7425,100.5335,1423496160
2283,13.8278,100.0864,1423466820
2283,13.8312,100.0866,1423465380
2283,13.7456,100.5313,1423409400
2283,13.7446,100.5322,1423403100
2283,13.7647,100.5706,1423241640
2283,13.7457,100.5341,1423239000
2283,13.746,100.5346,1423238940
2283,13.7459,100.5394,1423237380
2283,13.7564,100.5096,1423235700
2283,13.7566,100.5019,1423234440
2283,13.7712,100.4841,1423233660
2283,13.7257,100.5445,1423151880
2283,13.7424,100.5334,1423142940
2283,13.7425,100.5335,1423142880
2283,13.7424,100.5334,1423050960
2283,13.7436,100.5329,1423046220
2283,13.7425,100.5335,1423046100
2283,13.7465,100.5305,1423037340
2283,13.7573,100.5205,1423030020
2283,13.7435,100.5471,1422973860
2283,13.7436,100.5464,1422973800
2283,13.7241,100.5285,1422954960
2283,13.8313,100.0868,1422870720
2283,13.8278,100.0864,1422861180
2283,13.7202,100.458,1422850560
2283,13.7457,100.5341,1422625080
2283,13.746,100.5346,1422624420
2283,13.7424,100.5334,1422597060
2283,13.7425,100.5335,1422597060
2283,13.8026,100.5538,1422593400
2283,13.7248,100.541,1422550680
2283,13.7284,100.5349,1422547020
2283,13.7285,100.535,1422547020
2283,13.7424,100.5334,1422527760
2283,13.7425,100.5335,1422527760
2283,13.8026,100.5538,1422525300
2283,13.7457,100.5341,1422374760
2283,13.7424,100.5334,1422371520
2283,13.7425,100.5335,1422371460
2283,13.7445,100.5335,1422355440
2283,13.7436,100.5329,1422336480
2283,13.7447,100.5331,1422335520
2283,13.7573,100.5205,1422334440
2283,13.7566,100.5019,1422334140
2283,13.7572,100.499,1422334020
2283,13.7712,100.4841,1422333300
2283,14.2251,101.1075,1422184920
2283,14.3268,101.3052,1422097260
2283,14.2251,101.1075,1422090480
2283,13.7603,100.5358,1422083640
2283,13.9022,100.5906,1422083160
2283,13.8084,100.5558,1422077220
2283,13.7711,100.505,1422033540
2283,13.7383,100.5321,1422029640
2283,13.7459,100.5328,1422023760
2283,13.7436,100.5329,1422009000
2283,13.7447,100.5331,1422008760
2283,13.7248,100.541,1421957160
2283,13.7257,100.5445,1421943840
2283,13.7376,100.5614,1421943060
2283,13.7374,100.5602,1421932020
2283,13.7373,100.5605,1421931120
2283,13.7457,100.5341,1421930340
2283,13.7422,100.5347,1421925720
2283,13.7425,100.5335,1421925720
2283,47.4681,13.6259,1421846100
2283,13.7603,100.4989,1421768940
2283,13.7711,100.505,1421766600
2283,13.746,100.5346,1421763480
2283,13.7422,100.5347,1421761380
2283,13.7424,100.5334,1421752260
2283,13.7425,100.5335,1421752020
2283,13.8314,100.0878,1421676480
2283,13.8278,100.0864,1421654220
2283,13.7572,100.499,1421647320
2283,13.7373,100.5605,1421597580
2283,47.8,13.0333,1421582280
2283,13.7458,100.5351,1421581020
2283,13.746,100.5346,1421580720
2283,13.724,100.5289,1421576580
2283,13.7233,100.5136,1421573820
2283,13.7197,100.5155,1421572860
2283,13.7164,100.5142,1421570280
2283,13.7518,100.5014,1421569920
2283,13.8052,100.552,1421514360
2283,13.7457,100.5341,1421512860
2283,13.7459,100.5328,1421512680
2283,13.7466,100.5303,1421509320
2283,13.7447,100.53,1421508180
2283,13.746,100.5346,1421504640
2283,13.762,100.4909,1421502420
2283,13.8084,100.5558,1421355120
2283,13.7227,100.5316,1421338260
2283,13.7271,100.5315,1421333940
2283,13.7457,100.5341,1421331900
2283,13.7424,100.5334,1421319480
2283,13.7425,100.5335,1421319420
2283,13.7441,100.5431,1421262540
2283,13.7441,100.5415,1421247360
2283,13.746,100.5346,1421084220
2283,13.7455,100.5337,1421081040
2283,13.7451,100.534,1421080260
2283,13.7425,100.5335,1421079720
2283,13.8278,100.0864,1421047320
2283,13.7425,100.5335,1421038380
2283,13.7202,100.458,1421035140
2283,13.8026,100.5538,1420750620
2283,13.7248,100.541,1420737840
2283,13.7447,100.5333,1420727820
2283,13.7425,100.5335,1420694100
2283,13.7441,100.5431,1420660020
2283,13.7441,100.5415,1420644420
2283,13.7424,100.5334,1420613100
2283,13.7425,100.5335,1420613040
2283,13.8957,100.4003,1420565280
