2297,40.9893,28.8261,1400671380
2297,41.0021,28.9413,1400668080
2297,40.9893,28.8261,1400599920
2297,40.9623,28.8069,1400594220
2297,40.1943,29.0915,1400522580
2297,40.0752,29.5213,1400265780
2297,40.0752,29.5213,1400265720
2297,40.2511,28.959,1400195880
2297,40.1801,29.2316,1400067720
2297,40.2511,28.959,1400019300
2297,40.2511,28.959,1399838820
2297,40.3559,28.9435,1399770060
2297,40.2511,28.959,1399588620
2297,40.5139,30.2364,1399574520
2297,36.7011,30.5738,1399158420
2297,36.7009,30.5721,1399088400
2297,36.7001,30.5719,1399071540
2297,40.1911,29.2142,1399045020
2297,40.2511,28.959,1398814380
2297,40.2236,28.9784,1398730560
2297,40.2236,28.9785,1398730260
2297,40.2511,28.959,1398723360
2297,40.2002,29.0369,1398538140
2297,40.2511,28.959,1398205740
2297,40.227,29.1212,1398192600
2297,40.2258,29.1214,1398191820
2297,40.1979,29.2005,1398188520
2297,40.2511,28.959,1398119160
2297,40.2264,28.9506,1398008100
2297,40.2157,29.0016,1397953860
2297,40.2213,28.9885,1397953740
2297,40.2238,28.9784,1397781600
2297,40.2511,28.959,1397773440
2297,40.2485,28.9611,1397693160
2297,40.2511,28.959,1397687160
2297,40.0682,29.5069,1397664360
2297,40.2511,28.959,1397599920
2297,40.6961,29.4331,1397325180
2297,40.2264,28.9506,1397088600
2297,40.2511,28.959,1396995840
2297,40.2511,28.959,1396907820
2297,40.225,28.9794,1396659540
2297,40.2511,28.959,1396650420
2297,40.2231,28.8507,1396054740
2297,40.2511,28.959,1395963420
2297,40.2511,28.959,1395789900
2297,40.2511,28.959,1395703860
2297,41.0677,29.0451,1395596760
2297,41.0488,28.9927,1395532500
2297,40.2511,28.959,1395184320
2297,40.2236,28.9785,1395140940
2297,41.0782,29.0456,1394937660
2297,41.0801,29.0336,1394924160
2297,40.2511,28.959,1394494200
2297,40.2094,29.0216,1394331420
2297,40.2237,28.9785,1394308860
2297,38.7476,35.4009,1393895460
2297,38.7234,35.4974,1393891560
2297,40.2093,29.0215,1393726440
2297,40.2511,28.959,1393544040
2297,40.2511,28.959,1393283220
2297,41.0677,29.0451,1393178700
2297,41.0782,29.0456,1393119480
2297,40.2511,28.959,1392767460
2297,40.2511,28.959,1392679680
2297,41.0676,29.0451,1392576600
2297,41.0753,29.0154,1392527760
2297,40.2236,28.9785,1392414240
2297,40.0758,29.5206,1392386220
2297,40.1801,29.2317,1392128580
2297,40.2236,28.9786,1392116520
2297,40.2215,28.978,1391979300
2297,40.2876,28.9362,1391901600
2297,40.2511,28.959,1391469660
2297,40.1038,29.132,1391365920
2297,40.1031,29.1358,1391312280
2297,40.1047,29.1334,1391295720
2297,40.1027,29.1402,1391283420
2297,40.1022,29.1392,1391282760
2297,40.1038,29.132,1391276760
2297,40.1801,29.2317,1391176740
2297,40.2236,28.9785,1391133240
2297,41.0481,28.9931,1391044920
2297,41.049,28.9924,1390756440
2297,41.0753,29.0154,1390710180
2297,37.8732,32.4955,1390004760
2297,36.9892,35.3213,1389959100
2297,38.7476,35.4012,1389743940
2297,40.2504,28.9587,1389560940
2297,40.2511,28.959,1389477720
2297,40.2511,28.959,1389310080
2297,40.2253,28.9796,1388953680
2297,40.1038,29.132,1388941620
2297,40.2511,28.959,1388791500
2297,40.2236,28.9784,1388749140
2297,40.2511,28.959,1388705340
2297,41.0756,29.043,1387739460
2297,41.0753,29.0154,1387684080
2297,41.0409,28.9982,1387676400
2297,40.2511,28.959,1387498440
2297,40.2251,28.9795,1387421580
2297,40.2498,28.9593,1387412160
2297,40.2511,28.959,1387323660
2297,40.2511,28.959,1387135500
2297,37.063,37.3627,1386797580
2297,36.2043,36.1622,1386713640
2297,36.9809,35.3953,1386684540
2297,36.9894,35.3217,1386625020
2297,38.6349,34.7087,1386521340
2297,38.7362,35.3646,1386343020
2297,38.719,35.3772,1386254100
2297,38.7232,35.4856,1386119580
2297,38.7234,35.4974,1386113640
2297,39.9107,32.856,1386020640
2297,38.3777,27.1396,1385749140
2297,40.2252,28.9794,1385688060
2297,40.2511,28.959,1385597760
2297,40.2511,28.959,1385511060
2297,40.2511,28.959,1385422980
2297,41.0756,29.043,1385319660
2297,41.0524,29.034,1385262780
2297,41.0486,28.9928,1385255220
2297,41.0409,28.9982,1385248080
2297,40.2511,28.959,1384904340
2297,40.975,28.8691,1384787640
2297,41.0802,29.0338,1384729440
2297,41.0782,29.0456,1384652520
2297,40.9726,28.8704,1384645680
2297,40.9885,28.8256,1384603740
2297,40.973,28.8751,1384559520
2297,40.9885,28.8256,1384520940
2297,40.9726,28.8704,1384478340
2297,40.9885,28.8256,1384435920
2297,40.9726,28.8704,1384401420
2297,40.9885,28.8256,1384358940
2297,40.9726,28.8704,1384300740
2297,40.2511,28.959,1384212540
2297,40.2252,28.9794,1384128300
2297,40.2511,28.959,1384107600
2297,40.2511,28.959,1383866040
2297,40.2511,28.959,1383781440
2297,40.9885,28.8256,1383659700
2297,41.0782,29.0456,1383620640
2297,41.0805,29.0335,1383610920
2297,41.0006,28.802,1383595560
2297,40.2511,28.959,1383513120
2297,41.0498,28.9917,1381957740
2297,40.2074,28.9994,1380666180
2297,40.3807,28.8807,1380489300
2297,40.2074,28.9994,1380406800
2297,41.0498,29.0321,1378173060
2297,41.0498,29.0321,1378173060
2297,41.0498,29.0321,1378002300
2297,36.7001,30.5719,1376352480
2297,36.7001,30.5719,1375884120
2297,41.0498,29.0321,1370060040
2297,40.3807,28.8807,1368318360
2297,41.068,28.9453,1368037380
2297,41.0485,28.9929,1367034600
2297,41.0426,29.0017,1367030940
2297,40.222,28.9786,1366678440
2297,40.2901,28.9369,1366519260
2297,40.2226,28.9788,1366499160
2297,40.222,28.9786,1366425540
2297,41.0704,29.0182,1366238940
2297,41.0731,28.9912,1365597960
2297,41.0731,28.9912,1365438300
2297,41.0731,28.9912,1365260220
2297,41.0475,29.0256,1365207720
2297,41.0704,29.0182,1365201480
2297,40.2017,29.0189,1365035940
2297,41.0484,28.9932,1364441820
2297,41.0768,29.0255,1364423520
2297,41.0768,29.0268,1364418840
2297,41.0733,28.9912,1364389920
2297,41.068,28.9453,1364302380
2297,41.0599,28.8467,1364227380
2297,41.0805,29.0335,1364162580
2297,41.068,28.9453,1364144220
2297,41.068,28.9453,1363966980
2297,41.0764,29.0258,1363722240
2297,41.068,28.9453,1363697580
2297,41.0714,29.045,1363536840
2297,41.068,28.9453,1363369620
2297,40.2502,28.9613,1363324260
2297,39.9504,32.8318,1363306020
2297,38.723,35.486,1363218840
2297,39.9118,32.8083,1363174740
2297,39.9118,32.8083,1363140840
2297,41.068,28.9453,1363094880
2297,41.037,28.9861,1362780480
2297,41.068,28.9453,1362750960
2297,41.068,28.9453,1362584280
2297,41.068,28.9453,1362487920
2297,41.0484,28.9929,1362108840
2297,41.0556,28.9807,1362100980
2297,41.0487,28.9941,1362083880
2297,41.068,28.9453,1361978160
2297,41.1101,29.0326,1361728200
2297,41.0874,29.0568,1361723280
2297,41.0424,29.0018,1361674260
2297,41.0782,29.0455,1361669940
2297,41.068,28.9453,1361545080
2297,41.068,28.9453,1361375340
2297,41.068,28.9453,1361278140
2297,41.073,28.9912,1361206800
2297,40.2129,28.9929,1361075160
2297,40.2276,29.0621,1361054640
2297,40.2129,28.9929,1360466460
2297,40.2022,29.0251,1360199220
2297,40.2272,28.9796,1359923880
2297,40.2847,28.9325,1359868140
2297,40.2129,28.9929,1359861900
2297,40.2511,28.958,1359412800
2297,40.2498,28.9593,1359411840
2297,40.2901,28.9369,1359266760
2297,40.2129,28.9929,1359261180
2297,40.2129,28.9929,1359172260
2297,41.068,28.9453,1358776080
2297,41.0655,29.0083,1358667000
2297,41.0424,29.0018,1358655600
2297,41.0782,29.0455,1358637420
2297,40.2226,28.9788,1358207400
2297,40.25,28.9591,1358114460
2297,41.0307,28.9723,1357445820
2297,41.0424,29.0018,1357357320
2297,41.073,28.9912,1357318800
2297,41.0782,29.0455,1357265520
2297,41.0715,29.0449,1357063440
2297,41.0471,28.9909,1357006860
2297,40.2129,28.9929,1356838260
2297,41.0317,28.9745,1356584820
2297,41.0802,29.0338,1356572880
2297,40.9784,28.8176,1356563700
2297,40.979,28.8508,1356558480
2297,41.068,28.9453,1356528000
2297,40.988,28.8297,1356496920
2297,40.3825,28.8718,1356308820
2297,40.2901,28.9369,1356243900
2297,40.2129,28.9929,1356235380
2297,40.2129,28.9929,1356146580
2297,40.2226,28.9788,1356145380
2297,41.068,28.9453,1355923500
2297,40.1886,29.0562,1355616180
2297,40.1886,29.0562,1355613960
2297,40.2498,28.9593,1355601480
2297,40.2129,28.9929,1355545020
2297,41.0677,29.0454,1355383440
2297,41.0524,29.034,1355378880
2297,41.0524,29.034,1355368740
2297,41.0317,28.9745,1355287920
2297,41.0422,29.0028,1355284320
2297,41.0422,29.0028,1355283840
2297,41.0783,29.0455,1355077920
2297,41.0715,29.0449,1355073120
2297,41.0473,29.0251,1355022960
2297,41.0476,29.0255,1355016420
2297,41.0593,29.0103,1355013480
2297,41.0733,28.9914,1354550220
2297,40.2876,28.9362,1354484520
2297,40.2901,28.9369,1354419300
2297,40.2022,29.0251,1354414080
2297,40.2252,28.9795,1354402680
2297,40.21,28.9775,1354049460
2297,39.951,32.832,1353954360
2297,40.2129,28.9929,1353817560
2297,40.2252,28.9795,1353802860
2297,40.2022,29.0251,1353726900
2297,41.0783,29.0455,1353257040
2297,41.0473,29.0251,1353208860
2297,41.0473,29.0251,1353207240
2297,41.0423,29.0026,1352868960
2297,41.0423,29.0026,1352865000
2297,41.0771,29.0269,1352840340
2297,40.2845,28.9325,1352607060
2297,40.2252,28.9795,1352599860
2297,40.213,28.9932,1352516520
2297,41.068,28.9453,1352288520
2297,40.2901,28.9369,1352001720
2297,40.2022,29.0251,1351991340
2297,41.0732,28.9913,1351875000
2297,41.0423,29.0026,1351669380
2297,41.0423,29.0026,1351657680
2297,41.0423,29.0026,1351656060
2297,41.0423,29.0026,1351654920
2297,36.8586,30.9195,1351405860
2297,36.8489,31.0674,1351269660
2297,40.2022,29.0251,1351128480
2297,40.2215,28.9781,1351113060
2297,40.2022,29.0251,1351030980
2297,40.2368,29.0658,1351002840
2297,40.2498,28.9593,1350852060
2297,40.2274,28.9798,1350828120
2297,40.213,28.9932,1350786120
2297,40.2022,29.0251,1350777840
2297,40.2022,29.0251,1350690780
2297,41.0317,28.9746,1350629220
2297,41.0317,28.9746,1350614160
2297,41.0498,29.0321,1350525840
2297,41.0486,28.9928,1350517380
2297,41.0755,29.0431,1350505020
2297,41.0836,29.0523,1350493380
2297,41.068,28.9453,1350482400
2297,41.0783,29.0099,1350423960
2297,41.0783,29.0111,1350423240
2297,41.086,29.0444,1350414600
2297,41.0732,28.9913,1350405420
2297,41.0418,29.0091,1350398640
2297,41.0783,29.0107,1350339960
2297,41.0783,29.0102,1350332040
2297,41.0732,28.9913,1350311040
2297,40.213,28.9932,1350183120
2297,40.2498,28.9593,1350159300
2297,41.0732,28.9913,1350056700
2297,41.0783,29.0102,1349984100
2297,41.0306,28.9725,1349915340
2297,41.068,28.9453,1349867340
2297,41.0496,28.9936,1349836380
2297,41.0776,29.0443,1349826480
2297,41.0732,28.9913,1349794080
2297,41.0554,28.9809,1349743200
2297,41.0755,29.0431,1349732100
2297,41.0674,28.9919,1349713080
2297,41.0732,28.9913,1349706180
2297,40.2278,28.98,1349646540
2297,40.2274,28.9798,1349629080
2297,40.2132,28.9148,1349623800
2297,40.2129,28.9928,1349576940
2297,41.049,28.9924,1349463480
2297,41.0732,28.9913,1349458080
2297,41.0426,29.0018,1349402640
2297,41.0732,28.9913,1349358420
2297,39.8943,32.6794,1349219760
2297,38.7331,35.3737,1349178060
2297,38.7231,35.4858,1349139600
2297,40.2129,28.9928,1347675840
2297,40.2223,28.9786,1347668340
2297,41.0783,29.0455,1347243480
2297,41.049,28.9924,1347235020
2297,41.0487,28.9928,1347214380
2297,41.0499,29.0309,1347170220
2297,41.0498,29.0321,1347166680
2297,41.0498,29.0321,1347160920
2297,41.0426,29.0018,1347156720
2297,41.0426,29.0018,1347150420
2297,41.0498,29.0321,1347073080
2297,41.0499,29.0309,1346994180
2297,41.0306,28.9725,1346989260
2297,41.0509,28.9927,1346963760
2297,41.0498,29.0321,1346897940
2297,41.0487,28.9928,1346708400
2297,41.0486,28.9929,1346701260
2297,41.049,28.995,1346615880
2297,41.0473,29.0252,1346565360
2297,41.0426,29.0018,1346547600
2297,41.0487,28.9928,1346522100
2297,41.0486,28.9929,1346514180
2297,41.0426,29.0018,1346462040
2297,40.2129,28.9928,1345954740
2297,40.2129,28.9928,1345950840
2297,36.5086,30.5368,1345766940
2297,36.5098,30.5401,1345753680
2297,36.5089,30.5384,1345515000
2297,36.5101,30.54,1345507800
2297,36.5086,30.5386,1345483680
2297,36.5089,30.5384,1345475400
2297,36.5584,30.5725,1345468740
2297,36.5657,30.5772,1345428060
2297,36.5672,30.5775,1345421460
2297,36.5682,30.5787,1345386240
2297,36.6055,30.5645,1345352100
2297,36.6054,30.5646,1345349400
2297,36.5682,30.5786,1345319760
2297,36.6057,30.5642,1345262760
2297,36.6056,30.5642,1345261140
2297,36.6054,30.5638,1345259760
2297,36.6054,30.5646,1345256160
2297,36.5682,30.5787,1345248840
2297,36.5683,30.5772,1345218420
2297,36.9412,30.6549,1345215780
2297,40.1958,29.0504,1345118760
2297,40.223,28.9797,1345005780
2297,40.223,28.9797,1345005720
2297,40.2236,28.9784,1344992520
2297,40.1958,29.0504,1344943440
2297,40.1949,29.0522,1344878700
2297,40.1949,29.0523,1344878220
2297,40.223,28.9797,1344734340
2297,40.2228,28.9794,1344732660
2297,40.2228,28.9794,1344732540
2297,40.1949,29.0524,1344721680
2297,40.1958,29.0503,1344376500
2297,40.2274,28.9798,1343780820
2297,40.195,29.0521,1343772240
2297,41.0498,29.0321,1343539620
2297,41.0524,29.034,1343536140
2297,41.0473,29.0252,1343532660
2297,41.0473,29.0252,1343450340
2297,41.0426,29.0018,1343439840
2297,41.0486,28.9929,1343437140
2297,40.1972,29.0596,1343077740
2297,40.2274,28.9798,1342915080
2297,40.2022,29.0251,1342738500
2297,40.2274,28.9798,1342729440
2297,41.0487,29.0271,1342592160
2297,41.0524,29.034,1342581480
2297,41.0508,28.9931,1342562760
2297,41.0486,28.9927,1342458780
2297,41.0498,29.0321,1342237440
2297,41.0486,28.9938,1342134600
2297,41.0508,28.9931,1342122480
2297,41.0498,29.0321,1342063620
2297,41.0426,29.0018,1341961920
2297,40.2215,28.978,1341878220
2297,40.1972,29.0596,1341865080
2297,40.2274,28.9798,1341799380
2297,40.1972,29.0596,1341789600
2297,41.0524,29.034,1341727260
2297,41.0426,29.0018,1341708480
2297,41.0486,28.9927,1341689580
2297,41.0486,28.9937,1341512940
2297,41.0486,28.9927,1341511860
2297,41.0426,29.0018,1341446880
2297,41.0426,29.0018,1341349560
2297,41.0733,28.9912,1341339180
2297,41.0524,29.034,1341289620
2297,41.0426,29.0018,1341098700
2297,41.0486,28.9927,1341088200
2297,41.0426,29.0018,1341011700
2297,41.0524,29.034,1340770860
2297,41.0426,29.0018,1340750640
2297,40.2264,28.98,1340657100
2297,41.0524,29.034,1340516160
2297,41.0426,29.0018,1340494320
2297,41.0487,28.9937,1340481720
2297,41.0486,28.9927,1340475180
2297,41.0524,29.034,1340427600
2297,41.0426,29.0018,1340404440
2297,41.0426,29.0018,1340321580
2297,41.0486,28.9927,1340317740
2297,41.0487,29.0271,1340256720
2297,41.0426,29.0018,1340233560
2297,41.0486,28.9927,1340214900
2297,41.0426,29.0018,1340145360
2297,40.1972,29.0596,1340111820
2297,36.6993,30.5725,1339937700
2297,36.9121,30.8025,1339927260
2297,40.9767,28.8167,1339913700
2297,41.0524,29.034,1339823760
2297,41.0428,29.0018,1339797360
2297,41.0428,29.0018,1339541820
2297,40.1972,29.0624,1339354500
2297,41.0428,29.0018,1339282260
2297,41.0486,28.9927,1339269240
2297,41.0428,29.0018,1339197300
2297,41.0486,28.9927,1339182780
2297,41.0428,29.0018,1339107960
2297,41.0428,29.0018,1339020900
2297,41.0473,29.0251,1338953760
2297,41.0428,29.0018,1338930960
2297,41.0783,29.0456,1338857700
2297,41.0425,29.0017,1338678000
2297,41.0524,29.034,1338610200
2297,41.0422,29.0014,1338575760
2297,41.0425,29.0027,1338493680
2297,41.0486,28.9927,1338490140
2297,40.978,29.0922,1338269520
2297,41.042,29.0016,1338163080
2297,40.971,29.0932,1338106020
2297,41.0524,29.034,1338087120
2297,41.0486,28.9927,1338055920
2297,41.0677,29.0454,1338011340
2297,41.0524,29.034,1337999880
2297,41.0486,28.9937,1337957460
2297,41.0524,29.034,1337828520
2297,41.0316,28.9747,1337741820
2297,41.068,28.9453,1337703420
2297,41.0524,29.034,1337656620
2297,41.0418,29.0091,1337648640
2297,41.0732,28.9912,1337601480
2297,41.0852,29.0394,1337534400
2297,41.0677,29.0454,1337495640
2297,41.0524,29.034,1337482860
2297,41.0498,29.0321,1337405580
2297,41.0473,29.0251,1337403720
2297,41.0524,29.034,1337396760
2297,41.0486,28.9927,1337381760
2297,41.0732,28.9912,1337363040
2297,41.0486,28.9927,1337296740
2297,41.0732,28.9912,1337269440
2297,41.0677,29.0454,1337233440
2297,41.0498,29.0321,1337226780
2297,41.0486,28.9927,1337194860
2297,41.0401,28.9754,1337188980
2297,41.0484,28.9928,1337141040
2297,41.0486,28.9927,1337106840
2297,41.068,28.9453,1337086800
2297,40.1972,29.0596,1337008200
2297,40.224,28.9789,1336961700
2297,41.0677,29.0454,1336890000
2297,41.0524,29.034,1336879380
2297,41.0486,28.9927,1336847940
2297,41.0677,29.0454,1336803900
2297,41.0498,29.0321,1336801800
2297,41.0524,29.034,1336791000
2297,41.0486,28.9927,1336762560
2297,41.0524,29.034,1336692540
2297,41.0486,28.9927,1336676220
2297,41.068,28.9453,1336664880
2297,41.0316,28.9747,1336619880
2297,41.0486,28.9927,1336591680
2297,41.0422,29.0028,1336533420
2297,41.0486,28.9927,1336515480
2297,41.0486,28.9937,1336503480
2297,41.0732,28.9912,1336499340
2297,41.0723,28.9914,1336396380
2297,41.073,28.9912,1336390080
2297,41.1124,29.0158,1336291980
2297,41.0677,29.0454,1336286220
2297,41.0524,29.034,1336275840
2297,41.0486,28.9927,1336242480
2297,41.0524,29.034,1336185120
2297,41.0486,28.9927,1336159080
2297,41.0473,29.0251,1336098540
2297,41.0486,28.9927,1336071960
2297,41.073,28.9912,1336049940
2297,41.0486,28.9927,1335985380
2297,41.0486,28.9927,1335905280
2297,41.0486,28.9937,1335899580
2297,41.0308,28.9737,1335842520
2297,41.029,28.9742,1335841740
2297,41.042,29.0016,1335741960
2297,41.0565,29.0053,1335683760
2297,41.0677,29.0454,1335681120
2297,41.0671,29.0421,1335678480
2297,41.0524,29.034,1335668340
2297,41.0486,28.9927,1335639480
2297,40.9888,29.1055,1335594780
2297,41.0524,29.034,1335581160
2297,41.0486,28.9927,1335555060
2297,41.068,28.9453,1335544380
2297,41.0732,28.9911,1335540600
2297,41.0486,28.9937,1335467280
2297,41.0486,28.9927,1335466920
2297,41.0486,28.9927,1335378120
2297,41.0486,28.9927,1334864640
2297,41.0486,28.9927,1334772180
2297,41.0317,28.9744,1334724660
2297,41.0484,28.993,1334717880
2297,41.0486,28.9927,1334686500
2297,41.042,29.0016,1334528280
2297,41.0524,29.034,1334455320
2297,41.0486,28.9927,1334429640
2297,41.0524,29.034,1334370780
2297,41.0422,29.0028,1334367300
2297,41.0486,28.9927,1334343060
2297,41.0486,28.9927,1334256840
2297,41.0508,29.0329,1332041040
2297,41.0317,28.9748,1331178660
2297,40.1008,29.1304,1328622480
2297,40.2501,28.9624,1327464540
2297,40.1951,29.051,1327328760
2297,41.0733,28.9914,1327064880
2297,40.1972,29.0596,1327017060
2297,40.7661,29.4228,1326475200
2297,40.9857,28.8538,1325293860
2297,41.0401,28.9754,1325109780
2297,41.0498,29.0321,1324788960
