230,0.5949,47.324,1424460600
230,1.3026,48.4595,1422850560
230,1.4221,48.4566,1421033220
230,1.4536,48.4846,1418638320
230,1.4536,48.4846,1414464600
230,1.4537,48.4845,1414464360
230,1.4536,48.4846,1414445940
230,1.4536,48.4845,1414445880
230,1.4536,48.4846,1414444560
230,1.4535,48.4846,1414444440
230,1.4535,48.4844,1414404960
230,1.4535,48.4843,1414404660
230,1.4536,48.4846,1414404540
230,1.4535,48.4846,1414403340
230,1.4536,48.4846,1414403040
230,1.4536,48.4846,1414342920
230,1.4536,48.4846,1414315140
230,1.4535,48.4846,1414315020
230,1.4536,48.4846,1414314900
230,1.4536,48.4846,1414314060
230,1.4535,48.4846,1414299720
230,1.4534,48.4847,1414299720
230,1.4535,48.4846,1414297500
230,1.4535,48.4846,1414295760
230,1.4536,48.4846,1414267380
230,1.4535,48.4846,1414266960
230,1.4534,48.4848,1414264620
230,1.4535,48.4846,1414234500
230,1.4535,48.4846,1414234020
230,1.4535,48.4846,1414233480
230,1.4533,48.4847,1414227720
230,1.4534,48.4849,1414226520
230,1.4535,48.4844,1414203000
230,1.4534,48.4848,1414185720
230,1.4535,48.4846,1414185660
230,1.4535,48.4846,1414176720
230,1.4535,48.4848,1414176660
230,1.4535,48.4846,1414101120
230,1.4535,48.4846,1414088880
230,1.4535,48.4846,1414088820
230,1.4534,48.4848,1414052760
230,1.4535,48.4848,1414043340
230,1.4536,48.4846,1414041840
230,1.4534,48.4848,1414041660
230,1.4536,48.4846,1414011120
230,1.4535,48.4846,1414011120
230,1.4536,48.4846,1414009740
230,1.4535,48.4846,1414006800
230,1.4535,48.4849,1414003740
230,1.4535,48.4848,1414002900
230,1.4535,48.4848,1414002840
230,1.4534,48.4849,1414002600
230,1.4535,48.4845,1413970320
230,1.4535,48.4847,1413966060
230,1.4534,48.4848,1413863820
230,1.4536,48.4846,1413863820
230,1.4535,48.4846,1413830280
230,1.4535,48.4849,1413769800
230,1.4536,48.4846,1413768480
230,1.4536,48.4846,1413768420
230,1.4536,48.4846,1413768300
230,1.4536,48.4846,1413768300
230,1.4535,48.4846,1413748320
230,1.4535,48.4846,1413748320
230,1.4535,48.4846,1413748140
230,1.4535,48.4846,1413748080
230,1.4535,48.4846,1413740640
230,1.4536,48.4846,1413667500
230,1.4536,48.4846,1413644100
230,1.4535,48.4846,1413643500
230,1.4536,48.4846,1413643320
230,1.4536,48.4846,1413642780
230,1.4535,48.4846,1413641880
230,1.4535,48.4846,1413641640
230,1.4536,48.4846,1413640920
230,1.4535,48.4846,1413640800
230,1.4535,48.4847,1413362640
230,1.4535,48.4846,1412656200
230,1.4536,48.4846,1412656140
230,1.4536,48.4846,1412655480
230,1.4535,48.4846,1412655300
230,1.4534,48.4847,1412655300
230,1.4535,48.4846,1412654460
230,1.4535,48.4846,1412654460
230,1.4535,48.4845,1412653800
230,1.4534,48.4849,1412494980
230,1.4535,48.4847,1412494860
230,1.4533,48.4849,1412318580
230,1.4531,48.4849,1412318580
230,1.4535,48.4846,1412281320
230,1.4535,48.4846,1412281320
230,1.4536,48.4845,1412280780
230,1.4535,48.4845,1412280660
230,1.4536,48.4845,1412280480
230,1.4536,48.4845,1412280180
230,1.4534,48.4848,1412151180
230,1.4535,48.4846,1412150940
230,1.4534,48.4848,1412060640
230,1.4535,48.4846,1411984680
230,1.4536,48.4846,1411982760
230,1.4535,48.4846,1411982640
230,1.4535,48.4846,1411982460
230,1.4534,48.4848,1411953000
230,1.4535,48.4847,1411183320
230,1.4535,48.4846,1411171140
230,1.4534,48.4847,1411067460
230,1.4535,48.4849,1411020660
230,1.4534,48.4848,1411020300
230,1.4534,48.4848,1411020000
230,1.4534,48.4848,1411019940
230,1.4534,48.4848,1411019820
230,1.4534,48.4848,1411019460
230,1.4534,48.4849,1411018920
230,1.4537,48.4844,1410902040
230,1.4536,48.4846,1410902040
230,1.4535,48.4846,1410900540
230,1.4535,48.4846,1410900360
230,1.4535,48.4845,1410899460
230,1.4535,48.4846,1410888300
230,1.4535,48.4847,1410842580
230,1.4532,48.4853,1410841260
230,1.4531,48.4844,1410840660
230,1.4535,48.4846,1410840540
230,1.4534,48.4847,1410839940
230,1.4221,48.4564,1410546600
230,1.4535,48.4846,1410328740
230,1.4534,48.4845,1410327900
230,1.4534,48.4847,1410327600
230,1.4534,48.4846,1410327540
230,1.4271,48.4599,1410160860
230,1.4536,48.4845,1409684580
230,1.4535,48.4846,1409684220
230,1.4536,48.4846,1409562420
230,1.4536,48.4846,1409562420
230,1.4536,48.4845,1409562420
230,1.4536,48.4846,1409561340
230,1.4453,48.496,1409536260
230,1.4535,48.4845,1409319240
230,1.4534,48.4849,1409294340
230,1.4534,48.4848,1409293920
230,1.4534,48.4848,1409293680
230,1.4535,48.4848,1409293560
230,1.4535,48.4848,1409293500
230,1.4533,48.4848,1409293380
230,1.4534,48.4848,1409293320
230,1.4534,48.4848,1409293200
230,1.4534,48.4848,1409293200
230,1.4534,48.4847,1409293140
230,1.4534,48.4847,1409292840
230,1.4534,48.4847,1409292540
230,1.4536,48.4846,1409069880
230,1.4533,48.4849,1409037060
230,1.4534,48.4848,1409037060
230,1.4535,48.4848,1409036880
230,1.4535,48.4849,1409036880
230,1.4534,48.4849,1409036580
230,1.4535,48.4848,1408916700
230,1.4536,48.4847,1408916520
230,1.4535,48.4848,1408916460
230,1.4535,48.4846,1408829580
230,1.4535,48.4845,1408300500
230,1.4534,48.4848,1408012440
230,1.4534,48.4848,1408012200
230,1.4534,48.4848,1408012080
230,1.4534,48.4847,1407412500
230,1.4534,48.4848,1407401400
230,1.4534,48.4848,1407401400
230,1.4535,48.4848,1407386640
230,1.4535,48.4848,1407386580
230,1.4537,48.4851,1407385260
230,1.4535,48.4846,1407294660
230,1.4534,48.4846,1407294480
230,1.4536,48.4846,1407156300
230,1.4535,48.4848,1407065460
230,1.4534,48.4848,1406954280
230,1.4535,48.4848,1406889360
230,1.4535,48.4849,1406889360
230,1.4535,48.4845,1406883120
230,1.4536,48.4846,1406807160
230,1.4535,48.4846,1406807100
230,1.4536,48.4843,1406806800
230,1.4535,48.4846,1406806740
230,1.4535,48.4846,1406806680
230,1.4535,48.4846,1406691300
230,1.4535,48.4845,1406690520
230,1.4535,48.4847,1406671380
230,1.4535,48.4845,1406661360
230,1.4535,48.4846,1406627160
230,1.4535,48.4846,1406623500
230,1.4535,48.4845,1406623140
230,1.4535,48.4846,1406233500
230,1.4534,48.4848,1405940760
230,1.4535,48.4852,1405832760
230,1.4534,48.4848,1405832700
230,1.4535,48.4846,1405772700
230,1.4538,48.4846,1405753920
230,1.4535,48.4847,1405530780
230,1.4534,48.4847,1405528140
230,1.4532,48.4846,1405501260
230,1.4534,48.4848,1405289760
230,1.4535,48.4846,1405102620
230,1.4535,48.4846,1404774420
230,1.4535,48.4846,1404668100
230,1.4535,48.4846,1404502020
230,1.4536,48.4846,1404342120
230,1.4535,48.4846,1404342120
230,1.4535,48.4846,1404263880
230,1.4535,48.4846,1404263820
230,1.4535,48.4846,1404263760
230,1.4563,48.4819,1404163920
230,1.4534,48.4847,1403893320
230,1.4536,48.4847,1403778180
230,1.4535,48.4846,1403778180
230,1.4534,48.4847,1403764800
230,1.4535,48.4846,1403710860
230,1.4535,48.4846,1403710860
230,1.4533,48.4848,1403704680
230,1.4446,48.4902,1403681580
230,1.4534,48.4849,1403440440
230,1.4533,48.4849,1403440320
230,1.4534,48.485,1403440320
230,1.4532,48.4848,1403389560
230,1.4534,48.4849,1403263200
230,1.4533,48.4849,1403241660
230,1.4535,48.4848,1403241480
230,1.4535,48.4848,1403234940
230,1.4533,48.4849,1403234760
230,1.4533,48.4849,1403173440
230,1.4464,48.4851,1402972380
230,1.4536,48.4846,1402826760
230,1.4535,48.4846,1402438980
230,1.4535,48.4846,1402438680
230,1.4535,48.4846,1402438560
230,1.4535,48.4846,1402438500
230,1.4535,48.4846,1402053900
230,1.4535,48.4846,1402053000
230,1.4535,48.4846,1402052640
230,1.4535,48.4846,1402052580
230,1.4535,48.4846,1402052280
230,1.4535,48.4846,1402052220
230,1.4535,48.4845,1402052040
230,1.4535,48.4845,1402051980
230,1.4535,48.4845,1402051560
230,1.4535,48.4845,1402050960
230,1.4534,48.4848,1401909720
230,1.4534,48.4846,1401747360
230,1.4535,48.4846,1401708360
230,1.4534,48.4849,1401541620
230,1.4517,48.4921,1392874260
230,1.4453,48.496,1391945640
230,1.4436,48.4892,1391591160
230,1.4517,48.4921,1391449140
230,1.4552,48.4867,1391258940
230,1.4557,48.4858,1390968060
230,1.4191,48.4812,1390863420
230,1.4459,48.4889,1390678080
230,1.4439,48.4897,1390647840
230,1.4531,48.4951,1387004100
230,1.4456,48.4862,1385286600
230,1.414,48.4418,1384547520
230,1.4517,48.4921,1383843780
230,1.4517,48.4921,1383326640
230,1.4528,48.4815,1383064080
230,1.4427,48.492,1383028500
230,1.4517,48.4921,1381550580
230,1.4512,48.4726,1381535880
230,1.4439,48.4897,1381120560
230,1.4453,48.4862,1380908940
230,1.3872,48.464,1380488880
230,1.4457,48.4862,1380443460
230,1.4517,48.4921,1380419280
230,1.3681,48.397,1380336060
230,1.4459,48.4891,1379926680
230,1.4459,48.4891,1379741100
230,1.4191,48.4812,1379718060
230,1.4411,48.49,1378709220
230,1.4467,48.4911,1378698540
230,1.4467,48.4911,1378698540
