2327,39.474,119.7825,1426892760
2327,39.5234,119.7837,1426881360
2327,39.5414,119.7674,1426878600
2327,39.5413,119.7672,1416991980
2327,39.4775,119.7503,1416978660
2327,39.5413,119.7671,1416954780
2327,39.5413,119.7672,1416742620
2327,39.4739,119.7825,1416631620
2327,39.4739,119.7825,1416528540
2327,39.5413,119.7672,1416489960
2327,39.4739,119.7825,1416207000
2327,39.474,119.7822,1416197640
2327,39.474,119.7825,1416196200
2327,39.474,119.7822,1416196140
2327,39.474,119.7822,1416111600
2327,39.474,119.7831,1416111060
2327,39.5413,119.7671,1416089760
2327,39.4775,119.7503,1415943840
2327,39.4775,119.7503,1415943780
2327,39.5414,119.7673,1415335320
2327,39.5414,119.7672,1415311920
2327,39.4775,119.7503,1415250060
2327,39.4735,119.7829,1415185920
2327,39.474,119.7822,1415166420
2327,39.474,119.7822,1415166360
2327,39.5413,119.7672,1415094840
2327,39.5414,119.7674,1415094840
2327,39.474,119.7822,1414982160
2327,39.474,119.7822,1414982100
2327,39.474,119.7822,1414982040
2327,39.474,119.7822,1414981980
2327,39.5413,119.7672,1414879200
2327,39.4746,119.7823,1414809720
2327,39.474,119.7822,1414729620
2327,39.5413,119.7672,1414663860
2327,39.5414,119.7672,1414530900
2327,39.5413,119.7671,1414488600
2327,39.5413,119.7672,1414488480
2327,39.5413,119.7671,1414488420
2327,39.474,119.7822,1414459680
2327,39.5414,119.7674,1414363500
2327,39.5414,119.7673,1414360260
2327,39.5413,119.7672,1414359060
2327,39.5414,119.7672,1414358220
2327,39.5414,119.7672,1414356840
2327,39.474,119.7822,1414309080
2327,39.5413,119.7672,1414184280
2327,39.5413,119.7671,1414183860
2327,39.5413,119.7672,1414116480
2327,39.5413,119.7671,1414056120
2327,39.5438,119.7623,1413790380
2327,39.5413,119.7672,1413784560
2327,39.474,119.7823,1413773280
2327,39.5413,119.7672,1413713160
2327,39.5414,119.7672,1413713100
2327,39.5414,119.7672,1413713040
2327,39.5413,119.7672,1413709200
2327,39.5413,119.7672,1413458940
2327,39.5412,119.7671,1413458760
2327,39.5414,119.7672,1413450000
2327,39.5413,119.7672,1413420540
2327,39.474,119.7822,1413346920
2327,39.474,119.7822,1413335340
2327,39.5413,119.7672,1413326280
2327,39.474,119.7822,1413275400
2327,39.5414,119.7672,1413186480
2327,39.5413,119.7671,1413146700
2327,39.5413,119.7672,1413082140
2327,39.5413,119.7672,1413069120
2327,39.5413,119.7672,1413066720
2327,39.5413,119.7671,1413065580
2327,39.5413,119.7671,1413053640
2327,39.5413,119.7671,1413026160
2327,39.5413,119.7672,1412983380
2327,39.5558,119.7551,1412805360
2327,39.474,119.7822,1412733360
2327,39.5413,119.7671,1412670960
2327,39.5413,119.7672,1412668620
2327,39.474,119.7822,1412653380
2327,39.5413,119.7671,1412583540
2327,39.474,119.7822,1412565960
2327,39.4741,119.7831,1412478660
2327,39.5413,119.7671,1412468340
2327,39.5412,119.7671,1412462580
2327,39.5413,119.7672,1412462520
2327,39.5413,119.7671,1412414760
2327,39.474,119.7822,1412390340
2327,39.474,119.7822,1412390220
2327,39.474,119.7822,1412390160
2327,39.5413,119.7671,1412247420
2327,39.5413,119.7671,1412247360
2327,39.474,119.7822,1412037900
2327,39.5412,119.767,1411976160
2327,39.474,119.7822,1411959120
2327,39.474,119.7822,1411958460
2327,39.5413,119.7671,1411935600
2327,38.2826,119.2998,1411892220
2327,36.0701,117.9547,1411880280
2327,34.1291,118.2739,1411871880
2327,33.2035,117.381,1411852980
2327,33.159,117.1267,1411667220
2327,33.1589,117.1267,1411667040
2327,33.1588,117.1267,1411641540
2327,33.1589,117.1267,1411641480
2327,33.1589,117.1267,1411638360
2327,33.1589,117.1266,1411594500
2327,33.1589,117.1266,1411594500
2327,33.1589,117.1267,1411591860
2327,36.7396,118.1535,1411486380
2327,36.7396,118.1535,1411483260
2327,36.7396,118.1535,1411482960
2327,36.7396,118.1535,1411482840
2327,36.7396,118.1535,1411475100
2327,37.3655,118.3956,1411467000
2327,38.2483,119.2217,1411462380
2327,39.0943,119.7771,1411457520
2327,39.474,119.7822,1411434000
2327,39.5413,119.7671,1411412760
2327,39.5413,119.7671,1411412760
2327,39.5413,119.7671,1411380780
2327,39.5413,119.7672,1411332300
2327,39.5414,119.7673,1411330740
2327,39.5414,119.7672,1411290420
2327,39.5413,119.7671,1411290360
2327,39.5414,119.7671,1411200060
2327,39.5413,119.7671,1411199520
2327,39.5413,119.7671,1411094580
2327,39.5414,119.7671,1411073100
2327,39.5413,119.7671,1411041780
2327,39.5414,119.7672,1411020660
2327,39.5413,119.7671,1411016460
2327,39.4741,119.7831,1410981000
2327,39.5257,119.7153,1410929280
2327,39.5413,119.7671,1410917580
2327,39.5413,119.7671,1410916980
2327,39.5414,119.7672,1410916380
2327,39.5414,119.7671,1410913680
2327,39.5413,119.7671,1410912060
2327,39.5414,119.7673,1410901560
2327,39.5413,119.7671,1410824760
2327,39.5413,119.7671,1410815880
2327,39.5413,119.7672,1410815880
2327,39.5414,119.7671,1410776520
2327,39.5414,119.7671,1410775440
2327,39.5413,119.7671,1410775320
2327,39.4739,119.7825,1410751260
2327,39.4739,119.7825,1410750900
2327,39.4739,119.7825,1410750720
2327,39.5413,119.7671,1410729600
2327,39.4739,119.7826,1410670860
2327,39.4739,119.7825,1410670740
2327,39.4739,119.7825,1410670680
2327,39.474,119.7825,1410659820
2327,39.4739,119.7825,1410659700
2327,39.474,119.7826,1410653220
2327,39.507,119.7837,1410599760
2327,39.4739,119.7825,1410575880
2327,39.4739,119.7825,1410566340
2327,39.5413,119.7671,1410551100
2327,39.5413,119.7671,1410549720
2327,39.5413,119.7671,1410514380
2327,39.5279,119.7919,1410508560
2327,39.4319,119.7668,1410504000
2327,39.5413,119.7671,1410488700
2327,39.4764,119.7989,1410477960
2327,39.4764,119.7988,1410477840
2327,39.4763,119.7989,1410477720
2327,39.5413,119.7671,1410428820
2327,39.4739,119.7825,1410397260
2327,39.4741,119.783,1410378840
2327,39.5413,119.767,1410347760
2327,39.5413,119.7671,1410249120
2327,39.4914,119.7996,1410232380
2327,39.5414,119.7671,1410168420
2327,39.5413,119.767,1410039120
2327,39.5413,119.7671,1410001920
2327,39.5413,119.7671,1410000060
2327,39.5011,119.7837,1409822940
2327,39.5414,119.7673,1409728260
2327,39.1903,119.7715,1409632620
2327,39.1436,119.7689,1409625600
2327,39.1438,119.7691,1409618640
2327,39.474,119.7822,1409538420
2327,39.474,119.7822,1409538420
2327,39.5413,119.7672,1409433300
2327,39.5413,119.7671,1409431980
2327,39.5413,119.767,1409217660
2327,39.5413,119.7671,1409173140
2327,39.5413,119.7671,1409173080
2327,39.5413,119.7671,1409173020
2327,39.5413,119.7671,1409170020
2327,39.474,119.7822,1409115900
2327,39.474,119.7822,1409115780
2327,39.5413,119.7671,1409044320
2327,39.4776,119.7503,1409035020
2327,39.5414,119.7673,1408997760
2327,39.5413,119.7672,1408997640
2327,39.474,119.7822,1408937460
2327,39.474,119.7822,1408937280
2327,39.4741,119.7832,1408936920
2327,39.4741,119.783,1408857600
2327,39.4741,119.783,1408857540
2327,39.474,119.7822,1408845360
2327,39.4741,119.7831,1408836660
2327,39.4741,119.7831,1408836360
2327,39.474,119.7825,1408836360
2327,39.5413,119.7673,1408792500
2327,39.5284,119.704,1408787280
2327,39.5336,119.7572,1408786860
2327,39.4739,119.7824,1408767660
2327,39.5413,119.7672,1408750200
2327,39.4777,119.7503,1408677360
2327,39.5192,119.8127,1408657560
2327,39.5414,119.7672,1408653840
2327,39.5413,119.7672,1408653780
2327,39.5413,119.7672,1408653480
2327,39.474,119.7825,1408579680
2327,39.474,119.7824,1408579560
2327,39.5414,119.7673,1408576560
2327,39.5413,119.7673,1408569060
2327,39.5414,119.7672,1408568640
2327,39.5413,119.7673,1408486380
2327,39.5414,119.7674,1408449780
2327,39.4776,119.7503,1408448700
2327,39.5286,119.7057,1408429260
2327,39.5365,119.7368,1408428960
2327,39.474,119.7828,1408420740
2327,39.4739,119.7824,1408411200
2327,39.5413,119.7673,1408307100
2327,39.4739,119.7824,1408251660
2327,39.4739,119.7824,1408250640
2327,39.4739,119.7825,1408238940
2327,39.5348,119.7661,1408219800
2327,39.4739,119.7825,1408144140
2327,39.5414,119.7673,1408140660
2327,39.5414,119.7673,1408140600
2327,39.5413,119.7673,1408139880
2327,39.5414,119.7672,1408131180
2327,39.5413,119.7672,1408129620
2327,39.5414,119.7673,1408094940
2327,39.2407,119.9442,1408078140
2327,39.5413,119.7672,1408005840
2327,39.5414,119.7673,1408003680
2327,39.4906,119.757,1407999420
2327,39.5414,119.7673,1407887160
2327,39.5413,119.7673,1407887100
2327,39.5414,119.7672,1407886080
2327,39.5413,119.7672,1407886020
2327,39.5414,119.7673,1407881100
2327,39.5414,119.7673,1407876300
2327,39.5414,119.7673,1407876000
2327,39.4746,119.7822,1407804480
2327,39.4776,119.7503,1407746340
2327,39.4777,119.7503,1407746160
2327,39.474,119.7822,1407736740
2327,39.474,119.7823,1407725700
2327,39.474,119.7823,1407724260
2327,39.4739,119.7823,1407723780
2327,39.474,119.7823,1407723720
2327,39.5414,119.7673,1403820660
2327,39.474,119.7822,1403758500
2327,39.474,119.7822,1403752500
2327,39.5414,119.7673,1403672520
2327,39.5413,119.7672,1403672100
2327,39.474,119.7822,1403570400
2327,39.474,119.7822,1403564760
2327,39.474,119.7823,1403564640
2327,39.474,119.7823,1403492340
2327,39.474,119.7822,1403491740
2327,39.5414,119.7674,1403472060
2327,39.5414,119.7672,1403422440
2327,39.5414,119.7672,1403421300
2327,39.5413,119.7672,1403421300
2327,39.474,119.7822,1403410200
2327,39.474,119.7822,1403317680
2327,39.474,119.7822,1403304360
2327,39.474,119.7822,1403304240
2327,39.474,119.7822,1403304240
2327,39.5414,119.7673,1403254860
2327,39.5414,119.7673,1403254620
2327,39.474,119.7822,1403237100
2327,39.474,119.7822,1403236440
2327,39.474,119.7822,1403236380
2327,39.4739,119.7822,1403219460
2327,39.5413,119.7672,1403209560
2327,39.5414,119.7672,1403167260
2327,39.5413,119.7672,1403167080
2327,39.5414,119.7673,1403166840
2327,39.4777,119.7503,1403073900
2327,39.4652,119.7824,1403039880
2327,39.5413,119.7672,1402965780
2327,39.5414,119.7673,1402951920
2327,29.5192,98.4647,1402843560
2327,29.4965,98.4668,1402818180
2327,29.4973,98.4668,1402818060
2327,29.5034,98.4668,1402818000
2327,29.5034,98.4667,1402817940
2327,29.4958,98.4666,1402817880
2327,29.5193,98.4644,1402807680
2327,29.5193,98.4644,1402807680
2327,29.5193,98.4645,1402807680
2327,29.5193,98.4645,1402626540
2327,29.5194,98.4641,1402626060
2327,39.474,119.7823,1402463040
2327,39.474,119.7822,1402462920
2327,39.4739,119.782,1402462560
2327,39.474,119.7823,1402462560
2327,39.474,119.7822,1402457580
2327,39.474,119.7822,1402361460
2327,39.5413,119.7672,1402355760
2327,39.4739,119.7824,1402322040
2327,39.4776,119.7504,1402281600
2327,39.474,119.7823,1402194540
2327,39.474,119.7823,1402122480
2327,39.4738,119.7822,1402096380
2327,39.5414,119.7673,1402051980
2327,39.5414,119.7673,1401864000
2327,39.5413,119.7672,1401863940
2327,39.5413,119.7672,1401850500
2327,39.5414,119.7673,1401850440
2327,39.5413,119.7672,1401696720
2327,39.5413,119.7673,1401696720
2327,39.5414,119.7673,1401658800
2327,39.4738,119.7822,1401596400
2327,39.474,119.7822,1401596220
2327,39.4738,119.7822,1401588480
2327,39.4739,119.7821,1401588120
2327,39.474,119.7822,1401587280
2327,39.5415,119.7671,1401521880
2327,39.5415,119.7673,1401521880
2327,39.5415,119.7673,1401521820
2327,39.5413,119.7673,1401521340
2327,39.5413,119.7672,1401443280
2327,39.5414,119.7675,1401318900
2327,39.5414,119.7673,1401312900
2327,39.5414,119.7673,1401312780
2327,39.5414,119.7673,1401136800
2327,39.5415,119.7673,1401136380
2327,39.474,119.7823,1401081480
2327,39.474,119.7823,1401081360
2327,39.5414,119.7672,1401007380
2327,39.5413,119.7672,1400655960
2327,39.5414,119.7672,1400624880
2327,39.5414,119.7673,1400572500
2327,39.5414,119.7673,1400572200
2327,39.5414,119.7672,1400571720
2327,39.474,119.7824,1400538180
2327,39.5414,119.7673,1400488920
2327,39.5414,119.7673,1400488860
2327,39.5414,119.7672,1399950120
2327,39.5414,119.7672,1399712580
2327,39.5414,119.7673,1399711920
2327,39.474,119.7822,1399679820
2327,39.5414,119.7672,1399542420
2327,39.5415,119.7672,1399539900
2327,39.4739,119.7821,1399516980
2327,39.5414,119.7672,1399454400
2327,39.5414,119.7673,1399454400
2327,39.5414,119.7673,1399448220
2327,39.5414,119.7672,1399258140
2327,39.5414,119.7672,1399253160
2327,39.474,119.7822,1399090560
2327,39.474,119.7822,1399090500
2327,39.474,119.7822,1399090380
2327,39.4739,119.7823,1399078860
2327,39.4739,119.7822,1399068000
2327,39.4739,119.7822,1399067940
2327,39.5414,119.7674,1399059060
2327,39.5414,119.7671,1399028340
2327,39.4739,119.7822,1398929400
2327,39.4739,119.7822,1398915840
2327,39.5414,119.7672,1398894360
2327,39.5414,119.7672,1398839760
2327,39.5414,119.7672,1398839640
2327,39.5414,119.7672,1398838560
2327,39.5414,119.7671,1398833520
2327,39.5414,119.7671,1398826620
2327,39.5414,119.7671,1398823560
2327,39.5414,119.7671,1398822900
2327,39.5414,119.7671,1398813900
2327,39.5414,119.7673,1398812880
2327,39.5414,119.7674,1398809040
2327,39.5414,119.7672,1398802560
2327,39.4739,119.7822,1398654720
2327,39.5411,119.7666,1398629820
2327,39.4739,119.7822,1398572640
2327,39.474,119.7822,1398572580
2327,39.4741,119.782,1398572580
2327,39.4739,119.7823,1398572280
2327,39.4741,119.783,1398544080
2327,39.4741,119.783,1398543720
2327,39.4741,119.783,1398543660
2327,39.4737,119.7828,1398543600
2327,39.5414,119.7673,1398500700
2327,39.5414,119.7673,1398500520
2327,39.5414,119.7672,1398453120
2327,39.474,119.7823,1398401400
2327,39.5414,119.7673,1398384660
2327,39.5257,119.7436,1398296820
2327,39.5414,119.7672,1398293100
2327,39.5414,119.7673,1398292680
2327,39.5414,119.7673,1398287580
2327,39.5414,119.7672,1398236460
2327,39.4739,119.7823,1398209580
2327,39.4739,119.7823,1398209400
2327,39.5508,119.753,1398148440
2327,39.5845,119.7459,1398148320
2327,39.5413,119.7672,1398029400
2327,39.5414,119.7672,1398029220
2327,39.5414,119.7672,1397985180
2327,39.4739,119.7823,1397977440
2327,39.474,119.7822,1397960220
2327,39.474,119.7823,1397948520
2327,39.5415,119.7673,1397938320
2327,39.5414,119.7673,1397895600
2327,39.3209,120.5658,1397882580
2327,39.2557,120.7347,1397882040
2327,39.4739,119.7823,1397782920
2327,39.5414,119.7672,1397764560
2327,39.5413,119.7671,1397764080
2327,39.5414,119.7671,1397727120
2327,39.5413,119.7673,1397727000
2327,39.5414,119.7672,1397726940
2327,39.5412,119.767,1397715960
2327,39.474,119.7822,1397707980
2327,39.474,119.7823,1397701260
2327,39.4739,119.7823,1397624700
2327,39.4739,119.7823,1397609520
2327,39.5412,119.7669,1397600460
2327,39.5414,119.7672,1397599140
2327,39.4774,119.7503,1397595120
2327,39.4775,119.7503,1397595060
2327,39.4776,119.7503,1397546100
2327,39.5414,119.7673,1397532180
2327,39.5414,119.7672,1397507460
2327,39.474,119.7823,1397452980
2327,39.4739,119.7823,1397345340
2327,39.5414,119.7672,1397126700
2327,39.5414,119.7673,1396953480
2327,39.4739,119.7823,1396934400
2327,39.5414,119.7672,1396906560
2327,39.5414,119.7672,1396905480
2327,39.5413,119.7671,1396880580
2327,39.5414,119.7672,1396861980
2327,39.4739,119.7823,1396838700
2327,39.4739,119.7822,1396837560
2327,39.4739,119.7823,1396837560
2327,39.474,119.7823,1396837380
2327,39.4739,119.7823,1396751940
2327,39.4739,119.7823,1396751220
2327,39.4739,119.7823,1396750320
2327,39.4715,119.782,1396728900
2327,39.5326,119.7685,1396670100
2327,39.4752,119.7876,1396669620
2327,39.5414,119.7672,1396662360
2327,39.5411,119.7669,1396469100
2327,39.474,119.7822,1396414020
2327,39.4739,119.7823,1396413840
2327,39.4739,119.7823,1396413840
2327,39.474,119.7823,1396409760
2327,39.5414,119.7671,1396390620
2327,39.5414,119.7672,1396387500
2327,39.5414,119.7672,1396387320
2327,39.5414,119.7672,1396387260
2327,39.5418,119.7678,1396344420
2327,39.5414,119.7673,1396343340
2327,39.5413,119.7671,1396343340
2327,39.5412,119.7669,1396343100
2327,39.5413,119.767,1396343040
2327,39.4739,119.7823,1396312560
2327,39.4739,119.7823,1396312500
2327,39.5413,119.7673,1396252380
2327,39.5413,119.7671,1396252320
2327,39.5413,119.7672,1396252260
2327,39.5178,119.7406,1396251120
2327,39.4944,119.7481,1396251000
2327,39.5413,119.7671,1396227360
2327,39.5414,119.7672,1396211700
2327,39.5333,119.7805,1396068180
2327,39.5413,119.7671,1396051020
2327,39.5058,119.7474,1396050000
2327,39.5413,119.7671,1396039440
2327,39.5413,119.7672,1395986220
2327,39.474,119.783,1395951840
2327,39.5413,119.7672,1395913320
2327,39.4739,119.7823,1395724920
2327,39.4739,119.7823,1395724260
2327,39.4775,119.7503,1386977940
2327,39.4775,119.7503,1386975420
2327,39.4733,119.7639,1375225680
2327,39.4733,119.7639,1375225440
2327,39.4733,119.7639,1375225380
2327,39.4733,119.7639,1375225020
