2370,6.0646,49.9052,1427737980
2370,6.0646,49.9052,1427737980
2370,6.0674,49.9074,1427693820
2370,6.0674,49.9074,1427688600
2370,6.0615,49.9137,1427686680
2370,6.0646,49.9052,1427554860
2370,6.0674,49.9074,1427554440
2370,6.0646,49.9052,1427385780
2370,6.0674,49.9074,1427350800
2370,6.0674,49.9074,1427311080
2370,6.0646,49.9052,1427309640
2370,6.0674,49.9074,1427250240
2370,6.0674,49.9074,1427217540
2370,6.0674,49.9074,1427163840
2370,6.0674,49.9074,1427132100
2370,6.0646,49.9052,1427127600
2370,6.0674,49.9074,1427088240
2370,6.0615,49.9137,1427086260
2370,6.0674,49.9074,1427041320
2370,6.0674,49.9074,1427040000
2370,6.0615,49.9137,1426954320
2370,6.0615,49.9137,1426916640
2370,6.0615,49.9137,1426916580
2370,6.0674,49.9074,1426898100
2370,6.0674,49.9074,1426782240
2370,6.0615,49.9137,1426735740
2370,6.0615,49.9137,1426707060
2370,6.0646,49.9052,1426695840
2370,6.0674,49.9074,1426619580
2370,6.0646,49.9052,1426611720
2370,6.0674,49.9074,1426578600
2370,6.0615,49.9137,1426571400
2370,6.0674,49.9074,1426529640
2370,6.0646,49.9052,1426524060
2370,6.0646,49.9052,1426434840
2370,6.0646,49.9052,1426344360
2370,6.0674,49.9074,1426301460
2370,6.0646,49.9052,1426288380
2370,6.0674,49.9074,1426274580
2370,6.0674,49.9074,1426263900
2370,6.0674,49.9074,1426197180
2370,6.0674,49.9074,1426182720
2370,6.0674,49.9074,1426137720
2370,6.0615,49.9137,1426128480
2370,6.0674,49.9074,1426099500
2370,6.0615,49.9137,1426042800
2370,6.0646,49.9052,1426027020
2370,6.0646,49.9052,1426013400
2370,6.0674,49.9074,1426008600
2370,6.0615,49.9137,1425971520
2370,6.0646,49.9052,1425922560
2370,6.0646,49.9052,1425919140
2370,6.0674,49.9074,1425828300
2370,6.0615,49.9137,1425795540
2370,6.0646,49.9052,1425739980
2370,6.0646,49.9052,1425738000
2370,6.0674,49.9074,1425707040
2370,6.0674,49.9074,1425691800
2370,6.0646,49.9052,1425680100
2370,6.0646,49.9052,1425661560
2370,6.0615,49.9137,1425611640
2370,6.0615,49.9137,1425611580
2370,6.0674,49.9074,1425488760
2370,6.0646,49.9052,1425486780
2370,6.0615,49.9137,1425439020
2370,6.0615,49.9137,1425436440
2370,6.0674,49.9074,1425421680
2370,6.0674,49.9074,1425399900
2370,6.0674,49.9074,1425364980
2370,6.0674,49.9074,1425349860
2370,6.0646,49.9052,1425334440
2370,6.0674,49.9074,1425315720
2370,6.0615,49.9137,1425276900
2370,6.0674,49.9074,1425234840
2370,6.0674,49.9074,1425224640
2370,6.0674,49.9074,1425192240
2370,6.0674,49.9074,1425151020
2370,6.0646,49.9052,1425139920
2370,6.0646,49.9052,1425133440
2370,6.0674,49.9074,1425100080
2370,6.0674,49.9074,1425056580
2370,6.0615,49.9137,1425004740
2370,6.0615,49.9137,1424930460
2370,6.0674,49.9074,1424917860
2370,6.0674,49.9074,1424886180
2370,6.0639,49.9061,1424881320
2370,6.0674,49.9074,1424834040
2370,6.0674,49.9074,1424814060
2370,6.0674,49.9074,1424813700
2370,6.0639,49.9061,1424797260
2370,6.0639,49.9061,1424796000
2370,6.0674,49.9074,1424757780
2370,6.0615,49.9137,1424727600
2370,6.0639,49.9061,1424714280
2370,6.0639,49.9061,1424708820
2370,6.0615,49.9137,1424671620
2370,6.0674,49.9074,1424634540
2370,6.0674,49.9074,1424620860
2370,6.0639,49.9061,1424618700
2370,6.0639,49.9061,1424528700
2370,6.0615,49.9137,1424485800
2370,6.0639,49.9061,1424475720
2370,6.0639,49.9061,1424475540
2370,6.0639,49.9061,1424449140
2370,6.0674,49.9074,1424380200
2370,6.0639,49.9061,1424362260
2370,6.0615,49.9136,1424325660
2370,6.0674,49.9074,1424278740
2370,6.0615,49.9137,1424227620
2370,6.0674,49.9074,1424196540
2370,6.0674,49.9074,1424121180
2370,6.0646,49.9052,1424106420
2370,6.0598,49.9094,1424062740
2370,6.0646,49.9052,1424017740
2370,6.0674,49.9074,1424016780
2370,6.0674,49.9074,1424015820
2370,6.0674,49.9074,1423939620
2370,6.0646,49.9052,1423932060
2370,6.0615,49.9137,1423894320
2370,6.0615,49.9137,1423894260
2370,6.0646,49.9052,1423867380
2370,6.0646,49.9052,1423855500
2370,6.0646,49.9052,1423845360
2370,6.0615,49.9137,1423808640
2370,6.0646,49.9052,1423757700
2370,6.0674,49.9074,1423707540
2370,6.0615,49.9137,1423697040
2370,6.0646,49.9052,1423672260
2370,6.0615,49.9137,1423622400
2370,6.0646,49.9052,1423592460
2370,6.0646,49.9052,1423584780
2370,6.0674,49.9074,1423535520
2370,6.0674,49.9074,1423507800
2370,6.0646,49.9052,1423500000
2370,6.0674,49.9074,1423457100
2370,6.0674,49.9074,1423457040
2370,6.0646,49.9052,1423412940
2370,6.0646,49.9052,1423319220
2370,6.0615,49.9137,1423287660
2370,6.0646,49.9052,1423270740
2370,6.0674,49.9074,1423249080
2370,6.0646,49.9052,1423244400
2370,6.0646,49.9052,1423163100
2370,6.0674,49.9074,1423160400
2370,6.0646,49.9052,1423153620
2370,6.0615,49.9137,1423112340
2370,6.0646,49.9052,1423067340
2370,6.0615,49.9137,1423028760
2370,6.0646,49.9052,1422979620
2370,6.0609,49.9162,1422944460
2370,6.0646,49.9052,1422924960
2370,6.0646,49.9052,1422896220
2370,6.0646,49.9052,1422894360
2370,6.0609,49.9162,1422849780
2370,6.0646,49.9052,1422806040
2370,6.0646,49.9052,1422805200
2370,6.0646,49.9052,1422715740
2370,6.0615,49.9137,1422684540
2370,6.0646,49.9052,1422634680
2370,6.0674,49.9074,1422565440
2370,6.0646,49.9052,1422547800
2370,6.0609,49.9162,1422511200
2370,6.0646,49.9052,1422474060
2370,6.0646,49.9052,1422462060
2370,6.0646,49.9052,1422387600
2370,6.0646,49.9052,1422378120
2370,6.0646,49.9052,1422373380
2370,6.0615,49.9137,1422341760
2370,6.0646,49.9052,1422288480
2370,6.0609,49.9162,1422256260
2370,6.0646,49.9052,1422108900
2370,6.0609,49.9162,1422082620
2370,6.0646,49.9052,1422028860
2370,6.0646,49.9052,1421948160
2370,6.0646,49.9052,1421942820
2370,6.0609,49.9162,1421908500
2370,6.0609,49.9162,1421903760
2370,6.0646,49.9052,1421879880
2370,6.0674,49.9074,1421865720
2370,6.0646,49.9052,1421862240
2370,6.0646,49.9052,1421858580
2370,6.0609,49.9162,1421812380
2370,6.0646,49.9052,1421770320
2370,6.0614,49.9139,1421736780
2370,6.0646,49.9052,1421708940
2370,6.0614,49.9139,1421644980
2370,6.0646,49.9052,1421505120
2370,6.0674,49.9074,1421460540
2370,6.0646,49.9052,1421430840
2370,6.0646,49.9052,1421425080
2370,6.0609,49.9162,1421390820
2370,6.0646,49.9052,1421338440
2370,6.0674,49.9074,1421278980
2370,6.0639,49.9061,1421260740
2370,6.0639,49.9061,1421252520
2370,6.0609,49.9162,1421221560
2370,6.0646,49.9052,1421173320
2370,6.0646,49.9052,1421166600
2370,6.0646,49.9052,1421080500
2370,6.0609,49.9162,1421036940
2370,6.0646,49.9052,1420991040
2370,6.0609,49.9162,1420957080
2370,6.0646,49.9052,1420905060
2370,6.0609,49.9162,1420869960
2370,6.0646,49.9052,1420851600
2370,6.0646,49.9052,1420826580
2370,6.0646,49.9052,1420820220
2370,6.0646,49.9052,1420767360
2370,6.0647,49.9051,1420734720
2370,6.0609,49.9163,1420689540
2370,6.0609,49.9163,1420689180
2370,1.403,48.4304,1419972300
2370,1.3575,48.3682,1419872040
2370,1.3575,48.3682,1419350940
2370,1.3575,48.3682,1418922660
2370,1.3575,48.3682,1418922300
2370,6.0674,49.9074,1418657280
2370,6.0614,49.9138,1418621520
2370,6.0674,49.9074,1418615400
2370,6.0639,49.9061,1418478180
2370,6.0674,49.9074,1418449140
2370,6.0639,49.9061,1418426520
2370,6.0674,49.9074,1418402280
2370,6.0639,49.9061,1418400420
2370,6.0674,49.9074,1418365140
2370,6.0674,49.9074,1418363100
2370,6.0609,49.9163,1418278740
2370,6.0609,49.9163,1418277540
2370,6.0639,49.9061,1418239380
2370,6.0639,49.9061,1418228940
2370,6.0609,49.9163,1418186160
2370,6.0639,49.9061,1418174760
2370,6.0609,49.9163,1418162100
2370,6.0674,49.9074,1418016180
2370,6.0609,49.9163,1418013360
2370,6.0647,49.9051,1417970400
2370,6.0647,49.9051,1417966860
2370,6.0647,49.9051,1417965480
2370,6.0609,49.9163,1417934280
2370,6.0639,49.9061,1417876500
2370,6.0609,49.9163,1417845120
2370,6.0639,49.9061,1417795080
2370,6.0609,49.9163,1417760280
2370,6.0639,49.9061,1417743960
2370,6.0647,49.9051,1417741920
2370,6.0647,49.9051,1417740060
2370,6.0647,49.9051,1417709700
2370,6.0609,49.9163,1417672500
2370,6.0647,49.9051,1417536480
2370,6.0647,49.9051,1417534980
2370,6.0609,49.9163,1417499940
2370,6.0609,49.9163,1417487160
2370,6.0639,49.9061,1417459560
2370,6.0609,49.9163,1417447680
2370,6.0609,49.9163,1417417320
2370,6.0674,49.9074,1417363320
2370,6.0647,49.9051,1417361520
2370,6.0647,49.9051,1417271280
2370,6.0609,49.9163,1417243200
2370,6.0609,49.9163,1417228020
2370,6.0639,49.9061,1417216800
2370,6.0639,49.9061,1417198920
2370,6.0639,49.9061,1417192320
2370,6.0609,49.9163,1417154100
2370,6.0647,49.9051,1417105140
2370,6.0674,49.9074,1417071960
2370,6.0609,49.9163,1417066020
2370,6.0647,49.9051,1417024080
2370,6.0647,49.9051,1416941040
2370,6.0647,49.9051,1416933180
2370,6.0609,49.9163,1416894240
2370,6.0674,49.9074,1416857100
2370,6.0639,49.9061,1416851040
2370,6.0639,49.9061,1416849960
2370,6.0674,49.9074,1416809400
2370,6.0674,49.9074,1416808140
2370,6.0674,49.9074,1416807960
2370,6.0674,49.9074,1416756660
2370,6.0647,49.9051,1416756300
2370,6.0609,49.9163,1416722580
2370,6.0609,49.9163,1416721200
2370,6.0609,49.9163,1416682740
2370,6.0674,49.9074,1416681960
2370,6.0639,49.9061,1416665340
2370,6.0639,49.9061,1416663360
2370,6.0639,49.9061,1416662700
2370,6.0647,49.9051,1416533880
2370,6.0639,49.9061,1416505800
2370,6.0639,49.9061,1416502380
2370,6.0609,49.9163,1416463440
2370,6.0647,49.9051,1416435720
2370,6.0647,49.9051,1416419160
2370,6.0647,49.9051,1416417840
2370,6.0647,49.9051,1416414420
2370,6.0609,49.9163,1416366120
2370,6.0609,49.9163,1416365880
2370,6.0647,49.9051,1416359880
2370,6.0647,49.9051,1416331680
2370,6.0609,49.9163,1416291780
2370,6.0609,49.9163,1416291000
2370,6.0647,49.9051,1416242340
2370,6.0609,49.9163,1416205080
2370,6.0647,49.9051,1416153600
2370,6.0647,49.9051,1416152100
2370,6.0609,49.9163,1416074700
2370,6.0674,49.9074,1416071640
2370,6.0609,49.9163,1416069720
2370,6.0639,49.9061,1415990760
2370,6.0639,49.9061,1415982540
2370,6.0647,49.9051,1415923920
2370,6.0647,49.9051,1415900340
2370,6.0639,49.9061,1415842800
2370,6.0639,49.9061,1415809440
2370,6.0609,49.9163,1415718720
2370,6.0609,49.9163,1415684700
2370,6.0639,49.9061,1415644080
2370,6.0609,49.9163,1415599860
2370,6.0609,49.9163,1415594160
2370,6.0674,49.9074,1415549040
2370,6.0609,49.9163,1415515380
2370,6.0609,49.9163,1415475780
2370,6.0609,49.9163,1415426100
2370,6.0609,49.9163,1415393040
2370,6.0647,49.9051,1415383440
2370,6.0647,49.9051,1415383260
2370,6.0609,49.9163,1415344440
2370,6.0609,49.9163,1415328000
2370,6.0647,49.9051,1415298060
2370,6.0609,49.9163,1415254500
2370,6.0609,49.9163,1415252340
2370,6.0609,49.9163,1415222040
2370,6.0646,49.905,1415204880
2370,6.0609,49.9163,1415170440
2370,6.0646,49.905,1415126580
2370,6.0646,49.905,1415124960
2370,6.0647,49.9051,1415118660
2370,6.0609,49.9163,1415067360
2370,6.0646,49.905,1415064660
2370,6.0646,49.905,1415056620
2370,6.0674,49.9074,1415037540
2370,6.0647,49.9051,1415032860
2370,6.0647,49.9051,1415031780
2370,6.0609,49.9163,1414991040
2370,6.0609,49.9163,1414990860
2370,6.0609,49.9163,1414987260
2370,6.0674,49.9074,1414942440
2370,6.0609,49.9163,1414910400
2370,6.0609,49.9163,1414905840
2370,6.0639,49.9061,1414864920
2370,6.0639,49.9061,1414864080
2370,6.0639,49.9061,1414863420
2370,6.0609,49.9163,1414809360
2370,6.0639,49.9061,1414804920
2370,6.0639,49.9061,1414786560
2370,6.0639,49.9061,1414786500
2370,6.0639,49.9061,1414772700
2370,6.0609,49.9163,1414736760
2370,6.0646,49.905,1414711740
2370,6.0609,49.9163,1414708680
2370,6.0639,49.9061,1414697160
2370,6.0639,49.9061,1414686960
2370,6.0639,49.9061,1414685640
2370,6.0609,49.9163,1414649940
2370,6.0609,49.9163,1414646700
2370,6.0639,49.9061,1414636200
2370,6.0639,49.9061,1414635180
2370,6.0609,49.9163,1414618680
2370,6.0639,49.9061,1414604580
2370,6.0639,49.9061,1414601460
2370,6.0639,49.9061,1414539300
2370,6.0639,49.9061,1414537800
2370,6.0639,49.9061,1414536840
2370,6.0639,49.9061,1414534980
2370,6.0639,49.9061,1414534860
2370,6.0639,49.9061,1414514280
2370,6.0674,49.9074,1414479960
2370,6.0674,49.9074,1414444800
2370,6.0639,49.9061,1414438980
2370,6.0639,49.9061,1414437480
2370,6.0639,49.9061,1414434480
2370,6.0639,49.9061,1414433040
2370,6.0639,49.9061,1414428060
2370,6.0639,49.9061,1414338300
2370,6.0609,49.9163,1414299120
2370,6.0674,49.9074,1414297560
2370,6.0672,49.9066,1414263300
2370,6.0639,49.9061,1414258560
2370,6.0639,49.9061,1414257900
2370,6.0639,49.9061,1414256460
2370,6.0674,49.9074,1414246740
2370,6.0639,49.9061,1414244220
2370,6.0609,49.9163,1414218420
2370,6.0639,49.9061,1414195260
2370,6.0639,49.9061,1414191720
2370,6.0674,49.9074,1414187220
2370,6.0639,49.9061,1414175520
2370,6.0639,49.9061,1414172580
2370,6.0674,49.9074,1414168440
2370,6.0609,49.9163,1414136280
2370,6.0639,49.9061,1414125180
2370,6.0674,49.9074,1414110000
2370,6.0639,49.9061,1414105260
2370,6.0609,49.9163,1414099680
2370,6.0612,49.9139,1414090800
2370,6.0612,49.9139,1414086780
2370,6.0639,49.9061,1414086360
2370,6.0609,49.9163,1414051140
2370,6.0609,49.9163,1414045140
2370,6.0674,49.9074,1414027260
2370,6.0674,49.9074,1414006800
2370,6.0639,49.9061,1413994020
2370,6.0609,49.9163,1413961740
2370,6.0612,49.9139,1413956880
2370,6.0674,49.9074,1413937140
2370,6.0639,49.9061,1413918420
2370,6.0639,49.9061,1413908280
2370,6.0674,49.9074,1413855600
2370,6.0639,49.9061,1413849780
2370,6.0674,49.9074,1413831660
2370,6.0639,49.9061,1413830040
2370,6.0639,49.9061,1413818820
2370,6.0612,49.9139,1413785160
2370,6.0609,49.9163,1413782280
2370,6.0639,49.9061,1413652320
2370,6.0639,49.9061,1413650880
2370,6.0639,49.9061,1413641700
2370,6.0674,49.9074,1413614760
2370,6.0609,49.9163,1413613200
2370,6.0609,49.9163,1413612600
2370,6.0639,49.9061,1413590400
2370,6.0639,49.9061,1413568560
2370,6.0639,49.9061,1413563760
2370,6.0612,49.9139,1413530040
2370,6.0612,49.9139,1413524940
2370,6.0609,49.9163,1413495660
2370,6.0612,49.9139,1413444480
2370,6.0674,49.9074,1413440340
2370,6.0639,49.9061,1413420780
2370,6.0674,49.9074,1413404040
2370,6.0612,49.9139,1413352920
2370,6.0612,49.9139,1413308880
2370,6.0674,49.9074,1413303180
2370,6.0612,49.9139,1413275520
2370,6.0612,49.9139,1413275400
2370,6.0609,49.9163,1413269700
2370,6.0674,49.9074,1413268560
2370,6.0674,49.9074,1413183900
2370,6.0609,49.9163,1413182820
2370,6.0674,49.9074,1413043080
2370,6.0612,49.9139,1412913900
2370,6.0639,49.9061,1412871900
2370,6.0674,49.9074,1412699460
2370,6.0674,49.9074,1412666280
2370,6.0674,49.9074,1412662440
2370,6.0674,49.9074,1412639220
2370,6.0639,49.9061,1412621400
2370,6.0674,49.9074,1412619420
2370,6.0674,49.9074,1412619180
2370,6.0639,49.9061,1412611740
2370,6.0674,49.9074,1412574840
2370,6.0674,49.9074,1412542740
2370,6.0639,49.9061,1412538960
2370,6.0674,49.9074,1412529300
2370,6.0639,49.9061,1412528040
2370,6.0639,49.9061,1412526300
2370,6.0674,49.9074,1412490060
2370,6.0674,49.9074,1412489820
2370,6.0674,49.9074,1412461020
2370,6.0674,49.9074,1412458680
2370,6.0674,49.9074,1412457000
2370,6.0674,49.9074,1412406060
2370,6.0639,49.9061,1412376300
2370,6.0674,49.9074,1412369280
2370,6.0639,49.9061,1412354400
2370,6.0674,49.9074,1412295720
2370,6.0639,49.9061,1412266260
2370,6.0612,49.9139,1412234220
2370,6.0674,49.9074,1412231640
2370,6.0674,49.9074,1412229660
2370,6.0639,49.9061,1412184840
2370,6.0674,49.9074,1412182380
2370,6.0639,49.9061,1412097420
2370,6.0639,49.9061,1412091720
2370,6.0674,49.9074,1412058540
2370,6.0674,49.9074,1412057640
2370,6.0639,49.9061,1412031120
2370,6.0639,49.9061,1412031000
2370,6.0639,49.9061,1412011860
2370,6.0639,49.9061,1412009880
2370,6.0674,49.9074,1411887600
2370,6.0674,49.9074,1411847220
2370,6.0639,49.9061,1411759200
2370,6.0639,49.9061,1411750440
2370,6.0639,49.9061,1411664640
2370,6.0674,49.9074,1411025460
2370,6.0674,49.9074,1410588900
2370,6.0674,49.9074,1410458460
2370,6.0674,49.9074,1410403140
2370,6.0674,49.9074,1410335160
2370,6.0674,49.9074,1410298140
2370,6.0674,49.9074,1410298020
2370,6.0639,49.9061,1410201060
2370,6.0674,49.9074,1409972040
2370,6.0674,49.9074,1409951280
2370,6.0674,49.9074,1409898660
2370,6.0639,49.9061,1409868240
2370,6.0674,49.9074,1409811960
2370,6.0674,49.9074,1409724360
2370,6.0674,49.9074,1409641980
2370,6.0611,49.914,1409549340
2370,6.0674,49.9074,1409548500
2370,6.0674,49.9074,1409438520
2370,6.0639,49.9061,1409331900
2370,6.0639,49.9061,1409247540
2370,6.0639,49.9061,1409078460
2370,6.0674,49.9074,1409032440
2370,6.0639,49.9061,1408895880
2370,6.0674,49.9074,1408864320
2370,6.0674,49.9074,1408856580
2370,6.0609,49.9163,1408741500
2370,6.0639,49.9061,1408649040
2370,6.0609,49.9163,1408600980
2370,6.0609,49.9163,1408569060
2370,6.0609,49.9163,1408514400
2370,6.0609,49.9163,1408513200
2370,6.0639,49.9061,1408467000
2370,6.0674,49.9074,1408434720
2370,6.0639,49.9061,1408380240
2370,6.0609,49.9163,1408344300
2370,6.0609,49.9163,1408303020
2370,6.0674,49.9074,1408261980
2370,6.0609,49.9163,1408255920
2370,6.0609,49.9163,1408217280
2370,6.0639,49.9061,1408208520
2370,6.0611,49.914,1408170600
2370,6.0646,49.905,1408122120
2370,6.0611,49.914,1408050840
2370,6.0646,49.905,1408045560
2370,6.0646,49.905,1408035240
2370,6.0611,49.914,1407997080
2370,6.0639,49.9061,1407957060
2370,6.0674,49.9074,1407885420
2370,6.0674,49.9074,1407869040
2370,6.0639,49.9061,1407860460
2370,6.0609,49.9163,1407828600
2370,6.0639,49.9061,1407782940
2370,6.0639,49.9061,1407781020
2370,6.0674,49.9074,1407733680
2370,6.0674,49.9074,1407716580
