2388,39.0854,84.3365,1424322420
2388,39.0856,84.3365,1424307360
2388,39.0789,84.356,1424299560
2388,39.0855,84.3365,1424150220
2388,39.0855,84.3364,1423996080
2388,39.0857,84.3366,1423970160
2388,39.0855,84.3364,1423967880
2388,39.0854,84.3365,1423908300
2388,39.0854,84.3364,1423812120
2388,39.0913,84.3592,1423638300
2388,39.0936,84.3651,1423638240
2388,39.0855,84.3364,1423428840
2388,39.0884,84.3281,1423369080
2388,39.0855,84.3364,1423273860
2388,39.0855,84.3365,1422895560
2388,39.0855,84.3365,1422840900
2388,39.0856,84.3365,1422419400
2388,39.0855,84.3368,1422378060
2388,39.1463,84.276,1421658240
2388,39.0855,84.3365,1421212680
2388,39.0693,84.3481,1420599660
2388,40.2432,83.3446,1419679440
2388,39.0855,84.3365,1419460020
2388,39.0854,84.3364,1419409680
2388,39.1142,84.3329,1419325920
2388,39.1143,84.3328,1419325260
2388,39.0854,84.3363,1418973240
2388,39.0854,84.3362,1418887260
2388,39.0853,84.3364,1418623020
2388,39.0856,84.3364,1417413000
2388,39.0854,84.3365,1417395840
2388,39.085,84.3124,1417322160
2388,39.0882,84.322,1417147440
2388,39.0855,84.3364,1417120800
2388,39.0856,84.3363,1416901440
2388,39.0855,84.3364,1416105780
2388,39.0854,84.3364,1415950020
2388,39.0855,84.3363,1415864340
2388,39.0832,84.3355,1415775240
2388,39.0855,84.3365,1415690520
2388,39.0854,84.3365,1415606880
2388,39.1176,84.4122,1415389200
2388,39.0855,84.3364,1415169720
2388,39.0855,84.3364,1414802340
2388,39.0728,84.3522,1414629540
2388,39.0853,84.3363,1414472280
2388,39.0855,84.3364,1414386780
2388,39.0857,84.3362,1413993540
2388,39.0854,84.3364,1413959640
2388,39.0856,84.3364,1413614460
2388,39.0854,84.3364,1412543340
2388,39.1642,84.26,1411529040
2388,39.0854,84.3365,1411486560
2388,39.0728,84.3426,1410916080
2388,39.0798,84.3509,1409382900
2388,39.0855,84.3365,1409205840
2388,39.0856,84.3364,1408226040
2388,39.0853,84.3365,1408180620
2388,39.0855,84.3365,1390729980
2388,39.0855,84.3364,1390462500
2388,39.0808,84.3724,1390447020
2388,39.0855,84.3364,1389135300
2388,39.0855,84.3365,1388287320
2388,39.0854,84.3364,1388286540
2388,39.0854,84.3365,1387703280
2388,39.9045,86.0451,1386434760
2388,39.0789,84.3555,1311475800
2388,39.0852,84.3358,1311221160
2388,39.1642,84.2597,1308030900
2388,39.0853,84.3358,1306032780
2388,39.0853,84.3358,1306032660
