2394,41.2843,96.1133,1427245380
2394,41.2844,96.1133,1426823040
2394,41.2844,96.1134,1426382400
2394,41.2074,96.1959,1423947060
2394,41.2074,96.1959,1423700400
2394,41.2073,96.1959,1423700040
2394,41.2845,96.1139,1423654680
2394,41.2842,96.1134,1423648920
2394,41.2844,96.1135,1423648380
2394,41.2843,96.1132,1423647240
2394,41.2844,96.1133,1423646940
2394,41.2074,96.1959,1423525080
2394,41.2074,96.1959,1423517880
2394,41.2074,96.1959,1423516380
2394,41.2844,96.1135,1423381020
2394,41.1406,95.9787,1408010940
2394,41.1406,95.9788,1405064700
2394,41.2354,96.1842,1402705560
2394,41.2353,96.1842,1402705440
2394,41.1406,95.9787,1402296300
2394,41.1407,95.9787,1402295760
2394,41.1998,96.0614,1397444100
2394,41.1998,96.0614,1397434380
2394,41.2075,96.1957,1396467960
2394,41.2076,96.1958,1396466220
2394,41.1999,96.0615,1396425000
2394,41.2075,96.1958,1396382760
2394,41.2075,96.1958,1396381860
2394,41.2075,96.1958,1396381560
2394,41.1999,96.0613,1396315200
2394,41.1999,96.0615,1396265700
2394,41.2,96.0616,1396259040
2394,41.2,96.0615,1396258380
2394,41.1999,96.0617,1396257960
2394,41.2,96.0614,1396255380
2394,41.2075,96.1958,1396126320
2394,41.2075,96.1958,1396126140
2394,41.2075,96.1958,1396125540
2394,41.2,96.0615,1396092540
2394,41.1999,96.0614,1396092480
2394,41.2,96.0614,1396082460
2394,41.1999,96.0613,1396081920
2394,41.2,96.0614,1396081140
2394,41.2,96.0614,1396079580
2394,41.1999,96.0614,1396079160
2394,41.2,96.0615,1396079040
2394,41.1999,96.0614,1396078380
2394,41.2,96.0614,1396078080
2394,41.2075,96.1958,1396038960
2394,41.2075,96.1958,1396037280
2394,41.2075,96.1958,1396033200
2394,41.2075,96.1958,1395966060
2394,41.2075,96.1958,1395958620
2394,41.2075,96.1958,1395948420
2394,41.2075,96.1958,1395947640
2394,41.2,96.0613,1395915060
2394,41.1999,96.0613,1395914160
2394,41.1999,96.0613,1395913740
2394,41.2,96.0614,1395913320
2394,41.1999,96.0613,1395913260
2394,41.2,96.0614,1395912660
2394,41.1999,96.0615,1395912060
2394,41.2055,96.068,1395878280
2394,41.2075,96.1958,1395868260
2394,41.2075,96.1958,1395867480
2394,41.2075,96.1958,1395865800
2394,41.2075,96.1958,1395864660
2394,41.2075,96.1958,1395864540
2394,41.2075,96.1958,1395864360
2394,41.2075,96.1957,1395864180
2394,41.2075,96.1958,1395863940
2394,41.2075,96.1958,1395863760
2394,41.2075,96.1958,1395863100
2394,41.2075,96.1958,1395862980
2394,41.2075,96.1958,1395862200
2394,41.2075,96.1958,1395862080
2394,41.2076,96.1957,1395861300
2394,41.2075,96.1958,1395860580
2394,41.2,96.0615,1395827460
2394,41.2,96.0614,1395824640
2394,41.2042,96.0651,1395807180
2394,41.2075,96.1958,1395783660
2394,41.2075,96.1958,1395783480
2394,41.2075,96.1958,1395782760
2394,41.2075,96.1958,1395781260
2394,41.2075,96.1958,1395778980
2394,41.2075,96.1958,1395778740
2394,41.2075,96.1958,1395778680
2394,41.2075,96.1958,1395776880
2394,41.2075,96.1958,1395774960
2394,41.2,96.0615,1395736380
2394,41.1999,96.0615,1395736320
2394,41.2,96.0615,1395730380
2394,41.2,96.0614,1395726660
2394,41.2,96.0614,1395719820
2394,41.2,96.0613,1395719520
2394,41.2,96.0614,1395718440
2394,41.2,96.0615,1395716280
2394,41.2,96.0614,1395703500
2394,41.2,96.0614,1395703080
2394,41.2,96.0614,1395703020
2394,41.2,96.0614,1395701940
2394,41.2,96.0614,1395695580
2394,41.2,96.0614,1395695520
2394,39.341,94.751,1395611820
2394,39.1497,94.6621,1395555840
2394,39.1954,94.7096,1395542460
2394,39.0411,94.5889,1395535560
2394,39.1954,94.7097,1395520560
2394,39.2187,94.7597,1395475320
2394,41.2075,96.1958,1395432660
2394,41.2075,96.1958,1395432360
2394,41.2075,96.1958,1395430620
2394,41.2075,96.1958,1395429900
2394,41.2075,96.1958,1395429540
2394,41.2075,96.1958,1395427980
2394,41.1999,96.0614,1395424080
2394,41.2051,96.1199,1395375180
2394,41.2075,96.1958,1395364260
2394,41.2075,96.1958,1395363960
2394,41.2075,96.1958,1395345060
2394,41.2075,96.1958,1395343020
2394,41.2075,96.1958,1395343020
2394,41.2075,96.1958,1395342960
2394,41.2075,96.1958,1395342840
2394,41.2053,96.1477,1395340080
2394,41.2075,96.1958,1395265980
2394,41.1999,96.0616,1395251580
2394,41.1999,96.0615,1395218580
2394,41.1999,96.0616,1395217020
2394,41.1999,96.0615,1395216540
2394,41.2,96.0614,1395213840
2394,41.136,96.0245,1395206280
2394,41.136,96.0245,1395206280
2394,41.2075,96.1958,1395175980
2394,41.2075,96.1958,1395175680
2394,41.2719,96.089,1395129120
2394,41.1999,96.0615,1395056400
2394,41.2,96.0614,1395047880
2394,41.2,96.0615,1395047280
2394,41.2,96.0614,1395042420
2394,41.2,96.0614,1395041100
2394,41.1999,96.0614,1395019980
2394,41.1999,96.0615,1394968380
2394,41.2,96.0614,1394961360
2394,41.2,96.0614,1394948340
2394,41.2056,96.0814,1394916180
2394,41.2075,96.1958,1394831460
2394,41.2075,96.1958,1394831400
2394,41.2075,96.1958,1394831340
2394,41.2075,96.1958,1394830320
2394,41.2075,96.1958,1394829420
2394,41.2075,96.1958,1394824980
2394,41.2075,96.1958,1394823360
2394,41.1998,96.0615,1394819100
2394,41.1771,96.0377,1394775480
2394,41.2,96.0614,1394774520
2394,41.2075,96.1958,1394756460
2394,41.2075,96.1958,1394748000
2394,41.2075,96.1958,1394745720
2394,41.2075,96.1958,1394745660
2394,41.2075,96.1958,1394745420
2394,41.2075,96.1958,1394745300
2394,41.2075,96.1958,1394744880
2394,41.2075,96.1958,1394737560
2394,41.2075,96.1958,1394679780
2394,41.2075,96.1958,1394657640
2394,41.2075,96.1958,1394656500
2394,41.2075,96.1958,1394656380
2394,41.2075,96.1958,1394655660
2394,41.2075,96.1958,1394655600
2394,41.2075,96.1958,1394655300
2394,41.2075,96.1958,1394654880
2394,41.2075,96.1958,1394654760
2394,41.2075,96.1958,1394654220
2394,41.2075,96.1958,1394652480
2394,41.2075,96.1958,1394652300
2394,41.2075,96.1958,1394651340
2394,41.2075,96.1958,1394585520
2394,41.2075,96.1958,1394585100
2394,41.2075,96.1958,1394578080
2394,41.2075,96.1958,1394569140
2394,41.2075,96.1958,1394567700
2394,41.2075,96.1958,1394565480
2394,41.2075,96.1958,1394564640
2394,41.2,96.0613,1394543160
2394,41.1999,96.0614,1394530200
2394,41.1999,96.0615,1394526840
2394,41.2,96.0614,1394526420
2394,41.2,96.0614,1394525280
2394,41.2,96.0614,1394525100
2394,41.2,96.0614,1394525040
2394,41.2,96.0614,1394492280
2394,41.1999,96.0614,1394429460
2394,41.2075,96.1958,1394313480
2394,41.2776,96.0905,1394307780
2394,41.2776,96.0905,1394307720
2394,41.2075,96.1957,1394249520
2394,41.2075,96.1957,1394249520
2394,41.2075,96.1958,1394221260
2394,41.2244,95.9812,1394185380
2394,41.2637,95.9293,1394183400
2394,41.2075,96.1957,1394135880
2394,41.1996,96.0609,1394095860
2394,41.1996,96.0609,1394090220
2394,41.2151,96.1967,1393986120
2394,41.2089,96.0585,1393890480
2394,41.2076,96.0699,1393885980
2394,41.2076,96.0699,1393885020
2394,41.2101,96.0466,1393884000
2394,41.1999,96.0614,1393845420
2394,41.2,96.0614,1393842780
2394,41.1999,96.0614,1393841460
2394,41.1999,96.0615,1393839300
2394,41.1999,96.0613,1393839000
2394,41.1999,96.0614,1393838040
2394,41.1999,96.0613,1393781760
2394,41.1999,96.0613,1393781760
2394,41.2077,96.0698,1393738140
2394,41.215,96.1967,1393709940
2394,41.215,96.1967,1393708320
2394,41.215,96.1967,1393707720
2394,41.2262,95.9698,1393668480
2394,41.2076,96.1958,1393655100
2394,41.2076,96.1958,1393653720
2394,41.215,96.1967,1393652640
2394,41.2081,96.0667,1393576680
2394,41.2089,96.0582,1393576440
2394,41.2025,96.1368,1393571640
2394,41.2155,96.1966,1393570020
2394,41.2155,96.1966,1393569000
2394,41.2155,96.1966,1393546380
2394,41.2083,96.0651,1393535400
2394,41.2084,96.0642,1393535220
2394,41.2078,96.0698,1393534680
2394,41.2078,96.0698,1393505640
2394,41.2078,96.0698,1393505640
2394,41.2078,96.0698,1393505580
2394,41.2084,96.0642,1393501620
2394,41.2078,96.0698,1393491780
2394,41.2083,96.064,1393491480
2394,41.2078,96.0698,1393490880
2394,41.2085,96.0627,1393489740
2394,41.2078,96.0698,1393488900
2394,41.2083,96.0651,1393488840
2394,41.2081,96.0667,1393488420
2394,41.2094,96.0535,1393486680
2394,41.2072,96.0694,1393406280
2394,41.2155,96.1966,1393377120
2394,41.2155,96.1966,1393364460
2394,41.2155,96.1966,1393361520
2394,41.2155,96.1966,1393361340
2394,41.2155,96.1966,1393361280
2394,41.2155,96.1966,1393360440
2394,41.2155,96.1966,1393358100
2394,41.2155,96.1966,1393357920
2394,41.2112,96.1423,1393357680
2394,41.2072,96.0694,1393301100
2394,41.1999,96.0614,1393235760
2394,41.1999,96.0613,1393235460
2394,41.2052,96.1732,1393028880
2394,41.2075,96.1958,1393013460
2394,41.2001,96.0613,1392981840
2394,41.2,96.0613,1392980640
2394,41.2,96.0613,1392980400
2394,41.2,96.0613,1392979920
2394,41.2,96.0613,1392967680
2394,41.2075,96.1958,1392933600
2394,41.2075,96.1958,1392930540
2394,41.2075,96.1958,1392929580
2394,41.2075,96.1958,1392928380
2394,41.2075,96.1958,1392927000
2394,41.2075,96.1958,1392926280
2394,41.2,96.0613,1388985300
2394,41.2075,96.1957,1388886780
2394,41.1999,96.0611,1388794500
2394,41.2,96.0615,1387790520
2394,41.2074,96.1957,1387571220
2394,41.2074,96.1957,1387571160
2394,41.1999,96.0614,1386667920
2394,41.2,96.0616,1386667800
2394,41.2,96.0614,1386663960
2394,41.1999,96.0616,1386662340
2394,41.1999,96.0613,1386662220
2394,41.1999,96.0614,1386661560
2394,41.2,96.0613,1386660180
2394,41.2016,96.0687,1386354960
2394,41.1999,96.0613,1386323940
2394,41.1999,96.0613,1386257520
2394,41.1999,96.0613,1386234240
2394,41.2,96.0613,1386147420
2394,41.1999,96.0617,1386110040
2394,41.1999,96.0615,1385795340
2394,41.1415,95.982,1360791180
2394,41.1414,95.982,1360790820
2394,33.4384,112.0004,1359876960
2394,33.4377,112.0019,1359871860
2394,23.1627,109.718,1359854340
2394,23.1627,109.718,1359853860
2394,23.1626,109.718,1359853140
2394,23.1626,109.718,1359851820
2394,23.0459,109.7034,1359777120
2394,23.046,109.7036,1359671160
2394,23.046,109.7036,1359671160
