2398,55.7535,37.6448,1380723360
2398,39.142,9.5206,1376057820
2398,39.142,9.5206,1375801500
2398,55.9729,37.4141,1375622280
2398,55.7602,37.6141,1363194660
2398,55.7535,37.6448,1360845480
2398,55.7556,37.5978,1359572580
2398,55.7556,37.5978,1358111700
2398,55.7536,37.5837,1356979260
2398,55.7575,37.5868,1356734400
2398,55.7575,37.5868,1356733800
2398,55.7688,37.6268,1355358900
2398,55.7535,37.6512,1354998000
2398,55.7556,37.5978,1354233600
2398,55.7535,37.6448,1353690600
2398,55.7533,37.6484,1353072360
2398,55.7535,37.6448,1352994000
2398,55.7721,37.6125,1352739360
2398,55.7617,37.6198,1351985160
2398,55.7533,37.6484,1350315780
2398,55.7535,37.6448,1350038340
2398,55.7534,37.6444,1349951520
2398,55.7545,37.5836,1349045040
2398,55.7533,37.6484,1348851060
2398,55.7535,37.6453,1348838340
2398,55.7588,37.6232,1348342020
2398,55.7252,37.5896,1347566580
2398,55.7533,37.6484,1347470700
2398,55.7535,37.6448,1347458040
2398,55.7535,37.6448,1347447540
2398,55.7535,37.6448,1347365160
2398,55.7303,37.603,1346952480
2398,55.7281,37.6012,1346952420
2398,56.7851,38.8316,1345829520
2398,55.7528,37.5883,1321013820
2398,55.7522,37.5891,1321009620
2398,55.7532,37.5815,1320982080
2398,55.7538,37.585,1320626640
2398,55.7554,37.5891,1320598440
