2399,40.0071,32.8043,1427645760
2399,40.0074,32.8046,1427645520
2399,40.0074,32.8046,1427645340
2399,40.0074,32.8046,1427645040
2399,40.0071,32.8044,1427635380
2399,40.0074,32.8046,1427634660
2399,40.0075,32.8046,1427634360
2399,40.0075,32.8048,1427427360
2399,40.0073,32.8046,1427410860
2399,39.952,32.8317,1427326620
2399,39.9519,32.8316,1427324340
2399,39.9518,32.8317,1427323440
2399,39.9466,32.7698,1427297520
2399,40.0074,32.8046,1427241120
2399,40.0074,32.8046,1427238120
2399,40.0074,32.8046,1427237340
2399,40.0074,32.8046,1427168040
2399,40.0074,32.8046,1427156280
2399,40.0074,32.8046,1427154180
2399,40.0073,32.8045,1427153580
2399,40.0074,32.8046,1427152620
2399,40.0073,32.8046,1427152080
2399,39.9101,32.778,1426976700
2399,39.91,32.778,1426975320
2399,39.91,32.7781,1426975080
2399,39.9518,32.7731,1426967400
2399,39.9518,32.7731,1426967340
2399,39.9518,32.7731,1426966260
2399,39.9518,32.7731,1426962600
2399,39.9518,32.7731,1426962540
2399,39.9518,32.773,1426962360
2399,39.9517,32.7729,1426961940
2399,39.9518,32.7731,1426957800
2399,40.0074,32.8046,1426953540
2399,40.0074,32.8046,1426953300
2399,40.0074,32.8046,1426952400
2399,40.0074,32.8046,1426949640
2399,40.0074,32.8046,1426823700
2399,40.0075,32.8047,1426821300
2399,39.9519,32.8316,1426805880
2399,39.9519,32.8316,1426805100
2399,39.9519,32.8316,1426804920
2399,39.9519,32.8317,1426804080
2399,39.9519,32.8316,1426803660
2399,39.9519,32.8316,1426803480
2399,39.9519,32.8316,1426803060
2399,39.9519,32.8316,1426802940
2399,39.9517,32.7731,1426763880
2399,40.0074,32.8046,1426724940
2399,40.0074,32.8046,1426724940
2399,40.0074,32.8046,1426724820
2399,40.0073,32.8047,1426724640
2399,40.0074,32.8046,1426724520
2399,40.0074,32.8046,1426724400
2399,40.0074,32.8046,1426724220
2399,40.0074,32.8046,1426723980
2399,40.0074,32.8046,1426723920
2399,40.0074,32.8046,1426723320
2399,40.0074,32.8046,1426722720
2399,39.912,32.8095,1426718160
2399,39.912,32.8094,1426716480
2399,39.912,32.8096,1426716360
2399,39.912,32.8095,1426716300
2399,39.912,32.8094,1426716180
2399,40.0072,32.8043,1426549140
2399,40.0076,32.8047,1426547760
2399,39.9466,32.7699,1426521240
2399,40.0074,32.8046,1426476900
2399,40.0074,32.8046,1426470660
2399,40.0074,32.8046,1426470480
2399,39.917,32.8577,1426453320
2399,39.9172,32.8577,1426453260
2399,40.0074,32.8046,1426381620
2399,40.0074,32.8046,1426381500
2399,40.0075,32.8045,1426380000
2399,40.0074,32.8046,1426379340
2399,40.0074,32.8046,1426375680
2399,40.0074,32.8046,1426375500
2399,40.0073,32.8046,1426375080
2399,40.0074,32.8047,1426309800
2399,40.0073,32.8047,1426309680
2399,40.0074,32.8046,1426309200
2399,40.0074,32.8046,1426294140
2399,39.9521,32.8316,1426290600
2399,39.9521,32.8316,1426289820
2399,39.9522,32.8316,1426289760
2399,39.9522,32.8315,1426288860
2399,40.0072,32.8046,1426231020
2399,40.0074,32.8046,1426208040
2399,40.0074,32.8045,1426207980
2399,40.0074,32.8046,1426207920
2399,40.0074,32.8046,1426207620
2399,40.0074,32.8046,1426207500
2399,40.0073,32.8046,1426207440
2399,40.0074,32.8046,1426206360
2399,40.0074,32.8046,1426205100
2399,40.0074,32.8046,1426205040
2399,40.0072,32.8046,1426204560
2399,40.0074,32.8046,1426204380
2399,40.0074,32.8046,1426204320
2399,40.0075,32.8045,1426204320
2399,40.0073,32.8046,1426203960
2399,40.0073,32.8045,1426203840
2399,40.0073,32.8046,1426203780
2399,40.0073,32.8045,1426203660
2399,39.9497,32.7877,1426175160
2399,40.0073,32.8046,1426122000
2399,40.0074,32.8047,1426043340
2399,40.0074,32.8047,1425961080
2399,40.0074,32.8047,1425960180
2399,40.0074,32.8047,1425959640
2399,40.0074,32.8046,1425945600
2399,40.0074,32.8046,1425945060
2399,39.9118,32.8095,1425941820
2399,39.9117,32.8092,1425941580
2399,39.9118,32.8095,1425941460
2399,39.9129,32.8096,1425940380
2399,40.0073,32.8046,1425825000
2399,40.0075,32.8047,1425819420
2399,40.0074,32.8046,1425819240
2399,40.0074,32.8046,1425778860
2399,40.0074,32.8046,1425778620
2399,40.0074,32.8047,1425778080
2399,40.0074,32.8046,1425777720
2399,40.0074,32.8045,1425777420
2399,40.0074,32.8043,1425777060
2399,40.0074,32.8045,1425776940
2399,40.0073,32.8042,1425776820
2399,40.0074,32.8046,1425776280
2399,39.9043,32.8604,1425761340
2399,39.9022,32.8602,1425689700
2399,39.9519,32.8317,1425595800
2399,39.9519,32.8316,1425595680
2399,39.9519,32.8316,1425594660
2399,39.9517,32.7732,1425578460
2399,40.0074,32.8046,1425338880
2399,39.9519,32.8316,1425248940
2399,39.952,32.8315,1425248160
2399,39.9519,32.8316,1425247860
2399,39.9519,32.8317,1425247800
2399,39.9519,32.8317,1425247620
2399,39.9519,32.8317,1425247560
2399,39.9519,32.8316,1425247320
2399,39.952,32.8316,1425247080
2399,39.952,32.8316,1425246960
2399,39.9518,32.8316,1425246780
2399,40.0074,32.8046,1425234540
2399,40.0073,32.8048,1425186480
2399,40.0074,32.8046,1425166740
2399,40.0075,32.8047,1425166500
2399,40.0074,32.8046,1425166140
2399,40.0075,32.8046,1425166140
2399,40.0074,32.8046,1425166020
2399,40.0073,32.8047,1425165900
2399,39.95,32.7714,1425135660
2399,40.0074,32.8047,1425127800
2399,40.0074,32.8047,1425127680
2399,40.0074,32.8046,1425125280
2399,40.0074,32.8047,1425097380
2399,40.0074,32.8046,1425097140
2399,40.0074,32.8044,1425096420
2399,40.0074,32.8046,1425087180
2399,40.0074,32.8046,1425087120
2399,40.0074,32.8046,1425086100
2399,40.0074,32.8046,1425084900
2399,39.912,32.8096,1425081420
2399,39.912,32.8095,1425081300
2399,39.912,32.8095,1425080880
2399,39.912,32.8095,1425079860
2399,39.9119,32.8093,1425079320
2399,39.9638,32.7448,1425050040
2399,40.0073,32.8046,1425001260
2399,40.0073,32.8045,1425000360
2399,40.0074,32.8046,1424998920
2399,40.0074,32.8046,1424997780
2399,40.0074,32.8046,1424995740
2399,40.0074,32.8046,1424993700
2399,40.0074,32.8046,1424993460
2399,40.0075,32.8045,1424993220
2399,39.9497,32.7874,1424965860
2399,40.0074,32.8046,1424834520
2399,39.9496,32.7876,1424792760
2399,39.9496,32.7877,1424792580
2399,40.0074,32.8046,1424747940
2399,40.0074,32.8046,1424746680
2399,40.0073,32.8047,1424662800
2399,40.0074,32.8046,1424661300
2399,40.0074,32.8046,1424613840
2399,40.0074,32.8046,1424613720
2399,40.0074,32.8046,1424497260
2399,40.0074,32.8046,1424480220
2399,40.0074,32.8046,1424477220
2399,40.0075,32.8045,1424371380
2399,40.0074,32.8046,1424363100
2399,39.9674,32.8387,1424362740
2399,39.952,32.8316,1424301360
2399,40.0074,32.8046,1424231220
2399,40.0075,32.8046,1424209620
2399,40.0074,32.8046,1424209440
2399,40.0074,32.8047,1424140320
2399,39.9517,32.7731,1424122620
2399,40.0074,32.8046,1423876560
2399,40.0072,32.8048,1423874700
2399,40.0074,32.8046,1423787220
2399,40.0074,32.8046,1423786500
2399,40.0074,32.8046,1423784100
2399,40.0074,32.8046,1423783800
2399,39.9517,32.7732,1423664520
2399,40.0074,32.8046,1423613340
2399,39.952,32.8314,1423609200
2399,40.0074,32.8046,1423524960
2399,40.0074,32.8046,1423443180
2399,39.9523,32.8317,1423434540
2399,39.9521,32.8314,1423433940
2399,39.9521,32.8314,1423433820
2399,39.9522,32.8316,1423433520
2399,39.9522,32.8316,1423433460
2399,39.9522,32.8315,1423433100
2399,40.0074,32.8047,1423402620
2399,40.0074,32.8047,1423402140
2399,40.0075,32.8047,1423268400
2399,40.0074,32.8047,1423268280
2399,40.0074,32.8047,1423267680
2399,40.0074,32.8047,1423197840
2399,40.0074,32.8047,1423197420
2399,40.0074,32.8047,1423197360
2399,40.0074,32.8047,1423196880
2399,40.0074,32.8047,1423196520
2399,40.0074,32.8047,1423196400
2399,40.0074,32.8047,1423196340
2399,40.0074,32.8047,1423196100
2399,40.0074,32.8047,1423195980
2399,40.0074,32.8047,1423195920
2399,40.0074,32.8047,1423195860
2399,40.0074,32.8047,1423195560
2399,40.0074,32.8047,1423194900
2399,40.0074,32.8046,1423180440
2399,40.0075,32.8047,1423023240
2399,40.0074,32.8047,1423022460
2399,40.0074,32.8047,1423022220
2399,40.0075,32.8047,1423022100
2399,40.0074,32.8047,1423021620
2399,40.0074,32.8047,1423021200
2399,40.0075,32.8047,1423021140
2399,40.0074,32.8046,1422933420
2399,40.0074,32.8046,1422832980
2399,40.0074,32.8046,1422832560
2399,40.0074,32.8046,1422831180
2399,40.0073,32.8046,1422831060
2399,39.9496,32.7876,1422547320
2399,40.0074,32.8048,1422488100
2399,40.0073,32.8046,1422488040
2399,40.0074,32.8046,1422487860
2399,39.945,32.758,1422358500
2399,40.0074,32.8047,1422201120
2399,40.0075,32.8046,1422201000
2399,40.0074,32.8046,1422200760
2399,40.0074,32.8046,1422200400
2399,40.0074,32.8046,1422196200
2399,40.0074,32.8047,1422196080
2399,39.9522,32.8315,1422126060
2399,39.9523,32.8316,1422124680
2399,40.0074,32.8046,1421637060
2399,40.0074,32.8046,1421636400
2399,40.0074,32.8046,1421636280
2399,40.0073,32.8046,1421636040
2399,40.0074,32.8046,1421366580
2399,40.0075,32.8045,1421276460
2399,39.9098,32.8191,1421249640
2399,39.9518,32.8315,1421102580
2399,39.9519,32.8316,1421101860
2399,39.9519,32.8317,1421101680
2399,40.0074,32.8047,1419564180
2399,40.0074,32.8047,1419564000
2399,40.0074,32.8047,1419563880
2399,39.9466,32.7706,1419544560
2399,40.0074,32.8046,1419470940
2399,40.0074,32.8047,1419470520
2399,40.0076,32.8046,1419469860
2399,40.0074,32.8046,1419469320
2399,40.0074,32.8044,1419466140
2399,39.9496,32.7128,1419348360
2399,39.9496,32.7877,1419263640
2399,39.9497,32.7878,1419263580
2399,39.9496,32.7877,1419263160
2399,40.0075,32.8047,1419222000
2399,40.0074,32.8047,1419221880
2399,40.0074,32.8047,1419221820
2399,40.0074,32.8047,1419221640
2399,40.0074,32.8047,1419221580
2399,40.0074,32.8047,1419221520
2399,40.0075,32.8047,1419221400
2399,40.0074,32.8047,1419221160
2399,40.0074,32.8047,1419220560
2399,40.0074,32.8047,1419219480
2399,39.9097,32.7785,1419195960
2399,39.9098,32.7785,1419195900
2399,39.9098,32.7784,1419194460
2399,39.9098,32.7785,1419193980
2399,40.0074,32.8047,1419170580
2399,40.0074,32.8048,1419170400
2399,40.0074,32.8046,1419139020
2399,39.9033,32.8603,1419128520
2399,39.9656,32.8044,1419114000
2399,40.0075,32.8044,1418863920
2399,40.0074,32.8046,1418861880
2399,40.0074,32.8046,1418861760
2399,40.0074,32.8046,1418861220
2399,40.0074,32.8046,1418858160
2399,40.0074,32.8046,1418856300
2399,40.0074,32.8045,1418856060
2399,40.0074,32.8046,1418855520
2399,40.0074,32.8046,1418855160
2399,40.0076,32.8046,1418854620
2399,40.0074,32.8047,1418790960
2399,40.0074,32.8047,1418790300
2399,40.0074,32.8046,1418790180
2399,40.0074,32.8047,1418790120
2399,39.9522,32.8313,1418773800
2399,39.9523,32.8315,1418773380
2399,39.952,32.8316,1418773140
2399,39.9521,32.8316,1418771820
2399,40.0074,32.8047,1418700180
2399,40.0076,32.8045,1418617620
2399,40.0074,32.8046,1418617380
2399,40.0074,32.8046,1418616900
2399,40.0074,32.8047,1418616660
2399,40.0074,32.8044,1418537460
2399,40.0074,32.8045,1418537280
2399,40.0074,32.8047,1418537100
2399,40.0074,32.8047,1418536860
2399,40.0074,32.8047,1418446740
2399,40.0075,32.8047,1418446500
2399,39.9519,32.8316,1418341620
2399,39.9518,32.8316,1418341140
2399,39.9519,32.8316,1418341020
2399,39.952,32.8316,1418340540
2399,39.952,32.8316,1418340420
2399,39.9519,32.8316,1418340000
2399,39.9519,32.8316,1418339820
2399,40.0074,32.8046,1418270460
2399,40.0075,32.8048,1418270220
2399,40.0074,32.8047,1418269800
2399,40.0073,32.8045,1418269500
2399,40.0074,32.8046,1418269440
2399,40.0074,32.8046,1418263320
2399,40.0074,32.8046,1418261400
2399,39.9497,32.7876,1418139360
2399,40.0076,32.8046,1418081400
2399,40.0074,32.8046,1418081340
2399,40.0075,32.8046,1418079720
2399,40.0074,32.8046,1418078640
2399,40.0075,32.8046,1418012880
2399,39.9098,32.7785,1417988700
2399,39.9097,32.7784,1417988340
2399,39.91,32.7759,1417981620
2399,39.9094,32.7764,1417979340
2399,41.0358,28.983,1417828500
2399,41.0364,28.9836,1417814400
2399,41.0667,29.0163,1417805280
2399,41.0876,28.9465,1417798200
2399,40.7225,31.4659,1417786560
2399,39.9518,32.8316,1417733040
2399,40.0078,32.8046,1417651680
2399,39.952,32.8316,1417552200
2399,39.9518,32.8316,1417552080
2399,39.9519,32.8316,1417551480
2399,39.9519,32.8316,1417550820
2399,39.9519,32.8316,1417550640
2399,39.9467,32.7699,1417536540
2399,40.0075,32.8046,1417490280
2399,40.0074,32.8046,1417484580
2399,40.0074,32.8046,1417481640
2399,39.9119,32.8095,1417476180
2399,39.9119,32.8095,1417474260
2399,39.9119,32.8094,1417473900
2399,39.8541,32.8546,1417454340
2399,39.93,32.862,1416576060
2399,39.9119,32.8095,1415663520
2399,39.9119,32.8095,1415663340
2399,39.9119,32.8094,1415662620
2399,39.9119,32.8094,1415661960
2399,39.952,32.8316,1415574480
2399,39.9522,32.8318,1415573520
2399,39.9522,32.8315,1415573400
2399,39.9522,32.8315,1415573280
2399,39.952,32.8317,1415573220
2399,39.9522,32.8314,1415573100
2399,39.9522,32.8316,1415572980
2399,39.9522,32.8315,1415572740
2399,39.9521,32.8316,1415572500
2399,39.9522,32.8316,1415572380
2399,39.9521,32.8316,1415572260
2399,39.952,32.8316,1415572140
2399,39.9522,32.8315,1415572080
2399,39.9523,32.8315,1415571780
2399,39.9521,32.8316,1415571660
2399,39.9523,32.8315,1415571480
2399,40.0074,32.8046,1415144220
2399,39.91,32.7786,1414517820
2399,39.9101,32.7787,1414517700
2399,39.9101,32.7787,1414517640
2399,39.9099,32.7784,1414517280
2399,40.0074,32.8046,1414012920
2399,40.0074,32.8046,1414012680
2399,39.9296,32.8475,1414005180
2399,39.9119,32.8093,1413927600
2399,40.0074,32.8045,1413631920
2399,40.0074,32.8046,1413631440
2399,40.0074,32.8047,1413631020
2399,40.0075,32.8046,1413410040
2399,39.9518,32.8316,1413323880
2399,39.952,32.8316,1413323160
2399,39.9519,32.8316,1413322740
2399,39.952,32.8315,1413321900
2399,39.9517,32.8317,1413321540
2399,39.952,32.8313,1413321480
2399,39.9518,32.8316,1413321180
2399,39.952,32.8316,1413321180
2399,39.9519,32.8316,1413321060
2399,39.9519,32.8317,1413320880
2399,39.912,32.8095,1412804460
2399,39.9119,32.8095,1412803860
2399,39.9119,32.8095,1412803680
2399,39.9097,32.7784,1412630220
2399,39.9099,32.7782,1412629920
2399,39.9098,32.7782,1412629740
2399,39.9098,32.7782,1412629500
2399,39.9098,32.7782,1412629440
2399,39.9097,32.7782,1412629140
2399,39.9098,32.7782,1412628960
2399,39.9097,32.7782,1412628060
2399,39.9097,32.7782,1412627880
2399,39.9098,32.7783,1412627880
2399,39.9097,32.7782,1412627520
2399,39.9097,32.7782,1412627400
2399,39.9098,32.7782,1412625060
2399,39.9094,32.7764,1412620320
2399,40.0074,32.8047,1412599800
2399,40.0075,32.805,1412599020
2399,40.0075,32.8049,1412598240
2399,40.0075,32.8046,1412547600
2399,40.0077,32.8043,1412547300
2399,39.9515,32.824,1412543940
2399,39.9032,32.8603,1412536680
2399,39.9033,32.8603,1412536080
2399,39.9034,32.8604,1412535960
2399,40.0074,32.8047,1412514240
2399,40.0075,32.8046,1412513760
2399,40.0074,32.8047,1412512740
2399,40.0075,32.8046,1412427420
2399,39.9101,32.7787,1412358660
2399,39.9101,32.7787,1412354700
2399,40.0074,32.8046,1412337120
2399,39.952,32.8316,1412289000
2399,39.9524,32.8315,1412288940
2399,39.9523,32.8314,1412288460
2399,39.952,32.8316,1412288160
2399,39.9521,32.8316,1412287980
2399,39.9523,32.8316,1412287740
2399,39.9521,32.8316,1412285400
2399,39.9518,32.7731,1412282580
2399,39.8884,32.8103,1412195160
2399,39.8884,32.8104,1412194620
2399,39.8884,32.8104,1412194140
2399,39.8884,32.8104,1412194140
2399,39.8884,32.8103,1412193240
2399,39.8884,32.8104,1412193180
2399,39.8884,32.8104,1412193060
2399,39.8884,32.8104,1412192880
2399,39.9119,32.8095,1412114700
2399,39.9517,32.7731,1412097120
