2404,33.7418,116.2228,1425727440
2404,33.8088,116.4356,1424428260
2404,33.9354,116.4965,1420128660
2404,33.8215,116.491,1420120800
2404,33.8214,116.4911,1420117740
2404,33.9353,116.4966,1420023780
2404,33.9354,116.4966,1419849060
2404,33.9354,116.4964,1418557800
2404,33.9354,116.4965,1416824040
2404,33.9354,116.4965,1416483360
2404,33.8216,116.491,1416388560
2404,33.9526,116.5112,1416299940
2404,33.7417,116.2231,1415663460
2404,33.9353,116.4965,1414232220
2404,33.8159,116.4018,1414223880
2404,33.816,116.4018,1414223700
2404,33.9643,116.506,1412296680
2404,33.822,116.547,1410574440
2404,33.8203,116.5469,1407574020
2404,33.7408,116.4111,1406362620
2404,33.8024,116.3908,1406251140
2404,33.9452,116.5017,1402693980
2404,33.6125,116.626,1401166200
2404,33.8156,116.456,1400919180
2404,33.8156,116.456,1400556660
2404,33.7607,116.2974,1399866540
2404,33.8821,116.5066,1399105200
2404,33.7392,116.4098,1397548860
2404,33.8159,116.4588,1395359880
2404,33.8156,116.456,1394786220
2404,33.8157,116.4641,1393754580
2404,33.8147,116.4581,1393645800
2404,33.8156,116.456,1393315140
2404,33.8129,116.4578,1390455300
2404,33.9353,116.4965,1386149820
2404,33.7657,118.1922,1385877840
2404,33.7408,116.4094,1383893040
2404,33.8161,116.4575,1378501740
2404,33.8484,116.4589,1377685620
2404,34.1554,117.4518,1375532640
2404,33.8156,116.456,1375434000
2404,33.7408,116.4094,1374576180
2404,33.7394,116.4099,1374491640
2404,33.9602,116.5279,1373255880
2404,33.8156,116.456,1369464060
2404,33.8214,116.5081,1368242220
2404,33.8156,116.4643,1368069480
2404,33.8232,116.5468,1365943320
2404,33.9456,116.5008,1365675000
2404,33.7144,116.2201,1365105540
