2415,30.0295,51.2225,1427679180
2415,30.0568,51.2014,1424908920
2415,30.0184,51.2041,1424546340
2415,30.0184,51.2041,1424298660
2415,30.0184,51.2041,1423868280
2415,30.0363,51.2156,1423443960
2415,31.7682,52.3372,1423020060
2415,29.981,50.1266,1422924660
2415,29.9947,50.1265,1422915180
2415,29.987,50.1371,1422863580
2415,29.981,50.1266,1422842880
2415,29.9726,50.1341,1422840300
2415,30.0184,51.2041,1422657540
2415,30.0184,51.2041,1422570180
2415,30.0184,51.2041,1422398460
2415,30.0184,51.2041,1422385800
2415,30.0395,51.2247,1422081540
2415,30.0414,51.2182,1422079740
2415,30.0184,51.2041,1422052740
2415,30.0184,51.2041,1421879640
2415,29.954,51.1038,1421798100
2415,30.0184,51.2041,1421793660
2415,30.0184,51.2041,1421707620
2415,30.0184,51.2041,1421448420
2415,30.0184,51.2041,1421365740
2415,30.0184,51.2041,1421275260
2415,30.0184,51.2041,1421193300
2415,30.0184,51.2041,1421101920
2415,30.0184,51.2041,1420759440
2415,30.0184,51.2041,1420584420
2415,30.0512,51.2196,1420406880
2415,29.9998,50.1368,1420109160
2415,29.9998,50.1368,1420013700
2415,29.9948,50.1362,1420013340
2415,30.0555,51.1872,1419548940
2415,30.0851,51.246,1419285780
2415,30.0849,51.2459,1419285300
2415,30.0256,51.1624,1419273300
2415,30.0184,51.2041,1418951940
2415,30.0855,51.2459,1418873580
2415,30.0849,51.2459,1418870940
2415,30.0184,51.2041,1418859360
2415,29.954,51.1038,1418773920
2415,30.0184,51.2041,1418768640
2415,30.0395,51.2247,1418608080
2415,30.0395,51.2247,1418537340
2415,30.0387,51.2226,1418532780
2415,30.0414,51.2182,1418448420
2415,30.0354,51.2265,1418443080
2415,30.0184,51.2041,1418345400
2415,30.0569,51.2015,1418279400
2415,30.0184,51.2041,1418253060
2415,30.0184,51.2041,1418162700
2415,30.0569,51.2015,1418112540
2415,29.9905,51.1775,1418109180
2415,22.8135,43.2497,1418095380
2415,20.257,40.2891,1418083140
2415,20.2995,40.2971,1418016300
2415,20.3,40.2976,1417998540
2415,20.2988,40.2951,1417986360
2415,20.2729,40.2855,1417847280
2415,20.2996,40.293,1417831140
2415,20.2988,40.2951,1417807020
2415,20.2954,40.2912,1417756080
2415,20.2997,40.2929,1417731360
2415,20.3668,40.3127,1417728360
2415,23.4286,46.4826,1417713480
2415,29.9905,51.1775,1417701780
2415,30.0223,51.1626,1417646220
2415,30.0184,51.2041,1417639740
2415,30.0184,51.2041,1417554900
2415,30.0184,51.2041,1417479780
2415,30.0569,51.2014,1417304340
2415,30.0183,51.2043,1417230840
2415,30.0568,51.2014,1417229220
2415,30.0568,51.2014,1417229100
2415,30.0184,51.2041,1417215120
2415,30.0359,51.2143,1417155480
2415,30.0359,51.2143,1417154160
2415,30.0568,51.2014,1417140000
2415,30.0184,51.2041,1417127580
2415,30.0184,51.2041,1417043700
2415,30.0569,51.2015,1416983160
2415,30.0569,51.2015,1416983100
2415,30.0296,51.2012,1416957840
2415,30.0184,51.2041,1416954240
2415,30.0568,51.2014,1416744360
2415,30.0414,51.2182,1416720540
2415,30.0387,51.2226,1416717660
2415,30.0294,51.2011,1416610560
2415,30.0184,51.2041,1416605520
2415,30.0568,51.2014,1416535380
2415,30.0568,51.2014,1416449820
2415,30.0184,51.2041,1416435960
2415,30.0568,51.2014,1416426960
2415,30.0568,51.2013,1416378780
2415,30.0566,51.2015,1416378360
2415,30.0568,51.2014,1416376440
2415,30.0568,51.2014,1416376320
2415,30.0567,51.2013,1416365340
2415,30.0184,51.2041,1416353100
2415,30.0184,51.2041,1416005400
2415,30.0568,51.2014,1415938560
2415,30.0184,51.2041,1415918160
2415,30.0184,51.2041,1415832900
2415,30.0568,51.2014,1415772180
2415,30.0183,51.2043,1415750700
2415,30.0184,51.2041,1415744100
2415,30.0568,51.2014,1415682360
2415,30.0184,51.2041,1415657160
2415,30.0568,51.2014,1415495700
2415,29.9905,51.1775,1415404440
2415,27.665,48.545,1415391780
2415,23.626,46.6587,1415383440
2415,23.5666,46.6523,1415339880
2415,23.5451,46.7308,1415335140
2415,23.5638,46.6657,1415309520
2415,23.5589,46.6597,1415307780
2415,23.5626,46.6557,1415303340
2415,23.5616,46.656,1415301000
2415,23.5451,46.7308,1415256600
2415,23.5454,46.7308,1415238420
2415,23.55,46.6333,1415231460
2415,23.54,46.6581,1415213400
2415,23.5451,46.7308,1415164500
2415,23.5462,46.7305,1415150820
2415,23.5428,46.6577,1415133120
2415,23.5427,46.6581,1415133060
2415,23.5318,46.656,1415129880
2415,23.5451,46.7308,1415086440
2415,23.5459,46.7306,1415072040
2415,23.5425,46.6576,1415065020
2415,23.4286,46.4826,1415045880
2415,22.9125,43.1664,1415038080
2415,22.9767,43.1911,1415033220
2415,22.9716,43.187,1415029920
2415,22.9753,43.1871,1414988940
2415,22.9716,43.187,1414982760
2415,22.9044,43.2288,1414956240
2415,22.9086,43.2228,1414946940
2415,22.9716,43.187,1414892880
2415,22.9767,43.1911,1414880640
2415,22.8135,43.2497,1414864680
2415,30.0395,51.2247,1414855140
2415,29.9905,51.1775,1414853160
2415,30.0395,51.2247,1414825800
2415,30.0184,51.2041,1414709220
2415,30.0855,51.2459,1414553880
2415,30.0849,51.2459,1414549980
2415,30.0184,51.2041,1414536240
2415,30.0184,51.2041,1414449180
2415,30.0513,51.2,1414360200
2415,30.0036,51.1989,1414294740
2415,30.0555,51.1872,1414275120
2415,30.0183,51.2043,1414111380
2415,30.0184,51.2041,1414105500
2415,30.0117,51.1609,1414028100
2415,30.0111,51.1621,1414027380
2415,30.0184,51.2041,1414011540
2415,30.0294,51.2011,1413932460
2415,30.0184,51.2041,1413928200
2415,30.0184,51.2041,1413845880
2415,30.0497,51.2285,1413699000
2415,30.0184,51.2041,1413587940
2415,30.0184,51.2041,1413415920
2415,30.0184,51.2041,1413330780
2415,30.0418,51.221,1413180660
2415,30.0374,51.2219,1413168960
2415,30.0383,51.2231,1413164820
2415,30.0419,51.2208,1413108600
2415,30.0555,51.1872,1413065700
2415,30.0566,51.2013,1413063420
2415,30.0565,51.2012,1413015480
2415,30.0568,51.2013,1413015360
2415,30.0565,51.2014,1413014760
2415,30.0567,51.2017,1413013920
2415,30.0565,51.2012,1413001680
2415,30.0564,51.2012,1413001560
2415,30.0564,51.2012,1413001500
2415,30.0184,51.2041,1412981760
2415,30.0567,51.2013,1412902500
2415,30.0184,51.2041,1412897400
2415,30.0184,51.2041,1412808600
2415,30.0567,51.2015,1412802480
2415,30.0567,51.2014,1412733300
2415,30.0568,51.2014,1412730780
2415,30.0183,51.2043,1412730600
2415,30.0184,51.2041,1412722320
2415,30.0491,51.2287,1412652780
2415,30.0495,51.2288,1412648700
2415,30.0184,51.2041,1412635500
2415,30.0568,51.2012,1412630460
2415,30.0566,51.2013,1412628420
2415,30.0565,51.2012,1412627880
2415,30.0566,51.2012,1412549760
2415,30.0568,51.2013,1412304600
2415,30.0568,51.2014,1412304300
2415,30.0567,51.2013,1412300820
2415,30.0566,51.2011,1412297040
2415,30.0564,51.2016,1412296020
2415,30.0566,51.2015,1412198280
2415,30.0565,51.2012,1412198100
2415,30.0567,51.2013,1411970700
2415,30.0569,51.2015,1411970460
2415,30.0566,51.2014,1411970160
2415,30.0566,51.2014,1411969800
2415,30.0566,51.2014,1411969800
2415,30.0567,51.2013,1411969380
2415,30.0567,51.2013,1411955820
2415,30.0218,51.2151,1411890120
2415,30.0386,51.2212,1411878420
2415,30.0567,51.2014,1411871100
2415,30.0569,51.2012,1411866900
2415,30.0294,51.2011,1411770600
2415,30.0235,51.2014,1411766640
2415,30.0223,51.1545,1411766580
2415,30.0262,51.1623,1411760880
2415,30.0256,51.1624,1411759620
2415,30.0223,51.154,1411753380
2415,30.0561,51.2015,1411715640
2415,30.0566,51.2014,1411714560
2415,30.0566,51.2014,1411714560
2415,30.0565,51.2012,1411685400
2415,30.0565,51.2013,1411626300
2415,30.0566,51.2013,1411616700
2415,30.0567,51.2016,1411616520
2415,30.0565,51.2015,1411615740
2415,30.0565,51.2013,1411588620
2415,30.057,51.2013,1411526040
2415,30.0371,51.2229,1411281180
2415,30.0387,51.2226,1411280160
2415,30.0197,51.1533,1411273920
2415,30.0184,51.2041,1411186800
2415,30.0567,51.2013,1411111200
2415,30.0567,51.2013,1411111080
2415,30.0565,51.2014,1411111080
2415,30.0568,51.2012,1411111020
2415,30.0568,51.2012,1411110960
2415,30.0567,51.2012,1411110480
2415,30.0568,51.2011,1411110300
2415,30.0568,51.2014,1411109520
2415,30.0568,51.2014,1411109400
2415,30.0566,51.2014,1411108980
2415,30.0566,51.2016,1411075200
2415,30.0566,51.2015,1411075080
2415,30.0184,51.2041,1410997440
2415,30.0569,51.2018,1410931380
2415,30.0184,51.2041,1410912900
2415,30.0566,51.2013,1410903840
2415,30.0565,51.2014,1410867180
2415,30.026,51.2117,1410843240
2415,30.0184,51.2041,1410828540
2415,30.0566,51.2011,1410766800
2415,30.0569,51.2013,1410765120
2415,30.0111,51.1621,1410654120
2415,30.0193,51.1494,1410650460
2415,30.0111,51.1621,1410581160
2415,30.0181,51.1995,1410568980
2415,30.0184,51.2041,1410565020
2415,30.0184,51.2041,1410481920
2415,30.0174,51.2024,1410398760
2415,29.954,51.1038,1410396000
2415,30.0184,51.2041,1410386940
2415,30.0565,51.2015,1410381960
2415,30.0567,51.2013,1410379320
2415,30.0567,51.2015,1410379320
2415,30.0567,51.2013,1410379080
2415,30.0569,51.2014,1410378840
2415,30.0568,51.2014,1410378840
2415,30.0568,51.2014,1410378720
2415,30.0566,51.2013,1410378660
2415,30.0566,51.2017,1410378540
2415,30.0567,51.2013,1410378480
2415,30.0184,51.2041,1410305100
2415,30.0504,51.2271,1410300240
2415,30.0495,51.2288,1410298800
2415,30.0567,51.2013,1410248100
2415,30.0569,51.2009,1410247800
2415,30.0569,51.2012,1410224100
2415,30.0184,51.2041,1410220260
2415,30.0267,51.2001,1410217800
2415,30.0294,51.2011,1410216900
2415,30.0566,51.2014,1410210300
2415,30.0274,51.1982,1410158460
2415,31.747,52.3262,1410083100
2415,31.7617,52.2285,1410056280
2415,31.7678,52.3414,1410051840
2415,31.7469,52.3261,1410034140
2415,31.7471,52.3262,1409997840
2415,31.7473,52.3263,1409997840
2415,31.723,52.3442,1409979840
2415,31.7611,52.3186,1409953740
2415,31.747,52.3261,1409910960
2415,31.7468,52.326,1409910960
2415,31.7558,52.3596,1409883840
2415,30.0231,51.2192,1409863440
2415,30.0568,51.2012,1409801940
2415,30.0184,51.2041,1409792280
2415,30.0184,51.2041,1409702820
2415,30.0568,51.2013,1409626980
2415,30.0568,51.2013,1409626860
2415,30.0567,51.2016,1409626140
2415,30.0566,51.2015,1409626080
2415,30.057,51.2016,1409625960
2415,30.057,51.2016,1409625900
2415,30.0567,51.2014,1409625780
2415,30.0566,51.2014,1409625600
2415,30.0566,51.2014,1409624880
2415,30.0184,51.2041,1409620080
2415,30.0567,51.2014,1409555880
2415,30.0305,51.202,1409480700
2415,30.0308,51.202,1409467440
2415,30.0383,51.2231,1409450460
2415,30.0338,51.2119,1409440860
2415,30.0184,51.2041,1409359860
2415,30.0184,51.2041,1409273820
2415,30.0184,51.2041,1409183340
2415,30.0184,51.2041,1409014560
2415,30.0566,51.2014,1408953840
2415,30.0567,51.2013,1408953780
2415,30.0567,51.2013,1408953060
2415,30.0567,51.2013,1408952040
2415,30.0567,51.2013,1408951920
2415,30.0568,51.2014,1408950720
2415,30.0568,51.2012,1408948980
2415,30.0567,51.2013,1408948860
2415,30.0568,51.2013,1408948680
2415,30.0567,51.2013,1408947660
2415,30.0567,51.2013,1408947540
2415,30.0565,51.2014,1408947360
2415,30.0566,51.2014,1408947300
2415,30.0566,51.2015,1408946520
2415,30.0851,51.2461,1408928880
2415,30.0566,51.2014,1408876560
2415,30.0566,51.2011,1408868700
2415,30.0568,51.2012,1408787160
2415,30.0569,51.2015,1408770900
2415,30.0184,51.2041,1408751820
2415,30.0566,51.2015,1408675680
2415,30.0571,51.2014,1408675080
2415,30.0184,51.2041,1408667460
2415,30.0566,51.2013,1408658040
2415,30.0564,51.2014,1408657920
2415,30.0567,51.2013,1408601580
2415,30.0184,51.2041,1408579560
2415,30.0567,51.2013,1408522260
2415,30.0568,51.2015,1408520700
2415,30.0184,51.2041,1408491960
2415,30.0184,51.2041,1408410360
2415,30.0565,51.2013,1408351800
2415,30.0395,51.2247,1408333800
2415,30.0398,51.2248,1408325160
2415,30.0387,51.2237,1408237140
2415,30.0399,51.2279,1408232160
2415,30.0568,51.2015,1408160880
2415,30.0184,51.2041,1408150560
2415,30.0184,51.2041,1408060680
2415,30.0184,51.2041,1407985080
2415,30.0184,51.2041,1407886800
2415,30.0549,51.2,1407880020
2415,30.0566,51.2013,1407878400
2415,30.0567,51.2013,1407724980
2415,30.0193,51.1493,1407715740
2415,30.0316,51.2121,1407646200
2415,30.0555,51.1872,1407633780
2415,30.0569,51.2014,1407563400
2415,30.0565,51.2013,1407563340
2415,30.0294,51.2011,1407538260
2415,30.0259,51.2012,1407535620
2415,30.0184,51.2041,1407524220
2415,30.0184,51.2041,1407453540
2415,30.0566,51.2014,1407358860
2415,30.0567,51.2012,1407352680
2415,30.0184,51.2041,1407287220
2415,30.0568,51.2014,1407279780
2415,30.0184,51.2041,1407196500
2415,30.0565,51.2013,1407183480
2415,30.0566,51.2013,1407126780
2415,30.0495,51.2288,1407109860
2415,30.0131,51.1608,1406950620
2415,30.0117,51.1609,1406949540
2415,30.0184,51.2041,1406925960
2415,30.0294,51.2011,1406924220
2415,30.0184,51.2041,1406848740
2415,30.0179,51.1971,1406823540
2415,30.0568,51.2017,1406686740
2415,30.0567,51.2016,1406686680
2415,30.0566,51.2012,1406669820
2415,30.0289,51.2049,1406668980
2415,30.0568,51.2013,1406598900
2415,30.0184,51.2041,1406594460
2415,30.0179,51.1971,1406583060
2415,30.0565,51.2012,1406515320
2415,30.0567,51.2013,1406514480
2415,30.0564,51.2012,1406507040
2415,30.0363,51.2238,1406504700
2415,30.0565,51.2012,1406500200
2415,30.0568,51.2014,1406497320
2415,30.0564,51.2011,1406497020
2415,30.0568,51.2014,1406449080
2415,30.0293,51.2118,1406362200
2415,30.0184,51.2041,1406334780
2415,30.0566,51.2013,1406257920
2415,30.0184,51.2041,1406243340
2415,30.0184,51.2041,1406159760
2415,30.0184,51.2041,1406072040
2415,30.0566,51.2014,1406013900
2415,30.0567,51.2012,1406013900
2415,30.0566,51.2013,1406013720
2415,30.0558,51.1875,1406010420
2415,30.0555,51.1872,1406003460
2415,30.0184,51.2041,1405978620
2415,30.0566,51.2013,1405934520
2415,30.0865,51.2467,1405932540
2415,30.0395,51.2247,1405842480
2415,30.041,51.2211,1405841940
2415,30.0565,51.2014,1405799520
2415,30.0865,51.2466,1405761660
2415,30.0849,51.2459,1405761480
2415,30.0223,51.154,1405700760
2415,30.0184,51.2041,1405637700
2415,30.0308,51.202,1405550100
2415,30.0184,51.2041,1405466700
2415,30.0184,51.2041,1405390440
2415,30.0247,51.1616,1405285980
2415,30.0197,51.1533,1405235580
2415,30.057,51.2013,1405235580
2415,30.0142,51.1606,1405224660
2415,30.0184,51.2041,1405035300
2415,30.0184,51.2041,1404964500
2415,30.0184,51.2041,1404865140
2415,30.1284,51.231,1404539160
2415,30.0184,51.2041,1404515460
2415,30.0184,51.2041,1404445200
2415,30.0184,51.2041,1404342120
2415,30.0184,51.2041,1404249780
2415,30.0564,51.2013,1404076740
2415,30.0184,51.2041,1403917560
2415,30.0184,51.2041,1403832180
2415,30.057,51.2015,1403750520
2415,30.0184,51.2041,1403743680
2415,30.0236,51.2014,1403738280
2415,30.0235,51.2014,1403737320
2415,30.0184,51.2041,1403657820
2415,30.0184,51.2041,1403564280
2415,30.0566,51.2013,1403407080
2415,30.0565,51.2013,1403400240
2415,30.0564,51.2012,1403256060
2415,30.0244,51.2053,1403146260
2415,30.0184,51.2041,1403136360
2415,30.0395,51.2247,1402820460
2415,30.0184,51.2041,1402791180
2415,30.0184,51.2041,1402600680
2415,30.0184,51.2041,1402533060
2415,30.0184,51.2041,1402446120
2415,30.0184,51.2041,1402356660
2415,30.0567,51.2013,1402296600
2415,30.041,51.2211,1402287480
2415,30.022,51.1625,1402042800
2415,30.0223,51.1626,1402025400
2415,30.0223,51.154,1402020540
2415,30.0245,51.2004,1402008420
2415,30.0184,51.2041,1401923700
2415,30.0294,51.2011,1401850800
2415,30.0184,51.2041,1401839220
2415,30.0184,51.2041,1401752760
2415,30.0558,51.1875,1401663120
2415,30.0555,51.1872,1401662880
2415,30.0567,51.2014,1401607500
2415,30.0565,51.2014,1401606000
2415,30.0566,51.2013,1401604380
2415,30.0564,51.2011,1401603480
2415,30.0566,51.2014,1401602400
2415,30.0566,51.2013,1401591480
2415,30.0293,51.2118,1401524220
2415,30.0184,51.2041,1401491220
2415,30.0184,51.2041,1401405300
2415,30.0184,51.2041,1401319140
2415,30.0567,51.2013,1401166080
2415,30.0275,51.2008,1401151740
2415,30.0259,51.2011,1401143160
2415,30.0392,51.2199,1401075960
2415,30.0375,51.2219,1401068940
2415,30.035,51.2174,1401065280
2415,30.0555,51.1872,1400971860
2415,30.0257,51.1622,1400961240
2415,30.0256,51.1624,1400956620
2415,30.0184,51.2041,1400887740
2415,30.0184,51.2041,1400807400
2415,30.0558,51.1875,1400730540
2415,30.0555,51.1872,1400729520
2415,30.0184,51.2041,1400712900
2415,30.0184,51.2041,1400628120
2415,30.0238,51.1986,1400547840
2415,30.0238,51.1986,1400547240
2415,30.0184,51.2041,1400541000
2415,30.0566,51.2014,1400461860
2415,30.0849,51.2459,1400448840
2415,30.0568,51.2012,1400442480
2415,30.0568,51.2016,1400381400
2415,30.0568,51.2013,1400310180
2415,30.0294,51.2011,1400298000
2415,30.0184,51.2041,1400281500
2415,30.0568,51.2014,1400230260
2415,30.0566,51.2013,1400215620
2415,30.0184,51.2041,1400194080
2415,30.0184,51.204,1400109120
2415,30.0184,51.2041,1400108340
2415,30.0294,51.2011,1400035500
2415,30.0184,51.2041,1400022720
2415,30.0184,51.2041,1399937640
2415,30.0197,51.1533,1399761900
2415,30.0117,51.1609,1399697280
2415,30.0184,51.2041,1399677120
2415,30.0184,51.2041,1399588500
2415,30.0184,51.2041,1399502820
2415,30.0184,51.2041,1399417740
2415,30.0184,51.2041,1399330200
2415,30.0294,51.2011,1399167060
2415,30.0184,51.2041,1399161780
2415,30.0558,51.1875,1399150800
2415,30.0555,51.1872,1399149840
2415,30.0184,51.2041,1399073160
2415,30.0371,51.2229,1398930120
2415,30.0567,51.2013,1398924060
2415,30.0184,51.2041,1398899100
2415,30.0184,51.2041,1398811920
2415,30.0184,51.2041,1398724200
2415,30.0567,51.2013,1398584520
2415,30.0259,51.2011,1398465840
2415,30.0184,51.2041,1398381780
2415,30.0184,51.2041,1398210180
2415,30.0567,51.2013,1398028620
2415,30.0184,51.2041,1397930160
2415,30.0567,51.2013,1397892960
2415,30.0567,51.2014,1397799420
2415,30.0184,51.2041,1397772480
2415,30.0567,51.2013,1397711400
2415,30.0184,51.2041,1397690880
2415,30.0567,51.2013,1397624280
2415,30.0184,51.2041,1397602440
2415,30.0567,51.2013,1397441460
2415,30.0558,51.1875,1397430720
2415,30.0237,51.2015,1397353080
2415,30.0414,51.2182,1397305560
2415,30.0363,51.2239,1397276640
2415,30.0184,51.2041,1397256780
2415,30.0184,51.2041,1397174700
2415,30.0293,51.201,1397100900
2415,30.0244,51.2053,1397097420
2415,30.0235,51.2014,1397096580
2415,30.0307,51.2021,1397079840
2415,30.0308,51.202,1397078160
2415,30.0293,51.201,1397011260
2415,30.0184,51.2041,1396998420
2415,30.0567,51.2013,1396932120
2415,30.0178,51.2024,1396928760
2415,30.0184,51.2041,1396913580
2415,30.0567,51.2013,1396740000
2415,30.0567,51.2013,1396740000
2415,30.0568,51.2013,1396739280
2415,30.0395,51.2247,1396688220
2415,30.0567,51.2013,1396676040
2415,30.0295,51.2011,1396666920
2415,30.0184,51.2041,1396652520
2415,30.0184,51.2041,1396568340
2415,30.0567,51.2013,1396500300
2415,30.0308,51.202,1396474200
2415,30.0184,51.2041,1396395660
2415,30.0567,51.2013,1396344600
2415,30.0184,51.2041,1396311420
2415,30.0293,51.2118,1396161720
2415,30.0567,51.2013,1396159800
2415,30.0567,51.2013,1396129260
2415,30.0567,51.2013,1396128960
2415,30.041,51.2211,1396073220
2415,30.0574,51.1745,1396060500
2415,30.0256,51.1624,1396056720
2415,30.0177,51.1976,1396051320
2415,30.0177,51.1977,1396051140
2415,30.0177,51.1976,1396049700
2415,30.0177,51.1976,1396049220
2415,30.0184,51.2041,1395961920
2415,30.0184,51.2041,1395876780
2415,30.0259,51.2011,1395787140
2415,29.9905,51.1775,1395733680
2415,23.4271,46.4811,1395720000
2415,23.4271,46.4811,1395719280
2415,23.4286,46.4826,1395715860
2415,20.257,40.2891,1395708420
2415,20.2573,40.2899,1395705120
2415,20.2835,40.2893,1395702060
2415,20.3294,40.2872,1395699780
2415,20.3344,40.2795,1395696000
2415,20.335,40.2809,1395687720
2415,20.3344,40.2795,1395682800
2415,20.3351,40.2807,1395682440
