2418,41.8827,87.6227,1427778360
2418,41.9164,87.6326,1427094480
2418,25.8007,80.1991,1426734840
2418,25.813,80.1341,1426662660
2418,25.7217,80.2793,1426619220
2418,25.7904,80.1268,1426565160
2418,25.7904,80.1268,1426558320
2418,41.8889,87.6244,1426519920
2418,43.0522,87.9559,1426476840
2418,43.0394,87.8974,1426466700
2418,41.8838,87.6301,1426402860
2418,41.8871,87.6271,1426380480
2418,41.8827,87.6227,1426229520
2418,41.8855,87.6274,1426121580
2418,41.8788,87.6297,1425863880
2418,41.884,87.6194,1425444720
2418,41.9245,87.7551,1425280620
2418,41.8354,87.626,1425004140
2418,41.8917,87.6083,1424573460
2418,34.5921,58.3935,1423628400
2418,40.7023,73.9927,1423617120
2418,38.8893,77.0501,1423541460
2418,38.8972,77.0357,1423529400
2418,40.7824,73.9759,1423504800
2418,34.5921,58.3935,1423453620
2418,40.783,73.9593,1423443960
2418,34.5921,58.3935,1423425480
2418,40.7824,73.9759,1423376940
2418,40.7521,74.002,1423359120
2418,41.8889,87.6261,1423302180
2418,41.836,87.627,1422942780
2418,41.7708,87.5611,1422840180
2418,41.836,87.627,1422830340
2418,41.8666,87.6095,1422597420
2418,41.8841,87.6194,1422077820
2418,34.0522,118.243,1421625600
2418,41.8336,87.6272,1421282760
2418,41.8827,87.6234,1421129580
2418,36.1177,115.1684,1420840740
2418,36.0536,112.1442,1420754880
2418,36.175,115.136,1420591140
2418,33.0091,116.9742,1420356300
2418,32.7541,117.251,1420171260
2418,34.4266,118.5983,1419830160
2418,34.1259,118.3258,1419731220
2418,34.0553,118.25,1419659280
2418,34.0553,118.25,1419658980
2418,33.9861,118.4731,1419575700
2418,34.017,118.4065,1419495060
2418,34.0522,118.243,1419488640
2418,34.1016,118.341,1419485040
2418,34.4169,119.6719,1419382860
2418,34.6617,120.4575,1419369660
2418,35.3712,120.8649,1419316800
2418,36.3714,121.9019,1419304020
2418,36.6099,121.8959,1419220500
2418,37.0167,122.05,1419137700
2418,36.964,122.0189,1419124320
2418,37.8266,122.4216,1418953080
2418,37.8267,122.4233,1418952780
2418,37.7665,122.5107,1418879520
2418,37.8197,122.4786,1418871300
2418,37.775,122.418,1418785080
2418,41.8369,87.6844,1418745720
2418,41.8827,87.6233,1418367720
2418,41.8827,87.6238,1418087700
2418,41.888,87.6285,1417990140
2418,41.8336,87.6272,1417640220
2418,43.6424,79.3876,1417458960
2418,43.6383,79.3825,1417412100
2418,43.7166,79.3407,1417297800
2418,43.6314,79.3573,1417237860
2418,43.6424,79.3876,1417153680
2418,43.6424,79.3876,1417152720
2418,43.726,79.4522,1417075920
2418,43.6626,79.3959,1417057980
2418,41.9544,87.6567,1416689640
2418,41.9688,87.6602,1416648600
2418,41.8827,87.6233,1416437760
2418,41.8853,87.6214,1416103440
2418,41.7906,87.5827,1415152200
2418,41.8336,87.6272,1414806240
2418,41.9136,87.6242,1414291620
2418,41.8888,87.6235,1414105380
2418,41.8827,87.6233,1413834720
2418,41.8806,87.6741,1413793080
2418,41.9209,87.6333,1413176640
2418,42.0444,87.8701,1412590500
2418,41.8873,87.6314,1412500200
2418,41.8349,87.6272,1412302260
2418,41.8336,87.6272,1412208900
2418,41.8677,87.6131,1411503360
2418,41.8796,87.6237,1411331820
2418,41.8349,87.6272,1411270080
2418,41.8349,87.6272,1411267440
2418,41.8796,87.6237,1411162560
2418,41.8605,87.6239,1410981120
2418,42.0053,87.8877,1410978480
2418,42.0053,87.8877,1410978300
2418,42.0053,87.8877,1410951420
2418,41.8369,87.6844,1410839400
2418,41.8302,87.6342,1410677400
2418,41.8336,87.6272,1410394980
2418,41.9826,87.7957,1410169080
2418,41.9826,87.7957,1410168720
2418,41.8788,87.6297,1409814480
2418,41.8358,87.6048,1409728140
2418,41.8395,87.6071,1409726100
2418,41.9019,87.6219,1409537340
2418,41.9019,87.6219,1409534340
2418,41.8731,87.6244,1409511000
2418,41.8858,87.627,1409510760
2418,41.8789,87.6361,1409455560
2418,41.8789,87.6361,1409454900
2418,41.8324,87.626,1409425860
2418,41.8369,87.6844,1409424900
2418,41.8336,87.6272,1409365800
2418,41.8916,87.6086,1409177880
2418,41.8808,87.628,1409095440
2418,41.8315,87.6299,1409050020
2418,41.8347,87.6235,1409049960
2418,41.8347,87.6235,1409049900
2418,41.8347,87.6235,1409049900
2418,41.8347,87.6235,1409049840
2418,41.8314,87.6297,1408987320
2418,41.8315,87.6298,1408987140
2418,41.8314,87.6297,1408986660
2418,41.8827,87.6233,1408941600
2418,41.8336,87.6272,1408909500
2418,41.9112,87.6332,1408779120
2418,41.835,87.6239,1408700760
2418,20.4372,54.5741,1404000600
2418,20.4374,54.5741,1403950620
2418,20.4374,54.5741,1403926380
2418,20.45,54.5912,1403812860
2418,20.4373,54.5741,1403723580
2418,20.4373,54.5741,1403692320
2418,20.4373,54.5741,1403692260
2418,20.4373,54.5741,1403673540
2418,20.4373,54.5741,1403673540
2418,20.437,54.5744,1403643480
2418,20.4369,54.5744,1403640900
2418,20.4369,54.5744,1403640900
2418,20.4369,54.5744,1403640840
2418,20.4369,54.5744,1403640840
2418,20.4368,54.5744,1403603100
2418,20.4368,54.5744,1403602980
2418,20.502,54.6133,1403540940
2418,20.5021,54.6133,1403540940
2418,20.4368,54.5744,1403429940
2418,20.4369,54.5744,1403258880
2418,20.4369,54.5744,1403258880
2418,20.4369,54.5744,1403258820
2418,20.4369,54.5744,1403258760
2418,20.437,54.5744,1403258760
2418,20.4369,54.5744,1403258700
2418,20.4369,54.5744,1403258640
2418,20.4369,54.5744,1403258640
2418,20.4369,54.5744,1403258580
2418,20.437,54.5744,1403258520
2418,20.437,54.5744,1403258460
2418,20.4369,54.5744,1403258400
2418,20.4369,54.5744,1403258340
2418,20.4369,54.5744,1403258340
2418,20.4369,54.5744,1403258280
2418,20.4369,54.5744,1403258280
2418,20.4369,54.5744,1403258220
2418,20.4369,54.5744,1403258100
2418,20.4369,54.5744,1403258100
2418,20.4369,54.5744,1403258040
2418,20.4369,54.5744,1403257980
2418,20.4369,54.5744,1403257920
2418,20.4369,54.5744,1403249760
2418,20.4368,54.5744,1403170920
2418,20.4369,54.5744,1403170740
2418,20.4369,54.5744,1403170680
2418,20.4371,54.5742,1403147460
2418,20.4371,54.5743,1403125560
2418,20.4371,54.5742,1403124360
2418,20.4371,54.5743,1403000220
2418,20.4371,54.5743,1402999440
2418,20.4371,54.5743,1402999380
2418,20.4371,54.5742,1402999260
2418,20.4371,54.5742,1402983360
2418,20.4371,54.5742,1402983360
2418,20.4371,54.5742,1402981740
2418,20.4371,54.5743,1402981320
2418,20.4371,54.5743,1402981320
2418,20.4371,54.5743,1402981260
2418,20.4371,54.5743,1402981200
2418,20.4371,54.5743,1402981140
2418,20.4371,54.5743,1402911300
2418,20.4371,54.5743,1402911000
2418,20.4371,54.5743,1402911000
2418,20.4371,54.5743,1402910940
2418,20.4371,54.5743,1402910820
2418,20.4371,54.5743,1402910820
2418,20.4371,54.5743,1402910760
2418,20.4371,54.5743,1402910760
2418,20.4371,54.5743,1402910760
2418,20.4371,54.5742,1402910400
2418,20.4371,54.5743,1402822500
2418,20.4371,54.5742,1402821660
2418,20.4371,54.5742,1402805220
2418,20.4371,54.5742,1402805100
2418,20.4371,54.5742,1402805100
2418,20.4371,54.5742,1402805040
2418,20.4371,54.5742,1402804980
2418,20.4371,54.5742,1402804920
2418,20.4371,54.5742,1402804860
2418,20.4371,54.5743,1402739100
2418,20.4371,54.5743,1402738860
2418,20.4371,54.5742,1402738620
2418,20.4371,54.5743,1402738500
2418,20.4371,54.5742,1402738380
2418,20.4371,54.5743,1402738200
2418,20.4371,54.5743,1402738020
2418,20.4371,54.5743,1402738020
2418,20.4371,54.5743,1402737900
2418,20.4371,54.5742,1402215900
2418,20.4371,54.5742,1402215780
2418,20.4371,54.5743,1401824280
2418,20.4371,54.5742,1401785820
2418,20.4371,54.5743,1401438360
2418,15.8694,47.9231,1401415560
2418,15.8694,47.9231,1401415560
2418,20.494,54.6578,1401369000
2418,20.494,54.6578,1401369000
2418,20.4371,54.5743,1401354780
2418,20.4371,54.5741,1400052540
