2458,22.8329,47.038,1427674200
2458,22.7023,46.7789,1425718200
2458,22.9266,47.037,1425622980
2458,22.9264,47.0377,1425363540
2458,22.7026,46.7789,1417245060
2458,22.7395,47.3109,1389520260
2458,22.7009,46.7677,1384496700
2458,22.702,46.7588,1382208480
2458,22.835,47.0501,1381688040
2458,22.6988,46.769,1378088460
2458,22.7354,47.5825,1376833140
2458,22.7053,47.0002,1368349020
2458,22.7704,46.7557,1363046580
2458,23.0737,47.7285,1362971520
2458,23.3977,47.358,1362968400
2458,23.4022,45.0158,1362934020
2458,23.4042,45.0155,1362885720
2458,23.4042,45.0155,1362885540
2458,23.403,45.0161,1362885420
2458,23.404,45.016,1362871560
2458,23.4037,45.0164,1362870720
2458,23.4022,45.0158,1362855180
2458,23.4042,45.0155,1362847020
2458,23.404,45.016,1362846900
2458,23.4037,45.0164,1362800520
2458,23.4022,45.0158,1362768780
2458,23.4037,45.0164,1362760260
2458,23.4042,45.0155,1362718020
2458,23.4042,45.0155,1362710880
2458,23.4022,45.0158,1362699480
2458,23.403,45.0161,1362699300
2458,23.4037,45.0164,1362674100
2458,23.4022,45.0158,1362632100
2458,23.4022,45.0158,1362627120
2458,23.4904,45.5747,1362608040
2458,22.7111,46.7788,1358155800
2458,22.7111,46.7788,1358145720
2458,22.7565,47.3758,1358098680
2458,22.7555,47.365,1358061720
2458,22.7565,47.3758,1358060820
2458,22.7597,47.3757,1358039760
2458,22.7597,47.3757,1357995900
2458,22.7599,47.3761,1357994400
2458,22.7637,47.3694,1357973520
2458,22.7644,47.3664,1357900740
2458,22.7623,47.3715,1357898880
2458,22.7644,47.3664,1357898580
2458,22.7597,47.3757,1357896540
2458,22.7646,47.3641,1357889760
2458,22.7528,47.3468,1357873380
2458,22.7528,47.3468,1357872660
2458,22.7654,47.3646,1357865700
2458,22.7646,47.3641,1357865040
2458,22.7566,47.3754,1357840320
2458,22.7654,47.3646,1357812840
2458,22.7602,47.3766,1357806960
2458,22.7654,47.3646,1357806720
2458,22.7566,47.3754,1357800600
2458,22.7646,47.3641,1357799700
2458,22.7533,47.3605,1357770960
2458,22.7646,47.3641,1357712160
2458,22.7646,47.3641,1357693620
2458,22.7602,47.3766,1357637400
2458,22.7597,47.3757,1357636980
2458,22.7646,47.3641,1357636740
2458,22.7646,47.3641,1357636560
2458,22.7646,47.3641,1357636500
2458,22.7602,47.3766,1357591140
2458,22.7599,47.3761,1357548600
2458,22.7654,47.3647,1357546320
2458,22.706,46.9828,1357494840
2458,22.7073,46.7809,1357492740
2458,22.7132,46.7777,1357443120
2458,22.7132,46.7777,1357433280
2458,22.7132,46.7777,1357430760
