2480,42.5823,71.253,1427794740
2480,42.5823,71.2531,1427791920
2480,42.5823,71.2531,1427788560
2480,42.3324,71.08,1427692080
2480,42.3262,71.0572,1427691900
2480,42.1638,72.5559,1427680260
2480,43.1171,75.2962,1427654340
2480,43.1172,75.2961,1427652960
2480,43.1172,75.2969,1427624100
2480,43.1173,75.2961,1427623080
2480,43.1173,75.2963,1427622120
2480,43.1173,75.2961,1427597640
2480,43.1173,75.2962,1427523060
2480,43.1171,75.2964,1427521500
2480,43.1173,75.2962,1427518860
2480,43.0822,75.2663,1427485200
2480,43.1169,75.2966,1427437500
2480,43.1173,75.2961,1427422440
2480,43.1174,75.2961,1427416800
2480,42.2826,71.0554,1427349420
2480,42.3034,71.0565,1427263920
2480,42.5823,71.2531,1427226420
2480,42.2929,71.0582,1427166780
2480,42.293,71.0582,1427006940
2480,42.337,71.0938,1426960380
2480,42.5823,71.253,1426846020
2480,42.5823,71.2531,1426836840
2480,42.5823,71.2531,1426804020
2480,42.5823,71.2531,1426803960
2480,42.2929,71.0583,1426736220
2480,42.5823,71.2531,1426649280
2480,42.5823,71.2531,1426631220
2480,42.5823,71.2531,1426631220
2480,42.5823,71.253,1426628280
2480,42.5823,71.253,1426628100
2480,42.5823,71.253,1426627500
2480,42.5823,71.2531,1426627020
2480,42.5823,71.2531,1426626780
2480,42.5823,71.253,1426568580
2480,42.5823,71.253,1426564620
2480,42.5823,71.253,1426564560
2480,42.5823,71.2531,1426560120
2480,42.5823,71.2531,1426552680
2480,42.5823,71.2531,1426522560
2480,42.2931,71.0585,1426516020
2480,42.2929,71.0583,1426515480
2480,42.293,71.0584,1426513620
2480,42.293,71.0581,1426503360
2480,42.2929,71.0582,1426450620
2480,42.2929,71.0581,1426445700
2480,42.2929,71.0582,1426373520
2480,42.293,71.0582,1426371000
2480,41.4742,71.9601,1426328520
2480,42.5643,71.2643,1426274220
2480,42.2929,71.0583,1426145100
2480,42.5822,71.2531,1426062180
2480,42.5823,71.253,1426062120
2480,42.582,71.2533,1426061160
2480,42.5822,71.2531,1426060200
2480,42.5672,71.2632,1426008900
2480,43.0329,75.2519,1425785280
2480,43.0329,75.2519,1425784080
2480,43.0854,75.2811,1425769680
2480,43.0971,75.2724,1425756180
2480,43.1146,75.2084,1425720420
2480,42.3327,71.0786,1425678060
2480,42.3327,71.0786,1425676560
2480,42.293,71.0582,1425664740
2480,42.2932,71.0583,1425647100
2480,42.2928,71.0584,1425626880
2480,42.5823,71.2529,1425446100
2480,42.5822,71.2531,1425405000
2480,42.5823,71.2529,1425403740
2480,42.5823,71.2529,1425361620
2480,42.2929,71.0583,1425186360
2480,42.2929,71.0582,1425185040
2480,42.2929,71.0583,1425181440
2480,42.2929,71.0583,1425162720
2480,42.2929,71.0582,1425157260
2480,42.2929,71.0583,1425098100
2480,42.3991,71.2602,1425064800
2480,42.3927,71.2621,1425064800
2480,42.5823,71.2529,1425011640
2480,42.5822,71.2531,1424839680
2480,42.5823,71.2529,1424798100
2480,42.3966,71.2637,1424736780
2480,42.4126,71.2577,1424736660
2480,42.4401,71.2586,1424736660
2480,42.2931,71.0583,1424675220
2480,43.1199,75.3961,1424638200
2480,43.0422,76.1302,1424598660
2480,43.0421,76.1301,1424597700
2480,43.0423,76.1301,1424581860
2480,43.036,76.137,1424557620
2480,43.0357,76.1369,1424557500
2480,43.0358,76.1369,1424557500
2480,43.036,76.1368,1424557440
2480,42.3817,71.2642,1424478540
2480,42.3973,71.2557,1424477160
2480,42.525,71.2667,1424369760
2480,42.5157,71.2578,1424369640
2480,42.4929,71.2342,1424369580
2480,42.2928,71.0581,1424336460
2480,42.3019,71.0484,1424325300
2480,42.3985,71.2535,1424292060
2480,42.5821,71.2531,1424196660
2480,42.2929,71.0582,1424052960
2480,42.293,71.0582,1424028780
2480,42.3033,71.0563,1423994640
2480,42.293,71.0582,1423956060
2480,42.583,71.2535,1423885260
2480,42.5823,71.253,1423884780
2480,42.3984,71.2535,1423854360
2480,42.5553,71.2661,1423850460
2480,42.5599,71.2683,1423850340
2480,42.582,71.2567,1423849920
2480,42.5823,71.253,1423849560
2480,42.5822,71.2531,1423846920
2480,42.5823,71.2531,1423816980
2480,42.3984,71.2535,1423789440
2480,42.5813,71.2517,1423733460
2480,42.5813,71.2517,1423733460
2480,42.5915,71.2321,1423733340
2480,42.5915,71.2321,1423733340
2480,42.2929,71.0582,1423638540
2480,42.293,71.0581,1423638480
2480,42.293,71.0582,1423638420
2480,42.293,71.0582,1423638420
2480,42.5566,71.1941,1423621500
2480,42.2931,71.0583,1423517040
2480,42.2931,71.0582,1423510980
2480,42.5659,71.2084,1423467900
2480,42.5823,71.2531,1423447740
2480,42.5823,71.2531,1423447680
2480,42.5823,71.2531,1423438320
2480,42.5823,71.2531,1423437600
2480,42.9349,78.7319,1423419960
2480,42.9347,78.732,1423417740
2480,42.9349,78.7317,1423417020
2480,42.7752,78.734,1423383240
2480,42.7753,78.7336,1423377300
2480,42.7754,78.7337,1423368720
2480,42.7753,78.734,1423334340
2480,42.7753,78.7341,1423299780
2480,42.7755,78.7338,1423299780
2480,42.3656,71.0145,1423279200
2480,42.3655,71.0146,1423278600
2480,42.3474,71.0426,1423275180
2480,42.2932,71.0583,1423272780
2480,42.2931,71.0582,1423272660
2480,42.4245,71.2578,1423167420
2480,42.5823,71.2531,1423163040
2480,42.5823,71.2531,1423163040
2480,42.5823,71.2531,1423162980
2480,42.2482,71.1716,1423157100
2480,42.3984,71.2535,1423093680
2480,42.5823,71.2527,1423043820
2480,42.5823,71.253,1423043100
2480,42.5823,71.2531,1423035180
2480,42.5823,71.2531,1422994980
2480,42.5823,71.253,1422951660
2480,42.2624,71.1052,1422921120
2480,42.2929,71.0583,1422917520
2480,42.2932,71.0582,1422915960
2480,42.2932,71.0582,1422915960
2480,42.2929,71.0582,1422738600
2480,42.293,71.0582,1422737640
2480,42.2929,71.0582,1422737640
2480,42.5823,71.253,1422604020
2480,42.5823,71.2531,1422557220
2480,42.2929,71.0583,1422468420
2480,42.293,71.0583,1422394920
2480,42.2931,71.0583,1422380940
2480,42.2931,71.0584,1422380700
2480,42.2929,71.0582,1422344340
2480,42.2929,71.0488,1422332880
2480,42.3034,71.0566,1422250620
2480,42.2351,71.6375,1422223380
2480,41.0432,73.5505,1422212040
2480,41.0433,73.5504,1422209340
2480,41.0435,73.5504,1422159060
2480,41.0435,73.5503,1422159000
2480,41.0435,73.5503,1422158940
2480,41.0433,73.5504,1422097800
2480,41.0434,73.5504,1422097260
2480,41.0434,73.5503,1422096360
2480,42.5823,71.2531,1405723920
2480,42.5823,71.2531,1405672800
2480,42.5822,71.2531,1405657440
2480,42.5823,71.253,1405650120
2480,42.3378,71.109,1405538160
2480,42.3294,71.1026,1405494000
2480,42.3294,71.1027,1405493940
2480,42.3294,71.1026,1405488960
2480,42.5823,71.253,1405378020
2480,42.3293,71.1027,1405302060
2480,42.3288,71.1043,1405299060
2480,42.3494,71.1082,1405278720
2480,43.1178,75.2964,1405261920
2480,43.1174,75.2962,1405261860
2480,28.363,81.5421,1405204560
2480,28.3628,81.5424,1405203120
2480,28.3665,81.543,1405197000
2480,28.3634,81.5512,1405196940
2480,28.3687,81.5457,1405149900
2480,28.3685,81.5379,1405146480
2480,28.3578,81.5422,1405123560
2480,28.3576,81.5423,1405026240
2480,28.3913,81.5701,1405013820
2480,28.3664,81.5399,1404887640
2480,28.3638,81.546,1404887400
2480,28.3708,81.5515,1404876300
2480,28.3706,81.5516,1404872040
2480,28.375,81.549,1404860040
2480,28.4055,81.5795,1404793440
2480,28.3577,81.5423,1404786600
2480,28.3577,81.5423,1404786000
2480,28.3575,81.5428,1404779940
2480,28.3576,81.5429,1404779940
2480,28.3684,81.5468,1404778260
2480,28.4203,81.5818,1404760080
2480,28.4055,81.5851,1404753960
2480,28.4055,81.585,1404750840
2480,28.4055,81.585,1404750660
2480,28.3578,81.5422,1404718980
2480,28.3577,81.5422,1404668100
2480,43.1133,76.1117,1404571200
2480,43.1672,75.3827,1404567720
2480,43.0329,75.2519,1404538320
2480,43.1173,75.296,1404469920
2480,43.1173,75.2961,1404469920
2480,43.1172,75.2963,1404469860
2480,43.1173,75.2961,1404452640
2480,43.1174,75.2962,1404445500
2480,43.1172,75.2961,1404445500
2480,42.3498,71.0816,1404410520
2480,42.3292,71.1027,1404403140
2480,42.3294,71.1028,1404381060
2480,42.3293,71.1027,1404380940
2480,42.3307,71.103,1404372060
2480,42.3339,71.1041,1404323820
2480,42.3292,71.1029,1404283080
2480,42.5753,71.2372,1404278640
2480,42.5822,71.253,1404276600
2480,42.4602,71.102,1404268620
2480,42.3663,71.064,1404267600
2480,42.366,71.0645,1404267540
2480,42.3766,71.0747,1404233640
2480,42.349,71.0836,1404182220
2480,42.5823,71.253,1404159600
2480,42.3294,71.1027,1404150480
2480,42.3293,71.1027,1404042060
2480,42.3682,71.123,1404013020
2480,42.3327,71.1014,1403925180
2480,42.3457,71.0976,1403855820
2480,42.35,71.0778,1403832540
2480,42.3292,71.1028,1403798640
2480,42.3356,71.1007,1403717520
2480,42.3295,71.1024,1403687040
2480,42.6411,71.3051,1403673540
2480,42.5764,71.2621,1403667720
2480,42.5823,71.253,1403637120
2480,42.5823,71.2531,1403605140
2480,42.5823,71.2531,1403604900
2480,42.5823,71.2531,1403604780
2480,42.5649,71.2341,1403598120
2480,42.572,71.2775,1403597520
2480,42.5823,71.2532,1403592300
2480,42.5823,71.2531,1403553960
2480,42.3293,71.1026,1403547960
2480,42.3295,71.1027,1403504580
2480,42.3493,71.0835,1403415420
2480,42.3489,71.0836,1403391540
2480,42.3489,71.0834,1403391240
2480,42.3293,71.1027,1403337720
2480,42.3502,71.0802,1403292540
2480,42.3439,71.0912,1403292180
2480,42.3407,71.0892,1403292060
2480,42.3359,71.1003,1403291760
2480,42.3293,71.1027,1403284980
2480,42.3294,71.1028,1403280720
2480,42.3526,71.2435,1403236800
2480,42.3524,71.2433,1403235900
2480,42.3521,71.2425,1403235600
2480,42.3369,71.2243,1403229720
2480,42.5822,71.253,1403218920
2480,42.3492,71.0843,1403133900
2480,42.3402,71.0892,1403120400
2480,42.3347,71.1031,1403119920
2480,42.3348,71.1032,1403119920
2480,42.4058,71.0994,1403116680
2480,42.5822,71.2531,1403072400
2480,42.4801,71.1554,1402968120
2480,42.48,71.1553,1402967880
2480,42.48,71.1557,1402967700
2480,42.4805,71.1556,1402967160
2480,42.4807,71.1555,1402967100
2480,42.4808,71.1555,1402966500
2480,42.48,71.1557,1402965900
2480,42.4799,71.1557,1402959480
2480,42.4791,71.1514,1402952940
2480,42.3293,71.1026,1402947660
2480,42.3293,71.1025,1402947540
2480,42.3294,71.1028,1402944540
2480,42.3293,71.1028,1402944480
2480,42.3293,71.1027,1402944060
2480,42.3293,71.1027,1402944000
2480,42.3294,71.1026,1402943940
2480,42.3293,71.1026,1402943640
2480,42.3293,71.1026,1402943640
2480,42.3292,71.1027,1402900680
2480,42.3293,71.1027,1402896960
2480,42.3294,71.1027,1402883760
2480,42.3449,71.0965,1402824360
2480,42.3293,71.1027,1402814040
2480,42.3293,71.1025,1402812660
2480,42.3336,71.1036,1402811520
2480,42.3336,71.1036,1402811460
2480,42.3337,71.1035,1402811460
2480,42.3295,71.1028,1402738200
2480,42.3295,71.1027,1402735200
2480,42.3322,71.0797,1402730460
2480,42.3323,71.1053,1402729380
2480,42.3323,71.1054,1402728360
2480,42.3293,71.1026,1402684860
2480,42.3514,71.0647,1402641840
2480,42.4802,71.1554,1402633860
2480,42.4801,71.1553,1402633440
2480,42.4802,71.1554,1402625520
2480,42.4802,71.1553,1402622100
2480,42.4801,71.1552,1402621980
2480,42.4802,71.1553,1402621860
2480,42.5104,71.1615,1402617420
2480,42.3294,71.1027,1402592820
2480,42.3294,71.1027,1402592280
2480,42.3295,71.1027,1402590300
2480,42.3495,71.0838,1402552860
2480,42.3491,71.0838,1402543140
2480,42.3491,71.0836,1402543020
2480,42.3491,71.0837,1402542900
2480,42.3489,71.0836,1402542840
2480,42.3489,71.0836,1402542840
2480,42.3466,71.0955,1402511160
2480,42.3409,71.0877,1402511040
2480,42.3308,71.1028,1402509240
2480,42.3295,71.1028,1402509180
2480,42.3293,71.1027,1402505280
2480,42.3293,71.1027,1402476960
2480,42.3293,71.1027,1402476960
2480,42.4802,71.1554,1402461900
2480,42.4801,71.1552,1402459980
2480,42.3784,71.0492,1402448340
2480,42.5609,71.2018,1402441140
2480,42.5823,71.2531,1402391640
2480,42.5823,71.2531,1402385100
2480,42.5823,71.2531,1402382820
2480,42.4801,71.1552,1402376220
2480,42.4802,71.1552,1402374540
2480,42.5087,71.1607,1402356660
2480,42.3294,71.1027,1402340160
2480,42.3295,71.1026,1402339920
2480,42.3293,71.1027,1402339800
2480,42.3292,71.1027,1402339740
2480,42.3293,71.1027,1402338600
2480,42.3294,71.1027,1402296060
2480,42.3294,71.1028,1402295820
2480,42.3294,71.1027,1402249200
2480,42.3292,71.1027,1402225860
2480,42.3405,71.0784,1402224840
2480,42.3533,71.0644,1402223880
2480,42.3294,71.1028,1402157940
2480,42.3293,71.1027,1402157700
2480,42.3034,71.0565,1402132200
2480,42.3294,71.1027,1402127400
2480,42.3034,71.0565,1402121160
2480,42.3336,71.1031,1402042980
2480,42.3293,71.1028,1402036500
2480,42.5823,71.253,1402008060
2480,42.5823,71.2531,1402002540
2480,42.5822,71.2531,1402002180
2480,42.5822,71.2531,1402001880
2480,42.5822,71.2531,1402001880
2480,42.3293,71.1028,1401974340
2480,42.3293,71.1026,1401947400
2480,42.3293,71.1027,1401946500
2480,42.3527,71.0856,1401937380
2480,42.3677,71.0631,1401936840
2480,42.3791,71.077,1401936480
2480,42.3796,71.0774,1401936480
2480,42.4799,71.1243,1401935700
2480,42.4802,71.1554,1401930120
2480,42.4802,71.1553,1401929940
2480,42.5583,71.2681,1401922800
2480,42.3785,71.0488,1401844440
2480,42.3785,71.0488,1401844320
2480,42.5834,71.2543,1401835620
2480,42.5822,71.2531,1401789720
2480,42.5823,71.2531,1401789720
2480,42.5823,71.2531,1401789120
2480,42.5823,71.253,1401788760
2480,42.3294,71.1027,1401693840
2480,42.3293,71.1027,1401693720
2480,42.5823,71.2531,1401610260
2480,42.3477,71.0973,1401594960
2480,42.3294,71.1026,1401559200
2480,42.3292,71.1026,1401554640
2480,42.3294,71.1025,1401532260
2480,42.3294,71.1025,1401531240
2480,42.3294,71.1026,1401529620
2480,42.3291,71.1027,1401523980
2480,42.3293,71.1026,1401515700
2480,42.3344,71.0955,1401501300
2480,42.3292,71.1025,1401431640
2480,42.3293,71.1026,1401431280
2480,42.4286,71.1031,1401421500
2480,42.4801,71.1553,1401414300
2480,42.4801,71.1555,1401407040
2480,42.4801,71.1553,1401406260
2480,42.3487,71.0835,1401326220
2480,42.3489,71.0834,1401326220
2480,42.3357,71.1004,1401300660
2480,42.6231,70.6405,1401139020
2480,42.3293,71.1026,1401135060
2480,42.3473,71.095,1401094320
2480,42.3293,71.1026,1401085500
2480,42.3284,71.1027,1401069240
2480,42.3293,71.1025,1401066480
2480,42.3293,71.1028,1401063120
2480,42.3294,71.1026,1401005460
2480,42.3293,71.1026,1401004680
2480,42.3294,71.1027,1401003360
2480,42.3293,71.1027,1401002100
2480,42.3294,71.1028,1401001500
2480,42.3294,71.1027,1401001500
2480,42.3294,71.1027,1401000420
2480,42.3293,71.1026,1400999580
2480,42.3293,71.1027,1400998440
2480,42.3294,71.1027,1400995620
2480,42.3292,71.1026,1400908440
2480,42.3293,71.1028,1400861520
2480,42.3293,71.1027,1400750100
2480,42.3449,71.0966,1400747580
2480,42.3449,71.0965,1400745780
2480,42.3294,71.1027,1400731380
2480,43.1173,75.2962,1400664000
2480,43.0329,75.2519,1400652780
2480,43.1152,75.2814,1400612460
2480,43.1174,75.2962,1400609820
2480,43.1012,75.3205,1400580000
2480,43.1126,75.3175,1400576400
2480,43.1127,75.3176,1400572860
2480,43.1172,75.2962,1400542740
2480,43.1164,75.3754,1400487240
2480,43.1168,75.3755,1400486100
2480,43.0945,75.1454,1400459880
2480,43.0887,75.1318,1400459880
2480,43.0527,75.0638,1400459640
2480,42.3544,73.4215,1400453820
2480,42.5825,71.2532,1400388060
2480,42.3294,71.1026,1400343540
2480,42.3336,71.103,1400305560
2480,42.3723,71.0686,1400300400
2480,42.48,71.1554,1400292960
2480,42.48,71.1553,1400290620
2480,42.3295,71.1029,1400278740
2480,42.3296,71.1022,1400276340
2480,42.3293,71.1027,1400276220
2480,42.3294,71.1027,1400275920
2480,42.3293,71.1027,1400274000
2480,42.3293,71.1026,1400272260
2480,42.3294,71.1026,1400270760
2480,42.3293,71.1026,1400269620
2480,42.3295,71.1028,1400258760
2480,42.3293,71.1027,1400258220
2480,42.3295,71.1026,1400257920
2480,42.3293,71.1026,1400231220
2480,42.3294,71.1026,1400231160
2480,42.3294,71.1027,1400231100
2480,42.3293,71.1027,1400230020
2480,42.3295,71.1027,1400230020
2480,42.3338,71.1038,1400217300
2480,42.3295,71.1027,1400201640
2480,42.3295,71.1026,1400195040
2480,42.3293,71.1027,1400194800
2480,42.3294,71.1027,1400178420
2480,42.3294,71.1027,1400178300
2480,42.3295,71.1027,1400177640
2480,42.3293,71.1026,1400177460
2480,42.3294,71.1025,1400176080
2480,42.3293,71.1027,1400173860
2480,42.3293,71.1026,1400173740
2480,42.3293,71.1027,1400172180
2480,42.3294,71.1027,1400132400
2480,42.3293,71.1027,1400132220
2480,42.3295,71.1028,1400132100
2480,42.3298,71.1025,1400131920
2480,42.3293,71.1028,1400128860
2480,42.3294,71.1028,1400128680
2480,42.3292,71.1025,1400111400
2480,42.3502,71.0807,1400102580
2480,42.3295,71.1028,1400084220
2480,42.4801,71.1552,1400034000
2480,42.3294,71.1026,1400004420
2480,42.3295,71.1026,1399961400
2480,42.3295,71.1027,1399960980
2480,42.3295,71.1029,1399960380
2480,42.3294,71.1027,1399960380
2480,42.3372,71.0982,1399947480
2480,42.3293,71.1027,1399947060
2480,42.3296,71.1025,1399946760
2480,42.3364,71.0933,1399944960
2480,42.3301,71.1027,1399944060
2480,42.3297,71.1027,1399943940
2480,42.3293,71.1027,1399938240
2480,42.3293,71.1026,1399938180
2480,42.3293,71.1026,1399938120
2480,42.3293,71.1027,1399937880
2480,42.3373,71.0921,1399874460
2480,42.3374,71.0988,1399856820
2480,42.3292,71.102,1399855860
2480,42.3292,71.1028,1399833360
2480,42.3305,71.102,1399783020
2480,42.3293,71.1023,1399782000
2480,42.3465,71.0713,1399780980
2480,42.3297,71.1024,1399754340
2480,42.3293,71.1027,1399752060
2480,42.3293,71.1026,1399745580
2480,42.3372,71.0925,1399745160
2480,42.3294,71.1026,1399742520
2480,42.3293,71.1027,1399681800
2480,42.3293,71.1027,1399681260
2480,42.3292,71.1029,1399680540
2480,42.3293,71.1027,1399678860
2480,42.3316,71.1067,1399620300
2480,42.3294,71.1026,1399595400
2480,42.3295,71.1027,1399565460
2480,42.3295,71.1028,1399527840
2480,42.3292,71.1029,1399527660
2480,42.5391,71.14,1399521300
2480,42.5822,71.2529,1399518480
2480,42.5823,71.2531,1399515780
2480,42.5823,71.2531,1399515600
2480,42.5823,71.2531,1399499520
2480,42.5823,71.253,1399490460
2480,42.5822,71.2532,1399489500
2480,42.3294,71.1026,1399448460
2480,42.3294,71.1028,1399428720
2480,42.3294,71.1027,1399425360
2480,42.3293,71.1027,1399425300
2480,42.3293,71.1027,1399420740
2480,42.3294,71.1026,1399409940
2480,42.3293,71.1027,1399409520
2480,42.3294,71.1028,1399409220
2480,42.3293,71.1026,1399404180
2480,42.3293,71.1026,1399396320
2480,42.3293,71.1027,1399396260
2480,42.3295,71.1027,1399394520
2480,42.3294,71.1026,1399393020
2480,42.3292,71.1027,1399360920
2480,42.5823,71.253,1399343280
2480,42.3294,71.1027,1399307940
2480,42.3294,71.1026,1399307700
2480,42.3294,71.1027,1399306080
2480,42.3294,71.1027,1399303560
2480,42.3293,71.1027,1399272840
2480,42.3294,71.1027,1399272780
2480,42.3293,71.1029,1399272660
2480,42.3295,71.1027,1399270680
2480,42.3295,71.1028,1399270440
2480,42.3294,71.1028,1399268640
2480,42.3294,71.1027,1399262520
2480,42.3293,71.1028,1399260240
2480,43.1166,75.297,1399236480
2480,43.1173,75.2962,1399195740
2480,42.0378,72.6177,1399069380
2480,42.1624,72.5284,1399065660
2480,42.1552,72.3946,1399065300
2480,42.1548,72.3919,1399065240
2480,42.1765,72.31,1399065000
2480,42.1824,72.2173,1399064760
2480,42.1686,72.183,1399064640
2480,42.2329,71.6107,1399063140
2480,42.3294,71.1027,1399048500
2480,42.3294,71.1027,1399048500
2480,42.3293,71.1027,1398982740
2480,42.3344,71.0894,1398971460
2480,42.3293,71.1026,1398922860
2480,42.3292,71.1028,1398916380
2480,42.4793,71.1497,1398896460
2480,42.4796,71.2088,1398889380
2480,42.3294,71.1027,1398828360
2480,42.3293,71.1026,1398815460
2480,42.3295,71.1026,1398815400
2480,42.352,71.2048,1398811140
2480,42.4852,71.1607,1398788940
2480,42.48,71.1553,1398745020
2480,42.3289,71.1021,1398727740
2480,42.3292,71.1027,1398711000
2480,42.3294,71.1027,1398657840
2480,42.5182,70.9068,1398653220
2480,42.5047,70.9177,1398651300
2480,42.3237,71.1633,1398629160
2480,42.33,71.1266,1398628740
2480,42.3294,71.1028,1398576540
2480,42.3294,71.1027,1398572220
2480,42.3362,71.0957,1398544020
2480,42.3363,71.0954,1398537480
2480,42.3294,71.1026,1398530880
2480,42.3294,71.1029,1398530820
2480,42.3295,71.1023,1398507060
2480,42.3294,71.1027,1398496020
2480,42.3295,71.1028,1398495780
2480,42.3295,71.1028,1398494220
2480,42.3294,71.1027,1398494220
2480,42.3294,71.1027,1398493920
2480,42.3294,71.1027,1398488400
2480,42.3299,71.1031,1398486780
2480,42.3293,71.1026,1398451680
2480,42.327,71.0669,1398446700
2480,42.327,71.0668,1398446640
2480,42.327,71.0668,1398446640
2480,42.3294,71.1027,1398443820
2480,42.3295,71.1027,1398443820
2480,42.3294,71.1027,1398442800
2480,42.3292,71.1027,1398439800
2480,42.3336,71.1032,1398414840
2480,42.48,71.1552,1398374280
2480,42.353,71.2656,1398372060
2480,42.3293,71.1028,1398369900
2480,42.3293,71.1028,1398369840
2480,42.5531,71.2643,1398270420
2480,42.5822,71.253,1398244260
2480,42.5823,71.2531,1398244260
2480,42.5823,71.2531,1398242640
2480,42.3294,71.1027,1398196080
2480,42.3294,71.1026,1398192780
2480,42.3296,71.1028,1398190740
2480,42.3293,71.1027,1398132840
2480,42.3287,71.1031,1398129960
2480,42.3461,71.0806,1398115980
2480,43.0949,75.3089,1398031080
2480,43.095,75.3084,1398030900
2480,43.095,75.3084,1398030420
2480,43.095,75.3084,1398030360
2480,43.1174,75.2961,1398022620
2480,43.1174,75.2961,1398022560
2480,43.1173,75.296,1398022140
2480,43.1173,75.296,1398022080
2480,43.1173,75.2962,1397997240
2480,43.1173,75.2961,1397997060
2480,43.1174,75.2963,1397996700
2480,43.1173,75.2962,1397996640
2480,43.1091,75.3111,1397996160
2480,43.1077,75.3131,1397996100
2480,43.1039,75.2429,1397991420
2480,43.0565,75.2483,1397967960
2480,43.1173,75.2961,1397961120
2480,43.1173,75.2961,1397961120
2480,43.094,75.2761,1397957100
2480,43.1174,75.2961,1397917980
2480,43.117,75.2965,1397900040
2480,43.1173,75.2961,1397899980
2480,43.1173,75.2961,1397899560
2480,43.117,75.2965,1397895600
2480,43.1173,75.2961,1397894700
2480,43.1174,75.2961,1397894640
2480,43.117,75.2965,1397891580
2480,43.1166,75.2113,1397882160
2480,43.1219,75.2063,1397881860
2480,42.5435,71.1697,1397861460
2480,42.5823,71.2531,1397850480
2480,42.3294,71.1026,1397808060
2480,42.3293,71.1027,1397805420
2480,42.3293,71.1026,1397805360
2480,42.3474,71.0767,1397784600
2480,42.3514,71.2068,1397783820
2480,42.3391,71.0968,1397780820
2480,42.3294,71.1027,1397779860
2480,42.3294,71.1027,1397772840
2480,42.3293,71.1025,1397763660
2480,42.3294,71.1028,1397762880
2480,42.3385,71.093,1397711220
2480,42.3387,71.0928,1397710620
2480,42.3386,71.0927,1397707560
2480,42.3387,71.0929,1397706420
2480,42.3295,71.1027,1397698800
2480,42.3293,71.1027,1397688060
2480,42.3294,71.1027,1397686200
2480,42.3293,71.1026,1397674500
2480,42.3292,71.1027,1397672940
2480,42.3369,71.0936,1397671080
2480,42.3297,71.1052,1397670120
2480,42.3294,71.1027,1397622840
2480,42.3295,71.1026,1397612460
2480,42.3293,71.1025,1397612340
2480,42.3294,71.1026,1397612220
2480,42.3315,71.096,1397609640
2480,42.3467,71.0875,1397608200
2480,42.3475,71.0879,1397608200
2480,42.3454,71.082,1397604600
2480,42.3308,71.0978,1397603580
2480,42.3412,71.0909,1397600820
2480,42.5823,71.253,1397556000
2480,42.5823,71.2531,1397555640
2480,42.5823,71.2531,1397554920
2480,42.5823,71.2531,1397554920
2480,42.5823,71.253,1397554860
2480,42.5823,71.2531,1397554560
2480,42.5822,71.2531,1397547060
2480,42.5823,71.2531,1397545860
2480,42.4799,71.1556,1397540220
2480,42.4801,71.1553,1397539320
2480,42.4801,71.1554,1397528340
2480,42.3159,71.0978,1397516640
2480,42.3295,71.1027,1397512080
2480,42.3294,71.1027,1397508780
2480,42.3292,71.1026,1397507040
2480,42.3294,71.1026,1397466780
2480,42.3295,71.1027,1397466300
2480,42.3295,71.1027,1397452380
2480,42.3295,71.1028,1397451060
2480,42.3295,71.1026,1397449680
2480,42.3293,71.1026,1397435760
2480,42.3292,71.1025,1397435700
2480,42.3293,71.1026,1397435640
2480,42.3294,71.1027,1397434740
2480,42.3293,71.1028,1397434140
2480,42.3294,71.1025,1397426220
2480,42.3293,71.1027,1397426100
2480,42.3293,71.1026,1397425080
2480,42.3293,71.1027,1397408160
2480,42.3292,71.1026,1397407680
2480,42.3293,71.1025,1397406180
2480,42.3294,71.1027,1397405940
2480,42.3294,71.1026,1397405220
2480,42.3294,71.1028,1397405160
2480,42.3293,71.1027,1397404680
2480,42.3293,71.1027,1397404620
2480,42.3448,71.0967,1397379000
2480,42.3292,71.1025,1397369100
2480,42.3294,71.1026,1397366220
2480,42.3293,71.1026,1397365860
2480,42.3291,71.1025,1397346180
2480,42.3292,71.1025,1397344380
2480,42.3292,71.1025,1397344020
2480,42.3293,71.1024,1397343360
2480,42.3294,71.1027,1397343300
2480,42.3295,71.1026,1397341860
2480,42.3294,71.1026,1397336040
2480,42.3294,71.1027,1397335920
2480,42.3293,71.1026,1397335500
2480,42.3338,71.1039,1397263620
2480,42.3293,71.1026,1397237580
2480,42.3292,71.1026,1397237520
2480,42.3294,71.1027,1397237340
2480,42.3294,71.1026,1397237340
2480,42.3294,71.1028,1397205900
2480,42.5016,71.1582,1397183100
2480,42.3295,71.1026,1397164080
2480,42.3295,71.1028,1397163660
2480,42.3293,71.1027,1397159640
2480,42.3294,71.1027,1397159580
2480,42.3295,71.1028,1397115360
2480,42.3294,71.1026,1397115240
2480,42.3294,71.1027,1397115060
2480,42.3295,71.1025,1397115060
2480,42.5822,71.2532,1397097480
2480,42.4952,71.1483,1397080800
2480,42.4801,71.1552,1397078100
2480,42.5822,71.253,1397066400
2480,42.5822,71.2531,1397037420
2480,42.5822,71.2531,1397037360
2480,42.5822,71.2531,1397037360
2480,42.5823,71.2531,1397035800
2480,42.5823,71.253,1397035680
2480,42.48,71.1553,1397022120
2480,42.48,71.155,1397022000
2480,42.4803,71.1557,1397021940
2480,42.4801,71.1553,1397021640
2480,42.4802,71.1554,1397020500
2480,42.4801,71.1554,1397020260
2480,42.5823,71.2531,1396996440
2480,42.5823,71.253,1396993560
2480,42.5823,71.2531,1396949760
2480,42.5822,71.253,1396948920
2480,42.5823,71.253,1396948920
2480,42.5822,71.253,1396948440
2480,42.5823,71.2531,1396948140
2480,42.5823,71.2531,1396948020
2480,42.5823,71.2531,1396947960
2480,42.5822,71.2531,1396947660
2480,42.5822,71.2529,1396947540
2480,42.5822,71.2529,1396947420
2480,42.5824,71.2531,1396946100
2480,42.5822,71.2531,1396945980
2480,42.5823,71.2531,1396943700
2480,42.5823,71.2531,1396943520
2480,42.5823,71.253,1396938240
2480,42.5823,71.253,1396938060
2480,42.5823,71.2531,1396937940
2480,42.5823,71.2531,1396937820
2480,42.5823,71.2531,1396936980
2480,42.5822,71.2531,1396917720
2480,42.3266,71.1477,1396907520
2480,42.3314,71.0702,1396864140
2480,42.3295,71.1024,1396860780
2480,42.3294,71.1027,1396859640
2480,42.3294,71.1028,1396858560
2480,42.3295,71.1028,1396858260
2480,42.3294,71.1027,1396858020
2480,42.3294,71.1027,1396854420
2480,42.3292,71.1025,1396854120
2480,42.3293,71.1028,1396846560
2480,42.3295,71.1025,1396830240
2480,42.3294,71.1027,1396828500
2480,42.3294,71.1025,1396828320
2480,42.3294,71.1028,1396805820
2480,42.3294,71.1028,1396775760
2480,42.3294,71.1027,1396773060
2480,42.3294,71.1027,1396772880
2480,42.3293,71.1027,1396772820
2480,42.3293,71.1028,1396772220
2480,42.3293,71.1027,1396771740
2480,42.3294,71.1027,1396766220
2480,42.3293,71.1027,1396759980
2480,42.3293,71.1027,1396758420
2480,42.3293,71.1027,1396754760
2480,42.3293,71.1027,1396754700
2480,42.3294,71.1028,1396754640
2480,42.3294,71.1027,1396754100
2480,42.3294,71.1028,1396754040
2480,42.3293,71.1026,1396734240
2480,42.3293,71.1027,1396733640
2480,42.3291,71.1026,1396731720
2480,42.3293,71.1027,1396681260
2480,42.3294,71.1026,1396678920
2480,42.3294,71.1027,1396678380
2480,42.3293,71.1027,1396672200
2480,42.3293,71.1026,1396669680
2480,42.339,71.0928,1396662900
2480,42.5841,71.2552,1396659300
2480,42.5997,71.3203,1396658640
2480,42.6609,71.4273,1396658220
2480,42.6969,71.4416,1396658100
2480,42.582,71.2528,1396651740
2480,42.5822,71.2531,1396606320
2480,42.582,71.2529,1396605600
2480,42.5819,71.253,1396605480
2480,42.5822,71.2531,1396600320
2480,42.5823,71.2531,1396599660
2480,42.5823,71.2531,1396598460
2480,42.5823,71.2531,1396594920
2480,42.5823,71.2531,1396589700
2480,42.5822,71.2531,1396561500
2480,42.5823,71.2531,1396555320
2480,42.582,71.2528,1396552200
2480,42.5823,71.253,1396552200
2480,42.5823,71.2531,1396511760
2480,42.4801,71.1554,1396499880
2480,42.4801,71.1558,1396499700
2480,42.4802,71.1555,1396499580
2480,42.4798,71.155,1396499460
2480,42.4797,71.1552,1396499280
2480,42.4801,71.1554,1396499220
2480,42.4798,71.1556,1396498200
2480,42.4954,71.1555,1396494720
2480,42.541,71.1659,1396494240
2480,42.5331,71.1592,1396493220
2480,42.5015,71.158,1396492920
2480,42.4898,71.1532,1396492800
2480,42.4801,71.1556,1396491060
2480,42.4801,71.1553,1396484280
2480,42.3301,71.1259,1396480860
2480,42.3295,71.1035,1396480320
2480,42.3293,71.1027,1396477920
2480,42.3295,71.1029,1396477680
2480,42.3295,71.1028,1396477680
2480,42.3293,71.1028,1396476540
2480,42.3296,71.1027,1396463580
2480,42.3296,71.1027,1396463520
2480,42.3294,71.1026,1396428660
2480,42.3293,71.1026,1396428300
2480,42.3294,71.1027,1396427700
2480,42.3294,71.1027,1396426680
2480,42.3294,71.1028,1396426260
2480,42.3293,71.1028,1396426200
2480,42.3292,71.1025,1396425240
2480,42.3296,71.1027,1396425120
2480,42.3294,71.1027,1396422360
2480,42.3622,71.0644,1396401000
2480,42.3623,71.0643,1396401000
2480,42.4968,71.1561,1396386900
2480,42.5021,71.1587,1396386840
2480,42.5565,71.1814,1396386240
2480,42.5619,71.203,1396386060
2480,42.5675,71.213,1396385940
2480,42.5823,71.2531,1396381380
2480,42.5822,71.2531,1396344900
2480,42.5822,71.2531,1396343880
2480,42.5823,71.2531,1396342740
2480,42.5822,71.2531,1396341360
2480,42.4802,71.1554,1396327200
2480,42.4802,71.1556,1396325340
2480,42.4803,71.1555,1396325340
2480,42.4802,71.1555,1396325340
2480,42.4801,71.1554,1396325280
2480,42.4801,71.1554,1396325220
2480,42.4802,71.1555,1396325160
2480,42.48,71.1553,1396325100
2480,42.4802,71.1554,1396312560
2480,42.5755,71.2548,1396308960
2480,42.5823,71.253,1396291620
2480,42.5814,71.2569,1396289820
2480,42.3192,71.1996,1396287540
2480,42.3302,71.1253,1396286760
2480,42.3318,71.1141,1396286580
2480,42.3324,71.1115,1396286580
2480,42.3294,71.1028,1396257900
2480,42.3294,71.1027,1396257900
2480,42.3294,71.1028,1396256820
2480,42.3295,71.1022,1396247040
2480,42.3295,71.1028,1396246080
2480,42.3294,71.1027,1396245840
2480,42.3295,71.1027,1396245720
2480,42.3294,71.1027,1396245060
2480,42.3319,71.0707,1396239720
2480,42.3293,71.1027,1396237800
2480,42.3295,71.1027,1396237500
2480,42.3294,71.1027,1396228560
2480,42.3293,71.1027,1396216020
2480,42.3338,71.1035,1396208760
2480,42.334,71.1031,1396208640
2480,42.3294,71.1027,1396182060
2480,42.3293,71.1027,1396176540
2480,42.3294,71.1027,1396175340
2480,42.3297,71.1022,1396175220
2480,42.3388,71.0927,1396143960
2480,42.3388,71.0928,1396137300
2480,42.3377,71.0939,1396129080
2480,42.3294,71.1026,1396076700
2480,42.3294,71.1027,1396075680
2480,42.4801,71.1554,1396069980
2480,42.48,71.1553,1396060020
2480,42.5764,71.2621,1396050060
2480,42.5823,71.253,1396045440
2480,42.5819,71.2531,1396039560
2480,42.5823,71.253,1396038300
2480,42.5823,71.253,1396037520
2480,42.5823,71.253,1396036860
2480,42.5823,71.253,1396035060
2480,42.5822,71.2531,1396031460
2480,42.5823,71.2531,1396031040
2480,42.5822,71.2531,1396030980
2480,42.5822,71.2531,1396030920
2480,42.3189,71.2123,1396027020
2480,42.3367,71.0941,1396025940
2480,42.3294,71.1026,1395987360
2480,42.5822,71.2531,1395966780
2480,42.5822,71.2531,1395915300
2480,42.5823,71.253,1395905700
2480,42.4801,71.1553,1395895620
2480,42.3295,71.1026,1395813480
2480,42.5835,71.2545,1395805080
2480,42.5823,71.2531,1395800220
2480,42.6231,71.2682,1395787680
2480,42.6232,71.2683,1395787620
2480,42.5821,71.2537,1395780240
2480,42.5823,71.2531,1395738900
2480,42.4801,71.1555,1395726780
2480,42.4801,71.1554,1395725760
2480,42.3295,71.1027,1395641400
2480,42.3295,71.1027,1395641400
2480,42.3294,71.1027,1395640740
2480,42.3295,71.1027,1395639780
2480,42.3292,71.1027,1395635940
2480,42.3293,71.1027,1395628800
2480,42.3293,71.1028,1395621180
2480,42.3293,71.1028,1395621120
2480,42.3294,71.1026,1395613620
2480,42.3294,71.1027,1395613080
2480,42.3294,71.1028,1395612900
2480,42.3294,71.1027,1395607140
2480,42.3294,71.1027,1395556380
2480,42.3293,71.1027,1395556080
2480,42.3293,71.1026,1395556020
2480,42.3296,71.1024,1395555120
2480,42.3294,71.1027,1395554520
2480,42.3294,71.1027,1395553980
2480,42.3294,71.1027,1395553860
2480,42.3333,71.1041,1395525360
2480,42.4802,71.1554,1395453780
2480,42.5718,71.2288,1395358200
2480,42.5823,71.2531,1395309900
2480,42.5822,71.2531,1395309840
2480,42.5822,71.2531,1395309780
2480,42.5822,71.2531,1395309540
2480,42.5823,71.2531,1395309300
2480,42.5823,71.2531,1395309120
2480,42.5823,71.2531,1395308940
2480,42.5822,71.2531,1395307260
2480,42.5823,71.253,1395307260
2480,42.5822,71.2531,1395303000
2480,42.5823,71.253,1395302460
2480,42.5823,71.253,1395302220
2480,42.5823,71.2531,1395294000
2480,42.582,71.253,1395282780
2480,42.5822,71.253,1395260100
2480,42.5822,71.2531,1395179400
2480,42.5822,71.2531,1395179340
2480,42.5823,71.253,1395175260
2480,42.5822,71.2531,1395174780
2480,42.5821,71.253,1395174780
2480,42.5822,71.2531,1395169080
2480,42.3294,71.1028,1395161640
2480,42.3295,71.1027,1395156960
2480,42.3515,71.119,1395126240
2480,42.3293,71.1027,1395101340
2480,42.3294,71.1028,1395100080
2480,42.3293,71.1027,1395092220
2480,42.3293,71.1027,1395091920
2480,42.3293,71.1027,1395080820
2480,42.3293,71.1026,1395062760
2480,42.3293,71.1026,1395062580
2480,42.3293,71.1027,1394988300
2480,42.3293,71.1026,1394988300
2480,42.3293,71.1027,1394951880
2480,42.5468,71.1738,1394922360
2480,42.5823,71.253,1394908320
2480,42.5822,71.2531,1394903280
2480,42.5822,71.2531,1394874660
2480,42.5822,71.2531,1394874540
2480,42.5823,71.2531,1394873520
2480,42.582,71.2531,1394867460
2480,42.5825,71.2529,1394864100
2480,42.5823,71.253,1394863800
2480,42.5823,71.2531,1394863560
2480,42.5823,71.253,1394858220
2480,42.5823,71.253,1394856720
2480,42.5823,71.2531,1394852580
2480,42.5823,71.253,1394846220
2480,42.3294,71.1026,1394827200
2480,42.3336,71.1031,1394788320
2480,42.3336,71.1032,1394788080
2480,42.3336,71.1031,1394788020
2480,42.3336,71.103,1394787960
2480,42.3336,71.1031,1394787240
2480,42.3337,71.1031,1394784060
2480,42.3293,71.1026,1394761980
2480,42.3292,71.1027,1394694660
2480,42.3293,71.1027,1394694480
2480,42.5826,71.2532,1394673360
2480,42.5824,71.2529,1394673300
2480,42.5823,71.2531,1394672820
2480,42.5823,71.2531,1394672700
2480,42.5822,71.2531,1394632740
2480,42.5822,71.253,1394617200
2480,42.5821,71.2529,1394616000
2480,42.6257,71.3597,1394593200
2480,42.5823,71.2531,1394589720
2480,42.3293,71.1035,1394567640
2480,42.3337,71.103,1394522400
2480,42.3337,71.103,1394522400
2480,42.3337,71.1029,1394520360
2480,42.3295,71.1025,1394510220
2480,42.3294,71.1027,1394510160
2480,42.3294,71.1027,1394510040
2480,43.1175,75.2958,1394477820
2480,43.1175,75.2963,1394473860
2480,43.1173,75.2959,1394473440
2480,43.1176,75.2959,1394467980
2480,43.1173,75.2962,1394466180
2480,43.1178,75.2967,1394466180
2480,43.1171,75.2962,1394465880
2480,43.1174,75.2962,1394464800
2480,43.1174,75.2962,1394445180
2480,43.1173,75.2962,1394444880
2480,43.1173,75.2963,1394444700
2480,43.1178,75.2967,1394444640
2480,43.1174,75.2962,1394444520
2480,43.1174,75.2962,1394443500
2480,43.1173,75.296,1394443440
2480,43.1175,75.296,1394443200
2480,43.1173,75.296,1394443140
2480,43.1173,75.296,1394443080
2480,43.1169,75.2966,1394441760
2480,43.1172,75.2963,1394436420
2480,43.1172,75.2962,1394436300
2480,43.117,75.2963,1394417040
2480,43.1169,75.2966,1394413140
2480,43.1169,75.2966,1394411640
2480,43.1169,75.2966,1394410500
2480,43.1174,75.2961,1394408700
2480,43.1174,75.2961,1394408640
2480,43.1174,75.2961,1394408400
2480,43.1174,75.2961,1394408340
2480,43.1172,75.2962,1394406660
2480,43.1171,75.2963,1394406420
2480,43.1174,75.2962,1394406180
2480,43.1172,75.296,1394404980
2480,43.1174,75.2967,1394404920
2480,43.0953,75.3122,1394398320
2480,43.0953,75.3121,1394397840
2480,43.1169,75.2966,1394369640
2480,43.1177,75.2967,1394369220
2480,43.0768,75.3112,1394360160
2480,43.1173,75.2961,1394351220
2480,43.1174,75.2962,1394350680
2480,43.1173,75.2962,1394335860
2480,43.0696,75.2723,1394327580
2480,43.074,75.2864,1394326020
2480,43.0739,75.2864,1394325900
2480,43.1173,75.2962,1394277780
2480,43.1169,75.2966,1394277060
2480,43.1174,75.2962,1394276820
2480,43.1174,75.2962,1394276760
2480,43.1169,75.2966,1394276700
2480,43.1174,75.2963,1394276520
2480,43.0794,75.3177,1394275740
2480,43.0794,75.3173,1394275680
2480,43.0794,75.3174,1394275560
2480,43.1001,75.2727,1394272800
2480,43.1002,75.2726,1394272320
2480,43.1174,75.2962,1394266680
2480,43.1174,75.2962,1394266620
2480,43.1174,75.2967,1394266560
2480,43.1173,75.2962,1394266500
2480,43.1172,75.2962,1394265840
2480,43.1173,75.296,1394263680
2480,43.1173,75.296,1394263620
2480,43.1173,75.296,1394263560
2480,43.1174,75.2961,1394249100
2480,43.1171,75.2963,1394249040
2480,43.1174,75.296,1394243220
2480,43.0952,75.2076,1394239020
2480,43.0898,75.1984,1394236380
2480,43.0774,75.3037,1394234820
2480,43.093,75.3102,1394231400
2480,43.1175,75.2961,1394229120
2480,43.1173,75.2966,1394227920
2480,43.1177,75.2967,1394220660
2480,43.1174,75.2962,1394218620
2480,43.1174,75.2962,1394218560
2480,43.1174,75.2962,1394207340
2480,43.1175,75.2967,1394189160
2480,43.1174,75.2967,1394187000
2480,43.1174,75.2962,1394186880
2480,43.1174,75.2961,1394186640
2480,43.1174,75.2962,1394186520
2480,43.1172,75.2962,1394186400
2480,43.1177,75.2967,1394186340
2480,43.1174,75.2962,1394186100
2480,43.1174,75.2962,1394186100
2480,43.1177,75.2966,1394185980
2480,43.1172,75.2962,1394185800
2480,43.1172,75.2962,1394183460
2480,43.1171,75.2962,1394183220
2480,43.1169,75.2966,1394183040
2480,43.1169,75.2966,1394182980
2480,43.117,75.2963,1394179680
2480,43.1169,75.2966,1394176560
2480,43.1173,75.296,1394176380
2480,43.1174,75.2962,1394163120
2480,43.1171,75.2963,1394151780
2480,43.1177,75.2967,1394151120
2480,43.1171,75.2963,1394151120
2480,43.1173,75.2961,1394150820
2480,43.1174,75.2962,1394150040
2480,43.1174,75.2961,1394149140
2480,43.1174,75.2961,1394149080
2480,43.1174,75.2962,1394099700
2480,43.1172,75.2963,1394099460
2480,43.1174,75.2962,1394099280
2480,43.1174,75.2963,1394099220
2480,43.1176,75.2966,1394099100
2480,43.1174,75.2961,1394098980
2480,43.1172,75.2963,1394097300
2480,43.1172,75.2963,1394088300
2480,43.1173,75.2961,1394087760
2480,43.1177,75.2967,1394069040
2480,43.1174,75.2962,1394068980
2480,43.1174,75.2961,1394066820
2480,43.1174,75.2961,1394066580
2480,43.1174,75.2962,1394053260
2480,43.1172,75.2963,1394049720
2480,43.1173,75.2962,1394049540
2480,43.1174,75.2962,1394049060
2480,43.1174,75.2962,1394038380
2480,43.1177,75.2967,1394008080
2480,43.1173,75.2961,1394007120
2480,43.1175,75.2962,1394006940
2480,43.1171,75.2963,1394003340
2480,43.1172,75.296,1394003100
2480,43.1174,75.2961,1394002860
2480,43.117,75.2963,1394002800
2480,43.1174,75.2961,1394002620
2480,43.1169,75.2966,1394001240
2480,43.1169,75.2966,1393999860
2480,43.1171,75.2962,1393979400
2480,43.0738,75.2864,1393977720
2480,43.0931,75.3123,1393964880
2480,43.0996,75.3196,1393964820
2480,43.1038,75.3177,1393964760
2480,43.1174,75.2962,1393961820
2480,43.1174,75.2962,1393927260
2480,43.1172,75.2963,1393927200
2480,43.1174,75.2962,1393924860
2480,43.117,75.2966,1393924860
2480,43.1174,75.2963,1393924500
2480,43.1174,75.2962,1393920960
2480,43.1171,75.2963,1393919460
2480,43.1173,75.296,1393918920
2480,43.1172,75.2963,1393914240
2480,43.1172,75.2963,1393914120
2480,43.1174,75.2963,1393897980
2480,43.1174,75.2963,1393896780
2480,43.0739,75.2865,1393886700
2480,43.1173,75.2962,1393842420
2480,43.1174,75.2962,1393842360
2480,43.1174,75.2962,1393842300
2480,43.1177,75.2967,1393837680
2480,43.1173,75.2961,1393837440
2480,43.1174,75.2961,1393837320
2480,43.1177,75.2967,1393834680
2480,43.1173,75.2961,1393834260
2480,43.1173,75.2961,1393829760
2480,43.1174,75.2968,1393829640
2480,43.1173,75.2961,1393828800
2480,43.1173,75.2961,1393827780
2480,43.1172,75.2962,1393809300
2480,43.1173,75.2961,1393808340
2480,43.1169,75.2966,1393799400
2480,43.033,75.2515,1393791660
2480,43.0329,75.2519,1393726680
2480,43.0331,75.2518,1393726080
2480,43.1133,75.2925,1393699980
2480,43.1174,75.2962,1393697040
2480,43.1172,75.2962,1393694880
2480,43.0543,75.2783,1393629660
2480,43.1171,75.2963,1393584780
2480,43.1174,75.2962,1393584660
2480,43.1174,75.2962,1393583520
2480,43.1175,75.2962,1393583400
2480,43.1178,75.2962,1393581600
2480,43.1174,75.2962,1393579500
2480,43.1174,75.2962,1393575180
2480,43.1173,75.2962,1393574940
2480,43.1171,75.2963,1393571520
2480,43.1173,75.2962,1393558020
2480,43.1174,75.2962,1393557960
2480,43.1171,75.2963,1393546800
2480,43.1173,75.2961,1393544460
2480,43.1169,75.2965,1393537320
2480,43.1174,75.2962,1393533840
2480,43.1174,75.2961,1393533120
2480,43.1174,75.2967,1393500120
2480,43.1173,75.2962,1393496100
2480,43.1174,75.2962,1393495140
2480,43.1173,75.2962,1393495080
2480,43.1172,75.2963,1393494960
2480,43.1174,75.2962,1393494900
2480,43.1109,75.3088,1393491120
2480,43.0863,75.2998,1393490880
2480,43.0776,75.2931,1393485240
2480,43.0776,75.2931,1393485180
2480,43.0737,75.2865,1393484400
2480,43.1173,75.2962,1393464120
2480,43.1171,75.2964,1393458480
2480,43.1169,75.2966,1393456980
2480,43.1174,75.2964,1393456740
2480,43.1172,75.2963,1393456140
2480,43.1174,75.2967,1393455960
2480,43.1177,75.2967,1393455840
2480,43.1173,75.296,1393455660
2480,43.1171,75.2963,1393455600
2480,43.1174,75.296,1393455360
2480,43.1177,75.2967,1393455300
2480,43.1172,75.2959,1393453320
2480,43.1174,75.2961,1393450860
2480,43.1172,75.2962,1393446960
2480,43.1174,75.2962,1393411080
2480,43.1174,75.2962,1393411020
2480,43.1174,75.2962,1393411020
2480,43.1174,75.2962,1393410960
2480,43.1175,75.2962,1393410840
2480,43.1172,75.2963,1393410660
2480,43.1177,75.2966,1393409820
2480,43.1174,75.2961,1393372500
2480,43.1172,75.2963,1393372440
2480,43.1136,75.2738,1393368720
2480,42.7395,73.9099,1393364400
2480,42.5857,73.7857,1393363320
2480,42.5034,73.7526,1393363140
2480,42.4986,73.7345,1393362900
2480,42.1731,72.3296,1393358640
2480,42.3294,71.1027,1393350900
2480,42.3295,71.1027,1393319940
2480,42.3296,71.1026,1393319820
2480,42.3295,71.1027,1393319400
2480,42.3294,71.103,1393318560
2480,42.562,71.2653,1393276860
2480,42.3325,71.1114,1393274700
2480,42.3291,71.103,1393274400
2480,42.3291,71.1026,1393274220
2480,42.3295,71.1024,1393270920
2480,42.3295,71.1028,1393239420
2480,42.3294,71.1025,1393229640
2480,42.3293,71.1027,1393227360
2480,42.3295,71.1028,1393226940
2480,42.3295,71.1026,1393225380
2480,42.3295,71.1027,1393225080
2480,42.3298,71.1027,1393223340
2480,42.3294,71.1027,1393223100
2480,42.3296,71.1027,1393222260
2480,42.3293,71.1027,1393222200
2480,42.3295,71.1027,1393198920
2480,42.3295,71.1027,1393198500
2480,42.3295,71.1026,1393196760
2480,42.3294,71.1027,1393196760
2480,42.3293,71.1028,1393179300
2480,42.3294,71.1029,1393138860
2480,42.3294,71.1027,1393132020
2480,42.3295,71.1027,1393132020
2480,42.3294,71.1026,1393105380
2480,42.3293,71.1027,1393099800
2480,42.3293,71.1027,1393061520
2480,42.3294,71.1027,1393060560
2480,42.3293,71.1026,1393051140
2480,42.3294,71.1027,1393041900
2480,42.3293,71.1027,1393041300
2480,42.3295,71.1027,1393041180
2480,42.493,71.1179,1393030920
2480,42.3441,71.0582,1393029660
2480,42.3352,71.0654,1393029540
2480,42.3293,71.1027,1393017000
2480,42.3295,71.1027,1393011540
2480,42.3296,71.1027,1392970200
2480,42.3293,71.1027,1392954960
2480,42.3293,71.1027,1392954960
2480,42.3292,71.1027,1392954840
2480,42.3295,71.1027,1392954780
2480,42.3293,71.1027,1392954420
2480,42.3293,71.1027,1392954420
2480,42.3293,71.1027,1392954360
2480,42.3293,71.1027,1392954300
2480,42.3294,71.1027,1392954240
2480,42.3295,71.1026,1392954180
2480,42.3296,71.1027,1392954000
2480,42.3293,71.1026,1392949200
2480,42.3293,71.1026,1392949140
2480,42.3293,71.1028,1392942480
2480,42.3295,71.1026,1392939780
2480,42.3294,71.1027,1392939480
2480,42.3293,71.1028,1392939420
2480,42.3294,71.1027,1392938880
2480,42.3295,71.1027,1392938760
2480,42.3294,71.1027,1392923100
2480,42.3296,71.1027,1392899160
2480,42.3296,71.1027,1392898800
2480,42.3297,71.1028,1392898620
2480,42.3295,71.1027,1392885120
2480,42.3293,71.1028,1392883260
2480,42.3295,71.1027,1392880980
2480,42.3294,71.1026,1392880680
2480,42.3295,71.1027,1392880620
2480,42.3294,71.1027,1392879360
2480,42.3294,71.1027,1392872100
2480,42.3293,71.1027,1392855480
2480,42.3294,71.1026,1392855480
2480,42.3294,71.1026,1392846540
2480,42.3295,71.1028,1392834660
2480,42.3293,71.1026,1392834300
2480,42.3292,71.1025,1392834240
2480,42.3297,71.1023,1392832920
2480,42.3294,71.1026,1392832380
2480,42.3293,71.1026,1392832320
2480,42.3294,71.1027,1392832200
2480,42.3294,71.1028,1392832080
2480,42.3296,71.1023,1392801660
2480,42.3296,71.1027,1392801360
2480,42.3295,71.1026,1392783000
2480,42.3294,71.1027,1392781740
2480,42.3294,71.1027,1392781620
2480,42.3294,71.1027,1392781560
2480,42.3295,71.1029,1392763560
2480,42.3293,71.1028,1392762840
2480,42.3296,71.1027,1392762780
2480,42.3293,71.1027,1392758520
2480,42.3295,71.1027,1392689820
2480,42.3293,71.1028,1392668400
2480,42.3295,71.1025,1392628080
2480,42.3295,71.1027,1392610740
2480,42.3293,71.1027,1392553200
2480,42.3294,71.1025,1392541440
2480,42.3297,71.1028,1392534300
2480,42.3293,71.1026,1392533880
2480,42.3296,71.1028,1392533040
2480,42.3296,71.1028,1392532200
2480,42.3294,71.1026,1392531900
2480,42.3293,71.1027,1392527040
2480,42.3294,71.1027,1392497700
2480,42.3294,71.1027,1392497700
2480,42.3294,71.1027,1392497640
2480,42.3295,71.1027,1392491880
2480,42.3294,71.1027,1392488760
2480,42.3293,71.1026,1392488760
2480,42.3298,71.1024,1392488700
2480,42.3293,71.1027,1392486480
2480,42.3295,71.1027,1392446220
2480,42.3294,71.1026,1392444240
2480,42.3674,71.0611,1392441480
2480,42.3602,71.0507,1392434760
2480,42.3594,71.0496,1392429480
2480,42.3594,71.0496,1392429480
2480,42.3571,71.0729,1392428880
2480,42.3293,71.1026,1392420300
2480,42.3293,71.1027,1392414240
2480,42.3293,71.1027,1392414240
2480,42.3294,71.1026,1392414180
2480,42.3293,71.1026,1392409740
2480,42.3293,71.1026,1392365100
2480,42.3292,71.1027,1392351060
2480,42.3293,71.1027,1392347280
2480,42.3293,71.1027,1392346740
2480,42.3293,71.1027,1392346680
2480,42.3294,71.1026,1392346680
2480,42.3294,71.1028,1392346560
2480,42.3293,71.1028,1392346500
2480,42.3293,71.1026,1392346140
2480,42.3295,71.1028,1392345480
2480,42.3293,71.1026,1392345420
2480,42.3293,71.1027,1392345360
2480,42.3293,71.1027,1392345180
2480,42.3294,71.1026,1392275880
2480,42.3294,71.1028,1392270180
2480,42.3294,71.1027,1392262560
2480,42.3294,71.1026,1392262320
2480,42.3294,71.1027,1392254580
2480,42.3295,71.1029,1392176880
2480,42.3292,71.1028,1392155100
2480,42.3295,71.1027,1392142920
2480,42.3295,71.1027,1392142680
2480,42.3293,71.1028,1392142260
2480,42.3294,71.1027,1392104040
2480,42.3294,71.1027,1392103980
2480,42.3293,71.1027,1392102960
2480,42.3294,71.1026,1392102900
2480,42.3295,71.1027,1392102780
2480,42.3295,71.1027,1392102300
2480,42.3293,71.1025,1392097980
2480,42.3293,71.1026,1392092820
2480,42.1605,71.9533,1392081720
2480,42.4166,73.5446,1392077220
2480,42.4818,73.6734,1392076800
2480,42.9313,74.2829,1392074400
2480,43.1173,75.2962,1392063180
2480,43.1171,75.2963,1392062940
2480,43.117,75.2964,1392062820
2480,43.1173,75.2963,1392060120
2480,43.1173,75.2962,1392026820
2480,43.1174,75.296,1392024660
2480,43.1177,75.2967,1392024660
2480,43.1171,75.2963,1392022920
2480,43.1172,75.2962,1392022620
2480,43.1171,75.2963,1392022500
2480,43.1173,75.2962,1392022020
2480,43.1171,75.2963,1392021660
2480,43.1173,75.2962,1392021240
2480,43.1178,75.2963,1392020940
2480,43.1173,75.2962,1392020820
2480,43.1177,75.2967,1392018780
2480,43.1173,75.2962,1392017820
2480,43.1173,75.2962,1392017760
2480,43.1173,75.2963,1392017760
2480,43.1175,75.2962,1392017640
2480,43.1173,75.2963,1392017520
2480,43.0738,75.2863,1392010920
2480,43.074,75.2861,1392010740
2480,43.0738,75.2865,1392007740
2480,43.1174,75.2962,1391989320
2480,43.1174,75.2961,1391989260
2480,43.1177,75.2967,1391989200
2480,43.1173,75.2962,1391982480
2480,43.1173,75.2962,1391982420
2480,43.1176,75.2963,1391973480
2480,43.1173,75.2962,1391941200
2480,43.1173,75.2962,1391941200
2480,43.1172,75.2963,1391940780
2480,43.1173,75.2962,1391940540
2480,43.1172,75.2963,1391940420
2480,43.1173,75.2962,1391940120
2480,43.1172,75.2963,1391940120
2480,43.1173,75.2962,1391939880
2480,43.1171,75.2963,1391937780
2480,43.0739,75.2866,1391935680
2480,43.1174,75.2962,1391916600
2480,43.1393,75.3054,1391900880
2480,43.1385,75.305,1391900820
2480,43.1173,75.2962,1391895960
2480,43.1173,75.2962,1391893740
2480,43.1171,75.2963,1391893500
2480,43.1174,75.2961,1391892540
2480,43.1174,75.2961,1391892480
2480,43.1172,75.2963,1391892420
2480,43.1169,75.2966,1391892240
2480,43.1171,75.2963,1391855640
2480,43.1175,75.2961,1391853300
2480,43.1173,75.2962,1391853240
2480,43.1177,75.2967,1391852700
2480,43.1174,75.2962,1391852340
2480,43.1174,75.2962,1391852280
2480,43.1174,75.2966,1391852220
2480,43.1064,75.3154,1391824920
2480,43.1108,75.3044,1391824380
2480,43.1174,75.2968,1391822460
2480,43.1174,75.2968,1391822280
2480,43.1174,75.2963,1391822160
2480,43.1172,75.2961,1391822100
2480,43.1175,75.2962,1391821380
2480,43.1172,75.2963,1391812980
2480,43.1178,75.2961,1391812440
2480,43.1175,75.2962,1391812020
2480,43.1174,75.2961,1391810220
2480,43.1176,75.296,1391810160
2480,43.1173,75.2962,1391760720
2480,43.1174,75.2963,1391757420
2480,43.1692,75.3838,1391744520
2480,43.1692,75.3838,1391744400
2480,43.1173,75.2963,1391738040
2480,43.1172,75.2963,1391737980
2480,43.1173,75.2963,1391737860
2480,43.1173,75.2963,1391737800
2480,43.1171,75.2963,1391737740
2480,43.117,75.2963,1391736660
2480,43.0817,75.3156,1391731740
2480,43.117,75.2963,1391727720
2480,43.1174,75.2961,1391726640
2480,43.1173,75.2963,1391725380
2480,43.1172,75.2963,1391725260
2480,43.1175,75.2962,1391725080
2480,43.1175,75.2962,1391724960
2480,43.1175,75.2962,1391724900
2480,43.1175,75.2961,1391724900
2480,43.1174,75.2962,1391724840
2480,43.1176,75.2961,1391724840
2480,43.1174,75.2962,1391724840
2480,43.1174,75.2963,1391724780
2480,43.1173,75.2962,1391724720
2480,43.1172,75.2963,1391724600
2480,43.1173,75.2961,1391724420
2480,43.1174,75.2962,1391724360
2480,43.1172,75.2963,1391718420
2480,43.1173,75.2963,1391718120
2480,43.1174,75.2963,1391718060
2480,43.119,75.2876,1391714700
2480,43.1191,75.2876,1391714400
2480,43.1174,75.2962,1391713440
2480,43.1175,75.2962,1391713380
2480,43.1173,75.2962,1391684700
2480,43.1173,75.2962,1391683200
2480,43.1173,75.2962,1391683140
2480,43.1171,75.2963,1391683080
2480,43.1172,75.2963,1391682180
2480,43.1173,75.2962,1391682060
2480,43.0739,75.2866,1391673720
2480,43.0738,75.2867,1391668860
2480,43.0738,75.2865,1391668260
2480,43.0739,75.2865,1391663460
2480,43.1171,75.2963,1391647680
2480,43.1174,75.2961,1391647500
2480,43.1177,75.2968,1391646720
2480,43.1175,75.2962,1391646300
2480,43.117,75.2963,1391645160
2480,43.1174,75.2961,1391644920
2480,43.1173,75.2963,1391644560
2480,43.0782,75.2934,1391637960
2480,43.1173,75.2962,1391634360
2480,43.1173,75.2962,1391634060
2480,43.1174,75.2967,1391633280
2480,43.1176,75.2966,1391633100
2480,43.1172,75.2963,1391633040
2480,43.1171,75.296,1391632800
2480,43.1173,75.2961,1391598120
2480,43.1173,75.2962,1391597940
2480,43.1174,75.2962,1391597760
2480,43.1173,75.2962,1391590800
2480,43.1173,75.2962,1391590740
2480,43.1171,75.2963,1391590680
2480,43.1171,75.2963,1391590500
2480,43.1173,75.2962,1391590320
2480,43.1173,75.2962,1391590320
2480,43.1174,75.2962,1391590260
2480,43.1174,75.2963,1391590200
2480,43.1174,75.2962,1391590140
2480,43.1173,75.2962,1391589360
2480,43.1172,75.2963,1391563800
2480,43.1174,75.2962,1391562900
2480,43.1169,75.2966,1391562720
2480,43.1121,75.2849,1391559300
2480,43.0933,75.2792,1391556300
2480,43.1171,75.2963,1391549640
2480,43.1175,75.2962,1391549160
2480,43.1173,75.2961,1391495700
2480,43.1171,75.2963,1391479740
2480,43.1174,75.2962,1391477100
2480,43.0738,75.2865,1391467380
2480,43.1173,75.2962,1391454480
2480,43.1171,75.2963,1391425380
2480,43.1173,75.2962,1391424480
2480,43.1174,75.2968,1391424480
2480,43.0817,75.2291,1391416320
2480,43.0889,75.2565,1391416200
2480,43.1173,75.2962,1391414820
2480,43.1171,75.2963,1391414640
2480,43.1173,75.2961,1391413860
2480,43.1172,75.2963,1391411220
2480,43.1174,75.2962,1391411160
2480,43.1174,75.2962,1391390340
2480,43.1171,75.2961,1391376600
2480,43.0739,75.2865,1391326560
2480,43.0738,75.2866,1391324760
2480,43.0738,75.2865,1391324520
2480,43.0738,75.2865,1391324460
2480,43.0738,75.2866,1391324280
2480,43.0738,75.2866,1391324160
2480,43.0738,75.2865,1391324100
2480,43.0738,75.2865,1391323920
2480,43.0738,75.2866,1391323740
2480,43.0738,75.2865,1391323740
2480,43.0738,75.2866,1391318580
2480,43.0737,75.2866,1391317200
2480,43.0738,75.2867,1391316360
2480,43.0738,75.2866,1391316360
2480,43.0738,75.2865,1391315880
2480,43.0738,75.2865,1391315880
2480,43.0738,75.2866,1391315880
2480,43.0738,75.2866,1391315520
2480,43.1173,75.2961,1391309640
2480,43.1173,75.2961,1391305080
2480,43.1173,75.2963,1391298720
2480,43.1173,75.2963,1391298660
2480,43.1173,75.2961,1391290380
2480,43.1174,75.2963,1391287920
2480,43.1172,75.2963,1391274600
2480,43.1173,75.2961,1391251980
2480,43.1173,75.2962,1391251200
2480,43.1173,75.2962,1391251140
2480,43.1173,75.2962,1391245440
2480,43.0826,75.3154,1391211960
2480,43.1173,75.2962,1391202660
2480,43.1171,75.2963,1391167920
2480,43.1174,75.2962,1391167500
2480,43.1171,75.2963,1391164620
2480,43.1173,75.2961,1391164380
2480,43.0776,75.2885,1391163060
2480,43.0967,75.3191,1391158020
2480,43.0738,75.2865,1391153760
2480,43.0738,75.2865,1391153400
2480,43.0738,75.2865,1391148540
2480,43.1174,75.2961,1391142300
2480,43.1171,75.2963,1391141880
2480,43.1169,75.2966,1391130420
2480,43.0793,75.2905,1391129340
2480,43.1173,75.2962,1391121360
2480,43.1169,75.2966,1391118060
2480,43.1169,75.2966,1391118060
2480,43.1172,75.2961,1391105520
2480,43.1173,75.2962,1391101320
2480,43.1174,75.2962,1391101260
2480,43.1172,75.2962,1391100360
2480,43.1173,75.2961,1391065680
2480,43.117,75.2963,1391065020
2480,43.117,75.2963,1391064060
2480,43.1171,75.2963,1391063940
2480,43.1174,75.2962,1391054580
2480,43.1173,75.2962,1391053620
2480,43.1175,75.296,1391044260
2480,43.0817,75.3153,1391041680
2480,43.1177,75.2967,1391015700
2480,43.1172,75.2961,1390990080
2480,43.1171,75.2963,1390990020
2480,43.1173,75.2961,1390989900
2480,43.0738,75.2865,1390963560
2480,43.1169,75.2966,1390957920
2480,43.1175,75.2959,1390957080
2480,43.1171,75.2963,1390952220
2480,43.1174,75.2962,1390943880
2480,43.1173,75.2963,1390907520
2480,43.1173,75.2963,1390907340
2480,43.1172,75.2963,1390906380
2480,43.1174,75.2961,1390906140
2480,43.1173,75.2962,1390904880
2480,43.1174,75.2961,1390903620
2480,43.1174,75.2961,1390903260
2480,43.1173,75.2961,1390903200
2480,43.1173,75.2962,1390903140
2480,43.1173,75.2962,1390902960
2480,43.1173,75.2962,1390902840
2480,43.1171,75.2963,1390902780
2480,43.1174,75.2962,1390902000
2480,43.1173,75.2968,1390901940
2480,43.1173,75.2961,1390897140
2480,43.1172,75.2963,1390896840
2480,43.1173,75.2961,1390896720
2480,43.1169,75.2966,1390896600
2480,43.1174,75.2961,1390895280
2480,43.1174,75.2961,1390895040
2480,43.1174,75.2961,1390894920
2480,43.1174,75.2961,1390894800
2480,43.1169,75.2966,1390894560
2480,43.1174,75.2962,1390893780
2480,43.117,75.2963,1390892880
2480,43.117,75.2963,1390891020
2480,43.1174,75.2961,1390881900
2480,43.1171,75.2963,1390863780
2480,43.1174,75.2962,1390843080
2480,43.1173,75.2962,1390821240
2480,43.1174,75.2963,1390818840
2480,43.0329,75.2519,1390783200
2480,43.0329,75.2519,1390653840
2480,43.0329,75.2519,1390652460
2480,43.0329,75.2518,1390652400
2480,43.0738,75.2865,1390635300
2480,43.1053,75.3329,1390611960
2480,43.1142,76.1156,1390598760
2480,43.1171,75.2963,1390564980
2480,43.1176,75.2967,1390564860
2480,43.1173,75.2961,1390557360
2480,43.1169,75.2966,1390554540
2480,43.1174,75.2968,1390554480
2480,43.1172,75.2963,1390554060
2480,43.1173,75.2962,1390552920
2480,43.1173,75.2962,1390552860
2480,43.1173,75.2962,1390552680
2480,43.1174,75.2962,1390552620
2480,43.1174,75.2962,1390552560
2480,43.1174,75.2962,1390552500
2480,43.0628,75.2836,1390528980
2480,43.1019,75.2994,1390519080
2480,43.1173,75.2962,1390513200
2480,43.117,75.2963,1390510560
2480,43.1172,75.2963,1390496820
2480,43.1173,75.2962,1390470780
2480,43.1173,75.2962,1390470060
2480,43.1174,75.2968,1390469520
2480,43.1173,75.2962,1390469280
2480,43.1174,75.2962,1390467600
2480,43.1172,75.2963,1390466940
2480,43.1169,75.2966,1390466880
2480,43.1177,75.2967,1390466220
2480,43.1173,75.2962,1390465680
2480,43.1169,75.2966,1390463280
2480,43.1173,75.2961,1390463220
2480,43.1173,75.2961,1390428840
2480,43.1173,75.296,1390428600
2480,43.1173,75.2965,1390426320
2480,43.1173,75.2962,1390424820
2480,43.1177,75.2967,1390424580
2480,43.1173,75.2962,1390413780
2480,43.1177,75.2967,1390412460
2480,43.1177,75.2967,1390412220
2480,43.1169,75.2966,1390383000
2480,43.1177,75.2967,1390382760
2480,43.1173,75.2962,1390382640
2480,43.1173,75.2962,1390382580
2480,43.1173,75.2962,1390382520
2480,43.0738,75.2865,1390365540
2480,43.0738,75.2865,1390365360
2480,43.1173,75.2962,1390300080
2480,43.1174,75.2963,1390300020
2480,43.1173,75.2963,1390297680
2480,43.1171,75.2963,1390289640
2480,43.1104,75.2572,1390289280
2480,43.0733,75.2081,1390288560
2480,43.1175,75.2963,1390273140
2480,43.1173,75.2961,1390260300
2480,43.1181,75.296,1390260180
2480,43.1173,75.2962,1390222560
2480,43.0831,75.1603,1390219620
2480,43.083,75.1601,1390216020
2480,43.083,75.1603,1390215120
2480,43.083,75.1603,1390215060
2480,43.083,75.1602,1390212420
2480,43.0831,75.1602,1390204380
2480,43.1176,75.2967,1390121400
2480,43.1428,75.3142,1390115340
2480,43.1429,75.3142,1390114560
2480,43.1428,75.314,1390114320
2480,43.1174,75.2962,1390081740
2480,43.1173,75.2963,1390044960
2480,43.1171,75.2963,1390044300
2480,43.117,75.2964,1390044300
2480,43.1173,75.2963,1390000080
2480,43.1173,75.2962,1389978660
2480,43.1173,75.2962,1389978600
2480,43.1173,75.2962,1389978600
2480,43.1171,75.2963,1389977580
2480,43.1173,75.2962,1389955620
2480,43.1174,75.2962,1389955620
2480,43.1176,75.2962,1389952920
2480,43.1176,75.2962,1389952920
2480,43.1173,75.2961,1389952560
2480,43.1168,75.2967,1389951600
2480,43.1173,75.2962,1389944760
2480,43.1171,75.2963,1389942540
2480,43.1236,75.2963,1389941640
2480,43.1172,75.2962,1389912420
2480,43.1171,75.2962,1389912360
2480,43.1174,75.2961,1389912300
2480,43.1172,75.2963,1389905820
2480,43.1173,75.2962,1389870120
2480,43.1173,75.2962,1389870060
2480,43.1174,75.2961,1389870060
2480,43.1174,75.2961,1389869940
2480,43.1168,75.2967,1389869940
2480,43.1172,75.2964,1389869640
2480,43.1174,75.2961,1389861300
2480,43.1171,75.2963,1389860880
2480,43.1173,75.2961,1389860460
2480,43.1174,75.2961,1389859740
2480,43.0758,75.2828,1389854280
2480,43.1075,75.3135,1389815580
2480,43.1172,75.2962,1389812520
