2504,34.091,118.3693,1412243520
2504,33.2078,87.5506,1408009380
2504,34.0938,118.3092,1406668920
2504,34.0938,118.3092,1406627460
2504,34.1011,118.3312,1380289200
2504,34.1011,118.3312,1379683320
2504,34.1011,118.3312,1379080620
2504,34.1017,118.3403,1378852440
2504,40.7746,73.9727,1377482280
2504,34.0895,118.3473,1377310620
2504,34.0807,118.3865,1377254820
2504,34.0776,118.3952,1375769520
2504,34.0776,118.3952,1375768380
2504,34.0768,118.3278,1375671780
2504,34.1031,118.3487,1375217400
2504,34.0901,118.3476,1374712920
2504,34.0776,118.3952,1374621900
2504,34.1106,118.3488,1374451680
2504,34.0895,118.3473,1374382920
2504,34.1032,118.349,1374132960
2504,34.0986,118.3638,1373865480
2504,34.1031,118.3489,1373751960
2504,34.105,118.3374,1373671140
2504,34.1032,118.3489,1373101080
2504,50.9064,7.0659,1372677540
2504,50.1095,8.663,1372541760
2504,49.2124,7.0331,1372343100
2504,49.0689,6.8944,1372283880
2504,48.1541,11.5417,1372241940
2504,48.1541,11.5417,1372189620
2504,48.2087,16.3583,1372038600
2504,47.4536,8.5581,1371991620
2504,46.9462,7.4465,1371957420
2504,47.3695,8.5336,1371876900
2504,47.3804,8.53,1371865620
2504,47.3804,8.53,1371858840
2504,52.5544,13.2903,1371828600
2504,52.5239,13.417,1371791880
2504,52.5039,13.443,1371755820
2504,52.5003,13.4539,1371744900
2504,52.5003,13.4539,1371744780
2504,52.5235,13.4161,1371720600
2504,39.5476,2.7338,1371662340
2504,39.5476,2.7338,1371662280
2504,39.5476,2.7337,1371661620
2504,39.5476,2.7338,1371661560
2504,39.5486,2.7327,1371661260
2504,39.5651,2.6437,1371578760
2504,39.5513,2.7426,1371511080
2504,33.9439,118.405,1371452160
2504,34.1031,118.3487,1371098820
2504,34.0901,118.4321,1371021240
2504,34.1032,118.3489,1370985000
2504,50.0476,8.5684,1370881440
2504,49.4703,11.0669,1370836980
2504,49.4302,11.1215,1370824140
2504,50.3318,6.9412,1370815680
2504,49.4302,11.1215,1370813160
2504,49.427,11.1237,1370807820
2504,50.3313,6.9407,1370705340
2504,50.321,6.6217,1370688660
2504,50.3333,6.9423,1370668920
2504,50.3333,6.9411,1370647440
2504,48.2087,16.3583,1370582880
2504,48.2042,16.3345,1370557080
2504,48.2087,16.3583,1370534280
2504,48.2087,16.3583,1370533680
2504,48.2014,16.366,1370493600
2504,52.3648,4.8815,1370390940
2504,52.3648,4.8815,1370378160
2504,52.3709,4.9001,1370366340
2504,52.3731,4.8958,1370289780
2504,52.3751,4.8839,1370279760
2504,52.3755,4.8842,1370275440
2504,52.3709,4.9001,1370213280
2504,52.3709,4.9001,1370207220
2504,45.7886,13.5932,1370178120
2504,45.466,13.51,1370137380
2504,45.4632,13.5133,1370120640
2504,45.4656,13.5106,1370118720
2504,45.4632,13.5133,1370116740
2504,45.4632,13.5133,1370110140
2504,47.4195,8.5565,1369860840
2504,51.0404,7.0078,1369774020
2504,50.1139,8.6487,1369744740
2504,52.5544,13.2903,1369692600
2504,52.511,13.3234,1369662180
2504,39.5651,2.6437,1369497900
2504,39.5651,2.6437,1369456740
2504,39.5646,2.6281,1369452060
2504,34.1666,118.3758,1369046340
2504,34.1858,118.3138,1368233940
2504,34.0934,118.3602,1367531700
2504,34.098,118.3394,1367290860
2504,34.1031,118.3268,1366948500
2504,34.1033,118.327,1366948260
2504,34.0601,118.4207,1366687500
2504,34.103,118.3488,1366065540
2504,34.103,118.3487,1365892380
2504,34.0977,118.3403,1365804660
2504,35.0884,106.6496,1365619140
2504,35.0848,106.6549,1365584280
2504,35.0848,106.6549,1365574440
2504,29.7817,95.3881,1365240420
2504,29.9507,90.0686,1365104700
2504,29.9618,90.0577,1365076740
2504,29.9507,90.0686,1365037380
2504,29.9507,90.0686,1365018960
2504,33.1721,87.417,1364963460
2504,33.7921,84.3879,1364870880
2504,33.9015,84.4763,1364853480
2504,36.004,79.793,1364763420
2504,36.0445,79.8371,1364758920
2504,42.3643,83.0885,1364338260
2504,42.3322,83.0416,1364283240
2504,41.8539,87.6269,1364194200
2504,35.4257,105.5784,1363990320
2504,33.411,111.9879,1363813200
2504,40.7302,73.9928,1325369880
2504,40.7302,73.993,1325367240
2504,40.7293,73.9859,1325317920
2504,40.7656,74.0216,1325282100
2504,39.9673,75.135,1325231760
2504,39.9534,75.1566,1325141940
2504,33.5568,86.7501,1325105880
2504,33.5447,86.7393,1325105760
2504,33.5657,86.8813,1325075880
2504,33.5657,86.8816,1325039460
2504,33.5658,86.8813,1324980840
2504,33.5655,86.8812,1324905360
2504,33.5655,86.8817,1324867620
2504,33.9399,118.405,1324590480
2504,33.9465,118.4054,1324590300
2504,34.1032,118.3489,1324436220
2504,34.0962,118.338,1324351020
2504,34.1031,118.3488,1324261800
2504,34.103,118.3487,1324210680
2504,34.0978,118.363,1324006620
2504,34.1538,118.3367,1324001160
2504,34.1023,118.3221,1323851160
2504,34.0984,118.3264,1323850800
2504,34.1031,118.3488,1323586860
2504,34.1031,118.3489,1323585840
2504,34.1031,118.3488,1323584400
2504,47.6059,122.3412,1323396360
2504,44.0821,123.0399,1323301800
2504,37.8073,122.2707,1323176580
2504,34.0818,118.3893,1323081360
2504,34.086,118.3894,1323074820
2504,34.0867,118.3895,1323070080
2504,34.0847,118.3894,1323069000
2504,34.103,118.3488,1323036600
2504,34.1028,118.3488,1323035340
2504,34.0963,118.354,1323035100
2504,34.1029,118.3484,1323034500
2504,34.1029,118.3486,1323034380
2504,34.1661,118.3758,1322997240
2504,34.1671,118.3753,1322992020
2504,34.1032,118.3488,1322978880
2504,34.0873,118.3931,1322911680
2504,34.0904,118.3921,1322910060
2504,34.1033,118.3486,1322826000
2504,34.0806,118.3866,1322819820
2504,34.0807,118.3864,1322815260
2504,34.0835,118.362,1322715120
2504,34.0983,118.3633,1322704140
2504,34.0983,118.3631,1322704080
2504,34.0978,118.3612,1322703960
2504,34.0997,118.3624,1322703600
2504,34.0944,118.3558,1322702940
2504,34.1037,118.3488,1322646480
2504,33.95,118.3975,1322625480
2504,33.5613,86.7542,1322599980
2504,33.5548,86.8901,1322560500
2504,33.5658,86.8814,1322529780
2504,33.5175,86.8113,1322381820
2504,33.5658,86.8818,1322380380
2504,33.5662,86.8817,1322380380
2504,33.5659,86.8815,1322380320
2504,33.5657,86.8815,1322304600
2504,33.5656,86.8815,1322304180
2504,33.5554,86.8897,1322302920
2504,33.4997,86.7957,1322295780
2504,33.4997,86.7957,1322294940
2504,33.4987,86.7951,1322290260
2504,33.4997,86.7956,1322286300
2504,40.7312,73.9933,1321781400
2504,40.7304,73.9922,1321775580
2504,40.7356,73.9991,1321771680
2504,40.7636,73.9703,1321757340
2504,40.728,74.0023,1321711620
2504,40.7269,74.0032,1321710900
2504,40.7269,74.0032,1321710720
2504,40.7269,74.0032,1321701120
2504,40.7269,74.0032,1321701060
2504,40.7269,74.0032,1321701000
2504,40.7367,73.9846,1321696800
2504,40.7367,73.9846,1321696800
2504,40.7388,73.9832,1321694520
2504,40.7385,73.9834,1321694460
2504,40.7367,73.9846,1321687560
2504,40.7314,73.9927,1321647120
2504,40.731,73.9932,1321526400
2504,40.7454,74.0035,1321448880
2504,33.9469,118.4141,1321229640
2504,34.1032,118.3489,1321168080
2504,34.1189,118.3644,1321165620
2504,34.0965,118.3439,1321066260
2504,34.0772,118.3606,1321045500
2504,34.0833,118.3617,1321043940
2504,34.103,118.3484,1321009260
2504,34.1031,118.3488,1321003320
2504,34.103,118.3488,1320825060
2504,34.1014,118.3513,1320805740
2504,34.1033,118.3487,1320556980
2504,34.1031,118.3489,1320562560
2504,34.1029,118.3491,1320555540
2504,34.1031,118.349,1320555300
2504,34.103,118.3488,1320555000
2504,34.1031,118.3489,1320554640
2504,34.1027,118.3494,1320554340
2504,34.0919,118.3626,1320486660
2504,34.0791,118.3789,1320402240
2504,34.0916,118.3622,1320378120
2504,34.1031,118.3491,1320375960
2504,34.0954,118.3624,1320365640
2504,34.0898,118.3602,1320365580
2504,34.0977,118.3288,1320114780
2504,34.104,118.385,1320023340
2504,34.0959,118.3807,1320020460
2504,34.1036,118.3843,1319968380
2504,34.104,118.3851,1319968200
2504,34.1035,118.3847,1319962740
2504,34.104,118.3849,1319956500
2504,34.0851,118.3767,1319936100
2504,34.1034,118.3852,1319453940
2504,34.1628,118.4491,1319351940
2504,34.0975,118.3441,1319333280
2504,34.1024,118.292,1319022480
2504,34.1022,118.2916,1319020560
2504,34.1052,118.3373,1318994880
2504,34.0871,118.3495,1318992000
2504,34.0871,118.3495,1318989960
2504,34.1032,118.3488,1318932600
2504,34.1031,118.3487,1318925100
2504,34.103,118.349,1318743420
2504,34.103,118.3488,1318741620
2504,34.1032,118.3486,1318408680
2504,34.1032,118.3486,1318408260
2504,34.1025,118.3384,1318407780
2504,34.103,118.3414,1318407360
2504,34.1032,118.3486,1318407180
2504,34.1032,118.3486,1318407120
2504,34.0981,118.3499,1318323060
2504,34.1025,118.3449,1318216320
2504,34.1031,118.3489,1317982560
2504,34.1031,118.3489,1317806280
2504,34.1031,118.3488,1317772800
2504,34.0872,118.3497,1317724020
2504,34.1032,118.3488,1317636780
2504,34.1031,118.3489,1317636180
2504,34.1031,118.3489,1317636000
2504,34.103,118.3487,1317635640
2504,34.103,118.3487,1317635280
2504,34.103,118.3487,1317635100
2504,34.1032,118.3489,1317634980
2504,34.1032,118.3489,1317634920
2504,34.1032,118.3489,1317634380
2504,34.1032,118.3489,1317633900
2504,34.1032,118.3489,1317621600
2504,34.1032,118.3488,1317618840
2504,34.0945,118.3249,1317549060
2504,34.1015,118.321,1317548760
2504,34.1027,118.3488,1317542700
2504,34.103,118.3489,1317540300
2504,34.1031,118.3488,1317535740
2504,34.1032,118.3488,1317535680
2504,34.1032,118.3488,1317535620
2504,34.1033,118.3488,1317535140
2504,34.1032,118.3487,1317531240
2504,34.1032,118.3487,1317530940
2504,34.1031,118.3488,1317460260
2504,34.1024,118.3446,1317275220
2504,34.1031,118.3488,1317200160
2504,34.1031,118.3488,1317199920
2504,34.1031,118.3488,1317199860
2504,34.1031,118.349,1317199500
2504,34.098,118.3403,1317026280
2504,34.098,118.3403,1317026100
2504,42.5995,82.8796,1316931660
2504,42.6231,82.866,1316921880
2504,42.6231,82.866,1316921760
2504,42.6232,82.8661,1316918280
2504,42.6322,82.8697,1316910840
2504,42.6322,82.8697,1316910780
2504,42.2378,83.3402,1316892780
2504,39.195,76.7017,1316872200
2504,39.2771,76.6138,1316847600
2504,39.2698,76.6318,1316819700
2504,39.9527,75.1768,1316752080
2504,40.7376,73.9813,1316735700
2504,40.7242,73.9813,1316690040
2504,40.7195,73.9854,1316683500
2504,40.7195,73.9854,1316682780
2504,40.7192,73.9853,1316671560
2504,40.7192,73.9853,1316671380
2504,40.7646,73.9876,1316626020
2504,40.7607,73.9815,1316587260
2504,40.7303,73.9582,1316571720
2504,40.731,73.953,1316568960
2504,40.7225,74.0031,1316507640
2504,40.7305,73.9962,1316503200
2504,40.7381,74.0002,1316502300
