260,41.1031,28.9912,1427409300
260,40.9741,28.7989,1427314080
260,41.1031,28.9912,1426953120
260,41.073,29.0177,1426881900
260,41.0874,29.0569,1426435080
260,41.0873,29.0568,1426432740
260,41.1039,28.9908,1426116780
260,40.9741,28.7989,1426006800
260,41.1039,28.9908,1425768840
260,40.9734,28.8,1425654120
260,40.9734,28.8,1425496800
260,41.103,28.9918,1425069120
260,40.9734,28.8,1424963520
260,40.9734,28.8,1424895480
260,41.1031,28.9912,1424736300
260,41.103,28.9918,1424135040
260,41.0675,29.044,1423970100
260,41.1039,28.9908,1423854900
260,41.1031,28.9912,1423754040
260,41.1039,28.9908,1423612080
260,41.1039,28.9908,1422842880
260,41.0791,29.0452,1421520240
260,41.1039,28.9908,1420988820
260,41.0673,29.0444,1420940340
260,41.0484,28.9935,1420918260
260,40.9734,28.8,1420565040
260,41.1039,28.9908,1420384380
260,40.9734,28.8,1420297680
