281,25.2157,55.2507,1426075680
281,24.8306,55.2555,1423049040
281,22.9762,53.7859,1421073660
281,25.183,55.542,1417604400
281,25.1332,55.1881,1417279080
281,25.3558,55.8579,1414955340
281,25.2216,55.4806,1414775280
281,25.2216,55.4806,1411825980
281,25.189,55.2636,1410260880
281,26.4687,49.7978,1408819080
281,26.3473,50.1977,1407874320
281,25.2216,55.4806,1407062880
281,25.2462,55.4932,1406567280
281,25.2216,55.4806,1406402160
281,25.2216,55.4806,1402595700
281,25.2903,55.5217,1395852780
281,25.2542,55.4476,1388715660
281,25.2542,55.4476,1388289420
281,25.2542,55.4476,1388026200
281,25.1954,55.2793,1387639140
281,25.2542,55.4477,1387629900
281,25.2543,55.4477,1387549500
281,25.2542,55.4476,1387549320
281,25.2542,55.4477,1387548780
281,25.2542,55.4477,1387548660
281,25.2542,55.4476,1387316820
281,25.2542,55.4477,1387159320
281,53.5545,9.9873,1373036160
281,53.5546,9.9873,1372777980
281,53.5545,9.9873,1372689480
281,53.5545,9.9871,1372632720
281,53.5546,9.9873,1372275780
281,53.5546,9.9873,1372259760
281,25.178,55.4247,1363022700
281,25.5969,56.3465,1362836700
281,25.1967,55.2811,1360690620
281,25.3247,51.5288,1356733260
