288,35.7403,78.7826,1427538420
288,35.7149,78.7007,1427524680
288,35.7149,78.7008,1427523360
288,35.7151,78.7009,1427518200
288,35.7149,78.7007,1427512320
288,35.7149,78.7007,1427512140
288,35.7149,78.7007,1427508480
288,35.715,78.7007,1427413140
288,35.8585,78.8104,1427341320
288,35.7717,78.7635,1427305140
288,35.7149,78.701,1427275260
288,35.8812,78.8416,1427176620
288,35.5309,78.5681,1427148600
288,35.3244,78.5684,1427147760
288,35.2163,78.6555,1427147280
288,35.1902,78.6847,1427147100
288,33.691,78.8992,1427098140
288,33.6796,78.8928,1427097120
288,33.7066,78.8744,1427092860
288,33.7048,78.8748,1427007360
288,35.7149,78.7009,1426847400
288,35.7148,78.701,1426805220
288,35.715,78.701,1426761660
288,35.7151,78.7009,1426723800
288,35.715,78.7007,1426723080
288,35.7315,78.7188,1426658460
288,35.7149,78.7009,1426642320
288,35.7151,78.7001,1426642200
288,35.7149,78.7009,1426630140
288,35.7149,78.7006,1426588440
288,35.715,78.7011,1426586820
288,35.7313,78.7186,1426573860
288,35.7149,78.7009,1426465740
288,35.7151,78.7012,1426410840
288,35.8577,78.8205,1426381080
288,35.715,78.7008,1426244640
288,35.715,78.7008,1426241580
288,35.7314,78.7186,1426208520
288,35.7149,78.7009,1426195320
288,35.715,78.7009,1426064280
288,35.7313,78.7185,1426049100
288,35.6423,78.4526,1405305360
288,35.7151,78.7007,1405251300
288,35.715,78.701,1405249320
288,35.7789,78.7195,1405238940
288,35.7789,78.7194,1405237800
288,35.7612,78.7378,1405219680
288,35.715,78.7009,1405170360
288,35.7149,78.701,1405170180
288,35.7149,78.701,1405159440
288,35.7149,78.7008,1405115460
288,35.7149,78.7012,1405071600
288,35.715,78.7009,1405070760
288,35.7149,78.7006,1405020120
288,35.8717,78.8377,1404800100
288,35.7269,78.8126,1404789540
288,35.7676,78.7356,1404789180
288,35.739,78.7279,1404765720
288,35.715,78.7009,1404763440
288,35.7531,78.7312,1404618840
288,35.7607,78.7381,1404426600
288,35.7605,78.7377,1404426480
288,35.7607,78.7368,1404426420
288,35.715,78.7008,1404297900
288,35.7219,78.7129,1404284160
288,35.7149,78.7008,1404205680
288,35.7388,78.7814,1404189420
288,35.7151,78.701,1404154860
288,35.7149,78.7008,1404071100
288,35.7149,78.7008,1404023880
288,35.715,78.7009,1404022080
288,35.7151,78.701,1404021960
288,35.7151,78.7009,1404021960
288,35.7149,78.7008,1404021540
288,35.715,78.7009,1403869500
288,35.7894,78.6753,1402972860
288,35.8805,78.8499,1402725240
288,35.8805,78.8499,1402725180
288,35.715,78.7008,1402651080
288,35.7148,78.7008,1402643640
288,35.7149,78.7008,1402643580
288,35.7221,78.7136,1402642200
288,35.8717,78.8378,1402635240
288,35.8718,78.8377,1402632060
288,35.7609,78.7379,1402559880
288,35.7609,78.738,1402559100
288,35.7374,78.7264,1402467840
288,35.715,78.7006,1402305420
288,35.715,78.7007,1402305360
288,35.715,78.7009,1402304940
288,35.715,78.7007,1402304940
288,35.7149,78.7008,1402303020
288,35.715,78.7553,1402301040
288,35.7149,78.7009,1402297860
288,35.7149,78.701,1402184820
288,35.715,78.7008,1402180020
288,35.7246,78.7168,1402176900
288,35.7787,78.7192,1402126800
288,35.7789,78.7193,1402126440
288,35.7149,78.7009,1402096020
288,35.7149,78.7009,1402095720
288,35.7148,78.7008,1402094880
288,35.7148,78.7007,1402094340
288,35.7148,78.7007,1402094220
288,35.7149,78.7008,1402093200
288,35.7149,78.7007,1402092960
288,35.7148,78.7006,1402092960
288,35.7687,78.7087,1402088460
288,35.7591,78.7171,1402088400
288,35.7149,78.7008,1402085340
288,35.7835,78.647,1402046220
288,35.7789,78.7195,1401929160
288,35.7533,78.7214,1401924600
288,35.715,78.7009,1401881340
288,35.7789,78.7194,1401855300
288,35.7458,78.7329,1401852300
288,35.7457,78.7329,1401852300
288,35.7458,78.733,1401852300
288,35.7097,78.7616,1401840840
288,35.7151,78.7009,1401734880
288,35.715,78.7009,1401734520
288,35.715,78.7009,1401697080
288,35.7149,78.7007,1401614100
288,35.715,78.7008,1401604920
288,35.7149,78.7007,1401602640
288,35.7149,78.7008,1401602640
288,35.7149,78.7008,1401599940
288,35.715,78.7008,1401597300
288,35.7149,78.7005,1401594420
288,35.7149,78.7009,1401594240
288,35.715,78.7009,1401592080
288,35.7151,78.7008,1401590460
288,35.715,78.7009,1401590340
288,35.715,78.7008,1401579360
288,35.715,78.7009,1401577620
288,35.715,78.7008,1401537900
288,35.715,78.7007,1401536760
288,35.7149,78.7009,1401531360
288,35.7149,78.701,1401530880
288,35.7149,78.701,1401530400
288,35.715,78.7009,1401528780
288,35.7149,78.7009,1401528600
288,35.7149,78.7009,1401528540
288,35.7149,78.701,1401528420
288,35.7149,78.701,1401528000
288,35.715,78.7007,1401523560
288,35.715,78.7007,1401517500
288,35.715,78.7008,1401512160
288,35.715,78.7008,1401494340
288,35.715,78.7008,1401494100
288,35.7151,78.7008,1401494040
288,35.715,78.7007,1401489240
288,35.715,78.7007,1401444000
288,35.7149,78.7008,1401443040
288,35.7149,78.7007,1401438240
288,35.715,78.7008,1401437580
288,35.715,78.7009,1401437280
288,35.715,78.7007,1401436860
288,35.7149,78.7007,1401436500
288,35.7149,78.7007,1401436380
288,35.7149,78.7007,1401436260
288,35.715,78.7008,1401436140
288,35.715,78.7005,1401435420
288,35.715,78.7008,1401435300
288,35.715,78.7008,1401435120
288,35.7149,78.7007,1401434700
288,35.715,78.7009,1401432900
288,35.7149,78.7005,1401430680
288,35.7151,78.7005,1401430560
288,35.715,78.7006,1401430500
288,35.7149,78.7007,1401429360
288,35.715,78.7009,1401428820
288,35.7149,78.7007,1401428400
288,35.715,78.7009,1401428340
288,35.7153,78.7005,1401428280
288,35.715,78.7008,1401426900
288,35.7149,78.7007,1401426480
288,35.7149,78.7007,1401426420
288,35.7149,78.7008,1401414300
288,35.7149,78.7007,1401405720
288,35.715,78.7009,1401405600
288,35.7149,78.7006,1401405180
288,35.715,78.7006,1401402060
288,35.715,78.7008,1401345840
288,35.715,78.7009,1401340320
288,35.715,78.7007,1401338460
288,35.7149,78.7005,1401337800
288,35.715,78.7008,1401337740
288,35.7149,78.7009,1401331140
288,35.7149,78.7006,1401329940
288,35.7149,78.7007,1401329520
288,35.715,78.7008,1401327420
288,35.715,78.7009,1401327360
288,35.7149,78.7006,1401325200
288,35.7149,78.7008,1401324000
288,35.715,78.7009,1401323880
288,35.7149,78.7008,1401323820
288,35.7149,78.7007,1401323340
288,35.7149,78.7007,1401275340
288,35.715,78.7007,1401269880
288,35.7149,78.7009,1401269040
288,35.715,78.7006,1401257100
288,35.7149,78.7008,1401257040
288,35.7151,78.7008,1401252840
288,35.715,78.7008,1401249720
288,35.7151,78.7008,1401249660
288,35.7148,78.7006,1401248760
288,35.7149,78.7009,1401248340
288,35.7149,78.7006,1401185880
288,35.7149,78.7007,1401185400
288,35.7151,78.7009,1401180840
288,35.7149,78.7008,1401180540
288,35.7149,78.7008,1401180480
288,35.7149,78.7008,1401179220
288,35.715,78.7008,1401179220
288,35.7148,78.7008,1401177480
288,35.715,78.7008,1401177000
288,35.7149,78.7007,1401176700
288,35.7149,78.7006,1401176160
288,35.7217,78.7736,1401098520
288,35.7124,78.7662,1401093960
288,35.715,78.701,1401025560
288,35.715,78.7009,1400968200
288,35.7149,78.7007,1400968020
288,35.7148,78.7005,1400966280
288,35.715,78.7008,1400966220
288,35.715,78.7005,1400966100
288,35.7149,78.7006,1400964720
288,35.7149,78.7006,1400964720
288,35.7149,78.7006,1400964600
288,35.7149,78.7008,1400964000
288,35.7076,78.6637,1400962980
288,35.715,78.7008,1400927160
288,35.715,78.7008,1400923440
288,35.7149,78.7008,1400923080
288,35.7149,78.701,1400921160
288,35.7149,78.701,1400919720
288,35.715,78.7008,1400919600
288,35.7149,78.7008,1400919360
288,35.7149,78.7008,1400919240
288,35.7149,78.7007,1400919180
288,35.715,78.7008,1400919120
288,35.715,78.7008,1400912820
288,35.715,78.7011,1400908140
288,35.7149,78.7009,1400880060
288,35.715,78.7011,1400879820
288,35.715,78.7006,1400878680
288,35.715,78.7006,1400878680
288,35.715,78.7008,1400869560
288,35.7149,78.7009,1400839800
288,35.7149,78.7008,1400836920
288,35.7149,78.7007,1400836620
288,35.715,78.7008,1400835600
288,35.7149,78.7008,1400835600
288,35.715,78.7008,1400835480
288,35.7149,78.7008,1400820720
288,35.7149,78.701,1400820300
288,35.7149,78.7007,1400817600
288,35.715,78.7008,1400817180
288,35.7151,78.7005,1400816280
288,35.7149,78.7008,1400810940
288,35.715,78.7007,1400810820
288,35.715,78.7008,1400810760
288,35.715,78.7008,1400809920
288,35.7148,78.7009,1400809800
288,35.7151,78.7008,1400803020
288,35.715,78.7009,1400799600
288,35.715,78.7008,1400799240
288,35.7149,78.7008,1400799060
288,35.7149,78.701,1400799000
288,35.7149,78.7009,1400798820
288,35.7149,78.7009,1400798700
288,35.715,78.7008,1400794560
288,35.7148,78.7008,1400793060
288,35.715,78.7007,1400792940
288,35.8172,78.6937,1400780220
288,35.8155,78.6967,1400775600
288,35.8172,78.6937,1400775600
288,35.7439,78.7328,1400773920
288,35.7149,78.7008,1400773740
288,35.7148,78.7008,1400772660
288,35.715,78.7006,1400752800
288,35.715,78.7008,1400752500
288,35.715,78.7006,1400752260
288,35.7149,78.7009,1400746800
288,35.7149,78.7009,1400745600
288,35.7149,78.701,1400744340
288,35.7149,78.7008,1400743680
288,35.7148,78.7008,1400741640
288,35.7149,78.7009,1400739960
288,35.7149,78.7009,1400739900
288,35.7149,78.7007,1400739780
288,35.7149,78.7007,1400739720
288,35.7149,78.7009,1400739480
288,35.7149,78.7009,1400739300
288,35.7149,78.7009,1400738280
288,35.7149,78.7008,1400737920
288,35.7149,78.7009,1400737860
288,35.7149,78.7008,1400737560
288,35.7149,78.7008,1400737440
288,35.7149,78.7007,1400706720
288,35.7149,78.7008,1400659620
288,35.7149,78.701,1400659080
288,35.7149,78.7008,1400657820
288,35.7149,78.701,1400657760
288,35.7149,78.7009,1400657580
288,35.7149,78.7009,1400604720
288,35.8717,78.8378,1400560380
288,35.798,78.7954,1400530980
288,35.7149,78.701,1400315580
288,35.7149,78.7008,1400315220
288,35.7149,78.701,1400313780
288,35.7149,78.7008,1400304420
288,35.7149,78.7008,1400303700
288,35.715,78.7007,1400303460
288,35.3042,78.0283,1399854420
288,35.6265,78.551,1399850820
288,35.7149,78.701,1399849440
288,35.7457,78.7352,1399845960
288,35.7149,78.701,1399718340
288,35.7218,78.7736,1399681440
288,35.7217,78.7736,1399681320
288,35.716,78.7049,1399679940
288,35.7708,78.7146,1399676760
288,35.7631,78.7041,1399667640
288,35.7629,78.7038,1399666860
288,35.7634,78.7039,1399666560
288,35.7631,78.7042,1399666380
288,35.715,78.7007,1399656180
288,35.7149,78.7007,1399655460
288,35.7149,78.7007,1399654620
288,35.715,78.7008,1399654500
288,35.7149,78.7007,1399654320
288,35.7149,78.7008,1399653960
288,35.7149,78.7008,1399653900
288,35.7149,78.7008,1399653900
288,35.7149,78.7008,1399653840
288,35.7149,78.7008,1399653660
288,35.7149,78.7007,1399653240
288,35.7149,78.7007,1399653180
288,35.7149,78.7007,1399653180
288,35.7148,78.7007,1399652940
288,35.7149,78.7007,1399652880
288,35.7149,78.7007,1399652880
288,35.8049,78.7402,1399614420
288,35.7149,78.7007,1399602780
288,35.7149,78.7008,1399600920
288,35.7148,78.7008,1399599360
288,35.7148,78.7008,1399599300
288,35.7149,78.7008,1399599180
288,35.7149,78.7008,1399599120
288,35.7149,78.7007,1399599000
288,35.715,78.701,1399594260
288,35.7149,78.7008,1399594200
288,35.7749,78.7173,1399592760
288,35.7146,78.7008,1399573080
288,35.7149,78.701,1399368900
288,35.715,78.701,1399362900
288,35.77,78.7136,1399332240
288,35.715,78.7007,1399150740
288,31.163,81.5559,1398810780
288,28.3372,81.5576,1398737760
288,28.3436,81.5749,1398630960
288,28.3501,81.577,1398630840
288,28.3501,81.5761,1398630780
288,28.3472,81.553,1398630660
288,28.3472,81.5529,1398630600
288,28.348,81.5775,1398561480
288,28.3422,81.5759,1398555600
288,28.3369,81.5577,1398540180
288,30.2681,81.5621,1398420120
288,35.7149,78.7006,1398364980
288,35.715,78.7009,1398220560
288,35.715,78.7009,1398220260
288,35.715,78.701,1398220200
288,35.7149,78.7008,1398142740
288,35.7704,78.7147,1398121980
288,35.7704,78.7147,1398121920
288,35.715,78.7008,1398117660
288,35.7151,78.7008,1398117600
288,35.7149,78.7007,1398061860
288,35.6885,78.6826,1398032520
288,35.7982,78.7956,1398029520
288,35.7977,78.7954,1398026700
288,35.7791,78.7194,1397989320
288,35.7148,78.7008,1397967960
288,35.7149,78.7007,1397965620
288,35.7968,78.822,1397908140
288,35.7967,78.8222,1397907360
288,35.7968,78.822,1397894820
288,35.715,78.7009,1397819880
288,35.7149,78.7008,1397816400
288,35.7431,78.6789,1397751240
288,35.7442,78.6859,1397750160
288,35.8713,78.8369,1397711640
288,35.8709,78.839,1397710800
288,35.8715,78.8374,1397710020
288,35.8713,78.8379,1397709900
288,35.8705,78.8401,1397709600
288,35.8646,78.853,1397709240
288,35.7149,78.7007,1397685840
288,35.7683,78.7242,1397679660
288,35.7702,78.7136,1397676780
288,35.7149,78.7008,1397674080
288,35.7149,78.7008,1397671800
288,35.7149,78.7008,1397671560
288,35.7149,78.7007,1397670660
288,35.7686,78.7081,1397665440
288,35.7149,78.7009,1397646840
288,35.7149,78.7008,1397642520
288,35.7149,78.7008,1397639820
288,35.7149,78.7008,1397634180
288,35.7149,78.7008,1397633340
288,35.715,78.7009,1397587860
288,35.715,78.7008,1397558700
288,35.715,78.7008,1397558160
288,35.715,78.7009,1397557860
288,35.7149,78.7008,1397557740
288,35.715,78.7009,1397552100
288,35.715,78.7007,1397551080
288,35.7151,78.7007,1397551020
288,35.715,78.7008,1397551020
288,35.715,78.7008,1397550900
288,35.7151,78.7009,1397550720
288,35.715,78.7009,1397549640
288,35.715,78.7008,1397549580
288,35.715,78.7008,1397549400
288,35.715,78.7008,1397548920
288,35.7665,78.7256,1397533800
288,35.7149,78.7009,1397532900
288,35.7149,78.7008,1397532600
288,35.8717,78.8377,1397438040
288,35.715,78.7009,1397211180
288,35.7149,78.7008,1397208840
288,35.715,78.7006,1397208300
288,35.7149,78.7006,1397208240
288,35.715,78.7007,1397208240
288,35.715,78.7006,1397208180
288,35.715,78.7009,1397208120
288,35.715,78.7006,1397207880
288,35.7149,78.701,1397207760
288,35.715,78.7008,1397207100
288,35.7149,78.7007,1397207040
288,35.715,78.7008,1397206800
288,35.715,78.7008,1397206740
288,35.7149,78.7008,1397206740
288,35.7149,78.7008,1397206620
288,35.7149,78.7009,1397206560
288,35.7149,78.7009,1397206560
288,35.7149,78.7006,1397206500
288,35.7149,78.7007,1397206200
288,35.7149,78.7009,1397206080
288,35.7149,78.7007,1397206020
288,35.7149,78.7006,1397204820
288,35.7149,78.7007,1397204640
288,35.7149,78.7008,1397204580
288,35.7149,78.7008,1397204460
288,35.7149,78.7009,1397204100
288,35.715,78.7009,1397197620
288,35.715,78.7009,1397179980
288,35.7846,78.7203,1397178240
288,35.715,78.7009,1397088900
288,35.715,78.7009,1397088060
288,35.7497,78.744,1397079420
288,35.7149,78.7008,1397068920
288,35.7149,78.7008,1397068860
288,35.7609,78.7379,1397017620
288,35.7793,78.7289,1396985940
288,35.69,78.7385,1396984200
288,35.715,78.7008,1396982760
288,35.7149,78.7008,1396959420
288,35.7151,78.7007,1396955160
288,35.7137,78.6945,1396953060
288,35.715,78.7008,1396952700
288,35.7092,78.6711,1396952400
288,35.7149,78.7008,1396948080
288,35.7149,78.7007,1396947840
288,35.715,78.7007,1396941900
288,35.7149,78.7005,1396941780
288,35.715,78.7007,1396941540
288,35.7149,78.7008,1396941480
288,35.715,78.7007,1396941300
288,35.7149,78.7008,1396940040
288,35.7148,78.7007,1396939140
288,35.7149,78.7008,1396937940
288,35.7149,78.7009,1396853340
288,35.715,78.7007,1396849560
288,35.7789,78.7196,1396847100
288,35.7789,78.7196,1396847100
288,35.7791,78.7191,1396845000
288,35.7148,78.7007,1396825980
288,35.7847,78.7203,1396821600
288,35.7149,78.7008,1396815600
288,35.715,78.7008,1396814400
288,35.7149,78.7007,1396812840
288,35.6519,78.5646,1396770660
288,35.6177,78.4854,1396770360
288,35.6067,78.4486,1396770240
288,35.4791,78.2303,1396769400
288,35.4791,78.2303,1396769400
288,35.471,78.2154,1396769340
288,35.4704,78.2159,1396769340
288,35.4721,78.1571,1396769160
288,35.4721,78.1571,1396769160
288,35.4685,78.1514,1396769100
288,35.4659,78.1494,1396769100
288,35.445,78.1076,1396768920
288,35.4447,78.1067,1396768920
288,35.4401,78.0867,1396768860
288,35.4296,78.0646,1396768800
288,35.4252,78.0604,1396768740
288,35.4173,78.0465,1396768680
288,35.3042,78.0283,1396764360
288,35.3042,78.0283,1396762560
288,35.3042,78.0283,1396755540
288,35.3845,77.9479,1396751520
288,35.3042,78.0283,1396745520
288,35.353,78.0143,1396743180
288,35.7149,78.7008,1396735080
288,35.7149,78.7008,1396696680
288,35.7149,78.7007,1396694580
288,35.715,78.7009,1396694280
288,35.7149,78.7006,1396694100
288,35.7149,78.7009,1396693200
288,35.715,78.7008,1396691640
288,35.715,78.701,1396691340
288,35.715,78.7009,1396691220
288,35.7149,78.701,1396689840
288,35.7165,78.8546,1396688760
288,35.7149,78.7004,1396662900
288,35.7788,78.7192,1396648920
288,35.7148,78.7007,1396645140
288,35.7149,78.7009,1396644600
288,35.742,78.7627,1396642080
288,35.742,78.7628,1396640160
288,35.7149,78.7007,1396607340
288,35.7149,78.7008,1396607040
288,35.7149,78.7009,1396606140
288,35.715,78.7007,1396605540
288,35.7149,78.701,1396604760
288,35.7148,78.7007,1396604580
288,35.7149,78.7007,1396604520
288,35.7149,78.7008,1396604400
288,35.7149,78.7008,1396604340
288,35.7149,78.7008,1396604220
288,35.7149,78.7007,1396604040
288,35.7149,78.7007,1396603980
288,35.7149,78.7008,1396603020
288,35.7149,78.7008,1396602840
288,35.7149,78.7008,1396601040
288,35.7148,78.7005,1396600980
288,35.7149,78.7009,1396600920
288,35.7149,78.7007,1396600620
288,35.7149,78.7008,1396599300
288,35.7149,78.7007,1396591860
288,35.715,78.7008,1396591200
288,35.7149,78.7007,1396591200
288,35.715,78.7009,1396590000
288,35.7149,78.7007,1396588320
288,35.715,78.7009,1396585800
288,35.7364,78.781,1396561980
288,35.7216,78.7734,1396559940
288,35.7151,78.7007,1396555500
288,35.7149,78.7008,1396555320
288,35.7149,78.7008,1396513320
288,35.7535,78.727,1396506900
288,35.715,78.7007,1396426080
288,35.715,78.7007,1396425900
288,35.715,78.7007,1396425900
288,35.715,78.7008,1396425840
288,35.7149,78.7007,1396359900
288,35.7149,78.7006,1396353120
288,35.7149,78.7009,1396351560
288,35.715,78.7009,1396351500
288,35.715,78.7007,1396257960
288,35.7152,78.7007,1396257180
288,35.715,78.7009,1396256940
288,35.7149,78.7007,1396256880
288,35.715,78.7007,1396256880
288,35.715,78.7009,1396256820
288,35.715,78.7008,1396256340
288,35.715,78.7008,1396256220
288,35.7149,78.7006,1396256100
288,35.7151,78.7008,1396256040
288,35.715,78.7008,1396255920
288,35.715,78.7009,1396255860
288,35.7152,78.701,1396255620
288,35.715,78.7007,1396254420
288,35.715,78.7009,1396254420
288,35.7149,78.7006,1396254300
288,35.7149,78.7006,1396254120
288,35.715,78.7009,1396254060
288,35.715,78.7007,1396253940
288,35.715,78.7009,1396253760
288,35.715,78.7008,1396250940
288,35.715,78.7008,1396250460
288,35.715,78.7009,1396250400
288,35.7149,78.7007,1396249260
288,35.7149,78.7007,1396249260
288,35.715,78.701,1396249200
288,35.7148,78.7008,1396248960
288,35.8717,78.8373,1396236060
288,35.8717,78.8378,1396234920
288,35.715,78.7009,1396216440
288,35.715,78.7008,1396216260
288,35.7148,78.7007,1396215360
288,35.7149,78.7005,1396179120
288,35.7149,78.7007,1396173600
288,35.7149,78.7009,1396172880
288,35.715,78.7008,1396165140
288,35.715,78.7007,1396160940
288,35.715,78.7009,1396160880
288,35.715,78.7009,1396160760
288,35.7152,78.7009,1396158660
288,35.715,78.7008,1396157340
288,35.715,78.7008,1396156980
288,35.715,78.7009,1396156860
288,35.7151,78.7009,1396156800
288,35.7464,78.7426,1396156200
288,35.8717,78.8378,1396141800
288,35.8716,78.8378,1396141620
288,35.8717,78.8378,1396141620
288,35.8717,78.8378,1396138020
288,35.8716,78.8371,1396136640
288,35.8717,78.8378,1396129320
288,35.7151,78.7009,1396082940
288,35.715,78.7008,1396082520
288,35.7149,78.7008,1396078920
288,35.8717,78.8378,1396064280
288,35.7697,78.7145,1396041060
288,35.715,78.7006,1395954060
288,35.715,78.7008,1395954000
288,35.715,78.7008,1395954000
288,35.7151,78.7007,1395953820
288,35.715,78.7007,1395910140
288,35.715,78.7009,1395909000
288,35.7149,78.7007,1395909000
288,35.7149,78.7007,1395825600
288,35.7149,78.7009,1395816060
288,35.715,78.7009,1395815760
288,35.715,78.7009,1395815640
288,35.715,78.7009,1395814680
288,35.715,78.7009,1395814500
288,35.7151,78.7009,1395814440
288,35.715,78.7005,1395811860
288,35.7149,78.7008,1395811140
288,35.715,78.7009,1395811020
288,35.715,78.7007,1395810900
288,35.715,78.7009,1395810240
288,35.7149,78.7007,1395809940
288,35.715,78.7007,1395808860
288,35.7151,78.7007,1395808800
288,35.715,78.7008,1395808800
288,35.715,78.7009,1395808020
288,35.7149,78.7007,1395735420
288,35.715,78.7007,1395735420
288,35.7149,78.7008,1395734940
288,35.715,78.7009,1395733380
288,35.7149,78.7006,1395732960
288,35.8562,78.8245,1395728820
288,35.8564,78.8248,1395728640
288,35.715,78.7007,1395701700
288,35.6743,78.95,1395699900
288,35.715,78.7007,1395690120
288,35.715,78.7007,1395689460
288,35.7151,78.7006,1395657480
288,35.715,78.7008,1395656880
288,35.7149,78.7008,1395656760
288,35.715,78.7007,1395656580
288,35.715,78.7009,1395656400
288,35.715,78.7008,1395656100
288,35.7149,78.7007,1395655920
288,35.715,78.7007,1395655800
288,35.7149,78.7006,1395655740
288,35.7149,78.7006,1395651060
288,35.715,78.7008,1395651000
288,35.7152,78.7008,1395649500
288,35.715,78.7009,1395648900
288,35.7149,78.7006,1395648900
288,35.7152,78.7008,1395648840
288,35.715,78.7007,1395648660
288,35.7151,78.7008,1395648300
288,35.715,78.7006,1395648240
288,35.7149,78.7007,1395647520
288,35.715,78.7009,1395647460
288,35.715,78.7008,1395647220
288,35.715,78.7008,1395647100
288,35.715,78.7009,1395646740
288,35.715,78.7009,1395645840
288,35.715,78.7007,1395645780
288,35.7149,78.7007,1395645660
288,35.715,78.7008,1395645660
288,35.715,78.7009,1395645600
288,35.715,78.7008,1395645480
288,35.7151,78.7008,1395645240
288,35.715,78.7007,1395645060
288,35.715,78.7008,1395639960
288,35.7149,78.7009,1395639300
288,35.715,78.7009,1395639240
288,35.715,78.7008,1395639180
288,35.715,78.7009,1395639120
288,35.715,78.7008,1395637860
288,35.715,78.7008,1395635400
288,35.715,78.7007,1395567180
288,35.715,78.7008,1395567000
288,35.715,78.7009,1395566760
288,35.715,78.7008,1395566580
288,35.715,78.7008,1395561840
288,35.7149,78.7007,1395553260
288,35.7149,78.7008,1395552480
288,35.7149,78.7008,1395552360
288,35.715,78.7009,1395551880
288,35.715,78.7009,1395551760
288,35.715,78.7007,1395551100
288,35.715,78.7006,1395385860
288,35.7149,78.7008,1395381060
288,35.7149,78.7007,1395381000
288,35.7148,78.7007,1395380820
288,35.715,78.7008,1395380760
288,35.7149,78.7006,1395380640
288,35.7149,78.7008,1395380400
288,35.7149,78.7008,1395380400
288,35.7149,78.7008,1395380340
288,35.7148,78.7007,1395380280
288,35.715,78.7009,1395375540
288,35.7149,78.7008,1395375480
288,35.7149,78.7007,1395374700
288,35.7149,78.7007,1395374700
288,35.7149,78.7007,1395374340
288,35.7149,78.7006,1395374040
288,35.7149,78.7009,1395367740
288,35.715,78.7008,1395346320
288,35.7149,78.7008,1395345900
288,35.7151,78.7008,1395307380
288,35.715,78.7008,1395306780
288,35.715,78.7008,1395299580
288,35.8717,78.8377,1395295380
288,35.8717,78.8377,1395290640
288,35.8717,78.8378,1395290520
288,35.715,78.7005,1395285780
288,35.715,78.7008,1395219120
288,35.715,78.7007,1395218820
288,35.7608,78.738,1395210360
288,35.715,78.7008,1395126540
288,35.715,78.7008,1395125220
288,35.715,78.7009,1395119340
288,35.7148,78.7006,1395108060
288,35.7791,78.7196,1395093540
288,33.7117,78.8614,1395040620
288,33.7109,78.8617,1395039480
288,33.7065,78.8743,1395036420
288,33.7057,78.8746,1395014160
288,33.7057,78.8746,1395013800
288,33.7046,78.8743,1395005400
288,33.7048,78.8745,1395005400
288,33.7048,78.8745,1395005100
288,33.7048,78.8746,1395003960
288,33.7048,78.8745,1395003900
288,33.7048,78.8747,1395003840
288,33.7048,78.8747,1394960280
288,33.7047,78.8746,1394960220
288,33.7323,78.8661,1394957460
288,33.7133,78.8885,1394957340
288,33.7049,78.8745,1394948640
288,33.7777,78.7957,1394945760
288,33.7047,78.8746,1394862060
288,33.705,78.8742,1394855520
288,34.9826,78.847,1394846460
288,35.781,78.7213,1394822760
288,35.7685,78.7101,1394819760
288,35.7149,78.7007,1394785080
288,35.7149,78.7007,1394784900
288,35.7149,78.7008,1394782260
288,35.715,78.7008,1394782200
288,35.8717,78.8377,1394770560
288,35.742,78.7626,1394757060
288,35.7149,78.7007,1394746440
288,35.7149,78.7007,1394746200
288,35.7149,78.701,1394746140
288,35.7148,78.7008,1394746080
288,35.7148,78.7008,1394745960
288,35.7149,78.7006,1394745900
288,35.7149,78.7007,1394745840
288,35.7149,78.7007,1394704440
288,35.715,78.7008,1394704020
288,35.715,78.7007,1394703900
288,35.715,78.7009,1394703180
288,35.715,78.7009,1394703000
288,35.7152,78.7009,1394701560
288,35.7149,78.7008,1394695020
288,35.715,78.7006,1394693940
288,35.715,78.7007,1394693820
288,35.8717,78.8377,1394687760
288,35.7149,78.7006,1394621160
288,35.7149,78.701,1394613360
288,35.7774,78.72,1394599920
288,35.7867,78.7319,1394599800
288,35.7149,78.7006,1394586360
288,35.7149,78.7007,1394586240
288,35.7149,78.7007,1394586180
288,35.7148,78.701,1394571600
288,35.7149,78.7006,1394471520
288,35.7655,78.7537,1394248140
288,35.7149,78.701,1394146260
288,35.7152,78.7008,1394145180
288,35.7698,78.7136,1394138040
288,35.7151,78.7004,1394127780
288,35.7151,78.701,1394092680
288,35.715,78.7007,1394092620
288,35.7149,78.7008,1394012040
288,35.715,78.7009,1394011980
288,35.7149,78.7008,1394004720
288,35.7149,78.7008,1394004600
288,35.7149,78.7007,1393919580
288,35.7193,78.6995,1393914840
288,35.7149,78.7008,1393914720
288,35.7153,78.701,1393906800
288,35.715,78.7007,1393896540
288,35.715,78.7007,1393891380
288,35.715,78.7008,1393891320
288,35.715,78.7007,1393887420
288,35.7148,78.7006,1393811100
288,35.7787,78.7195,1393729200
288,35.7148,78.7008,1393718700
288,35.7149,78.7007,1393717140
288,35.742,78.7627,1393639500
288,35.7419,78.7627,1393639140
288,35.7149,78.7008,1393584840
288,35.715,78.7009,1393575420
288,35.7149,78.7007,1393575060
288,35.715,78.7009,1393568340
288,35.7149,78.7007,1393566480
288,35.7149,78.7009,1393545420
288,35.715,78.7009,1393534020
288,35.7149,78.7006,1393531020
288,35.7151,78.7009,1393530540
288,35.7148,78.7006,1393496760
288,35.7148,78.7006,1393496700
288,35.7149,78.7007,1393494780
288,35.7151,78.701,1393493580
288,35.7151,78.701,1393491780
288,35.7149,78.7009,1393491540
288,35.715,78.7009,1393491360
288,35.715,78.7009,1393491240
288,35.7151,78.7008,1393491180
288,35.7149,78.7006,1393491060
288,35.715,78.701,1393490880
288,35.7149,78.7009,1393490760
288,35.715,78.7009,1393490700
288,35.7151,78.7012,1393490460
288,35.7151,78.701,1393490160
288,35.7149,78.7008,1393490040
288,35.7149,78.7008,1393489980
288,35.7149,78.7008,1393489920
288,35.715,78.7008,1393489260
288,35.715,78.7009,1393489200
288,35.7149,78.7009,1393489140
288,35.7149,78.7008,1393488720
288,35.7151,78.7007,1393488540
288,35.7151,78.7009,1393488480
288,35.7149,78.7008,1393487280
288,35.7149,78.7008,1393487220
288,35.7152,78.7008,1393487220
288,35.7149,78.7007,1393486920
288,35.715,78.7009,1393483380
288,35.715,78.701,1393483200
288,35.715,78.7009,1393482540
288,35.715,78.7008,1393479060
288,35.715,78.7008,1393478940
288,35.7149,78.7008,1393478760
288,35.7149,78.7008,1393478640
288,35.7149,78.7007,1393464720
288,35.7151,78.7007,1393464240
288,35.715,78.7007,1393463100
288,35.715,78.7009,1393463040
288,35.715,78.7009,1393461000
288,35.715,78.7009,1393443180
288,35.715,78.7009,1393410600
288,35.715,78.7009,1393405080
288,35.7149,78.7009,1393400940
288,35.7149,78.7007,1393400820
288,35.7148,78.7006,1393397040
288,35.7149,78.7005,1393395540
288,35.7149,78.7006,1393395360
288,35.7152,78.7011,1393395300
288,35.715,78.7009,1393395060
288,35.7149,78.7009,1393393260
288,35.7455,78.7561,1393388040
288,35.7436,78.762,1393387980
288,35.7436,78.762,1393387980
288,35.742,78.7627,1393387500
288,35.7421,78.7625,1393387440
288,35.7419,78.7627,1393383360
288,35.7424,78.7622,1393383240
288,35.7421,78.7617,1393383180
288,35.7435,78.7623,1393383060
288,35.744,78.7617,1393383000
288,35.7151,78.7009,1393375560
288,35.7153,78.7012,1393374660
288,35.715,78.7009,1393374420
288,35.7151,78.7008,1393374300
288,35.7149,78.7006,1393351260
288,35.7151,78.7008,1393351200
288,35.7149,78.7005,1393351140
288,35.7149,78.7007,1393348560
288,35.7153,78.7012,1393348500
288,35.715,78.7007,1393348320
288,35.7148,78.7006,1393348320
288,35.715,78.7008,1393348260
288,35.7153,78.7012,1393348080
288,35.715,78.7008,1393327200
288,35.7154,78.701,1393327200
288,35.715,78.7009,1393326960
288,35.7149,78.7008,1393325940
288,35.7149,78.7008,1393325880
288,35.7149,78.7006,1393324920
288,35.7149,78.701,1393324560
288,35.715,78.7009,1393324260
288,35.715,78.7009,1393323900
288,35.7152,78.7011,1393323480
288,35.7148,78.7007,1393321380
288,35.7151,78.7011,1393320720
288,35.7149,78.7007,1393320180
288,35.715,78.7009,1393319580
288,35.715,78.7009,1393309680
288,35.7152,78.7008,1393309620
288,35.715,78.7009,1393307280
288,35.7149,78.7007,1393307100
288,35.715,78.7009,1393306680
288,35.7151,78.7006,1393234440
288,35.715,78.7006,1393234440
288,35.715,78.7006,1393234380
288,35.7149,78.7007,1393234320
288,35.7149,78.7006,1393234260
288,35.715,78.7007,1393228680
288,35.715,78.7008,1393228080
288,35.715,78.7006,1393227840
288,35.715,78.7007,1393144800
288,35.7148,78.7005,1393142220
288,35.7149,78.7007,1393138260
288,35.7149,78.7007,1393138200
288,35.7149,78.7007,1393138200
288,35.7149,78.7005,1393137840
288,35.7152,78.7009,1393137720
288,35.7148,78.7007,1393137180
288,35.7149,78.7006,1393112880
288,35.7147,78.7001,1393025640
288,35.715,78.7007,1392927660
288,35.7152,78.7007,1392922800
288,35.7151,78.7007,1392877800
288,35.7151,78.701,1392870780
288,35.7151,78.7008,1392801960
288,35.7149,78.7006,1392791160
288,35.7151,78.7007,1392719040
288,35.715,78.7007,1392718980
288,35.7151,78.7009,1392718500
288,35.7151,78.7007,1392718380
288,35.715,78.7008,1392716040
288,35.7149,78.7008,1392715140
288,35.7149,78.7008,1392714480
