32,27.7678,82.648,1359377760
32,27.7679,82.6483,1359377640
32,27.7679,82.6485,1357460460
32,27.7688,82.6475,1356048180
32,27.7913,82.6795,1354429260
32,27.7693,82.6465,1347020460
32,27.7679,82.648,1346933700
32,27.7691,82.6403,1346928300
32,27.7921,82.6384,1346927820
32,27.7674,82.6481,1346927400
32,27.7678,82.6477,1346740320
32,27.7919,82.6799,1346724180
32,27.7956,82.6387,1345936560
32,27.8416,82.664,1342757940
32,27.7679,82.6477,1342248180
32,27.7679,82.648,1342248180
32,27.7679,82.648,1342247820
32,27.7844,82.6656,1342068360
32,27.7844,82.6655,1342068300
32,27.8393,82.7121,1341888420
32,27.8393,82.702,1341888300
32,27.8394,82.697,1341888300
32,27.839,82.6928,1341887940
32,27.7845,82.6655,1341735540
32,27.7845,82.6655,1341735300
32,27.7845,82.6654,1341735240
32,27.7849,82.6655,1341735180
32,27.7848,82.6655,1341731040
32,27.7845,82.6655,1341730140
32,27.7846,82.6655,1341728760
32,27.7846,82.6656,1341728100
32,27.7846,82.6656,1341727980
32,27.7846,82.6656,1341727920
32,27.7679,82.6481,1341702840
32,27.7679,82.648,1341702780
32,27.768,82.648,1341702540
32,27.7678,82.6479,1341699540
32,27.7682,82.6467,1341698340
32,27.7744,82.6758,1341649080
32,27.7744,82.6758,1341648840
32,27.7745,82.6758,1341648780
32,27.7678,82.648,1341488580
32,27.7679,82.648,1341488460
32,27.7679,82.648,1341488400
32,27.7679,82.6481,1341487140
32,27.7679,82.648,1341487080
32,27.7679,82.648,1341486240
32,27.7679,82.648,1341486060
32,27.7678,82.648,1341485760
32,27.7679,82.6479,1341485700
32,27.7678,82.6479,1341485280
32,27.7679,82.6479,1341302400
32,27.7678,82.648,1341215040
32,27.7779,82.668,1341212700
32,27.7678,82.6478,1341171180
32,27.7679,82.6479,1341129420
32,27.7695,82.6462,1341129240
32,27.7678,82.6479,1341128280
32,27.7679,82.648,1341128160
32,27.7679,82.6479,1341127740
32,27.7679,82.6479,1341127560
32,27.7679,82.6479,1341127500
32,27.7678,82.6479,1341126660
32,27.7678,82.6479,1341124080
32,27.7678,82.6479,1341122340
32,27.7687,82.6448,1341120720
32,27.7679,82.6479,1341120060
32,27.7679,82.6479,1341120000
32,27.7679,82.6479,1341118980
32,27.7679,82.6479,1341118500
32,27.7678,82.6478,1341118200
32,27.7678,82.6478,1341118140
32,27.7678,82.6476,1341117960
32,27.7678,82.6482,1341116940
32,27.7679,82.6477,1341116280
32,27.7679,82.6479,1341116040
32,27.7678,82.648,1341115680
32,27.7679,82.6479,1341115440
32,27.7678,82.6479,1341115260
32,27.7678,82.6478,1341114840
32,27.7678,82.648,1341112500
32,27.7704,82.6527,1341093240
32,27.7678,82.6478,1341081480
32,27.7677,82.6475,1341081360
32,27.7678,82.6475,1341081240
32,27.7678,82.6477,1341081180
32,27.7678,82.648,1341080760
32,27.7678,82.6481,1341080760
32,27.7679,82.6479,1341041880
32,27.7679,82.6479,1341041760
32,27.7678,82.6479,1341041220
32,27.7678,82.6479,1341040320
32,27.7678,82.6479,1340861160
32,27.7679,82.6479,1340861160
32,27.7679,82.6479,1340860740
32,27.7678,82.648,1339492860
32,27.7839,82.6663,1339191900
32,27.7846,82.6655,1339040520
32,27.778,82.6652,1339040460
32,27.7845,82.6656,1339038660
32,27.7896,82.6625,1339038420
32,27.7842,82.6656,1339038120
32,27.7845,82.6655,1338868740
32,27.7845,82.6655,1338868680
32,27.7845,82.6655,1338868620
32,28.8075,82.0887,1337830020
32,41.3598,90.3306,1337664000
32,27.7848,82.6654,1336960980
32,27.7678,82.648,1336867800
32,27.7678,82.6479,1336867800
32,27.7679,82.6481,1336865940
32,27.7679,82.648,1336865760
32,27.7679,82.648,1336865580
32,27.7679,82.648,1336865520
32,27.7679,82.648,1336865460
32,27.7679,82.6479,1336865400
32,27.7679,82.648,1336864440
32,27.7679,82.6481,1336864320
32,27.7679,82.648,1336864320
32,27.7679,82.6481,1336864260
32,27.7679,82.6482,1336864200
32,27.7679,82.648,1336864140
32,27.7678,82.648,1336822860
32,27.7679,82.6481,1336715220
32,27.7764,82.6374,1336276140
32,27.7763,82.6372,1336276140
32,27.7431,82.7591,1336268880
32,27.5833,82.5608,1336086300
32,27.7679,82.648,1336081860
32,27.7679,82.6481,1336081800
32,27.7842,82.6655,1336014180
32,27.7838,82.6655,1336014120
32,27.7837,82.6657,1336014000
32,27.7679,82.6481,1335955740
32,27.7678,82.6479,1335955680
32,27.7679,82.6479,1335955620
32,27.7679,82.6481,1335955560
32,27.7699,82.7281,1335949380
32,27.7699,82.7322,1335949320
32,27.7665,82.7334,1335949260
32,27.7784,82.7822,1335945060
32,27.7793,82.7815,1335941160
32,27.7751,82.7756,1335940560
32,27.7707,82.7655,1335940500
32,27.7773,82.7281,1335940020
32,27.7773,82.7116,1335939780
32,27.7921,82.6796,1335939420
32,27.7845,82.6656,1335933180
32,27.7813,82.6421,1335922740
32,27.7678,82.6478,1335876060
32,27.7678,82.6478,1335876000
32,27.7679,82.6478,1335875940
32,27.7678,82.6478,1335875520
32,27.7679,82.6479,1335875460
32,27.7678,82.6479,1335785700
32,27.7678,82.6479,1335784920
32,27.7679,82.648,1335560460
32,27.7679,82.648,1335558900
32,27.7679,82.648,1335555000
32,27.7679,82.648,1335554040
32,28.0269,82.1774,1335510900
32,28.0132,82.2752,1335510660
32,27.9954,82.353,1335510480
32,27.9956,82.3649,1335510360
32,27.9839,82.3806,1335510240
32,27.7537,82.7641,1335322500
32,27.7536,82.7641,1335321600
32,27.9261,82.5931,1335311040
32,27.9292,82.5845,1335310980
32,27.7734,82.6365,1335301620
32,27.7736,82.6365,1335301560
32,27.7735,82.6365,1335301500
32,27.7735,82.6365,1335301500
32,27.7745,82.6367,1335298020
32,27.7679,82.6479,1335294420
32,28.4313,80.7079,1334964600
32,28.3993,80.6147,1334964120
32,27.7679,82.6481,1334611920
32,27.7679,82.6481,1334611920
32,27.8424,82.6382,1334476500
32,27.7678,82.6481,1334470620
32,27.7678,82.6482,1334470500
32,27.7679,82.6478,1334388240
32,27.7679,82.6481,1334388240
32,27.7678,82.6484,1334388120
32,27.7678,82.6482,1334388120
32,27.7678,82.6482,1334388060
32,27.7678,82.6481,1334387940
32,27.7678,82.6481,1334387880
32,27.7679,82.648,1334387820
32,27.7678,82.648,1334387820
32,27.77,82.7246,1334383980
32,27.77,82.7246,1334383980
32,27.7744,82.7284,1334383980
32,27.7675,82.6476,1334373300
32,27.7708,82.7473,1334290440
32,27.7717,82.7726,1334287800
32,27.7716,82.7726,1334287740
32,27.7716,82.7726,1334287560
32,27.7716,82.7726,1334287500
32,27.7723,82.6776,1334281020
32,27.7696,82.6776,1334280780
32,27.8056,82.6653,1334276340
32,27.7992,82.6692,1334276220
32,27.7992,82.6715,1334276160
32,27.7992,82.6715,1334276160
32,27.7833,82.7844,1334273100
32,27.7834,82.7843,1334272980
32,27.7834,82.7843,1334272260
32,27.7715,82.7716,1334270100
32,27.7682,82.6482,1334260380
32,27.7678,82.6481,1334260260
32,27.7679,82.648,1334260020
32,27.7679,82.6481,1334259780
32,27.7679,82.648,1334259600
32,27.7679,82.6481,1334187060
32,27.7679,82.648,1334187000
32,27.7703,82.6529,1334104380
32,27.9547,81.9472,1333951860
32,28.4527,80.9615,1333936440
32,28.4528,80.9562,1333936380
32,28.4528,80.947,1333936380
32,28.4528,80.9402,1333936320
32,28.3667,80.6061,1333925640
32,28.3586,80.608,1333925580
32,28.3713,80.6023,1333922880
32,28.3713,80.6023,1333921920
32,28.4504,81.2269,1333913580
32,28.3706,81.3995,1333912860
32,28.3713,81.4013,1333912860
32,28.3754,81.4143,1333912800
32,28.3541,81.47,1333912620
32,28.3556,81.4856,1333912560
32,28.3265,81.5371,1333912380
32,28.2882,81.5872,1333912140
32,27.9295,82.7306,1333843980
32,27.9001,82.7268,1333843800
32,27.8392,82.6838,1333843380
32,27.8374,82.6825,1333843380
32,27.5837,82.5894,1333251060
32,27.5835,82.6118,1333251000
32,27.5867,82.6206,1333250940
32,27.7679,82.6484,1333104240
32,27.7678,82.6478,1333104240
32,27.7679,82.6481,1333104180
32,27.7678,82.6479,1332983820
32,27.7687,82.6446,1332978660
32,27.7688,82.6445,1332978420
32,27.7688,82.6446,1332978120
32,27.7688,82.6446,1332978120
32,27.7688,82.6446,1332977940
32,27.7678,82.6478,1332892440
32,27.7678,82.6478,1332886740
32,27.7678,82.6478,1332825360
32,27.7668,82.6593,1332762180
32,27.7668,82.6592,1332762120
32,27.7668,82.6593,1332761760
32,27.7675,82.6486,1332760620
32,27.7677,82.6481,1332760500
32,27.7688,82.6512,1332760380
32,27.7678,82.6478,1332741300
32,27.7678,82.6478,1332673380
32,27.7678,82.6478,1332673200
32,27.7678,82.6478,1332673200
32,27.7678,82.6478,1332672900
32,27.7678,82.6478,1332672840
32,27.7678,82.6478,1332672720
32,27.7678,82.6478,1332672420
32,27.7678,82.6478,1332672360
32,27.7678,82.6478,1332672300
32,27.7678,82.6478,1332493680
32,27.7678,82.6478,1332189780
32,27.7679,82.6478,1332108240
32,27.768,82.6479,1332108180
32,27.7708,82.6746,1332024720
32,27.7679,82.6478,1331944860
32,27.7679,82.6478,1331944860
32,27.7678,82.6478,1331944800
32,27.7679,82.6478,1331944740
32,27.7678,82.6478,1331944680
32,27.7679,82.6478,1331944620
32,27.7678,82.6478,1331944560
32,27.768,82.6476,1331919480
32,27.7678,82.6478,1331686980
32,27.7679,82.6479,1331684160
32,27.7679,82.6478,1331684100
32,27.7682,82.6481,1331680260
32,27.7679,82.6478,1331680080
32,27.7679,82.6478,1331679960
32,27.7678,82.6478,1331679960
32,27.768,82.6479,1331679960
32,27.7679,82.6479,1331679900
32,27.771,82.6738,1331619480
32,27.7711,82.6708,1331619420
32,27.7539,82.6303,1331605620
32,27.7686,82.6469,1331602380
32,27.7678,82.6478,1331600580
32,27.7678,82.6479,1331600460
32,27.7678,82.6478,1331600400
32,27.7679,82.6479,1331594100
32,27.7679,82.6478,1331592600
32,28.3497,82.3141,1331446740
32,28.3827,82.3197,1331446560
32,30.5076,86.1638,1331106060
32,29.9623,82.5722,1331092260
32,27.7712,82.6426,1330633560
32,27.7679,82.651,1330596060
32,27.7689,82.6446,1330569000
32,27.7689,82.6446,1330569000
32,27.7678,82.6478,1330085640
32,27.7678,82.6478,1330084440
32,27.7678,82.6478,1330083900
32,27.7687,82.6445,1330059780
32,27.7687,82.6456,1330059720
32,27.7686,82.6464,1330059660
32,27.7681,82.6479,1330059480
32,27.7741,82.6357,1329954120
32,27.8404,82.683,1329867420
32,27.7873,82.6378,1314639660
32,27.7618,82.6313,1314639000
32,27.7679,82.6478,1314599160
32,27.7679,82.6478,1314599160
32,27.7679,82.6478,1314599100
32,27.7679,82.6478,1314599100
32,27.7679,82.6478,1314599040
32,27.7717,82.6368,1313814660
32,27.8421,82.6384,1313625480
32,27.8424,82.6382,1313625180
32,27.8424,82.6382,1313625120
32,27.8423,82.6383,1313625120
32,27.8423,82.6383,1313625120
32,27.7678,82.6477,1313470260
32,27.7709,82.6697,1313201040
32,27.7678,82.6477,1313198820
32,27.7678,82.6478,1313195100
32,27.7678,82.6478,1313195040
32,27.7678,82.6477,1313195040
32,27.7678,82.6477,1313193360
32,27.7678,82.6477,1313193300
32,27.7678,82.6477,1313193300
32,27.768,82.6478,1313188680
32,27.7684,82.6506,1313056620
32,27.7684,82.6506,1313056620
32,27.7678,82.6477,1313055120
32,27.7678,82.6477,1313054700
32,27.748,82.6406,1313049720
32,27.8422,82.6378,1312707120
32,27.8424,82.6381,1312706460
32,27.8423,82.6381,1312706040
32,27.8423,82.6381,1312705980
32,27.8422,82.6382,1312705800
32,27.8423,82.6379,1312705740
32,27.8423,82.6382,1312705620
32,27.8422,82.6382,1312702440
32,27.9524,82.485,1312695420
32,27.9524,82.485,1312695300
32,27.9661,82.4081,1312695300
32,27.9379,82.5587,1312695000
32,27.9157,82.6192,1312694760
32,27.8975,82.6415,1312694700
32,27.8975,82.6415,1312694640
32,27.8667,82.6641,1312694520
32,27.8667,82.6641,1312694520
32,27.8384,82.6634,1312694460
32,27.8384,82.6634,1312694460
32,27.7677,82.6477,1312533000
32,27.7707,82.6811,1312517220
32,27.7997,82.6344,1312515120
32,27.7997,82.6344,1312514940
32,27.8423,82.6384,1312504440
32,27.8423,82.6381,1312501980
32,27.8423,82.6381,1312501920
32,27.8423,82.6381,1312501080
32,27.8423,82.6381,1312500900
32,27.8423,82.6381,1312500900
32,27.8423,82.6382,1312495320
32,27.8423,82.6377,1312495260
32,27.8423,82.6382,1312494300
32,27.8423,82.6382,1312494300
32,27.8423,82.6382,1312494060
32,27.8423,82.6382,1312494060
32,27.8423,82.6382,1312494000
32,27.8423,82.6381,1312494000
32,27.8423,82.6381,1312493820
32,27.8424,82.6383,1312493820
32,27.8424,82.6383,1312493580
32,27.8424,82.638,1312493520
32,27.8424,82.638,1312493460
32,27.8433,82.6377,1312439580
32,27.8424,82.639,1312439400
32,27.8424,82.639,1312439400
32,27.8426,82.6385,1312439340
32,27.8426,82.6385,1312439340
32,27.8426,82.6385,1312439340
32,27.8425,82.6383,1312439280
32,27.8425,82.6383,1312439280
32,27.7678,82.6477,1312358820
32,27.7682,82.6524,1312357380
32,27.7682,82.6524,1312357380
32,27.7678,82.6477,1312355400
32,27.7678,82.6477,1312355400
32,27.7734,82.635,1312353780
32,27.7677,82.6478,1312321320
32,27.7677,82.6478,1312321320
32,27.7677,82.6478,1312318740
32,27.7678,82.6477,1312284360
32,27.7678,82.6477,1312284360
32,27.7682,82.6524,1312282920
32,27.7695,82.6487,1312282800
32,27.7677,82.6478,1312282440
32,27.7678,82.6477,1312281180
32,27.7678,82.6477,1312277220
32,27.7677,82.6477,1312277220
32,27.8025,82.6388,1312270980
32,27.8025,82.6388,1312270800
32,27.8423,82.6382,1312263600
32,27.7677,82.6475,1312143960
32,27.8421,82.6378,1312084920
32,27.8421,82.6378,1312084320
32,27.8422,82.6381,1312084080
32,27.8422,82.6381,1312084080
32,27.8423,82.6381,1312083480
32,27.8423,82.6381,1312083240
32,27.7678,82.6476,1312024560
32,27.7678,82.6477,1312023840
32,27.7678,82.6477,1312023540
32,27.7678,82.6477,1312023300
32,27.7678,82.6477,1312023300
32,27.7678,82.6477,1312018920
32,27.8424,82.6383,1312006560
32,27.8424,82.6383,1312006560
32,27.7677,82.6477,1311839820
32,27.7677,82.6477,1311755820
32,27.8422,82.6382,1311722400
32,27.7677,82.6475,1311719580
32,27.7677,82.6475,1311719580
32,27.7676,82.6477,1311718200
32,27.7678,82.6477,1311718140
32,27.7678,82.6477,1311718080
32,27.7677,82.6474,1311717360
32,27.7678,82.6478,1311717240
32,27.7677,82.6477,1311677520
32,27.7684,82.6352,1311675480
32,27.7679,82.6476,1311675060
32,27.7677,82.6476,1311675060
32,27.7677,82.6474,1311675000
32,27.7677,82.6474,1311674940
32,27.7679,82.6478,1311674460
32,27.7679,82.6478,1311674280
32,27.8424,82.638,1311639420
32,27.8423,82.6382,1311637800
32,27.8423,82.6382,1311637800
32,27.8423,82.6382,1311633600
32,27.8421,82.6379,1311633420
32,27.8421,82.6379,1311632820
32,27.7677,82.6476,1311585000
32,27.7675,82.6471,1311584760
32,27.7675,82.6471,1311584700
32,27.7676,82.6472,1311584700
32,27.7678,82.6478,1311569640
32,27.7678,82.6478,1311564600
32,27.7678,82.6473,1311564480
32,27.7678,82.6478,1311564420
32,27.9549,81.947,1311371940
32,27.9547,81.9472,1311371820
32,27.9549,81.947,1311371760
32,27.9549,81.947,1311371760
32,27.9548,81.9471,1311365640
32,27.9548,81.9471,1311365580
32,27.9548,81.947,1311365520
32,27.9548,81.947,1311365520
32,27.9548,81.9471,1311365460
32,27.9548,81.9471,1311365460
32,27.9547,81.9471,1311365340
32,27.9546,81.9466,1311365340
32,27.9549,81.947,1311365160
32,27.9549,81.947,1311364980
32,27.9549,81.947,1311364980
32,27.9549,81.9469,1311364260
32,27.954,81.949,1311363960
32,27.9548,81.9471,1311362220
32,27.9548,81.9472,1311362160
32,27.9548,81.9472,1311362100
32,27.9547,81.9472,1311362040
32,27.9548,81.9472,1311361680
32,27.9548,81.9472,1311361500
32,27.9548,81.9471,1311297720
32,27.9548,81.9472,1311297060
32,27.955,81.9474,1311297060
32,27.9125,81.8442,1311294900
32,27.9547,81.9471,1311238260
32,27.955,81.9474,1311237240
32,27.782,82.6609,1311224340
32,27.8423,82.6382,1311220140
32,27.8423,82.6382,1311220080
32,27.8422,82.6379,1311204900
32,27.8072,82.6386,1311203340
32,27.8072,82.6386,1311203280
32,27.8072,82.6386,1311203280
32,27.7713,82.6372,1311201420
32,27.771,82.6433,1311200820
32,27.771,82.6433,1311200700
32,27.7708,82.6434,1311200640
32,27.7677,82.6479,1311190380
32,27.7681,82.6478,1311160200
32,27.7681,82.6478,1311159060
32,27.7681,82.6478,1311158880
32,27.7676,82.6475,1311158820
32,27.7676,82.6475,1311157860
32,27.7679,82.6513,1311157560
32,27.7678,82.6478,1311157500
32,27.7678,82.6478,1311157440
32,27.7677,82.6476,1311156360
32,27.8424,82.6382,1311140760
32,27.8422,82.6379,1311105600
32,27.7716,82.6368,1311050940
32,27.7815,82.6274,1311035700
32,27.7733,82.6384,1311034920
32,27.7741,82.6377,1311034740
32,27.7734,82.6384,1311034560
32,27.7708,82.6402,1311033960
32,27.7712,82.6394,1311033960
32,27.7677,82.6478,1310976480
32,27.7677,82.6478,1310976360
32,27.7675,82.6477,1310974860
32,27.7678,82.648,1310974860
32,27.7678,82.6478,1310969220
32,27.7678,82.6478,1310966220
32,25.7869,80.1296,1310859420
32,26.1679,80.148,1310850840
32,26.1531,80.1517,1310821680
32,26.1549,81.3675,1310794380
32,26.2173,81.6905,1310794260
32,27.7628,82.6626,1310783880
32,27.7662,82.6507,1310783880
32,27.7662,82.6507,1310783820
32,27.7893,82.6385,1310770680
32,27.7679,82.6513,1310769660
32,27.7679,82.6513,1310769420
32,27.7679,82.6513,1310769360
32,27.7679,82.6513,1310768040
32,27.7679,82.6513,1310767860
32,27.7679,82.6513,1310767800
32,27.7679,82.6513,1310767620
32,27.7679,82.6513,1310767620
32,27.768,82.6478,1310767440
32,27.768,82.648,1310767440
32,27.7677,82.6479,1310764860
32,27.7677,82.6478,1310764260
32,27.7677,82.6478,1310764260
32,27.7766,82.6281,1310763420
32,27.7766,82.6281,1310763420
32,27.7766,82.6281,1310763360
32,27.7674,82.6467,1310763180
32,27.7674,82.6467,1310763060
32,27.7675,82.6472,1310762820
32,27.7679,82.6478,1310762520
32,27.768,82.6439,1310762220
32,27.768,82.6439,1310762160
32,27.7676,82.6475,1310762100
32,27.7469,82.6396,1310762040
32,27.7469,82.6396,1310761980
32,27.7678,82.6476,1310761860
32,27.7678,82.6476,1310761800
32,27.7677,82.6477,1310761320
32,27.7677,82.6477,1310700540
32,27.7699,82.646,1310676000
32,27.7679,82.6513,1310674260
32,27.7676,82.6476,1310673960
32,27.7676,82.6476,1310673900
32,27.7676,82.6476,1310673900
32,27.7677,82.6439,1310669640
32,27.7677,82.6439,1310669580
32,27.7676,82.6478,1310669340
32,27.7676,82.6478,1310668920
32,27.7676,82.6478,1310668860
32,27.7676,82.6478,1310668860
32,27.7676,82.6478,1310668860
32,27.7676,82.6475,1310639940
32,27.7677,82.6475,1310639820
32,27.7675,82.6474,1310639820
32,27.7675,82.6474,1310639760
32,27.7469,82.6396,1310639520
32,27.7469,82.6396,1310638800
32,27.7679,82.6478,1310602380
32,27.7679,82.6478,1310602020
32,27.7679,82.6476,1310602020
32,27.7679,82.6476,1310601900
32,27.7675,82.6475,1310601720
32,27.7675,82.6475,1310601660
32,27.7678,82.6443,1310601420
32,27.7677,82.648,1310594280
32,27.7678,82.6474,1310593860
32,27.7678,82.6474,1310593800
32,27.7678,82.6477,1310593380
32,27.7678,82.6477,1310593380
32,27.7679,82.6513,1310591100
32,27.7679,82.6513,1310590980
32,27.7677,82.6478,1310590920
32,27.7677,82.6478,1310590560
32,27.7677,82.6477,1310583420
32,27.7677,82.6477,1310583240
32,27.7678,82.6477,1310543880
32,27.7676,82.6476,1310543820
32,27.7678,82.6476,1310543580
32,27.7677,82.6478,1310535840
32,27.7677,82.6478,1310535840
32,27.7678,82.6477,1310510520
32,27.7678,82.6478,1310509800
32,27.7678,82.6478,1310509680
32,27.7678,82.6478,1310509620
32,27.7678,82.6478,1310509560
32,27.7677,82.6479,1310508300
32,27.7679,82.6476,1310507280
32,27.7679,82.6476,1310507220
32,27.7678,82.6477,1310507160
32,27.7678,82.6477,1310507100
32,27.7678,82.6477,1310507040
32,27.7679,82.6475,1310501220
32,27.7679,82.6475,1310500980
32,27.7677,82.6475,1310443380
32,27.7678,82.648,1310443320
32,27.7676,82.6476,1310440740
32,27.7676,82.6476,1310440680
32,27.7676,82.6476,1310440500
32,27.7676,82.6476,1310440260
32,27.7677,82.6478,1310423820
32,27.7677,82.6478,1310423760
32,27.7745,82.6325,1310357400
32,27.768,82.647,1310352660
32,27.7677,82.6477,1310350140
32,27.7394,82.6346,1310350140
32,27.7678,82.6474,1310350080
32,27.7679,82.648,1310349960
32,27.7679,82.648,1310349900
32,27.7678,82.6476,1310349900
32,27.7678,82.6478,1310349780
32,27.7678,82.6478,1310349660
32,27.7678,82.6478,1310349600
32,27.7678,82.6478,1310349600
32,27.7679,82.6477,1310349420
32,27.7679,82.6477,1310349420
32,27.7678,82.6478,1310349360
32,27.7461,82.6378,1310349300
32,27.7461,82.6378,1310348100
32,27.7676,82.6477,1310346660
32,27.7461,82.6378,1310346120
32,27.7676,82.6477,1310345520
32,27.9257,82.4877,1310266800
32,27.9257,82.4875,1310266800
32,27.956,82.4997,1310266140
32,27.8749,82.6625,1310265600
32,27.7971,82.6386,1310253120
32,27.8058,82.6386,1310253060
32,27.8201,82.639,1310203740
32,27.7712,82.6514,1310101680
32,27.7698,82.6482,1310101680
32,27.7461,82.6378,1310098680
32,27.7677,82.6473,1310097240
32,27.7461,82.6378,1310097240
32,27.7674,82.6477,1310095860
32,27.7677,82.6465,1310095740
32,27.7677,82.6465,1310095740
32,27.7676,82.6476,1310095200
32,27.7461,82.6378,1310095080
32,27.7677,82.6476,1310094720
32,27.7677,82.6476,1310094720
32,27.7678,82.6483,1310094720
32,27.7677,82.6465,1310094060
32,27.7461,82.6378,1310094000
32,27.7461,82.6378,1310094000
32,27.7461,82.6378,1310093940
32,27.7461,82.6378,1310093940
32,27.7461,82.6378,1310093880
32,27.769,82.6485,1310075280
32,27.7677,82.6476,1310069820
32,27.7677,82.6477,1310069640
32,27.7703,82.663,1310027100
32,27.7678,82.6478,1310006460
32,27.7678,82.6477,1310006280
32,27.7677,82.6478,1310006040
32,27.7677,82.6476,1309982520
32,27.7677,82.6478,1309982340
32,27.7677,82.6478,1309982220
32,27.7677,82.6478,1309982160
32,27.7677,82.6478,1309981860
32,27.7677,82.6478,1309981860
32,27.7678,82.6478,1309726560
32,41.8883,91.7007,1309657380
32,41.8881,91.7006,1309657020
32,41.8885,91.7006,1309656960
32,41.8885,91.7006,1309656900
32,41.9771,91.6552,1309656480
32,41.9933,91.6429,1309651920
32,41.9933,91.6429,1309651920
32,42.2924,90.6526,1309645440
32,42.2924,90.6526,1309645380
32,42.5519,90.6923,1309638660
32,42.5519,90.6923,1309638600
32,42.4894,90.7339,1309595280
32,42.4874,90.7341,1309595220
32,42.4874,90.7341,1309595220
32,42.4873,90.7344,1309595220
32,42.5261,90.6787,1309493580
32,42.5086,90.6706,1309491900
32,42.4937,90.6645,1309490280
32,42.504,90.6665,1309489560
32,42.504,90.6665,1309489500
32,42.5297,90.6844,1309477860
32,42.503,90.6753,1309420140
32,42.5114,90.6698,1309412280
32,42.5109,90.6697,1309411260
32,43.6026,89.7841,1309395720
32,43.6026,89.7841,1309395720
32,43.5325,89.9864,1309380720
32,42.5086,90.6706,1309369800
32,42.5086,90.6706,1309369680
32,42.5086,90.6706,1309369140
32,42.5086,90.6706,1309368960
32,42.5094,90.6709,1309213440
32,42.4923,90.715,1309072620
32,42.5036,90.675,1309045080
32,42.5086,90.6706,1309045080
32,42.5293,90.6836,1309040880
32,42.5291,90.683,1309040820
32,42.4995,90.6672,1309037940
32,42.4995,90.6672,1309037880
32,42.5007,90.667,1309037640
32,42.5006,90.6669,1309037400
32,42.4983,90.6674,1309037280
32,42.4995,90.6672,1309037280
32,42.4995,90.6672,1309037160
32,42.4995,90.6672,1309037160
32,42.5005,90.6669,1309037100
32,42.5005,90.6669,1309037040
32,42.4995,90.6672,1309037040
32,42.4995,90.6672,1309036980
32,42.5005,90.6668,1309036920
32,42.5004,90.6667,1309036860
32,42.5007,90.667,1309036860
32,42.4995,90.6672,1309036320
32,42.4995,90.6672,1309036260
32,42.4995,90.6672,1309036260
32,42.5007,90.667,1309035780
32,42.5003,90.6667,1309035780
32,42.5003,90.6667,1309035720
32,42.5003,90.6669,1309035720
32,42.5003,90.6669,1309035660
32,42.5004,90.6668,1309035540
32,42.5004,90.6668,1309035420
32,42.5004,90.6668,1309035300
32,42.5004,90.6668,1309035300
32,42.5004,90.6668,1309035300
32,42.5005,90.6669,1309034820
32,42.5003,90.6665,1309034820
32,42.5004,90.6668,1309034520
32,42.4995,90.6672,1309034400
32,42.5005,90.6669,1309034340
32,42.5005,90.6669,1309034280
32,42.5003,90.6668,1308974040
32,42.4996,90.6668,1308973560
32,42.5007,90.667,1308973020
32,42.5001,90.6666,1308972420
32,42.5001,90.6665,1308972360
32,42.5288,90.6833,1308957000
32,42.5288,90.6833,1308956940
32,42.5288,90.6833,1308956820
32,42.5288,90.6833,1308956820
32,42.5288,90.6833,1308956760
32,42.5288,90.6833,1308956640
32,42.5288,90.6833,1308956580
32,42.5292,90.6834,1308952860
32,42.504,90.6751,1308734340
32,42.504,90.6751,1308734040
32,42.5262,90.6891,1308706380
32,42.5262,90.6891,1308703440
32,42.5241,90.6814,1308703020
32,42.5241,90.6814,1308703020
32,42.5288,90.6833,1308694500
32,42.5291,90.6835,1308694440
32,42.5291,90.6835,1308694200
32,42.5291,90.6835,1308694140
32,42.5291,90.6835,1308694140
32,42.5291,90.6835,1308694020
32,42.529,90.6831,1308693900
32,42.529,90.6831,1308693780
32,42.529,90.6831,1308693720
32,42.529,90.6831,1308693660
32,42.529,90.6831,1308693180
32,42.529,90.6831,1308693120
32,42.529,90.6831,1308693060
32,42.5288,90.6833,1308692940
32,42.5043,90.6742,1308643500
32,42.5044,90.6751,1308631680
32,42.5041,90.6748,1308600600
32,42.5096,90.6695,1308600240
32,42.5096,90.6695,1308600180
32,42.5096,90.6695,1308600060
32,42.5096,90.6695,1308599580
32,42.5096,90.6695,1308599520
32,42.5036,90.6752,1308598800
32,42.5036,90.6752,1308598740
32,42.5035,90.6753,1308598740
32,42.5035,90.6753,1308598680
32,42.5267,90.6774,1308598680
32,42.5037,90.6751,1308597960
32,42.5096,90.6695,1308579060
32,42.5096,90.6695,1308578940
32,42.5096,90.6695,1308578880
32,42.5037,90.6753,1308577800
32,42.5035,90.6711,1308521100
32,42.5035,90.6711,1308520980
32,42.5096,90.6695,1308483720
32,42.5096,90.6695,1308483720
32,42.5038,90.6745,1308473040
32,42.5038,90.6745,1308472920
32,42.5039,90.6746,1308472860
32,42.5045,90.6748,1308457440
32,42.0449,91.5627,1308451500
32,27.9067,82.6909,1308431460
32,27.9594,82.5437,1308430440
32,27.9197,82.7237,1308212580
32,27.7721,82.65,1307759400
32,27.7678,82.6478,1307740860
32,27.7678,82.6478,1307677680
32,27.7678,82.6478,1307601780
32,27.7678,82.6478,1307578200
32,27.7678,82.6478,1307578200
32,27.7686,82.6367,1307509800
32,27.771,82.7475,1307308260
32,27.7676,82.6476,1307182800
32,27.9867,82.3711,1307171640
32,27.9867,82.3711,1307171640
32,27.9867,82.3711,1307171580
32,27.9867,82.3711,1307171520
32,27.9559,82.5032,1307171280
32,27.9413,82.5488,1307171280
32,27.9413,82.5488,1307171220
32,27.9413,82.5488,1307171160
32,27.9348,82.5676,1307171100
32,27.9348,82.5676,1307171040
32,27.9272,82.5892,1307170980
32,27.9272,82.5892,1307170980
32,27.9119,82.625,1307170920
32,27.9119,82.625,1307170860
32,27.9119,82.625,1307170800
32,27.7699,82.6354,1307167080
32,27.7699,82.6354,1307167020
32,27.7699,82.6352,1307166960
32,27.77,82.6354,1307166900
32,27.77,82.6354,1307166780
32,27.77,82.6354,1307166780
32,27.77,82.6354,1307166720
32,27.77,82.6354,1307166660
32,27.7678,82.6479,1307152680
32,27.7678,82.6478,1307152500
32,27.7678,82.6478,1307152500
32,27.7678,82.6478,1307152140
32,27.7789,82.6269,1307150580
32,27.7694,82.6437,1307145000
32,27.7693,82.6418,1307144880
32,27.7693,82.6418,1307144820
32,27.7754,82.6349,1307136300
32,27.7754,82.6349,1307136300
32,27.775,82.6346,1307136240
32,27.775,82.6346,1307136180
32,27.775,82.6346,1307136180
32,27.7734,82.6331,1307135700
32,27.7734,82.6331,1307135640
32,27.7703,82.6356,1307135340
32,27.769,82.6369,1307134740
32,27.769,82.6369,1307134740
32,27.769,82.6369,1307134680
32,27.7687,82.6366,1307134560
32,27.7689,82.6369,1307134320
32,27.7689,82.6369,1307134260
32,27.7685,82.642,1307133900
32,27.7685,82.6435,1307133840
32,27.7681,82.6481,1307133300
32,27.7678,82.6478,1306905120
32,27.7678,82.6479,1306905000
32,27.7684,82.6477,1306812900
32,27.7682,82.6452,1306751520
32,27.7676,82.6478,1306751460
32,27.7676,82.6478,1306744740
32,27.7676,82.6478,1306744680
32,27.8794,82.6389,1306742940
32,27.9437,82.2744,1306741200
32,27.9547,81.9476,1306738800
32,27.9579,81.9494,1306720920
32,27.7678,82.6478,1306663260
32,27.7795,82.624,1306653780
32,27.7689,82.6363,1306649760
32,27.7689,82.6363,1306649640
32,27.7689,82.6363,1306649580
32,27.7688,82.6361,1306648920
32,27.769,82.6365,1306648500
32,27.7687,82.6364,1306648320
32,27.7688,82.6369,1306648140
32,27.7311,82.6561,1306568460
32,27.7677,82.6476,1306516560
32,27.9855,82.4479,1306453200
32,27.9856,82.448,1306451340
32,27.9856,82.448,1306451280
32,27.9855,82.448,1306450800
32,27.9855,82.448,1306450620
32,27.9855,82.448,1306450560
32,27.9855,82.448,1306450560
32,27.9854,82.4481,1306449660
32,27.9855,82.448,1306448880
32,27.9855,82.4481,1306390440
32,27.9855,82.4481,1306390380
32,27.9899,82.4571,1306383900
32,27.9423,82.5061,1306379220
32,27.944,82.5108,1306379220
32,27.9425,82.5063,1306378620
32,27.94,82.5087,1306378560
32,27.9856,82.4482,1306132320
32,27.9856,82.4482,1306132260
32,27.9856,82.4482,1306129860
32,27.9856,82.4482,1306128480
32,27.9856,82.4482,1306128420
32,27.9856,82.4482,1306128360
32,28.2443,81.6343,1306099980
32,28.2828,81.5926,1306099800
32,28.3059,81.583,1306099740
32,28.3184,81.5486,1306099680
32,28.3184,81.5486,1306099680
32,27.9853,82.4481,1305843480
32,27.9855,82.4513,1305650880
32,27.9869,82.4512,1305650700
32,27.9869,82.4512,1305650640
