336,31.4136,64.1794,1364958480
336,31.4154,64.1788,1364906580
336,31.4134,64.1787,1364875320
336,31.4133,64.1782,1364858880
336,31.4135,64.1789,1364852700
336,31.4127,64.1793,1364852580
336,31.4136,64.1785,1364852400
336,31.4135,64.1791,1364800200
336,31.4136,64.1792,1364723400
336,31.4135,64.1786,1364706720
336,31.4133,64.1788,1364623380
336,31.4134,64.1789,1364609520
336,31.4136,64.1787,1364608980
336,31.4136,64.1789,1364600340
336,31.4137,64.1792,1364520480
336,31.4138,64.1796,1364500380
336,31.4135,64.1791,1364498160
336,31.4135,64.1794,1364467020
336,31.4138,64.1787,1364466900
336,31.4134,64.1789,1364411280
336,31.4135,64.1792,1364411040
336,31.4133,64.1789,1364402820
336,31.4134,64.1788,1364402640
336,31.4134,64.1788,1364344380
336,31.4134,64.1789,1364344140
336,31.4137,64.179,1364329800
336,31.4133,64.1791,1364329500
336,31.4131,64.1791,1364329080
336,31.4134,64.179,1364328840
336,31.4136,64.1785,1364284320
336,31.4135,64.1791,1364273580
336,31.4137,64.1794,1364244000
336,31.4137,64.1795,1364183220
336,31.4135,64.1792,1364021220
336,31.4131,64.1804,1363900500
336,31.4136,64.1792,1363900380
336,31.4134,64.179,1363730460
336,31.4135,64.1786,1363687620
336,31.4131,64.1793,1363630920
336,31.4136,64.1792,1363625520
336,31.4136,64.1786,1363594620
336,31.4133,64.1784,1363593300
336,31.4135,64.1787,1363592340
336,31.4133,64.1788,1363507560
336,31.4135,64.1787,1363289100
336,31.4134,64.1787,1363209600
336,31.4135,64.179,1363111800
336,31.4131,64.1788,1363111740
336,31.4136,64.1789,1363111440
336,31.4137,64.1787,1363111440
336,31.414,64.179,1363111260
336,31.4133,64.1789,1363110540
336,31.4135,64.1785,1363073640
336,31.4135,64.1786,1363020300
336,31.4133,64.1792,1362988380
336,31.4135,64.1786,1362781200
336,31.4132,64.1791,1362767400
336,31.4136,64.179,1362715500
336,31.4135,64.1791,1362711840
336,31.4135,64.1791,1362550260
336,31.4136,64.1784,1362543780
336,31.4136,64.1784,1362543480
336,31.4135,64.1785,1362543000
336,31.4137,64.1784,1362541200
336,31.4134,64.1787,1362541080
336,31.4135,64.1785,1362540120
336,31.4134,64.1782,1362539880
336,31.4134,64.1783,1362539760
336,31.4135,64.1785,1362539280
336,31.4135,64.1785,1362539100
336,31.4126,64.178,1362538740
336,31.4135,64.1793,1362526560
336,31.4132,64.1791,1362518820
336,31.4133,64.178,1361526180
336,31.4132,64.1792,1361523360
336,31.4137,64.1792,1361522400
336,31.4136,64.1792,1361249940
336,31.4134,64.1787,1361182500
336,31.4131,64.1788,1360930200
336,31.4137,64.1796,1360910220
336,31.4135,64.1796,1360909860
336,31.4135,64.179,1360827720
336,31.4134,64.1801,1360641780
336,31.4135,64.1799,1360641660
336,31.4131,64.1799,1360617300
336,31.4135,64.1791,1360574040
336,31.4134,64.179,1360399200
336,31.4133,64.1793,1360395480
336,31.4134,64.1787,1360352100
336,31.4134,64.179,1360308780
336,31.4138,64.1791,1360307400
336,31.4133,64.1788,1360172040
336,31.4132,64.1786,1360133760
336,31.4132,64.1789,1360133400
336,31.4131,64.1789,1360133160
336,31.4133,64.1788,1360054740
336,31.4136,64.1792,1360054020
336,31.4134,64.1791,1360053660
336,31.4133,64.1786,1359964020
336,51.4883,0.1793,1359427680
336,51.4885,0.1791,1359426420
336,51.5008,0.1247,1359426240
336,51.5055,0.217,1359385140
336,48.8485,2.293,1359050820
336,48.8484,2.2926,1359049200
336,48.8485,2.2929,1359002640
336,48.8485,2.2928,1359001620
336,48.8487,2.2932,1359001140
336,48.8487,2.2928,1358986260
336,50.0856,14.4206,1357789800
336,50.0856,14.4208,1357786560
336,50.0855,14.421,1357785960
336,31.4135,64.1791,1356508380
336,31.4137,64.1792,1356508320
336,31.4131,64.179,1356495420
336,31.4134,64.1791,1356485220
336,31.4135,64.1795,1355892960
336,31.4138,64.1783,1355892840
336,31.4134,64.1788,1355892120
336,31.4135,64.1787,1355892060
336,31.4136,64.1784,1355829360
336,31.4135,64.1782,1355781660
336,31.4316,64.1885,1355617080
336,31.4136,64.1784,1355566440
336,31.414,64.1782,1355565120
336,31.4135,64.1786,1355014980
336,31.4135,64.1792,1354864500
336,31.4134,64.1795,1354861380
336,31.4135,64.1796,1354861200
336,31.4133,64.1789,1354786380
336,31.4134,64.1787,1354784400
336,31.4138,64.1783,1354610100
336,31.4136,64.1788,1354609980
336,31.4135,64.1788,1354609140
336,31.4134,64.1792,1354165860
336,31.4134,64.1788,1354165800
336,31.4132,64.1792,1354165560
336,31.4133,64.1789,1353974400
336,31.4131,64.1789,1353926880
336,31.4136,64.1785,1353921960
336,31.4135,64.1785,1353920040
336,31.4133,64.1789,1353709260
336,31.4136,64.1786,1353423180
336,31.4135,64.1785,1353398400
336,31.4136,64.1785,1353396360
336,31.414,64.1788,1353395100
336,31.4134,64.1787,1353394920
336,31.413,64.1791,1353394740
336,31.4133,64.1788,1353392940
336,31.4136,64.1785,1353392880
336,31.4135,64.1786,1353312180
336,31.4133,64.1789,1353295200
336,31.4135,64.1785,1353233280
336,31.4135,64.1786,1353232200
336,31.4135,64.1792,1353140400
336,31.4136,64.1785,1353043980
336,31.4131,64.1793,1353035640
336,31.4136,64.1783,1352679180
336,31.4134,64.1789,1352356680
336,31.4136,64.1785,1352356560
336,31.4133,64.1783,1352356260
336,31.4137,64.1781,1352179800
336,31.4167,64.1838,1346129640
336,31.4135,64.1785,1345703520
336,31.4135,64.179,1345700400
336,31.4134,64.179,1345698660
336,31.4135,64.1778,1345680420
336,31.4134,64.1787,1345677420
336,31.4139,64.179,1345674360
336,31.4133,64.1789,1345620660
336,31.4136,64.1786,1345611300
336,31.4132,64.1791,1345562220
336,31.4138,64.1786,1345536120
336,31.4139,64.179,1345432020
336,31.4148,64.1803,1345419240
336,31.4132,64.179,1345348560
336,31.3602,64.2564,1344810840
336,31.3607,64.256,1342124220
336,31.436,64.141,1332564420
336,31.436,64.141,1332547860
336,31.436,64.141,1332517620
336,31.4118,64.1748,1332498540
