343,36.5034,4.9594,1427937660
343,36.5082,4.9162,1427933400
343,36.5125,4.8751,1427825580
343,36.5126,4.8742,1427670360
343,36.712,4.4318,1427663460
343,37.19,3.6091,1427494680
343,37.1899,3.609,1427412480
343,37.1899,3.609,1427412420
343,37.1899,3.609,1427399040
343,36.5128,4.8753,1427375400
343,36.5126,4.8752,1427258340
343,36.5126,4.8751,1427248980
343,36.5126,4.8751,1427248920
343,36.5126,4.8751,1427248860
343,36.5126,4.8751,1427247240
343,36.5126,4.8751,1427247000
343,36.5126,4.8751,1427246520
343,36.513,4.8755,1427177520
343,36.513,4.8755,1427177400
343,36.5128,4.8752,1427174940
343,36.5126,4.8751,1427148660
343,36.5126,4.8751,1427143260
343,36.5126,4.8751,1427141400
343,36.5126,4.8751,1427141340
343,36.5126,4.8751,1427141280
343,36.5126,4.8751,1427140500
343,36.5126,4.8751,1427133300
343,36.5126,4.8751,1427130120
343,36.5126,4.8751,1427062800
343,36.5126,4.8751,1426897320
343,36.5126,4.8751,1426896840
343,36.5126,4.8751,1426833660
343,36.5126,4.8751,1426833480
343,36.5126,4.8751,1426833360
343,36.5126,4.8751,1426833180
343,36.5126,4.8751,1426825500
343,36.5126,4.8751,1426824540
343,36.5126,4.8751,1426824420
343,36.5126,4.8751,1426824060
343,36.5126,4.8751,1426823820
343,36.5126,4.8751,1426823820
343,36.5126,4.8751,1426823760
343,36.5126,4.8751,1426823640
343,36.5126,4.8751,1426823640
343,36.5126,4.8751,1426823520
343,36.5126,4.8751,1426823520
343,36.5126,4.8751,1426823460
343,36.5126,4.8751,1426823280
343,36.5126,4.8751,1426823160
343,36.5126,4.8751,1426818900
343,36.5126,4.8751,1426738200
343,36.5126,4.8751,1426623840
343,36.5126,4.8751,1426572720
343,36.5126,4.8751,1426572600
343,36.5126,4.8751,1426572540
343,36.5126,4.8751,1426571520
343,36.5126,4.8751,1426570920
343,36.5127,4.8752,1426473120
343,36.5129,4.8754,1426455960
343,36.5129,4.8754,1426453860
343,36.5129,4.8754,1426453500
343,36.513,4.8754,1426406460
343,36.5129,4.8754,1426406400
343,36.5131,4.8755,1426406280
343,36.5131,4.8755,1426406220
343,36.5128,4.8752,1426406160
343,36.5128,4.8752,1426406160
343,36.5128,4.8752,1426406100
343,36.5127,4.8752,1426405920
343,36.5126,4.8751,1426400400
343,36.5126,4.8751,1426400280
343,36.5126,4.8751,1426400160
343,36.5126,4.8751,1426400100
343,36.5131,4.8755,1426388100
343,36.5182,4.8562,1426368120
343,36.5126,4.8751,1426359780
343,36.5126,4.8751,1426359600
343,36.5109,4.9,1426307100
343,36.5127,4.8756,1426220160
343,36.5108,4.8787,1426220100
343,36.5126,4.8751,1426144440
343,36.5126,4.8751,1426143960
343,36.5096,4.9023,1426131420
343,36.5126,4.8738,1426131360
343,36.508,4.8714,1426114680
343,36.5126,4.8751,1426106760
343,36.5126,4.8751,1426105860
343,36.5126,4.8751,1426105740
343,36.5126,4.8751,1426098480
343,36.5126,4.8751,1426093980
343,36.5126,4.8751,1426092900
343,36.5128,4.8754,1426092180
343,36.5129,4.8755,1426061400
343,36.5128,4.8753,1426061340
343,36.5128,4.8753,1426061340
343,36.5128,4.8753,1426061040
343,36.513,4.8757,1426060680
343,36.513,4.8757,1426060200
343,36.5129,4.8754,1426060140
343,36.5128,4.8753,1426060080
343,36.513,4.8757,1426059900
343,36.5128,4.8753,1426059720
343,36.5129,4.8754,1426059660
343,36.5129,4.8756,1426059660
343,36.5128,4.8754,1426059480
343,36.5129,4.8754,1426059360
343,36.513,4.8757,1426059360
343,36.5128,4.8754,1426059240
343,36.5128,4.8754,1426059240
343,36.5129,4.8755,1426059180
343,36.5129,4.8755,1426059120
343,36.5127,4.8752,1426059060
343,36.5127,4.8752,1426059060
343,36.5128,4.8752,1426058940
343,36.5127,4.8752,1426058940
343,36.5129,4.8755,1426058640
343,36.5128,4.8753,1426058580
343,36.5129,4.8753,1426058520
343,36.513,4.8757,1426058400
343,36.5129,4.8754,1426058340
343,36.5129,4.8755,1426058280
343,36.5127,4.8751,1426058160
343,36.5128,4.8753,1426058040
343,36.5128,4.8753,1426057920
343,36.5129,4.8755,1426057680
343,36.5128,4.8753,1426057320
343,36.5127,4.8752,1426056720
343,36.5128,4.8753,1426056300
343,36.5128,4.8753,1426056300
343,36.5129,4.8754,1426056240
343,36.513,4.8757,1426056180
343,36.5127,4.8753,1426055880
343,36.5128,4.8753,1426055820
343,36.513,4.8757,1426054080
343,36.5126,4.8751,1425880380
343,36.5126,4.8751,1425880080
343,36.5026,4.9245,1425830040
343,36.5129,4.8754,1425756540
343,36.5128,4.8754,1425693840
343,36.5077,4.8882,1425686700
343,36.5126,4.8751,1425663180
343,36.5126,4.8751,1425663060
343,36.5126,4.8751,1425661800
343,36.5126,4.8751,1425661680
343,36.5126,4.8751,1425661620
343,36.513,4.8755,1425656220
343,36.5126,4.8751,1425537060
343,36.5126,4.8751,1425537000
343,36.5126,4.8751,1425536820
343,36.5126,4.8751,1425536580
343,36.5128,4.8752,1425504540
343,36.5126,4.8751,1425488460
343,36.5126,4.8751,1425439200
343,36.5126,4.8751,1425435660
343,36.5126,4.8751,1425431760
343,36.5126,4.8751,1425415140
343,36.5127,4.8743,1425352920
343,36.5126,4.8751,1425352200
343,36.5126,4.8751,1425316560
343,36.5126,4.8751,1425268020
343,36.5126,4.8751,1425262560
343,36.5126,4.8751,1425262320
343,36.5126,4.8751,1425258000
343,36.5126,4.8751,1425257460
343,36.5126,4.8751,1425235200
343,36.5126,4.8751,1425227880
343,36.5126,4.8751,1425193080
343,36.5126,4.8751,1425192900
343,36.5126,4.8751,1425192720
343,36.5126,4.8751,1425191940
343,36.5126,4.8751,1425191940
343,36.5126,4.8751,1425191820
343,36.5127,4.8752,1425191520
343,36.5129,4.8754,1425191400
343,36.5128,4.8753,1425191340
343,36.5128,4.8753,1425191100
343,36.5127,4.8752,1425191040
343,36.5127,4.8752,1425190980
343,36.5128,4.8752,1425190980
343,36.5128,4.8753,1425190620
343,36.5123,4.8558,1425185940
343,36.5123,4.8558,1425183660
343,36.5123,4.8558,1425181440
343,36.5123,4.8558,1425181020
343,36.5123,4.8558,1425180900
343,36.508,4.8714,1425163800
343,36.5126,4.8751,1425146520
343,36.5126,4.8751,1425098820
343,36.5126,4.8751,1425098580
343,37.1812,3.5926,1424989020
343,37.171,3.5987,1424969040
343,37.19,3.609,1424902500
343,37.19,3.609,1424900400
343,37.1787,3.5906,1424825400
343,37.19,3.6091,1424801340
343,37.1,3.4455,1424633220
343,37.1,3.4455,1424633100
343,37.1786,3.603,1424632260
343,37.1,3.4455,1424629200
343,37.1814,3.6029,1424553900
343,36.5126,4.8751,1423949580
343,36.5126,4.8751,1423949400
343,36.5127,4.8751,1423937580
343,36.5127,4.8751,1423937520
343,36.5127,4.8751,1423885500
343,36.5139,4.8832,1423845300
343,36.5126,4.8751,1423841940
343,36.5126,4.8751,1423841640
343,36.5127,4.8751,1423811040
343,36.5127,4.8751,1423810680
343,36.5126,4.8751,1423810500
343,36.5127,4.8751,1423810320
343,36.5127,4.8751,1423810020
343,36.5126,4.8751,1423808820
343,36.5126,4.8751,1423799280
343,36.5126,4.8751,1423716180
343,36.5126,4.8751,1423715580
343,36.5126,4.8751,1423715160
343,36.5126,4.8751,1423714980
343,36.5126,4.8751,1423714920
343,36.5126,4.8751,1423714320
343,36.5126,4.8751,1423637460
343,36.5126,4.8751,1423633920
343,36.5126,4.8751,1423633500
343,36.5126,4.8751,1423633200
343,36.5126,4.8751,1423632720
343,36.5126,4.8751,1423632300
343,36.5126,4.8751,1423632240
343,36.5127,4.8752,1423630140
343,36.5127,4.8751,1423630080
343,36.5127,4.8759,1423601520
343,36.5126,4.8751,1423540440
343,36.5127,4.8752,1423473660
343,36.5127,4.8752,1423473600
343,36.5127,4.8752,1423473480
343,36.5127,4.8752,1423473360
343,36.5127,4.8752,1423472940
343,36.5127,4.8753,1423471260
343,36.5127,4.8752,1423470420
343,36.5127,4.8752,1423468020
343,36.5127,4.8753,1423467960
343,36.5127,4.8752,1423467780
343,36.5127,4.8752,1423467720
343,36.5127,4.8753,1423467660
343,36.5127,4.8753,1423467600
343,36.5127,4.8753,1423467360
343,36.5127,4.8752,1423467240
343,36.5127,4.8752,1423467240
343,36.5127,4.8753,1423467120
343,36.5127,4.8753,1423466940
343,36.5127,4.8752,1423466280
343,36.5127,4.8753,1423466220
343,36.5127,4.8752,1423465740
343,36.5127,4.8752,1423460100
343,36.5126,4.8751,1423458000
343,36.5126,4.8751,1423380900
343,36.5126,4.8751,1423378440
343,36.5126,4.8751,1423378440
343,36.5126,4.8751,1423378080
343,36.5126,4.8751,1423378080
343,36.5126,4.8751,1423377780
343,36.5126,4.8751,1423370160
343,36.5126,4.8751,1423335660
343,36.5126,4.8751,1423162620
343,36.5126,4.8751,1423162560
343,36.5126,4.8751,1423161720
343,36.5126,4.8751,1423161480
343,36.5112,4.8739,1423083120
343,36.5127,4.8752,1423018440
343,36.5127,4.8752,1422897000
343,36.5127,4.8752,1422896220
343,36.5128,4.8755,1422894540
343,36.5128,4.8755,1422893700
343,36.5165,4.8846,1422890880
343,36.5165,4.8846,1422890880
343,36.5133,4.898,1422889920
343,36.5126,4.8751,1422864840
343,36.5126,4.8751,1422864240
343,36.5126,4.8751,1422856020
343,36.5126,4.8751,1422855540
343,36.5126,4.8751,1422853920
343,36.5126,4.8751,1422853800
343,36.5126,4.8751,1422853620
343,36.5126,4.8751,1422852120
343,36.5126,4.8751,1422851940
343,36.5126,4.8751,1422851580
343,36.5126,4.8751,1422851520
343,36.5126,4.8751,1422848340
343,36.5126,4.8751,1422847980
343,36.5126,4.8751,1422847800
343,36.5126,4.8751,1422847680
343,36.5126,4.8751,1422847620
343,36.5126,4.8751,1422847620
343,36.5126,4.8751,1422847500
343,36.5126,4.8751,1422846960
343,36.5126,4.8751,1422842760
343,36.5126,4.8752,1422840720
343,36.5127,4.8752,1422840660
343,36.5127,4.8752,1422817380
343,36.5127,4.8752,1422741180
343,36.5128,4.8753,1422739980
343,36.5127,4.8752,1422738540
343,36.5127,4.8752,1422737520
343,36.5127,4.8752,1422736980
343,36.5126,4.8752,1422736560
343,36.5127,4.8752,1422679920
343,36.5217,4.8742,1422677640
343,36.5126,4.8751,1422642780
343,36.5126,4.8751,1422642780
343,36.5126,4.8751,1422597480
343,36.5126,4.8751,1422597360
343,36.5126,4.8751,1422597300
343,36.5126,4.8751,1422597240
343,36.5126,4.8751,1422597180
343,36.5126,4.8751,1422597060
343,36.5126,4.8751,1422595200
343,36.5126,4.8751,1422595140
343,36.5126,4.8751,1422594960
343,36.5126,4.8751,1422594840
343,36.5126,4.8751,1422594780
343,36.5126,4.8751,1422594660
343,36.5126,4.8751,1422594480
343,36.5126,4.8751,1422594300
343,36.5126,4.8751,1422594180
343,36.5126,4.8751,1422593280
343,36.5126,4.8751,1422592560
343,36.5126,4.8751,1422591840
343,36.5126,4.8751,1422591720
343,36.5126,4.8751,1422591480
343,36.5126,4.8751,1422591120
343,36.5126,4.8751,1422590700
343,36.5126,4.8751,1422587880
343,36.5126,4.875,1422550500
343,36.5126,4.8751,1422550320
343,36.5126,4.8751,1422550020
343,36.5126,4.8751,1422549660
343,36.5127,4.8752,1422509280
343,36.5081,4.8917,1422492240
343,36.5089,4.8803,1422323520
343,36.5126,4.8751,1422220860
343,36.5126,4.8751,1422220620
343,36.5126,4.8751,1422220380
343,36.5126,4.8751,1422220320
343,36.5126,4.8751,1422083160
343,36.5126,4.875,1422083100
343,36.5126,4.8751,1422082380
343,36.5126,4.8751,1422082320
343,36.5126,4.8751,1422040140
343,36.5126,4.8751,1422038820
343,36.5126,4.8751,1422038280
343,36.5126,4.8752,1421996100
343,36.5126,4.8751,1421994180
343,36.5126,4.8751,1421994060
343,36.5126,4.8751,1421993520
343,36.5126,4.8751,1421986680
343,36.5126,4.8751,1421986560
343,36.5126,4.8751,1421985060
343,36.5126,4.8751,1421984820
343,36.5127,4.8752,1421960880
343,36.5127,4.8752,1421958180
343,36.5128,4.8752,1421958000
343,36.5127,4.8752,1421957880
343,36.5127,4.8752,1421957820
343,36.5126,4.8751,1421953200
343,36.5127,4.8752,1421905380
343,36.5138,4.8886,1421901960
343,36.5164,4.8662,1421901240
343,36.5113,4.8936,1421900580
343,36.5086,4.9332,1421899320
343,36.5113,4.8936,1421899140
343,36.5127,4.8841,1421898900
343,36.5113,4.8936,1421898540
343,36.5128,4.8755,1421897280
343,36.5126,4.8751,1421791560
343,36.5138,4.8886,1421783280
343,36.5126,4.8751,1421722920
343,36.5133,4.8979,1421682300
343,36.5162,4.8827,1421681940
343,36.5126,4.8751,1421646840
343,36.5126,4.8751,1421644680
343,36.5126,4.8751,1421642400
343,36.5126,4.8751,1421641980
343,36.5126,4.8751,1421641860
343,36.5126,4.8751,1421641260
343,36.5126,4.8751,1421640840
343,36.5126,4.8751,1421640780
343,36.5126,4.8751,1421640480
343,36.5126,4.8751,1421640300
343,36.5126,4.8751,1421640120
343,36.5126,4.8751,1421639940
343,36.5126,4.8751,1421639700
343,36.5126,4.8751,1421637180
343,36.5126,4.8751,1421637060
343,36.5126,4.8751,1421636880
343,36.5126,4.8751,1421636280
343,36.5126,4.8751,1421630820
343,36.5126,4.8751,1421630820
343,36.5127,4.8753,1421528580
343,36.5126,4.8751,1421391660
343,36.5126,4.8751,1421377980
343,36.5126,4.8751,1421375100
343,36.5126,4.8751,1421375100
343,36.5126,4.8751,1421374320
343,36.5126,4.8751,1421353800
343,36.5126,4.8751,1421305020
343,36.5126,4.875,1421300100
343,36.5126,4.8751,1421299620
343,36.5126,4.8751,1421299620
343,36.5126,4.8751,1421299560
343,36.5126,4.8751,1421299380
343,36.5126,4.8751,1421299080
343,36.5126,4.8751,1421298480
343,36.5126,4.8751,1421298420
343,36.5126,4.8751,1421297820
343,36.5126,4.8751,1421296560
343,36.5126,4.8751,1421296500
343,36.5126,4.8751,1421295720
343,36.5126,4.8751,1421295540
343,36.5127,4.8752,1421209080
343,36.5126,4.8751,1421175240
343,36.5126,4.8751,1421174700
343,36.5126,4.8751,1421174580
343,36.5126,4.8751,1421173200
343,36.5127,4.8752,1421128680
343,36.5127,4.8752,1421128500
343,36.5127,4.8752,1421115000
343,36.5127,4.8752,1421114580
343,36.5127,4.8752,1421111520
343,36.5126,4.8752,1421111040
343,36.5126,4.8751,1421046540
343,36.5126,4.8751,1421046240
343,36.5126,4.8751,1421040960
343,36.5126,4.8751,1421040600
343,36.5126,4.8751,1421040480
343,36.5126,4.8751,1421040300
343,36.5126,4.8751,1421040300
343,36.5126,4.8752,1421003580
343,36.5127,4.8752,1420949160
343,36.5127,4.8752,1420948860
343,36.5126,4.8751,1420863240
343,36.5126,4.8751,1420862520
343,36.5126,4.8751,1420862040
343,36.5126,4.8751,1420828620
343,36.5127,4.8752,1420660500
343,36.5126,4.8751,1420605840
343,36.5126,4.8751,1420605840
343,36.5126,4.8751,1420605780
343,36.5036,4.918,1420410120
343,36.5127,4.8752,1420365120
343,36.5126,4.8751,1420350060
343,36.5126,4.8751,1420349400
343,36.5126,4.8751,1420349100
343,36.5127,4.8752,1420340100
343,36.6295,4.8294,1420296120
343,36.6295,4.8294,1420238280
343,36.4844,4.9942,1419722160
343,36.7119,4.4321,1419381120
343,36.7189,4.4214,1419378720
343,36.7314,4.3965,1419302520
343,36.5101,4.8864,1418855580
343,36.5148,4.9197,1417927140
343,36.5078,4.8863,1417487940
343,36.5215,4.8741,1417213920
343,36.5126,4.8751,1417068360
343,36.5126,4.8751,1417067400
343,36.5126,4.875,1417067160
343,36.5126,4.8751,1417066920
343,36.5126,4.8751,1417066860
343,36.5126,4.8751,1417066560
343,36.5126,4.8751,1417066500
343,36.5126,4.8751,1417066380
343,36.5126,4.8751,1417066260
343,36.5126,4.8751,1417065120
343,36.5126,4.8751,1417065060
343,36.5126,4.8751,1417065000
343,36.5126,4.8751,1417064880
343,36.5126,4.8751,1417064760
343,36.5126,4.8751,1417064640
343,36.5126,4.8751,1417064400
343,36.5126,4.8751,1417060740
343,36.5126,4.8751,1417060380
343,36.5126,4.8751,1417057800
343,36.5127,4.8751,1417057440
343,36.5078,4.8899,1417049760
343,36.5075,4.888,1417049700
343,36.5126,4.8751,1416975660
343,36.5127,4.8752,1416938640
343,36.5126,4.8751,1416894420
343,36.5085,4.8894,1416876300
343,36.5126,4.8751,1416808920
343,36.5127,4.8753,1416780600
343,36.5126,4.8751,1416766920
343,36.5126,4.8752,1416765240
343,36.5127,4.8753,1416765060
343,36.5126,4.8752,1416764940
343,36.5126,4.8752,1416764880
343,36.5126,4.8751,1416727380
343,36.5126,4.8751,1416721200
343,36.5128,4.8745,1416631140
343,36.5145,4.8791,1416582660
343,36.5126,4.8751,1416546780
343,36.5126,4.8751,1416462720
343,36.5126,4.8751,1416462000
343,36.5126,4.8751,1416462000
343,36.5126,4.8751,1416461460
343,36.5126,4.8751,1416461340
343,36.5126,4.8751,1416461340
343,36.5126,4.8751,1416461100
343,36.5126,4.8751,1416460800
343,36.5126,4.8751,1416460680
343,36.5126,4.8751,1416459060
343,36.5126,4.8751,1416458340
343,36.5126,4.8751,1416458220
343,36.5126,4.8751,1416458040
343,36.5126,4.8751,1416457980
343,36.5126,4.8751,1416457800
343,36.5126,4.8752,1416457680
343,36.5127,4.8752,1416432540
343,36.5139,4.8852,1416367740
343,36.5127,4.8753,1416366000
343,36.5075,4.888,1416352560
343,36.5075,4.888,1416352320
343,36.5126,4.8752,1416347280
343,36.5126,4.8751,1416336900
343,36.5126,4.8751,1416336720
343,36.5126,4.8751,1416336240
343,36.5126,4.8751,1416335820
343,36.5126,4.8751,1416335700
343,36.5126,4.8751,1416335400
343,36.5126,4.8751,1416335340
343,36.5126,4.8751,1416335280
343,36.5126,4.8751,1416335220
343,36.5126,4.8751,1416335160
343,36.5126,4.8751,1416293040
343,36.5126,4.8751,1416285780
343,36.5126,4.8751,1416285360
343,36.5126,4.8751,1416285180
343,36.512,4.8763,1416280860
343,36.5125,4.8752,1416163680
343,36.5127,4.8753,1416155460
343,36.5126,4.8752,1416116700
343,36.5135,4.9281,1416095100
343,36.5127,4.8752,1416091380
343,36.5127,4.8752,1416077520
343,36.512,4.8763,1416009300
343,36.5119,4.8763,1415997780
343,36.5126,4.8751,1415989380
343,36.5126,4.8751,1415989080
343,36.5126,4.8751,1415943360
343,36.5126,4.8751,1415943300
343,36.5126,4.8751,1415943300
343,36.5126,4.8751,1415943120
343,36.5126,4.8751,1415943000
343,36.5126,4.8751,1415942940
343,36.5126,4.8751,1415942940
343,36.5126,4.8751,1415942700
343,36.5126,4.8751,1415942580
343,36.5126,4.8751,1415937600
343,36.5126,4.8751,1415935440
343,36.5126,4.8751,1415935320
343,36.5126,4.8751,1415935200
343,36.5126,4.8751,1415935080
343,36.5126,4.8751,1415935020
343,36.5127,4.8752,1415929500
343,36.5127,4.8751,1415923800
343,36.5126,4.8751,1415923140
343,36.5127,4.8753,1415914380
343,36.5127,4.8753,1415914320
343,36.5127,4.8752,1415913840
343,36.5127,4.8752,1415913420
343,36.5127,4.8752,1415913060
343,36.5126,4.8752,1415912940
343,36.5127,4.8753,1415912880
343,36.5127,4.8753,1415912160
343,36.5127,4.8753,1415911200
343,36.5126,4.8751,1415909820
343,36.5126,4.8751,1415909520
343,36.5126,4.8751,1415909280
343,36.5126,4.8751,1415909220
343,36.5126,4.8751,1415909220
343,36.5132,4.9257,1415901060
343,36.5127,4.8752,1415894040
343,36.5126,4.8752,1415893680
343,36.5127,4.8752,1415893560
343,36.5126,4.8751,1415893320
343,36.5126,4.8751,1415893320
343,36.5127,4.8752,1415893080
343,36.5126,4.8751,1415893020
343,36.5126,4.8751,1415892960
343,36.5126,4.8751,1415892960
343,36.5126,4.8751,1415892900
343,36.5126,4.8751,1415892900
343,36.5126,4.8752,1415892720
343,36.5126,4.8752,1415892720
343,36.5127,4.8752,1415892660
343,36.5127,4.8753,1415892180
343,36.5126,4.8752,1415883060
343,36.5126,4.8751,1415817900
343,36.5126,4.8751,1415817540
343,36.5127,4.8752,1415741580
343,36.5127,4.8752,1415741460
343,36.5127,4.8752,1415741460
343,36.5127,4.8752,1415738580
343,36.5127,4.8752,1415735040
343,36.5126,4.8751,1415731560
343,36.5126,4.8751,1415730900
343,36.5127,4.8751,1415651460
343,36.5127,4.8751,1415596500
343,36.5127,4.8753,1415594760
343,36.5126,4.8752,1415573520
343,36.5127,4.8751,1415563500
343,41.2905,2.0739,1415543880
343,41.3811,2.1503,1415537640
343,41.381,2.1491,1415513520
343,41.3643,2.1527,1415493840
343,41.3768,2.1499,1415452620
343,41.3735,2.1472,1415452260
343,41.3768,2.1499,1415450160
343,41.3768,2.15,1415449740
343,41.3768,2.15,1415446680
343,36.5126,4.8751,1415383260
343,36.5126,4.8751,1415380800
343,36.5126,4.8751,1415380740
343,36.5144,4.8719,1415372100
343,36.5127,4.8752,1415370840
343,36.5126,4.8751,1415341620
343,36.5126,4.8751,1415339880
343,36.5125,4.8751,1415338920
343,36.5126,4.8752,1415293740
343,36.5126,4.8751,1415130300
343,36.5126,4.8751,1415075640
343,36.5126,4.8751,1415075520
343,36.5126,4.8751,1415075400
343,36.5125,4.8752,1415075400
343,36.5126,4.8751,1415073480
343,36.5127,4.8752,1415070240
343,36.5075,4.888,1415066580
343,36.5105,4.901,1414950060
343,36.5114,4.9089,1414946280
343,36.5127,4.8752,1414856280
343,36.5127,4.8752,1414854960
343,36.5127,4.8752,1414829820
343,36.5127,4.8752,1414829760
343,36.5127,4.8752,1414829760
343,36.5127,4.8752,1414829700
343,36.5127,4.8751,1414829460
343,36.5126,4.8752,1414829340
343,36.5127,4.8752,1414829100
343,36.5127,4.8752,1414828680
343,36.5126,4.8751,1414828080
343,36.5127,4.8753,1414828020
343,36.5127,4.8752,1414827840
343,36.5126,4.8753,1414827660
343,36.5126,4.8751,1414730400
343,36.5126,4.8751,1414730340
343,36.5128,4.8745,1414723980
343,36.5126,4.8751,1414642260
343,36.5077,4.8893,1414631100
343,36.5126,4.8751,1414631040
343,36.5127,4.8752,1414609140
343,36.5126,4.8751,1414560720
343,36.5126,4.8751,1414525800
343,36.5126,4.8751,1414525740
343,36.5126,4.8751,1414525680
343,36.5126,4.8751,1414474440
343,36.5126,4.8751,1414473960
343,36.5126,4.8751,1414473780
343,36.5126,4.8751,1414473240
343,36.5127,4.8753,1414458480
343,36.5127,4.8753,1414458420
343,36.5127,4.8754,1414457880
343,36.5127,4.8752,1414456800
343,36.5127,4.8752,1414451880
343,36.5126,4.8751,1414390020
343,36.5127,4.8752,1414359840
343,36.5125,4.8751,1414349160
343,36.5126,4.8751,1414348860
343,36.5079,4.8824,1414290960
343,36.5079,4.8824,1414288080
343,36.5127,4.8752,1414260660
343,36.5127,4.8752,1414260480
343,36.5126,4.8752,1414260180
343,36.5126,4.8751,1414216680
343,36.5126,4.8751,1414213380
343,36.5125,4.8751,1414213320
343,36.5129,4.8752,1414202700
343,36.5127,4.8752,1414177260
343,36.5126,4.8751,1414133820
343,36.5127,4.8752,1414130100
343,36.5126,4.8751,1414123860
343,36.5125,4.8751,1414123680
343,36.5125,4.8751,1414109400
343,36.5125,4.8751,1414109160
343,36.5128,4.8753,1414094040
343,36.5127,4.8753,1414093740
343,36.5127,4.8753,1414093500
343,36.5127,4.8753,1414090260
343,36.5126,4.8751,1414088640
343,36.5126,4.8752,1414084920
343,36.5128,4.8753,1414027200
343,36.5127,4.8752,1414016100
343,36.5126,4.8751,1414005900
343,36.5127,4.8751,1414004820
343,36.5127,4.8751,1414004640
343,36.5126,4.8751,1414004580
343,36.5126,4.8752,1414003500
343,36.5126,4.8751,1414003020
343,36.5126,4.8751,1414000920
343,36.5126,4.8751,1414000800
343,36.5126,4.8751,1414000560
343,36.5126,4.8752,1413997440
343,36.5126,4.8751,1413996360
343,36.5127,4.8752,1413996000
343,36.5127,4.8752,1413995520
343,36.5128,4.8754,1413995400
343,36.5127,4.8752,1413995280
343,36.5127,4.8752,1413994560
343,36.5126,4.8751,1413949680
343,36.5108,4.8793,1413940080
343,36.5125,4.8751,1413940020
343,36.509,4.8865,1413939660
343,36.5126,4.8751,1413912000
343,36.5126,4.8751,1413869100
343,36.5126,4.8751,1413866640
343,36.5125,4.8751,1413866340
343,36.5126,4.8751,1413866220
343,36.5126,4.8751,1413866100
343,36.5126,4.8751,1413865140
343,36.5126,4.8751,1413863880
343,36.5125,4.8751,1413863400
343,36.5125,4.8751,1413862260
343,36.5126,4.8751,1413861180
343,36.5128,4.8752,1413852600
343,36.5126,4.8751,1413840600
343,36.5127,4.8753,1413832560
343,36.5127,4.8752,1413821700
343,37.1735,3.6005,1413755160
343,37.1772,3.5906,1413669660
343,37.1624,4.1201,1413637740
343,36.7274,4.4673,1411893000
343,36.6967,4.4673,1411882380
343,36.5065,4.8897,1411266540
343,36.5125,4.8751,1410593880
343,36.5151,4.8953,1410592740
343,36.5125,4.8751,1410556500
343,36.5155,4.8685,1410546840
343,36.5147,4.8697,1410545700
343,36.5125,4.8751,1410503460
343,36.5117,4.8769,1410500880
343,36.5116,4.8929,1410482880
343,36.5144,4.8888,1410399780
343,36.5127,4.8752,1410396300
343,36.5125,4.8751,1410329580
343,36.5126,4.8751,1410329520
343,36.5126,4.8751,1410204480
343,36.5128,4.8745,1410203040
343,36.5127,4.8752,1410185880
343,36.5127,4.8753,1410162240
343,36.5126,4.8751,1410160500
343,36.5125,4.8751,1410159720
343,36.5126,4.8751,1410159600
343,36.5126,4.8751,1410158220
343,36.5125,4.8751,1410158100
343,36.5125,4.8751,1410158040
343,36.5125,4.8751,1410157980
343,36.5125,4.8751,1410157920
343,36.5125,4.8751,1410157860
343,36.5126,4.8751,1410157680
343,36.5125,4.8751,1410157620
343,36.5125,4.8751,1410156900
343,36.5129,4.8752,1410148620
343,36.5125,4.8751,1410046380
343,36.5125,4.8751,1410031560
343,36.5126,4.8751,1410030720
343,36.5127,4.8752,1410026940
343,36.5154,4.8686,1409992440
343,36.5154,4.8686,1409992380
343,36.5072,4.8544,1409951760
343,36.5107,4.8793,1409950440
343,36.5118,4.8772,1409950380
343,36.5126,4.8751,1409948640
343,36.5127,4.8753,1409945460
343,36.5125,4.8751,1409945160
343,36.5126,4.8751,1409945100
343,36.5126,4.8751,1409945040
343,36.5126,4.8751,1409944980
343,36.5125,4.8751,1409944800
343,36.5125,4.8751,1409944740
343,36.5126,4.8751,1409944500
343,36.5125,4.8751,1409941740
343,36.5125,4.8751,1409941680
343,36.5125,4.8751,1409896740
343,36.5125,4.8751,1409894760
343,36.5126,4.8751,1409894280
343,36.5126,4.8751,1409894220
343,36.5125,4.8751,1409894160
343,36.5125,4.8751,1409894160
343,36.4952,4.9532,1409885340
343,36.5126,4.8751,1409856180
343,36.5126,4.8751,1409856120
343,36.5126,4.8751,1409856060
343,36.5127,4.8752,1409855700
343,36.5127,4.8751,1409855520
343,36.5127,4.8752,1409855280
343,36.5127,4.8751,1409855160
343,36.5126,4.8751,1409855160
343,36.5126,4.8751,1409807100
343,36.5125,4.8751,1409806980
343,36.5126,4.8751,1409806860
343,36.5126,4.8751,1409803020
343,36.5124,4.8751,1409724300
343,36.5128,4.8752,1409627820
343,36.5127,4.8752,1409627280
343,36.5125,4.8751,1409614080
343,36.5125,4.8751,1409613480
343,36.5163,4.8812,1409604720
343,36.5125,4.8751,1409587620
343,36.5125,4.8751,1409587620
343,36.5126,4.8751,1409587440
343,36.5125,4.8751,1409587020
