4,38.3876,27.0355,1425079620
4,40.968,28.7956,1422820380
4,41.0364,28.9836,1422553500
4,41.0746,28.2421,1421948880
4,40.968,28.7956,1421848080
4,40.975,28.7979,1421520180
4,40.9859,28.7848,1421278020
4,36.8487,30.8105,1420567380
4,36.8576,30.7939,1420490700
4,40.9767,27.5169,1419609240
4,40.9655,28.7974,1418496720
4,40.9655,28.7974,1418060580
4,41.009,28.9672,1416680340
4,41.1137,28.4478,1416605760
4,40.9908,28.7142,1415737680
4,41.02,28.9731,1415660640
4,41.02,28.9731,1415540400
4,41.0348,28.9776,1415307720
4,41.0317,28.9708,1415305500
4,41.0174,28.9647,1415299500
4,41.0154,28.9634,1415298360
4,41.0623,28.8077,1414337580
4,41.0036,28.6878,1414102980
4,41.1565,28.1693,1412349300
4,41.0075,28.6574,1412094420
4,40.9907,28.7145,1412035140
4,40.9594,28.8224,1411253340
4,40.9809,28.7206,1409685060
4,40.7277,30.0699,1409668920
4,36.8857,30.7056,1409442420
4,36.8574,30.7462,1409167020
4,36.859,30.7349,1408832520
4,36.8929,30.7035,1407337440
4,36.9391,31.1726,1406999280
4,36.849,30.8044,1406734380
4,36.8525,30.7563,1406499420
4,36.8473,30.8106,1406236080
4,37.0025,30.8185,1405622760
4,36.8859,30.7055,1405379040
4,36.8524,30.8056,1405194000
4,38.7921,30.4543,1405174800
4,41.0186,28.6465,1404434880
4,41.0186,28.6465,1404261360
4,41.0186,28.6465,1404080880
4,41.0288,28.9747,1404063780
4,40.9588,28.8227,1403566500
4,40.9859,28.7848,1403239260
4,41.0456,28.9909,1403219400
4,41.0079,28.6821,1402935120
4,41.0033,28.7051,1402685400
4,40.9907,28.7143,1402608900
4,41.0215,28.974,1402440480
4,41.0128,28.6456,1402313940
4,41.0152,28.9757,1401736140
4,41.0186,28.9577,1400941260
4,40.965,28.7981,1400618220
4,40.966,28.7978,1400012460
4,40.9907,28.7143,1399926420
4,40.9873,28.7268,1399565100
4,41.02,28.956,1399506420
4,40.9998,28.9322,1399323300
4,40.9999,28.9322,1399220220
4,40.9908,28.7144,1399074420
4,40.958,28.823,1398708720
4,41.0229,28.6266,1398617880
4,41.0304,28.951,1398526380
4,40.9915,28.7971,1398445320
4,40.9908,28.7144,1398368640
4,40.9908,28.7144,1397951100
4,40.9908,28.7144,1397864160
4,40.9908,28.7144,1397685360
4,40.9659,28.7977,1397592480
4,40.9908,28.7144,1397507520
4,40.9908,28.7144,1397337000
4,41.0128,28.6456,1397313420
4,40.9658,28.798,1397153520
4,40.9787,28.7202,1396386480
4,41.0175,28.9649,1395861720
4,41.0175,28.9647,1395857640
4,41.0156,28.9634,1395610380
4,41.0362,28.9816,1393949340
4,40.9784,28.8176,1393883340
4,41.0201,28.9732,1393602120
4,40.9915,28.7971,1393428720
4,40.9959,28.7122,1393268640
4,40.9915,28.7971,1392745260
4,41.0326,28.9462,1392492780
4,41.0287,28.9745,1392240780
4,41.0326,28.9462,1392234120
4,41.038,28.9447,1392225000
4,41.0322,28.9471,1392131940
4,40.958,28.823,1392069360
4,41.0171,28.9757,1391965980
4,41.0311,28.9825,1391898600
4,41.0425,29.0072,1391124720
4,40.973,28.8043,1390601700
4,41.0364,28.9836,1390419000
4,40.9809,28.8437,1390057860
4,40.9915,28.7971,1389465120
4,41.0348,28.9777,1388023080
4,41.0325,28.9744,1388009880
4,41.0364,28.9836,1388008080
4,40.9912,28.7976,1387296420
4,40.9906,28.7148,1387055460
4,41.0961,27.9998,1386526740
4,41.0332,28.9456,1386450240
4,41.0332,28.9456,1386419460
4,41.0128,28.6456,1386070200
4,41.0175,28.9705,1385929920
4,40.9967,28.7104,1385409420
4,40.9967,28.7104,1385408940
4,41.0257,28.9577,1385321160
4,41.0174,28.9714,1385314200
4,41.0473,29.0327,1384699200
4,41.023,29.0479,1384694400
4,41.0573,29.0302,1383833160
4,41.0321,28.9471,1383225900
4,41.0146,28.9756,1382817900
4,41.0201,28.9732,1382814240
4,41.0152,28.9757,1382808960
4,40.9742,28.7176,1382737380
4,41.0329,28.9463,1382661900
4,40.9915,28.7971,1382458320
4,40.9908,28.7143,1382393880
4,41.0329,28.9463,1382294760
4,40.9997,28.9322,1382220180
4,40.9997,28.9263,1382210340
4,41.0321,28.9809,1382126340
4,41.0175,28.9705,1382102640
4,41.0321,28.9809,1382057520
4,41.0362,28.9472,1382035260
4,41.0329,28.9463,1382018940
4,41.0276,28.9566,1381976760
4,41.026,28.9581,1381948800
4,41.026,28.9578,1381946220
4,40.9877,29.0369,1381876020
4,41.0321,28.9809,1381588980
4,41.0324,28.9769,1381510440
4,41.0332,28.9773,1381433940
4,41.0324,28.9769,1381427640
4,41.0324,28.9769,1381425480
4,41.0321,28.9809,1381422300
4,40.9915,28.7971,1381158000
4,40.9742,28.7176,1381095120
4,40.9909,28.715,1381004400
4,40.9742,28.7176,1380661260
4,40.9809,28.7206,1380566640
4,40.694,30.2802,1380553080
4,39.4938,29.8353,1380490860
4,39.4228,29.9882,1380397980
4,38.7921,30.4544,1380385920
4,37.0027,30.8192,1380126000
4,37.0027,30.8192,1380123840
4,36.8478,30.8103,1379953320
4,36.8036,30.5846,1379852280
4,36.8525,30.7823,1379358960
4,36.8661,30.6776,1378925220
4,36.8478,30.7647,1378850820
4,36.8816,30.7034,1378683420
4,36.8639,30.7285,1378516740
4,36.8508,30.7823,1378483200
4,36.8858,30.7048,1378257240
4,36.8858,30.7048,1378252860
4,37.0026,30.8182,1377953580
4,36.886,30.7018,1377903240
4,36.8581,30.9203,1377454860
4,36.8507,30.7615,1377043860
4,36.8561,30.7632,1376956680
4,36.885,30.7056,1376432400
4,36.8839,30.709,1376427600
4,36.8713,30.6549,1376424360
4,36.8828,30.7087,1376172840
4,36.885,30.7059,1376170200
4,36.8514,30.8543,1375885920
4,36.8858,30.7055,1375568880
4,36.8511,30.8058,1375312800
4,36.8574,30.7462,1375044300
4,36.8508,30.7823,1374610860
4,36.8581,30.7464,1374433320
4,36.8489,30.8042,1373912760
4,36.8486,30.8107,1373905080
4,36.8522,30.7577,1373494980
4,36.9023,30.762,1373313000
4,39.7641,30.5245,1373129820
4,39.7812,30.4842,1373122680
4,39.4228,29.9882,1373035620
4,41.0104,28.9783,1372810200
4,41.0382,28.9474,1372599780
4,41.01,28.6578,1371861480
4,41.0702,29.0458,1371676380
4,40.9908,28.7142,1371401880
4,40.9935,28.9269,1371320160
4,41.0341,28.979,1371053520
4,40.979,28.7276,1370571660
4,41.0383,28.9869,1370551080
4,41.0383,28.9869,1370463060
4,41.0369,28.9855,1370381040
4,41.0369,28.9855,1370356860
4,40.9606,28.8068,1370008080
4,40.9774,28.7196,1370000520
4,40.9998,28.7645,1369947780
4,40.9908,28.7142,1369864860
4,41.0201,28.9732,1369850280
4,41.0143,28.9401,1369776720
4,41.1398,28.1517,1369497240
4,41.0757,28.2524,1369490520
4,40.9915,28.7971,1369413900
4,40.9915,28.7973,1369263240
4,41.0258,29.0163,1368997560
4,41.0263,28.9741,1368975120
4,41.0201,28.9732,1368833460
4,41.0263,28.9741,1368658080
4,41.0099,28.6594,1368652920
4,41.0043,28.689,1368568980
4,41.0224,28.9748,1368483720
4,41.0096,28.6596,1368467460
4,41.0201,28.9732,1368461940
4,41.011,28.6566,1368380820
4,41.0065,28.9776,1368368880
4,41.0389,28.9929,1368301860
4,41.0257,28.9741,1368293640
4,41.0173,28.9751,1368288120
4,41.0065,28.9776,1368225120
4,41.0043,28.689,1368124920
4,41.0097,28.6599,1368042900
4,41.0065,28.9776,1368016800
4,41.0536,28.9335,1367963460
4,41.0542,28.9338,1367954400
4,36.8511,30.8058,1367705520
4,36.8511,30.8058,1367453460
4,36.8478,30.8105,1367318640
4,36.8507,30.8078,1367262660
4,36.8692,30.7184,1367194500
4,36.8639,30.7284,1367109480
4,36.8591,30.7366,1367105040
4,36.8577,30.7563,1367070840
4,36.8864,30.705,1367025600
4,36.8839,30.709,1367024580
4,36.8837,30.7017,1367022360
4,36.8515,30.7612,1367014440
4,36.8507,30.8071,1367003700
4,36.8484,30.81,1366988040
4,36.8515,30.7612,1366924680
4,36.8507,30.7824,1366921980
4,36.8511,30.8058,1366849980
4,36.8484,30.81,1366737480
4,36.8484,30.81,1366646160
4,36.8484,30.81,1366635780
4,36.8937,30.7041,1366548000
4,41.0098,28.6575,1366408800
4,41.0099,28.6582,1366407060
4,41.01,28.6576,1365622500
4,41.0104,28.6578,1365362640
4,40.9859,28.7848,1365274680
4,40.9915,28.7971,1365191820
4,41.01,28.659,1365108660
4,41.0103,28.658,1365017040
4,41.0096,28.6581,1364932680
4,40.9916,28.7967,1364904360
4,41.0101,28.6576,1364853480
4,41.0103,28.6575,1364845320
4,40.9902,28.7963,1364831820
4,40.9915,28.7971,1364823240
4,40.9915,28.7971,1364820000
4,40.9606,28.8072,1364750520
4,40.9712,28.7915,1364748060
4,40.9969,28.7103,1364677740
4,41.0045,28.6891,1364506560
4,41.0045,28.6891,1364399520
4,41.0101,28.6576,1364337840
4,41.0101,28.6576,1364242320
4,40.9965,28.7048,1364151360
4,41.0045,28.6891,1364136840
4,40.9858,28.7963,1363997340
4,40.9915,28.7971,1363956540
4,41.0036,28.6877,1363898820
4,41.0045,28.6891,1363887960
4,40.9724,28.7235,1363879560
4,41.0045,28.6891,1363792980
4,40.9606,28.8068,1363633800
4,41.0043,28.689,1363569660
4,40.9926,28.7168,1363548120
4,40.9907,28.7143,1363539180
4,41.0045,28.6891,1363532160
4,40.9967,28.7105,1363470660
4,41.0045,28.6891,1363360980
4,41.0045,28.6891,1363203240
4,41.0093,28.8032,1363094340
4,40.9885,28.8484,1363044600
4,40.9817,28.7298,1363010700
4,41.0657,28.2878,1362931860
4,41.0101,28.6576,1362695580
4,41.0324,28.9766,1362590760
4,40.9969,28.7103,1362481500
4,40.9615,28.8069,1362423540
4,40.9615,28.8069,1362420240
4,40.9929,28.6986,1362273060
4,40.9929,28.6986,1362254640
4,40.9776,28.8189,1362253560
4,40.973,28.8043,1362185040
4,41.0664,28.9941,1362003120
4,41.0956,29.0059,1361986980
4,40.9969,28.7103,1361823960
4,41.0097,28.658,1361746980
4,40.9969,28.7103,1361708940
