405,34.4748,114.3173,1419709920
405,34.4748,114.3173,1419667980
405,34.4748,114.3173,1419540600
405,34.4748,114.3173,1419535080
405,34.4748,114.3173,1419073800
405,34.4748,114.3172,1419019380
405,34.4748,114.3173,1418987460
405,34.4748,114.3172,1418975580
405,34.4748,114.3172,1418975280
405,34.4748,114.3173,1418780820
405,34.4748,114.3173,1418585340
405,34.4748,114.3173,1418516940
405,34.4748,114.3173,1417994160
405,34.4748,114.3173,1417989840
405,34.4748,114.3173,1417951740
405,34.4748,114.3173,1417845840
405,34.4748,114.3173,1417845660
405,34.4748,114.3172,1417381140
405,34.4748,114.3172,1417381020
405,34.4748,114.3174,1417380420
405,34.4748,114.3173,1417380060
405,34.4748,114.3173,1417344540
405,34.4748,114.3173,1417341360
405,34.4748,114.3173,1417331460
405,34.4748,114.3173,1417330620
405,34.4748,114.3173,1417038900
405,34.4748,114.3173,1416992700
405,34.4748,114.3173,1416726300
405,34.4748,114.3173,1416651420
405,34.4748,114.3173,1416646860
405,34.4748,114.3173,1415562120
405,34.4748,114.3173,1415522700
405,34.4747,114.3172,1415439660
405,34.4748,114.3173,1414913940
405,34.4747,114.3173,1414866780
405,34.4748,114.3173,1414352760
405,34.4748,114.3173,1414315380
405,34.4748,114.3173,1414266420
405,34.4747,114.3172,1414229040
405,32.2199,110.9809,1412937660
405,32.2195,110.9817,1412936880
405,32.2199,110.9809,1412936700
405,34.4748,114.3173,1412671020
405,34.4748,114.3173,1412669220
405,34.4748,114.3173,1412668800
405,34.4748,114.3173,1412498520
405,34.4748,114.3173,1412473200
405,34.4747,114.3172,1412414700
405,34.4748,114.3173,1412365140
405,34.4748,114.3173,1411937640
405,34.4748,114.3173,1411914180
405,34.4748,114.3173,1411913400
405,34.4748,114.3173,1411803180
405,34.4748,114.3173,1411797060
405,34.4748,114.3173,1411336080
405,34.4748,114.3173,1411335240
405,34.4747,114.3172,1411290900
405,34.4748,114.3173,1411241820
405,34.4748,114.3173,1410720780
405,34.4748,114.3173,1410638340
405,34.4748,114.3173,1410636480
405,34.4748,114.3173,1410585960
405,34.4748,114.3173,1410334620
405,34.4748,114.3173,1410152340
405,34.4748,114.3173,1409553120
405,34.4748,114.3173,1409519700
405,34.4748,114.3173,1409475660
405,34.4748,114.3173,1409475420
405,34.4748,114.3173,1408924560
405,34.4748,114.3173,1408876200
405,34.4748,114.3173,1408866360
405,34.4748,114.3173,1408865460
405,34.4748,114.3173,1408846860
405,34.4748,114.3173,1408846800
405,34.4748,114.3173,1408845600
405,34.4748,114.3173,1408845540
405,34.4748,114.3173,1408845540
405,34.4748,114.3173,1408841460
405,34.4748,114.3173,1408796460
405,34.4748,114.3173,1408794480
405,34.4748,114.3173,1408792140
405,34.4748,114.3173,1408791720
405,34.4748,114.3173,1408791660
405,34.4748,114.3173,1408335000
405,34.4748,114.3173,1408335000
405,34.4748,114.3173,1408330920
405,34.4748,114.3173,1408330620
405,34.4748,114.3173,1408323900
405,34.4748,114.3173,1408322460
405,34.4748,114.3173,1408223160
405,34.4748,114.3173,1408176180
405,34.4748,114.3173,1408167360
405,34.4747,114.3173,1407107040
405,34.4748,114.3173,1407005400
405,34.4748,114.3173,1406949000
405,34.4748,114.3172,1406895600
405,34.4748,114.3173,1406786340
405,34.4748,114.3173,1406782320
405,34.4748,114.3173,1406775720
405,34.4748,114.3174,1406774280
405,34.4748,114.3173,1406767680
405,34.4748,114.3173,1406766420
405,34.4748,114.3173,1406721600
405,34.4748,114.3173,1406711220
405,34.4748,114.3173,1406681160
405,34.4748,114.3173,1406639460
405,34.4748,114.3173,1406639280
405,34.4748,114.3174,1406637900
405,34.4748,114.3173,1406637240
405,34.4748,114.3174,1406637000
405,34.4748,114.3172,1406631600
405,34.4747,114.3172,1406594700
405,34.4748,114.3173,1406500860
405,34.4748,114.3173,1406418540
405,33.3057,111.944,1406325600
405,33.3058,111.944,1406324460
405,33.3057,111.9439,1406324460
405,33.3057,111.9439,1406277660
405,34.4748,114.3173,1406145780
405,34.4748,114.3173,1406070960
405,28.3305,81.5998,1405849440
405,28.3305,81.5998,1405848720
405,28.3305,81.5998,1405848720
405,28.3305,81.5998,1405846740
405,28.3305,81.5999,1405766340
405,28.3305,81.5998,1405764660
405,28.3305,81.5998,1405755360
405,28.3305,81.5998,1405755360
405,28.3305,81.5998,1405754700
405,28.3305,81.5998,1405754640
405,28.3304,81.5994,1405620120
405,28.3304,81.5994,1405506420
405,28.3305,81.5994,1405506420
405,28.3305,81.5994,1405506360
405,28.3305,81.5994,1405505940
405,28.3304,81.5994,1405505520
405,28.3305,81.5998,1405419060
405,28.3305,81.5998,1405409880
405,28.3305,81.5998,1405338540
405,28.3305,81.5998,1405338060
405,28.3305,81.5998,1405327680
405,34.4748,114.3171,1387953540
405,34.4748,114.3171,1387928040
405,34.4748,114.3171,1387794960
405,34.4748,114.3171,1382783640
405,34.4937,114.3094,1382305920
405,34.4937,114.3094,1382305860
405,34.4937,114.3094,1382305800
405,34.4939,114.3096,1382213400
405,34.4942,114.3094,1382213040
405,34.4748,114.3171,1381705440
405,34.4748,114.3171,1381695120
405,34.4748,114.3171,1381665240
405,34.4748,114.3171,1381607280
405,34.4748,114.3171,1381606680
405,34.4748,114.3171,1381580700
405,34.4748,114.3171,1381578420
405,34.4748,114.3171,1381578360
405,34.4749,114.3172,1381569540
405,34.4748,114.3171,1381472820
405,34.4748,114.3171,1381464900
405,34.4747,114.3171,1381308120
405,34.4747,114.3171,1381308120
405,34.4747,114.3171,1381307880
405,34.4748,114.3171,1381295340
405,34.4749,114.3171,1380490560
405,34.4747,114.3171,1380490140
405,34.4748,114.3172,1380454440
405,34.4748,114.317,1380454020
405,34.4748,114.3171,1380451740
405,34.4749,114.3171,1380451140
405,34.4749,114.3171,1380450300
405,34.4749,114.317,1379893080
405,34.475,114.3171,1379887080
405,34.475,114.3171,1379887020
405,34.4748,114.3169,1379884860
405,34.4748,114.3172,1379883300
405,34.4748,114.3171,1379852700
405,34.4749,114.317,1379851140
405,34.4749,114.317,1379851080
405,34.4748,114.3171,1379848200
405,34.4748,114.3171,1379822880
405,34.4747,114.3173,1379822820
405,34.4748,114.317,1379821500
405,34.4749,114.3171,1379820120
405,34.4747,114.3171,1379761980
405,34.4749,114.317,1379760120
405,34.4748,114.3171,1379757660
405,34.4748,114.3171,1379739000
405,34.4747,114.3171,1379738700
405,34.475,114.3173,1379733360
405,34.475,114.3173,1379733300
405,34.4748,114.3171,1379281860
405,34.4748,114.3173,1379242140
405,34.4748,114.3171,1379241420
405,34.4748,114.3172,1379239440
405,34.4747,114.3171,1379239320
405,34.4747,114.3171,1379217420
405,34.4748,114.3171,1379216460
405,34.4748,114.3171,1379131260
405,34.4747,114.317,1379129940
405,34.4749,114.3171,1379120100
405,34.494,114.3095,1378672440
405,34.4749,114.3171,1378550580
405,34.4749,114.3171,1378549620
405,34.4748,114.3171,1378549560
405,34.4748,114.3171,1378546020
405,34.4748,114.3171,1378545960
405,34.4749,114.3171,1378545540
405,34.4749,114.3171,1378545480
405,34.4749,114.3171,1378542840
405,34.4749,114.3171,1378542840
405,34.4749,114.3171,1378537320
405,34.4749,114.3171,1378529880
405,34.4748,114.3171,1378173000
405,34.4749,114.3171,1378163460
405,34.4749,114.3171,1378162680
405,34.4749,114.3171,1378162620
405,34.4749,114.317,1378155840
405,34.4748,114.3171,1378155720
405,34.4749,114.317,1378155660
405,34.4747,114.3172,1378155660
405,34.4748,114.3171,1378153620
405,34.4748,114.3171,1378116480
405,34.4748,114.3171,1378116420
405,34.4748,114.3171,1378116360
405,34.4749,114.3171,1378115460
405,34.4747,114.3171,1378105920
405,34.4749,114.3171,1378105920
405,34.4747,114.3172,1378104840
405,34.4747,114.3172,1378104660
405,34.4749,114.3171,1378100580
405,34.4749,114.3171,1378098660
405,34.4748,114.3171,1378069800
405,34.4749,114.3171,1378062000
405,34.4748,114.3171,1378033440
405,34.4748,114.3172,1378030080
405,34.4747,114.3173,1378023540
405,34.4747,114.3172,1378023000
405,34.4747,114.3172,1378023000
405,34.4748,114.3166,1378022460
405,34.4748,114.317,1378020120
405,34.4748,114.317,1378020120
405,34.4749,114.3171,1378016700
405,34.4749,114.3172,1378016640
405,34.4749,114.3172,1378016640
405,34.4749,114.3171,1377945540
405,34.4748,114.3172,1377945060
405,34.4749,114.3171,1377938940
405,34.4749,114.317,1376975040
405,34.4748,114.3171,1376973600
405,34.4748,114.3171,1376970780
405,34.4748,114.3171,1376941920
405,34.4748,114.3171,1376910180
405,34.4749,114.3172,1376892540
405,34.4748,114.3171,1376892480
405,34.4748,114.3171,1376878440
405,34.4748,114.3171,1376877960
405,34.4748,114.3171,1376860500
405,34.4749,114.3172,1376832300
405,34.4748,114.3172,1376824380
405,34.4748,114.3172,1376824380
405,34.4748,114.3171,1376808720
405,34.4749,114.317,1376799960
405,34.4749,114.317,1376799900
405,34.4749,114.3171,1376738340
405,34.475,114.3172,1376738280
405,34.4748,114.3171,1376728800
405,34.4749,114.3172,1376124360
405,34.4749,114.3172,1376124360
405,34.4748,114.3171,1376054640
405,34.4749,114.3171,1376013360
405,34.4748,114.3173,1375969800
405,34.4748,114.3173,1375969800
405,34.4749,114.3172,1375880820
405,34.475,114.3172,1375880460
405,34.475,114.3172,1375870980
405,34.4749,114.3171,1375828800
405,34.4748,114.3171,1375789380
405,34.4748,114.3171,1375487760
405,34.4748,114.3171,1375442460
405,34.475,114.3172,1375421640
405,34.4747,114.3171,1375400880
405,34.4747,114.3172,1375359960
405,34.4747,114.3176,1375359960
405,34.4748,114.317,1375353060
405,34.4747,114.3172,1375347180
405,34.4747,114.3172,1375347120
405,34.4749,114.3171,1375270860
405,33.3068,111.9441,1375221480
405,33.3071,111.9439,1375182780
405,33.3067,111.944,1375140840
405,33.3068,111.9439,1375103820
405,33.3068,111.9439,1375103760
405,33.3068,111.944,1375097460
405,33.3068,111.9439,1375092720
405,34.4747,114.3176,1374982260
405,34.4747,114.3171,1374966420
405,34.4747,114.3176,1374939600
405,34.4747,114.3176,1374939540
405,34.4747,114.3176,1374930240
405,34.4747,114.3173,1374930060
405,34.4747,114.3176,1374929820
405,34.4747,114.3176,1374928680
405,34.4747,114.3171,1374928440
405,34.5455,114.3534,1374894180
405,34.5455,114.3533,1374894120
405,32.5988,96.7749,1374479280
405,32.5988,96.7751,1374459480
405,32.5988,96.775,1374459480
405,32.5987,96.7747,1374437820
