408,49.9014,97.1287,1427782440
408,49.8977,97.1388,1427248080
408,49.8985,97.1403,1427165340
408,49.9014,97.1288,1426237800
408,53.834,101.2593,1423722480
408,49.8937,97.1948,1421636580
408,49.9074,97.1651,1421569920
408,49.8657,97.1456,1421312400
408,49.8836,97.1973,1421209440
408,49.8836,97.1973,1421140500
408,49.8951,97.1457,1420982460
408,49.8836,97.1973,1420969860
408,49.8836,97.1973,1420969260
408,49.8219,97.1544,1420787820
408,49.8836,97.1973,1420746780
408,49.8962,97.0638,1420615680
408,49.8711,97.1395,1420376400
408,49.9074,97.1651,1420359120
408,49.8992,97.1329,1420083720
408,49.8283,97.1089,1420080060
408,49.9131,97.1709,1419932760
408,49.8836,97.1973,1419919560
408,49.8836,97.1973,1419919260
408,49.8836,97.1973,1419754140
408,49.8836,97.1973,1419753240
408,49.8944,97.3042,1419568500
408,49.8944,97.3042,1419562740
408,49.8944,97.3042,1419499680
408,49.8992,97.1329,1419487500
408,49.9384,97.2024,1419482640
408,49.8837,97.1974,1419378000
408,49.8836,97.1973,1418562300
408,49.8836,97.1973,1418562180
408,49.8951,97.1458,1418561880
408,49.9052,97.068,1418293680
408,49.8836,97.1973,1417653720
408,49.8836,97.1973,1417574640
408,49.8954,97.1384,1417574400
408,49.884,97.202,1417343520
408,49.8836,97.1973,1417252500
408,49.8836,97.1973,1416304380
408,49.8823,97.1988,1415930640
408,49.9083,97.1215,1415339160
408,49.883,97.1976,1415338920
408,53.8286,101.2456,1414837440
408,53.8286,101.2456,1414837320
408,49.883,97.1976,1414033740
408,49.9065,97.1119,1413973260
408,49.8703,97.0726,1413711540
408,49.8703,97.0726,1413709380
408,49.883,97.1976,1413609960
408,49.8823,97.1988,1413542700
408,49.8837,97.1974,1413448740
408,49.9027,97.0656,1413358800
408,49.8747,97.1423,1412659560
408,49.92,97.1711,1411958700
408,49.8985,97.1403,1411619820
408,49.8822,97.1599,1411619580
408,49.8822,97.1599,1411617780
408,49.887,97.1312,1411531500
408,49.887,97.1312,1411530960
408,49.887,97.1312,1411530600
408,49.9046,97.1587,1410146760
408,43.6852,79.6211,1409725440
408,43.6321,79.4213,1409701980
408,43.6443,79.367,1409482140
408,43.6445,79.3683,1409479860
408,43.639,79.3894,1409321040
408,43.6643,79.3804,1409310360
408,43.639,79.3894,1409304120
408,43.6584,79.3823,1408880460
408,43.6321,79.4213,1408780020
408,43.6321,79.4213,1408779900
408,43.6321,79.4213,1408613160
408,43.6321,79.4213,1408612920
408,43.6321,79.4213,1408612740
408,43.6321,79.4213,1408612560
408,43.6584,79.3823,1408572600
408,43.6584,79.3823,1408568580
408,43.6561,79.3803,1408527000
408,43.6561,79.3803,1408526520
408,43.6583,79.3819,1408526100
408,43.6405,79.376,1408516380
408,43.6405,79.3761,1408516200
408,43.6164,79.373,1408515720
408,43.6425,79.386,1408513500
408,43.6425,79.386,1408512840
408,43.6425,79.386,1408504020
408,43.6379,79.4092,1408421580
408,43.6512,79.3841,1408421520
408,43.6385,79.4505,1408421400
408,43.6445,79.3683,1408421220
408,43.6445,79.3683,1408420800
408,43.6445,79.3683,1408420500
408,43.6445,79.3683,1408419900
408,43.649,79.3917,1408419420
408,43.6403,79.3769,1408149420
408,43.6539,79.3811,1408089120
408,43.6137,79.5487,1408065000
408,49.9059,97.2242,1408026720
408,49.9052,97.068,1408015740
408,49.9273,97.106,1407583740
408,49.9,97.1333,1407467220
408,49.9019,97.0682,1407322020
408,49.9,97.1333,1407311100
408,49.8992,97.1329,1407292800
408,49.8703,97.1384,1407226620
408,49.8703,97.1384,1407225960
408,50.4335,104.6559,1407171000
408,50.4335,104.6559,1407166140
408,50.4501,104.638,1407046320
408,50.447,104.6123,1406896200
408,50.4501,104.638,1406805480
408,50.4421,104.6179,1406711880
408,52.1286,106.6613,1406612280
408,53.541,113.5063,1406454420
408,53.5714,113.4532,1406453700
408,53.5652,113.4573,1406447580
408,53.565,113.4539,1406447220
408,53.5714,113.4532,1406379840
408,53.5652,113.4573,1406106000
408,53.5689,113.4585,1406105100
408,53.5227,113.6266,1406083680
408,53.5652,113.4573,1405847040
408,53.5181,113.4972,1405716420
408,53.5997,113.4017,1405677420
408,53.5652,113.4573,1405585500
408,53.5652,113.4573,1405419120
408,51.0358,114.0483,1405345560
408,51.0353,114.0573,1404976020
408,51.0358,114.0483,1404351600
408,51.0358,114.0483,1404296040
408,51.0358,114.0483,1404295380
408,51.0446,114.0631,1404289140
408,51.0456,114.0647,1404274920
408,51.046,114.0709,1404187140
408,51.0454,114.0693,1404177840
408,51.0546,114.0603,1404093120
408,51.0464,114.0672,1404092700
408,51.059,114.0676,1404092520
408,51.0353,114.0573,1404029100
408,51.0456,114.0647,1403922840
408,51.0458,114.0694,1403862420
408,51.0458,114.0694,1403861520
408,51.0458,114.0694,1403861460
408,51.0353,114.0573,1403859360
408,51.0322,114.0586,1403851200
408,49.9057,97.2233,1403814060
408,49.8966,97.046,1403699160
408,49.8954,97.1384,1403672820
408,49.8399,97.212,1403594400
408,49.8399,97.212,1403593620
408,49.8956,97.2039,1403593320
408,49.8954,97.1384,1403593080
408,49.8956,97.2039,1403141520
408,49.8856,97.3131,1402747620
408,49.9052,97.068,1402647000
408,49.8905,97.1408,1402468560
408,49.8954,97.1384,1402467720
408,51.0812,98.7776,1402203780
408,49.9057,97.2233,1402135080
408,49.8948,97.0684,1401603960
408,49.9255,97.1564,1401174000
408,49.8857,97.1708,1401078780
408,49.8822,97.1599,1401067080
408,49.9192,97.1712,1400568240
408,49.8967,97.1393,1400405580
408,49.8285,97.1086,1400292240
408,49.8954,97.1384,1400292000
408,49.8951,97.1458,1400232300
408,49.9037,97.0662,1400030580
408,49.8992,97.1329,1399641840
408,49.8562,97.0493,1399366500
408,49.9287,97.1281,1399028160
408,49.9068,97.1227,1398924960
408,49.8078,97.1431,1398910620
408,49.8078,97.1431,1398910200
408,49.8624,97.1287,1398845280
408,49.891,97.1361,1398833700
408,49.9083,97.1215,1398418200
408,49.8985,97.1403,1398329580
408,49.92,97.1711,1398263040
408,49.8607,97.1185,1398150720
408,49.8916,97.1498,1398140820
408,50.4478,104.4807,1398088080
408,51.204,113.9925,1398055140
408,51.204,113.9925,1398044520
408,51.1138,114.0468,1398037320
408,51.1105,114.0625,1398036780
408,51.0358,114.0483,1397987340
408,51.0503,114.0624,1397985660
408,51.0877,114.1116,1397984580
408,51.0447,114.0629,1397982480
408,51.0447,114.0629,1397982180
408,51.0447,114.0629,1397981760
408,51.0455,114.0631,1397975040
408,53.523,113.6202,1397960460
408,53.3076,113.5843,1397959620
408,51.0458,114.0694,1397905680
408,51.0448,114.0628,1397895000
408,51.0448,114.0628,1397873160
408,49.8823,97.1988,1397789520
408,49.92,97.1711,1396944420
408,49.8951,97.1222,1395987480
408,49.8906,97.1272,1395931440
408,49.8993,97.0702,1390819800
408,49.8941,97.1707,1389952860
408,49.8967,97.1393,1389548820
408,49.8781,97.1456,1389548280
408,49.8967,97.1393,1389546240
408,49.8967,97.1393,1389546120
408,49.8967,97.1393,1389542280
408,49.8967,97.1393,1389541980
408,49.8805,97.1426,1389516540
