422,51.2493,22.5538,1411333020
422,51.2493,22.5538,1411318740
422,48.9474,2.5061,1409652900
422,48.8401,2.3815,1405087620
422,48.8694,2.781,1404246480
422,48.9473,2.5066,1400224560
422,48.9473,2.5066,1400224500
422,48.9475,2.5063,1398913140
422,48.9475,2.5062,1398912900
422,48.9475,2.5062,1398912900
422,48.9475,2.5062,1398912720
422,48.9475,2.5062,1398912240
422,48.9475,2.5062,1398911400
422,48.9242,2.3607,1398624660
422,48.9242,2.3607,1398623760
422,48.9473,2.506,1394807040
422,48.853,2.3497,1393455240
422,48.9475,2.5062,1392593880
422,48.9475,2.5063,1392246540
422,48.9475,2.5063,1389938340
422,48.9475,2.5063,1388639040
422,48.9475,2.5062,1388543340
422,48.8565,2.3524,1388102100
422,48.9404,2.5025,1386699480
422,48.9453,2.5064,1386699060
422,48.9475,2.5056,1386698580
422,48.9475,2.5063,1382925480
422,48.9475,2.5063,1382871120
422,48.9475,2.5063,1382871060
422,48.8925,2.3268,1382855340
422,48.8875,2.3255,1382843520
422,48.932,2.4947,1382828700
422,48.8636,2.3269,1382787420
422,48.9927,2.5196,1382289180
422,48.9913,2.5226,1382287440
422,48.9473,2.5061,1382266440
422,48.9473,2.5061,1382264280
422,48.9474,2.5062,1382264100
422,48.9472,2.5062,1382263860
422,48.9473,2.5062,1382263620
422,48.9471,2.5062,1382262360
422,48.9473,2.5061,1382261700
422,48.9472,2.5064,1382261640
422,48.9474,2.5062,1382259060
422,48.9475,2.5063,1382258820
422,48.9475,2.5063,1382258760
422,48.9475,2.5063,1382256300
422,48.9475,2.5063,1382255100
422,48.9475,2.5063,1382254980
422,48.9475,2.5063,1382254260
422,48.9475,2.5063,1382253900
422,48.9475,2.5063,1382253660
422,48.9475,2.5063,1382253480
422,48.9475,2.5063,1382253420
422,48.9475,2.5063,1382253300
422,48.9475,2.5063,1382253060
422,48.9475,2.5063,1382253000
422,48.9475,2.5063,1382251560
422,48.9475,2.5062,1382251440
422,48.9475,2.5062,1382250900
422,48.8531,2.3458,1381017120
422,48.9474,2.5062,1380900180
422,48.8701,2.2848,1379735220
422,49.0289,2.0164,1379231940
422,48.918,2.363,1379194500
422,48.8907,2.3061,1379137320
422,49.0461,2.0397,1378663860
422,48.9475,2.5063,1378368900
422,48.9476,2.5063,1378368840
422,48.9473,2.5065,1378250760
422,48.9181,2.3627,1378150800
422,48.9475,2.5063,1377739680
422,48.9475,2.5062,1377664200
422,48.9475,2.5063,1377664200
422,48.9475,2.5063,1377655440
422,48.9475,2.5063,1377584640
422,48.9475,2.5063,1377583920
422,48.9475,2.5063,1377583740
422,48.9475,2.5063,1377583740
422,48.9473,2.5064,1377583080
422,48.9475,2.5063,1377577920
422,48.8658,2.6082,1377281640
422,48.9475,2.5063,1377230820
422,48.9243,2.3601,1377185820
422,48.8636,2.3269,1377138780
422,48.8585,2.3376,1377133740
422,48.8498,2.3446,1377129720
422,48.9007,2.3542,1376872560
422,48.8371,2.379,1376858820
422,48.9306,2.4247,1376852280
422,48.9475,2.5063,1376842800
422,48.9296,2.4213,1376839740
422,50.2588,2.8616,1376828520
422,50.2736,2.871,1376828520
422,50.2804,2.8752,1376828460
422,51.2565,22.5326,1375915980
422,51.2565,22.5326,1375915860
422,51.2565,22.5326,1375915620
422,48.9473,2.5061,1374551400
422,48.9473,2.5062,1374551220
422,48.9472,2.5061,1374550080
422,48.9473,2.5062,1374547800
422,48.9472,2.5061,1374547800
422,48.9184,2.3631,1374456120
422,48.9172,2.3607,1374456060
422,48.9136,2.3552,1374456000
422,48.8754,2.2947,1374448620
422,48.8753,2.2947,1374448560
422,48.9448,2.5084,1374444720
422,48.9324,2.4936,1374441060
422,48.9272,2.4046,1374440700
422,48.9272,2.4046,1374440460
422,48.8213,2.4902,1374418680
422,48.8217,2.4905,1374418620
422,48.8213,2.4902,1374379980
422,48.8213,2.4901,1374379860
422,48.8212,2.4902,1374379800
422,48.8216,2.49,1374374940
422,48.9475,2.5063,1374178800
422,48.9475,2.5063,1374178440
422,48.9475,2.5063,1374177900
422,48.9475,2.5063,1374177660
422,48.9474,2.5062,1374177600
422,48.9475,2.5063,1374177240
422,48.9475,2.5063,1374171300
422,48.9475,2.5062,1374123540
422,43.4241,6.7978,1374097320
422,43.7047,7.2618,1374094740
422,43.7146,7.2554,1374046080
422,43.7146,7.2554,1374045900
422,43.7146,7.2555,1374035400
422,43.7146,7.2554,1374035340
422,43.6958,7.2678,1374014040
422,43.6958,7.2678,1374012900
422,43.6958,7.2678,1374002640
422,43.6952,7.2677,1374002580
422,43.6958,7.2678,1374001920
422,43.6955,7.2677,1373996880
422,43.6953,7.2675,1373988900
422,43.6951,7.2674,1373975100
422,43.7135,7.2606,1373969820
422,43.7135,7.2606,1373969580
422,43.7135,7.2605,1373968680
422,43.7134,7.2603,1373943660
422,43.7136,7.2606,1373942700
422,43.7136,7.2606,1373939400
422,43.7135,7.2603,1373939280
422,43.7136,7.2605,1373937480
422,43.7135,7.2607,1373937240
422,43.7136,7.2607,1373937060
422,43.7135,7.2606,1373936760
422,43.7136,7.2605,1373936220
422,43.7135,7.2605,1373929800
422,43.6951,7.2713,1373915460
422,43.7132,7.2608,1373905200
422,43.7132,7.2608,1373905020
422,43.7134,7.2607,1373904780
422,43.7133,7.2607,1373904660
422,43.7135,7.2605,1373904600
422,43.7137,7.2605,1373904300
422,43.7137,7.2607,1373904180
422,43.7134,7.2607,1373900340
422,43.7135,7.2604,1373898060
422,43.7136,7.2606,1373847480
422,43.7459,7.4327,1373832360
422,43.746,7.4328,1373829720
422,43.7371,7.4215,1373827500
422,43.7343,7.4218,1373826480
422,43.7049,7.2616,1373821320
422,43.6979,7.2655,1373814720
422,43.7137,7.2608,1373771700
422,43.7054,7.2649,1373736120
422,43.6947,7.274,1373654760
422,43.6947,7.274,1373654760
422,43.7136,7.2607,1373637180
422,43.7054,7.2649,1373579220
422,43.7054,7.2649,1373573760
422,43.7054,7.2649,1373573700
422,43.6947,7.274,1373571600
422,43.6948,7.2717,1373569080
422,43.6947,7.274,1373566800
422,43.4675,6.5992,1373552760
422,43.4675,6.5992,1373552700
422,43.4085,6.4137,1373552160
422,46.3511,0.3129,1373324940
422,46.16,1.2777,1373220780
422,46.1574,1.15,1373160780
422,46.1574,1.15,1373045580
422,46.1352,1.0905,1372598880
422,46.1352,1.0905,1372598700
422,48.8405,2.3196,1362610140
422,48.8405,2.3196,1362610020
422,48.8621,2.3495,1361561880
422,48.9475,2.5064,1359426300
422,48.9475,2.5064,1359425220
422,48.8189,2.4176,1359065100
422,48.819,2.4176,1359065040
422,48.8189,2.4176,1359063000
422,48.8189,2.4175,1359062880
422,48.819,2.4176,1359061740
422,48.873,2.3553,1359055800
422,48.873,2.3553,1359051360
422,48.8729,2.3553,1359051240
422,48.8729,2.3553,1359050580
422,48.873,2.3554,1359050460
422,48.873,2.3553,1359050340
422,48.8621,2.3452,1359044460
422,48.8617,2.3452,1359040680
422,48.9218,2.3706,1359038400
422,48.9218,2.3706,1359038340
422,48.9474,2.5062,1358990040
422,48.9474,2.5062,1358989320
422,48.9473,2.5062,1358988960
422,48.9474,2.5063,1358982540
422,48.9473,2.5062,1358970960
422,48.9473,2.5062,1358970900
422,48.9472,2.5062,1358970780
422,48.9473,2.5062,1358970720
422,48.9472,2.5061,1358970180
422,48.9473,2.5062,1358970060
422,48.9473,2.5062,1358969940
422,48.9473,2.5062,1358968800
422,48.9475,2.5064,1358951940
422,48.9474,2.5063,1358912400
422,48.9475,2.5063,1358912100
422,48.9473,2.5062,1358910900
422,48.9474,2.5063,1358910780
422,48.9473,2.5062,1358910540
422,48.9474,2.5062,1358910060
422,48.9474,2.5063,1358909880
422,48.9474,2.5062,1358909640
422,48.9474,2.5063,1358909040
422,48.9475,2.5064,1358908680
422,48.9475,2.5064,1358908560
422,48.9475,2.5065,1358908440
422,48.9475,2.5064,1358908380
422,48.9475,2.5064,1358908320
422,48.9475,2.5064,1358908020
422,48.9475,2.5069,1358905260
422,48.9447,2.5084,1358886540
422,48.9448,2.5083,1358885880
422,48.9452,2.5088,1358884260
422,48.9475,2.5064,1358876700
422,48.9445,2.5094,1358873460
422,48.9387,2.5093,1358859900
422,48.9475,2.5064,1358851440
422,48.9475,2.5065,1358824980
422,48.9474,2.5062,1358819700
422,48.9475,2.5064,1358814480
422,48.9475,2.5063,1358814420
422,48.9475,2.5064,1358814240
422,48.9475,2.5064,1358814120
422,48.9475,2.5064,1358813760
422,48.9475,2.5063,1358813760
422,48.9475,2.5064,1358813640
422,48.9475,2.5063,1358813640
422,48.9475,2.5063,1358810880
422,48.9475,2.5065,1358809560
422,48.9475,2.5063,1358808660
422,48.9475,2.5065,1358808360
422,48.9475,2.5063,1358808300
422,48.9476,2.5063,1358807640
422,48.9475,2.5065,1358807580
422,48.9476,2.5065,1358807100
422,48.9474,2.5062,1358804100
422,48.9474,2.5063,1358803860
422,48.9472,2.5064,1358803500
422,48.9474,2.5063,1358801040
422,48.9474,2.5063,1358800800
422,48.9474,2.5062,1358799540
422,48.9475,2.5063,1358791920
422,48.9475,2.5063,1358791320
422,48.9475,2.5064,1358769120
422,48.9475,2.5063,1358743800
422,48.9474,2.5063,1358743440
422,48.9475,2.5063,1358743320
422,48.9475,2.5064,1358743200
422,48.9475,2.5063,1358742900
422,48.9475,2.5063,1358742720
422,48.9475,2.5063,1358742720
422,48.9475,2.5063,1358742600
422,48.9475,2.5064,1358742600
422,48.9474,2.5063,1358742480
422,48.9475,2.5063,1358742240
422,48.9475,2.5063,1358742180
422,48.9475,2.5063,1358742180
422,48.9475,2.5063,1358742060
422,48.9475,2.5064,1358741640
422,48.9474,2.5063,1358741580
422,48.9475,2.5063,1358741220
422,48.9475,2.5063,1358740560
422,48.9475,2.5063,1358740440
422,48.9474,2.5063,1358740200
422,48.9475,2.5063,1358739840
422,48.9459,2.5006,1358735940
422,48.9473,2.5062,1358735520
422,48.9473,2.5062,1358735280
422,48.9473,2.5062,1358735160
422,48.9473,2.5062,1358734980
422,48.9474,2.5063,1358732820
422,48.9473,2.5062,1358731800
422,48.9473,2.5062,1358730660
422,48.9473,2.5062,1358730360
422,48.9473,2.5061,1358729760
422,48.9473,2.5062,1358729280
422,48.9473,2.5061,1358728920
422,48.9473,2.5062,1358723160
422,48.9473,2.5062,1358709360
422,48.9473,2.5062,1358694660
422,48.9473,2.5062,1358689260
422,48.9474,2.5062,1358684400
422,48.9473,2.5062,1358676660
422,48.9474,2.5063,1358671980
422,48.9474,2.5063,1358665680
422,48.9474,2.5063,1358661900
422,48.9474,2.5062,1358659380
422,48.9473,2.5062,1358658060
422,48.9474,2.5062,1358647500
422,48.949,2.5275,1358620140
422,48.9473,2.5062,1358611440
422,48.9474,2.5063,1358607180
422,48.9475,2.5063,1358584560
422,48.9475,2.5063,1358584500
422,48.9475,2.5063,1358584260
422,48.9475,2.5063,1358584020
422,48.9475,2.5063,1358583720
422,48.9474,2.5063,1358583660
422,48.9475,2.5063,1358583540
422,48.9474,2.5062,1358583420
422,48.949,2.489,1358575440
422,48.9473,2.4898,1358575320
422,48.948,2.5012,1358571300
422,48.9475,2.5049,1358571000
422,48.9474,2.5061,1358570940
422,48.9474,2.5063,1358570100
422,48.9474,2.5063,1358567640
422,48.9475,2.5063,1358565900
422,48.9474,2.5063,1358563620
422,48.9474,2.5063,1358563560
422,48.9474,2.5063,1358563440
422,48.9475,2.5063,1358563320
422,48.9475,2.5063,1358562780
422,48.9473,2.5062,1358562420
422,48.9473,2.5062,1358559600
422,48.9473,2.5062,1358557920
422,48.9473,2.5062,1358557800
422,48.9474,2.5062,1358557620
422,48.9473,2.5062,1358557320
422,48.9474,2.5063,1358557140
422,48.9474,2.5062,1358557080
422,48.9472,2.5062,1358557020
422,48.9474,2.5063,1358557020
422,48.9473,2.5062,1358556960
422,48.9473,2.5062,1358556900
422,48.9473,2.5062,1358556000
422,48.9473,2.5062,1358554260
422,48.9474,2.5062,1358554200
422,48.9473,2.5062,1358554200
422,48.9473,2.5062,1358554080
422,48.9474,2.5063,1358553720
422,48.9474,2.5062,1358552100
422,48.9475,2.5063,1358477760
422,48.9474,2.5062,1358459640
422,48.9473,2.5062,1358459460
422,48.9456,2.5065,1358458860
422,48.9474,2.5064,1358440080
422,48.9474,2.5063,1358439780
422,48.9426,2.5087,1358435400
422,48.9392,2.5095,1358431200
422,48.9432,2.5105,1358425680
422,48.9436,2.5105,1358425260
422,48.9431,2.5106,1358424900
422,48.9464,2.5058,1358423940
422,48.9474,2.5063,1358418960
422,48.9474,2.5063,1358418840
422,48.9475,2.5064,1358418840
422,48.9474,2.5063,1358390880
422,48.9475,2.5063,1358381760
422,48.9475,2.5063,1358377980
422,48.9475,2.5064,1358377800
422,48.9475,2.5063,1358377680
422,48.9248,2.3872,1358368440
422,48.9184,2.3621,1358368320
422,48.8581,2.3495,1358362920
422,48.8609,2.3483,1358347620
422,48.8911,2.2371,1357170060
422,48.891,2.2373,1357169700
422,48.8639,2.2995,1356912240
422,48.8619,2.2973,1356911880
422,48.8604,2.2942,1356911520
422,48.8599,2.2938,1356911220
422,48.8592,2.2936,1356910860
422,48.8586,2.2939,1356910680
422,48.8581,2.2949,1356910200
422,48.8584,2.2946,1356910080
422,48.829,2.3868,1356905220
422,48.9309,2.4279,1356902340
422,48.9473,2.5062,1356892080
422,48.9474,2.5063,1356891900
422,48.9475,2.5064,1356855000
422,48.9475,2.5063,1356854940
422,48.9474,2.5063,1356851220
422,48.9474,2.5063,1356851160
422,48.9474,2.5063,1356850920
422,48.9475,2.5063,1356850800
422,48.9475,2.5064,1356839640
422,48.9475,2.5063,1356836340
422,48.9474,2.5062,1356836280
422,48.9475,2.5063,1356836220
422,48.8582,2.3495,1356831780
422,48.8577,2.3508,1356831600
422,48.8578,2.3517,1356831420
422,48.8578,2.3517,1356831120
422,48.8578,2.3517,1356830880
422,48.8564,2.351,1356818220
422,48.8564,2.3512,1356817500
422,48.8565,2.3511,1356817500
422,48.8563,2.3513,1356817380
422,48.8565,2.3511,1356817200
422,48.8565,2.3511,1356817140
422,48.8565,2.3512,1356817080
422,48.8563,2.3513,1356816720
422,48.8574,2.3522,1356813900
422,48.8575,2.3523,1356813900
422,48.9475,2.5063,1356801600
422,48.9475,2.5063,1356801300
422,48.9475,2.5063,1356801060
422,48.9475,2.5063,1356800880
422,48.9475,2.5063,1356798960
422,48.9475,2.5063,1356797880
422,48.9475,2.5063,1356797820
422,48.9475,2.5063,1356797700
422,48.9474,2.5063,1356758700
422,48.9475,2.5063,1356757680
422,48.9474,2.5063,1356757680
422,48.9474,2.5064,1356757560
422,48.9475,2.5063,1356757440
422,48.9475,2.5063,1356757380
422,48.9475,2.5063,1356757320
422,48.9474,2.5063,1356757260
422,48.9474,2.5063,1356757080
422,48.9475,2.5063,1356756660
422,48.9474,2.5063,1356756540
422,48.9474,2.5063,1356756420
422,48.9475,2.5063,1356756180
422,48.9475,2.5063,1356756120
422,48.9474,2.5063,1356756060
422,48.9475,2.5063,1356755100
422,48.9474,2.5063,1356755040
422,48.9475,2.5064,1356751320
422,48.9475,2.5064,1356751260
422,48.9474,2.5063,1356750900
422,48.9475,2.5063,1356750660
422,48.8682,2.312,1356738720
422,48.8684,2.3109,1356738480
422,48.87,2.3082,1356738120
422,48.8716,2.3022,1356737640
422,48.8721,2.2999,1356737400
422,48.8728,2.2982,1356737280
422,48.8615,2.3341,1356736500
422,48.9322,2.4336,1356735240
422,48.9327,2.453,1356720120
422,48.9473,2.5063,1356718260
422,48.9473,2.5063,1356718200
422,48.9474,2.5063,1356718140
422,48.9474,2.5064,1356717960
422,48.9475,2.5064,1356715320
422,48.9475,2.5063,1356714180
422,48.9474,2.5063,1356713640
422,48.9475,2.5064,1356713580
422,48.9474,2.5063,1356662700
422,48.9474,2.5063,1356662520
422,48.9475,2.5063,1356658260
422,48.9475,2.5067,1356657900
422,48.9474,2.5067,1356657900
422,48.9479,2.5068,1356657600
422,48.9475,2.5064,1356657480
422,48.9475,2.5063,1356657120
422,48.9475,2.5063,1356652320
422,48.9474,2.5062,1356648420
422,48.9473,2.5062,1356646620
422,48.9473,2.5062,1356646620
422,48.9473,2.5062,1356646620
422,48.9475,2.5063,1356645960
422,48.9475,2.5063,1356645780
422,48.9475,2.5063,1356645180
422,48.9475,2.5063,1356645180
422,48.9475,2.5063,1356645060
422,48.9475,2.5064,1356645000
422,48.9475,2.5064,1356644340
422,48.9475,2.5063,1356644280
422,48.9475,2.5063,1356635160
422,48.9474,2.5062,1356631260
422,48.9476,2.5069,1356630540
422,48.9475,2.5063,1356630180
422,48.9475,2.5063,1356629940
422,48.9475,2.5064,1356629640
422,48.9475,2.5064,1356624780
422,48.9475,2.5063,1356623940
422,48.9475,2.5064,1356623820
422,48.9475,2.5063,1356623760
422,48.9474,2.5064,1356575220
422,48.9474,2.5063,1356574740
422,48.9474,2.5063,1356574260
422,48.9474,2.5063,1356545160
422,48.9474,2.5063,1356544260
422,48.9474,2.5062,1356543480
422,48.9474,2.5064,1356543360
422,48.936,2.5027,1356536160
422,48.9388,2.5016,1356536160
422,48.9474,2.5063,1356503280
422,48.9473,2.5063,1356483000
422,48.9473,2.5063,1356479580
422,48.9475,2.5064,1356448440
422,48.9475,2.5063,1356409560
422,48.9475,2.5063,1356409380
422,48.9474,2.5063,1356409320
422,48.9475,2.5063,1356388380
422,48.9474,2.5063,1356364500
422,48.9472,2.5064,1356231360
422,48.9474,2.5063,1356231120
422,48.9474,2.5063,1356230160
422,48.9474,2.5063,1356227820
422,48.9474,2.5063,1356224040
422,48.9453,2.5063,1356220320
422,48.9422,2.5051,1356220080
422,48.9475,2.5063,1356206640
422,48.9478,2.5074,1356205020
422,48.9477,2.5076,1356204240
422,48.9469,2.5094,1356204240
422,48.9464,2.5104,1356203940
422,48.9464,2.5104,1356203880
422,48.9497,2.5207,1356203400
422,48.9474,2.5063,1356148980
422,48.9474,2.5063,1356148320
422,48.9475,2.5063,1356147840
422,48.9475,2.5064,1356147840
422,48.9475,2.5063,1356145980
422,48.9475,2.5064,1356141360
422,48.9475,2.5063,1356139860
422,48.9475,2.5063,1356139860
422,48.9475,2.5063,1356139860
422,48.9475,2.5064,1356139500
422,48.9474,2.5063,1356139200
422,48.9343,2.4938,1356127380
422,48.9475,2.5063,1356062700
422,48.9474,2.5063,1356059460
422,48.9474,2.5063,1356059400
422,48.9473,2.5068,1356055560
422,48.9474,2.5063,1356055500
422,48.9474,2.5063,1356055500
422,48.9475,2.5063,1356046920
422,48.9473,2.5067,1356044280
422,48.9428,2.5088,1356032760
422,48.9475,2.5063,1355974560
422,48.9475,2.5064,1355973840
422,48.9444,2.4971,1355961480
422,48.944,2.4956,1355961420
422,48.9425,2.496,1355961420
422,48.9324,2.4958,1355960700
422,48.9325,2.4959,1355960640
422,48.9325,2.4959,1355960640
422,48.932,2.4954,1355960220
422,48.9308,2.426,1355960040
422,48.9263,2.3995,1355959980
422,48.9192,2.3621,1355959920
422,48.915,2.3568,1355959860
422,48.9475,2.5063,1355882640
422,48.9475,2.5063,1355880480
422,48.9475,2.5064,1355869980
422,48.9474,2.5063,1355855760
422,48.9473,2.5062,1355854800
422,48.947,2.5062,1355854620
422,48.9472,2.5113,1355841540
422,48.9475,2.5063,1355797560
422,48.9474,2.5062,1355793180
422,48.9475,2.5063,1355791080
422,48.9475,2.5063,1355790600
422,48.9542,2.4992,1355781180
422,48.9488,2.4937,1355780700
422,48.9474,2.5006,1355780460
