440,34.0356,117.6952,1427854740
440,34.0356,117.6954,1427747880
440,34.0355,117.6952,1427515800
440,34.0356,117.6952,1427149800
440,33.8476,118.3909,1427058540
440,33.8476,118.3909,1427058420
440,33.8476,118.3909,1427020800
440,33.9289,118.37,1426997220
440,34.0332,117.6099,1426908540
440,34.033,117.6097,1426905240
440,34.033,117.6097,1426905120
440,34.0355,117.6953,1426833480
440,33.8764,118.0292,1426802640
440,34.0355,117.6952,1426592340
440,34.0355,117.6953,1426528680
440,34.0357,117.6952,1426023900
440,34.0354,117.6952,1425943980
440,33.7989,117.922,1425869280
440,34.0356,117.6952,1425723420
440,34.0355,117.6953,1425641940
440,34.0354,117.6953,1425637500
440,34.0356,117.6952,1425076500
440,34.0356,117.6952,1425074100
440,34.0356,117.6952,1425040560
440,34.0355,117.6951,1424944560
440,34.0355,117.6952,1424862720
440,34.0357,117.6952,1424763600
440,34.0355,117.6952,1424691900
440,34.0354,117.6952,1424671680
440,34.0356,117.6952,1424599560
440,34.0354,117.6952,1424586240
440,34.0357,117.6952,1424492160
440,34.0356,117.6952,1424432100
440,33.7366,117.7836,1424349960
440,34.0355,117.6952,1424314020
440,33.8474,118.3907,1424057520
440,33.8476,118.3908,1424023620
440,34.0356,117.6954,1423902780
440,34.0357,117.6951,1423813320
440,34.0355,117.6952,1423482960
440,34.0355,117.6952,1423407960
440,34.0356,117.6952,1423404720
440,34.0263,117.79,1423351980
440,34.0354,117.6953,1423219500
440,34.0356,117.6952,1422879360
440,34.0355,117.6952,1422877800
440,34.0356,117.6953,1422791820
440,34.0355,117.6953,1422656280
440,34.0354,117.6952,1422623640
440,34.0357,117.6952,1422606600
440,34.0356,117.6952,1422533160
440,34.0357,117.6953,1422503760
440,34.0356,117.6952,1422500820
440,34.0357,117.6952,1422441060
440,34.0355,117.6952,1422268860
440,34.0358,117.695,1421902500
440,33.9117,118.3702,1421799360
440,34.0355,117.6952,1421726280
440,34.0356,117.6951,1421402760
440,34.0355,117.6953,1421145480
440,34.0356,117.6954,1421068320
440,34.0355,117.6953,1421061780
440,33.8744,118.3959,1420747860
440,33.8598,118.3952,1420725000
440,34.0356,117.6952,1420528020
440,34.0518,117.5468,1420262640
440,34.0356,117.6952,1419770520
440,34.0355,117.6953,1419739740
440,34.0356,117.6952,1419664140
440,33.9821,117.7025,1419321180
440,34.0357,117.6952,1419169980
440,34.0356,117.6951,1418733780
440,34.0357,117.6953,1418693220
440,34.0355,117.6953,1418682060
440,34.0358,117.6952,1418389680
440,34.0031,117.7127,1418353740
440,33.9859,117.7133,1418353620
440,34.0355,117.6953,1418294760
440,34.0358,117.6951,1417729560
440,34.0358,117.6952,1417729500
440,34.0354,117.6952,1417727880
440,34.0357,117.6951,1417725000
440,34.0357,117.6953,1417691580
440,34.036,117.6956,1417577700
440,34.0913,118.2612,1417327080
440,34.0358,117.695,1417238640
440,34.0354,117.6952,1417143480
440,34.0354,117.6953,1417143000
440,34.0357,117.6954,1416914640
440,34.0356,117.6951,1416800460
440,34.0357,117.6952,1416746280
440,33.8831,118.4098,1416477720
440,34.1547,118.4663,1416467400
440,34.0197,117.9883,1416258840
440,34.0128,117.9818,1416258720
440,34.0356,117.6954,1416216780
440,33.8606,118.1525,1416044040
440,34.0355,117.6952,1415875380
440,34.0356,117.6952,1415769960
440,34.0356,117.6952,1415718180
440,34.0356,117.6952,1415695440
440,34.165,118.3677,1415403240
440,34.0357,117.6953,1411006260
440,34.0357,117.6952,1410993600
440,34.0356,117.6952,1410986220
440,34.1548,118.3963,1410715440
440,34.0828,117.7627,1410576900
440,34.0357,117.6953,1410573360
440,34.0359,117.6954,1410571620
440,34.0359,117.6954,1410418200
440,34.0357,117.6956,1410383040
440,34.0355,117.6952,1410335400
440,34.0353,117.6951,1410332220
440,34.0359,117.6954,1410331680
440,34.0355,117.6952,1410302460
440,34.0907,118.3725,1409976180
440,33.8638,118.3974,1409914260
440,33.8637,118.3976,1409914020
440,33.8638,118.3974,1409912160
440,33.8638,118.3974,1409911260
440,34.0355,117.6952,1409870100
440,34.0356,117.6951,1409744220
440,34.0356,117.6952,1409734500
440,34.0357,117.6953,1409734440
440,34.0355,117.6953,1409730120
440,34.0356,117.6952,1409701020
440,33.8634,118.3974,1409215740
440,34.0359,117.6954,1409171520
440,34.0358,117.6952,1409095920
440,34.0357,117.6953,1409044320
440,34.0355,117.6952,1408592760
440,34.0355,117.6952,1408539720
440,34.0356,117.6952,1408361400
440,35.2103,116.1152,1408348200
440,34.0355,117.6952,1408106160
440,34.0357,117.6954,1408062060
440,33.7368,117.7836,1407920880
440,34.0358,117.6952,1407840360
440,34.0358,117.6953,1407797880
440,34.0357,117.6953,1407446220
440,34.0357,117.6952,1407238380
440,34.0356,117.6952,1407142380
440,34.0358,117.6955,1407138660
440,33.8475,118.3908,1406866440
440,34.0357,117.6951,1406739120
440,34.0358,117.6953,1406713740
440,34.063,117.6606,1406535480
440,34.0211,118.2802,1406515020
440,34.0356,117.6955,1406455020
440,33.8475,118.3906,1405481160
440,34.0357,117.6955,1405326180
440,34.0356,117.6951,1405250040
440,34.0356,117.6954,1404804000
440,33.8477,118.3911,1404474180
440,34.0356,117.6952,1404384780
440,34.0356,117.6953,1404379980
440,34.0542,117.7733,1404361200
440,34.0544,117.7733,1404358320
440,34.0356,117.6952,1404287820
440,34.0355,117.6953,1404281040
440,34.0357,117.6954,1404013860
440,34.0357,117.6952,1403938080
440,34.0356,117.6952,1403676900
440,34.0356,117.6952,1403674680
440,34.0354,117.6954,1403584380
440,34.0356,117.6952,1403517780
440,34.0355,117.6953,1403434920
440,34.022,117.7503,1403346120
440,34.064,117.7589,1403345520
440,34.0354,117.6953,1403087340
440,34.0356,117.6952,1403087280
440,34.0356,117.6953,1403072040
440,34.0357,117.6954,1403066400
440,34.0357,117.6953,1403043600
440,34.0356,117.6952,1403013240
440,34.0357,117.6952,1403000580
440,34.0357,117.6954,1402993740
440,34.0357,117.6953,1402991100
440,33.9945,117.8809,1402983720
440,36.1233,115.1711,1402813020
440,34.0385,118.2366,1402467060
440,34.0356,117.6952,1402376160
440,34.0357,117.6952,1402353300
440,34.0357,117.6952,1402275600
440,33.9841,117.8427,1402123380
440,34.0353,117.6953,1401857460
440,34.0356,117.6953,1401854280
440,34.0357,117.6953,1401846480
440,34.0514,117.5466,1401748440
440,34.0357,117.6954,1401613140
440,34.0355,117.6951,1401479880
440,43.0788,79.08,1401352380
440,43.079,79.0804,1401264480
440,43.079,79.0811,1401258540
440,40.694,74.1724,1400600100
440,34.0356,117.6952,1400561040
440,34.0357,117.6953,1400478540
440,34.0357,117.6952,1400477940
440,34.0483,117.7366,1400374140
440,34.0355,117.6951,1400320260
440,34.0356,117.6952,1400314980
440,34.0358,117.6953,1400237220
440,34.0356,117.6953,1400146140
440,34.0355,117.6952,1400018820
440,34.0356,117.6955,1399927800
440,34.0356,117.6952,1399889220
440,34.0357,117.695,1399889220
440,34.0351,117.6956,1399878420
440,34.0354,117.6954,1399782780
440,34.0356,117.6953,1399345020
440,34.0355,117.6953,1399289400
440,34.0357,117.6953,1399187880
440,34.0357,117.6953,1399187820
440,34.0356,117.6954,1399108140
440,34.0356,117.6953,1399070100
440,34.0356,117.6952,1398995160
440,34.0357,117.6955,1398921420
440,34.0356,117.6952,1398834480
440,34.0357,117.6954,1398829320
440,34.0356,117.6953,1398826080
440,34.0356,117.6953,1398328800
440,34.0356,117.6953,1397975100
440,34.0356,117.6952,1397971860
440,33.9979,117.7184,1397968440
440,34.0356,117.6953,1397736240
440,34.0357,117.6954,1397719320
440,34.0357,117.6953,1397719320
440,34.0354,117.6952,1397685180
440,34.0708,118.3609,1397537820
440,34.0357,117.6952,1397519340
440,34.0356,117.6956,1397466300
440,34.0357,117.6953,1397457060
440,34.0357,117.6953,1397454240
440,33.9713,117.7511,1397436120
440,34.0355,117.6953,1397386920
440,34.0268,118.3923,1397285940
440,34.0073,118.4077,1397285400
440,33.9896,118.4438,1397283960
440,33.9896,118.444,1397281860
440,34.0357,117.6953,1397213460
440,34.0356,117.6952,1397203620
440,34.0357,117.6952,1397203320
440,34.0357,117.6954,1397195820
440,33.738,117.8253,1397010000
440,34.0357,117.6953,1396953180
440,34.0356,117.6952,1396861860
440,34.0355,117.6953,1396856760
440,34.0356,117.6952,1396770420
440,34.0357,117.6953,1396769520
440,34.0355,117.6953,1396769520
440,34.0356,117.6953,1396690500
440,34.0357,117.6955,1396661160
440,34.0356,117.6953,1396649700
440,34.0337,118.1114,1396598400
440,34.0459,118.2475,1396592340
440,34.0356,117.6952,1396520760
440,34.0356,117.6952,1396498980
440,34.0357,117.6953,1396353240
440,34.0294,117.7073,1396347000
440,34.1509,118.6862,1396323060
440,36.1014,115.1722,1396243620
440,36.1015,115.1725,1396191000
440,36.1014,115.1725,1396190220
440,36.1014,115.1724,1396186620
440,36.1139,115.1674,1396158960
440,34.0356,117.6952,1396068360
440,34.0357,117.6953,1395914220
440,38.5101,122.48,1395808020
440,38.4888,122.4496,1395795120
440,38.2469,122.2716,1395748380
440,34.0194,117.6904,1395283320
440,34.0357,117.6954,1395203700
440,34.0356,117.6952,1395089820
440,34.0356,117.6953,1395058680
440,34.0355,117.6952,1395054240
440,33.7368,117.7838,1394796720
440,34.0357,117.6953,1394664360
440,34.0356,117.6952,1394659980
440,34.0356,117.6952,1394524020
440,34.0355,117.6953,1394458140
440,34.0355,117.6952,1394458020
440,34.0355,117.6952,1394457960
440,34.0355,117.6953,1394442180
440,34.0355,117.6954,1394251140
440,34.0357,117.6954,1394183700
440,34.0356,117.6952,1394178960
440,34.0356,117.6954,1394176200
440,34.0357,117.6952,1394081340
440,34.0357,117.6953,1394081220
440,33.8705,117.9244,1394027100
440,34.0357,117.6954,1393998300
440,34.0355,117.6952,1393839540
440,34.0355,117.6952,1393659060
440,34.0477,118.2614,1393635960
440,34.0355,117.6952,1393586340
440,34.01,117.7425,1393566780
440,34.0356,117.6952,1393563420
440,34.0355,117.6952,1393492020
440,34.0356,117.6951,1393486020
440,34.0356,117.6952,1393471320
440,34.0356,117.6952,1393413840
440,34.0355,117.6952,1393378320
440,34.0356,117.6952,1393351320
440,34.0354,117.6953,1393242060
440,34.0356,117.6952,1393071720
440,34.0356,117.6953,1393070100
440,34.0356,117.6952,1393050420
440,34.0322,117.6077,1392982620
440,34.0354,117.6954,1392712380
440,33.8719,117.9244,1392473160
440,33.8701,117.9253,1392469620
440,34.0356,117.6951,1392460380
440,34.0357,117.6955,1392439620
440,34.0356,117.6952,1392429900
440,34.0356,117.6952,1392429900
440,34.0357,117.6952,1392429660
440,34.0356,117.6952,1392424140
440,34.0356,117.6952,1392420900
440,34.0412,118.0691,1392367560
440,34.035,118.3329,1392365100
440,34.0356,117.6953,1392123420
440,34.0355,117.6951,1392030720
440,34.0356,117.6952,1392019860
440,34.0146,117.7423,1391921460
440,34.0356,117.6953,1391908800
440,34.0357,117.6955,1391905980
440,34.0355,117.6951,1391858700
440,34.0356,117.6952,1391253600
440,34.0356,117.6952,1391243700
440,34.0356,117.6953,1391210700
440,34.0356,117.6952,1391163120
440,34.0356,117.6952,1391081040
440,34.0354,117.695,1391047680
440,34.0356,117.6953,1391041800
440,34.0356,117.6952,1390998360
440,34.0356,117.6954,1390907400
440,34.0356,117.6952,1390907340
440,34.0355,117.6951,1390904700
440,34.0007,117.73,1390886940
440,34.0357,117.6954,1390876260
440,34.0365,118.1591,1390747920
440,34.0356,117.6953,1390366200
440,34.0356,117.6952,1390350840
440,34.0357,117.6952,1390117380
440,34.0356,117.6953,1390006320
440,34.0356,117.6952,1389961320
440,34.0356,117.6954,1389958440
440,34.0357,117.6953,1389948240
440,34.0357,117.6954,1389947580
440,34.0356,117.6952,1389938580
440,34.0354,117.6953,1389916440
440,34.0367,118.3778,1389842100
440,34.0619,118.3685,1389841920
440,34.0356,117.6953,1389826020
440,34.0359,117.6946,1389796560
440,34.0358,117.6949,1389750420
440,34.0355,117.6952,1389623100
440,34.0356,117.6952,1389615600
440,34.0356,117.6952,1389615300
440,34.003,117.7277,1389585240
440,34.0356,117.6955,1389579600
440,33.7176,117.9739,1389474300
440,34.0356,117.6954,1389459840
440,34.0357,117.6954,1389458580
440,34.0356,117.6952,1389458340
440,34.0356,117.6953,1389458220
440,33.8915,117.8731,1389452580
440,34.0355,117.6953,1389412080
440,34.0355,117.6952,1389406500
440,34.0356,117.6952,1389402180
440,34.0356,117.6952,1389333960
440,34.0356,117.6953,1389251880
440,34.0357,117.6953,1389246300
440,34.0356,117.6952,1389231900
440,34.0356,117.6952,1389228060
440,34.0356,117.6954,1389226500
440,34.0356,117.6951,1389159900
440,34.0356,117.6953,1389152760
440,34.0356,117.6952,1389152040
440,34.0356,117.6952,1389151740
440,34.0356,117.6953,1389151140
440,34.0355,117.6952,1389150900
440,34.0356,117.6953,1389150480
440,34.0356,117.6953,1389150480
440,34.0356,117.6953,1389149940
440,34.0148,117.742,1389145200
440,34.0356,117.6953,1389088680
440,34.0356,117.6953,1389086760
440,34.0355,117.6953,1389084300
440,34.0355,117.6952,1389083100
440,34.0355,117.6953,1389002580
440,34.0356,117.6953,1388993700
440,34.0356,117.6953,1388924880
440,36.1268,115.1672,1388845620
440,36.0926,115.1768,1388836440
440,36.0982,115.1801,1388835960
440,34.0355,117.6953,1388748060
440,34.0356,117.6953,1388713860
440,34.0356,117.6952,1388711100
440,34.0356,117.6953,1388652600
440,34.0356,117.6952,1388646480
440,34.0356,117.6954,1388623620
440,34.0355,117.6952,1388527980
440,34.0355,117.6952,1388492700
440,34.0356,117.6952,1388485980
440,34.0357,117.6954,1388447460
440,34.0356,117.6954,1388386380
440,34.0355,117.6952,1388381100
440,34.0356,117.6953,1388291520
440,34.0356,117.6953,1388284620
440,34.0357,117.6954,1388275560
440,34.0356,117.6952,1388231220
440,34.0355,117.6953,1387965540
440,34.0355,117.6953,1387587180
440,34.0356,117.6952,1387499160
440,34.0355,117.6952,1387240020
440,34.0356,117.6953,1387235040
440,34.0356,117.6953,1387201680
440,33.8787,117.8839,1387068960
440,34.0356,117.6953,1386971880
440,34.0356,117.6952,1386933840
440,34.0355,117.6952,1386928380
440,34.0356,117.6952,1386923460
440,34.0356,117.6953,1386923160
440,33.9307,117.8796,1386921000
440,34.0355,117.6953,1386845340
440,34.0356,117.6952,1386819360
440,34.0356,117.6953,1386816780
440,33.8797,117.8852,1386750120
440,33.877,117.8826,1386748980
440,34.0068,117.9639,1386709740
440,34.0358,117.6954,1386677760
440,34.0357,117.6953,1386671580
440,33.8777,117.8788,1386665520
440,34.0356,117.6952,1386644880
440,34.0354,117.6951,1386639780
440,34.0354,117.6951,1386639540
440,34.0357,117.6952,1386585960
440,34.0357,117.6953,1386515520
440,33.8688,117.9248,1386498540
440,33.8693,117.9255,1386495480
440,34.0355,117.6953,1386417180
440,34.0356,117.6953,1386365460
440,34.0356,117.6953,1386301800
440,34.0139,117.7444,1386296220
440,34.0357,117.6952,1385512440
440,34.0356,117.6953,1385378820
440,34.0356,117.6953,1384832820
440,34.0357,117.6951,1384777860
440,34.0356,117.6952,1384385040
440,34.0358,117.6952,1384343880
440,33.8821,117.8855,1384323300
440,34.0356,117.6952,1383867540
440,34.0356,117.6951,1383802140
440,33.9822,117.7061,1383733680
440,33.8786,117.8829,1383644940
440,34.0356,117.6951,1383633180
440,34.0355,117.6952,1383566520
440,34.0356,117.6952,1383560880
440,34.0355,117.6952,1383555300
440,34.0357,117.6952,1383547920
440,34.0356,117.6951,1383541260
440,34.0018,117.7173,1383530940
440,34.0356,117.6952,1383477840
440,34.0356,117.6952,1383462540
440,34.0355,117.6953,1383450420
440,34.0356,117.6952,1383444660
440,34.0357,117.6952,1383443940
440,34.0357,117.6953,1383374460
440,34.0357,117.6952,1383254340
440,33.7369,117.7836,1383199620
440,33.8789,117.8839,1383025620
440,33.6105,117.7027,1383008040
440,34.0357,117.6952,1382952360
440,34.0358,117.6953,1382952180
440,33.9865,117.8432,1382833620
440,34.0356,117.6952,1382701800
440,34.0356,117.6952,1382656980
440,33.879,117.884,1382420280
440,33.8789,117.8839,1382418720
440,33.7366,117.7838,1382355360
440,33.7395,117.7836,1382319600
440,33.6561,118.0028,1382241060
440,34.0356,117.6951,1381925580
440,29.9851,90.2545,1381896540
440,29.9556,90.0693,1381884180
440,34.0357,117.6953,1379611140
440,34.0357,117.6953,1379611080
440,34.0356,117.6952,1379236620
440,33.8475,118.391,1379144280
440,33.9925,118.4454,1379130420
440,33.8474,118.3906,1379059800
440,33.8475,118.3909,1379051400
440,33.8476,118.3909,1379049300
440,33.8795,117.8851,1378883400
440,33.8789,117.8839,1378789800
440,33.8167,118.029,1378704780
440,33.8692,118.0542,1378538520
440,34.0357,117.6951,1378450320
440,34.0356,117.6953,1378380240
440,33.9877,118.472,1378341960
440,34.0356,117.6952,1378165920
440,34.0356,117.6951,1378165860
440,34.0356,117.6952,1378110960
440,34.0356,117.6952,1377879660
440,34.0356,117.6953,1377817740
440,33.8795,117.8851,1377676200
440,33.8785,117.8828,1377586440
440,33.879,117.8838,1377584640
440,34.0357,117.6953,1377512880
440,34.0358,117.6952,1377512640
440,35.9441,115.1842,1376891100
440,36.105,115.1663,1376890620
440,34.0356,117.6952,1376478060
440,33.6068,117.926,1376454240
440,34.0357,117.6952,1376354520
440,34.0358,117.6953,1376354460
440,33.8476,118.3908,1376186040
440,33.8536,118.3986,1376182680
440,34.0355,117.6953,1376042220
440,34.0355,117.6951,1376042220
440,34.0356,117.6952,1375874700
440,33.7368,117.7836,1375749180
440,34.0356,117.6953,1375497540
440,34.0356,117.6952,1375175880
440,34.0357,117.6952,1375170060
440,33.7138,117.9558,1374899400
440,33.8252,118.225,1374896160
440,34.0357,117.6952,1374693720
440,34.0355,117.6952,1374576660
440,34.0358,117.6953,1374576660
440,34.0356,117.6951,1374576600
440,33.6717,117.3123,1374555360
440,36.0924,115.1765,1374417900
440,36.0925,115.1765,1374417840
440,36.0924,115.1765,1374417300
440,34.0357,117.6955,1374125100
440,34.0323,118.5119,1373674860
440,34.0086,118.4945,1373668020
440,34.0355,117.6952,1373591880
440,34.0274,118.4999,1373581200
440,34.0333,117.6843,1373331780
440,33.8491,118.3885,1373263260
440,34.0356,117.6953,1373188980
440,33.761,118.1367,1373162520
440,34.0003,117.8372,1373144700
440,33.8783,117.8829,1372895760
440,34.0357,117.6953,1372853880
440,34.0357,117.6953,1372853640
440,33.8782,117.883,1372816620
440,33.8824,117.8847,1372815360
440,34.0358,117.6952,1372419300
440,33.8766,117.8825,1372326060
440,33.8781,117.8833,1372298520
440,34.4216,119.702,1372038780
440,34.0641,118.0069,1371795000
440,33.8793,117.8834,1371772860
440,33.8795,117.8834,1371771840
440,33.8794,117.8833,1371769080
440,34.0357,117.6952,1371561300
440,34.0357,117.6951,1371475320
440,34.0357,117.6954,1371328500
440,34.0299,117.7068,1371161280
440,33.9091,117.8809,1371005040
440,34.0358,117.6953,1370952960
440,34.0357,117.6951,1370846580
440,34.0909,118.366,1370827620
440,33.8475,118.3908,1370809620
440,33.8475,118.3908,1370809140
440,33.8475,118.3908,1370763720
440,34.0356,117.6951,1370582340
440,33.8792,117.8834,1370566800
440,33.8793,117.8835,1370563140
440,33.8793,117.8835,1370478060
440,34.0357,117.6953,1370469060
440,34.0357,117.6952,1369908660
440,33.7525,117.9724,1369868700
440,34.0356,117.6952,1369618020
440,34.0356,117.6952,1369617780
440,34.0356,117.6953,1369617660
440,34.0359,117.6952,1369617360
440,34.0357,117.6953,1369617120
440,33.8692,118.3535,1369536540
440,33.8771,117.8893,1369480440
440,33.8703,117.9208,1369369020
440,33.8702,117.9201,1369368960
440,33.8052,117.921,1369129860
440,33.8474,118.3908,1368980100
440,33.8474,118.3909,1368980040
440,33.8474,118.3908,1368980040
440,33.8475,118.3909,1368979980
440,33.8475,118.3909,1368979680
440,33.8475,118.3909,1368979680
440,33.8474,118.3909,1368979620
440,33.8474,118.3909,1368979620
440,33.8476,118.3907,1368979560
440,33.8475,118.3909,1368979440
440,33.8474,118.3909,1368979380
440,33.8474,118.3909,1368979320
440,33.8474,118.3909,1368979320
440,33.8474,118.3909,1368979260
440,33.8474,118.3909,1368979260
440,33.8474,118.3909,1368979260
440,33.8474,118.3909,1368979260
440,33.8474,118.3909,1368979200
440,33.8475,118.3908,1368979200
440,33.8474,118.3909,1368979140
440,33.8473,118.3909,1368979140
440,33.8473,118.3909,1368979080
440,33.8473,118.3909,1368979020
440,34.0358,117.6952,1368892560
440,34.0356,117.6952,1368717120
440,34.0354,117.6951,1368665040
440,34.0355,117.6951,1368611280
440,33.9156,117.8857,1368586380
440,34.0498,118.2565,1368576240
440,33.874,117.7436,1368567660
440,33.8734,117.7443,1368567600
440,34.0355,117.6952,1368437400
440,34.0357,117.6952,1368435720
440,33.626,117.8795,1368367200
440,33.6259,117.8795,1368366900
440,33.6259,117.8796,1368344580
440,33.6259,117.8795,1368337140
440,33.8476,118.3908,1368277260
440,33.8474,118.3909,1368263340
440,34.0294,117.7067,1368201960
440,34.0358,117.6952,1368128460
440,34.0357,117.6952,1368069120
440,34.0356,117.6952,1368019320
440,34.0357,117.6952,1368011820
440,33.8548,117.8333,1367918580
440,34.0356,117.6952,1367912820
440,36.1104,115.1758,1367859660
440,36.1014,115.1725,1367853420
440,36.1013,115.1725,1367839320
440,36.1013,115.1726,1367839320
440,36.1014,115.1722,1367838840
440,36.1095,115.1746,1367792940
440,36.1093,115.1741,1367756880
440,36.1094,115.1745,1367753760
440,36.1095,115.1746,1367725860
440,36.1095,115.1749,1367723580
440,36.1094,115.1747,1367722080
440,36.1094,115.1746,1367715900
440,36.1283,115.1643,1367680620
440,34.0356,117.6952,1367491140
440,38.3339,121.9577,1367354580
440,38.3337,121.9579,1367310360
440,38.3869,121.9697,1367306460
440,38.3867,121.9695,1367305620
440,38.3867,121.9695,1367304780
440,38.3338,121.9579,1367225820
440,38.3339,121.9579,1367208360
440,38.2998,122.3002,1367039940
440,38.3341,121.9579,1366939140
440,34.0357,117.6953,1366802580
440,34.0357,117.6952,1366755240
440,33.8785,117.8844,1366678320
440,34.0356,117.6954,1366623660
440,33.8474,118.3907,1366545240
440,34.0453,118.2501,1366535280
440,34.0453,118.25,1366534020
440,34.0453,118.25,1366531740
440,33.8536,118.3947,1366500120
440,34.001,117.7224,1366462980
440,34.0356,117.6951,1366327440
440,33.8769,117.8781,1366237560
440,34.0356,117.6951,1366196340
440,33.8789,117.8826,1366176420
440,34.0356,117.6951,1366104060
440,33.8473,118.3908,1365922860
440,33.9968,117.9299,1365874620
440,34.033,118.4943,1365390720
440,34.0981,117.7179,1365126240
440,34.0131,117.7438,1364548260
440,33.691,117.8891,1364532120
440,33.6973,117.8862,1364528820
440,33.7169,117.9737,1364516460
440,33.7172,117.9735,1364516400
440,33.9705,118.1227,1364513880
440,34.0237,118.1329,1364513820
440,34.0146,117.7443,1364502180
440,33.9935,117.7155,1364448900
440,33.7305,117.9722,1364424000
440,34.0358,117.6953,1364376240
440,33.844,118.3923,1364270880
440,34.0254,117.6902,1364200320
440,34.0356,117.6951,1364190720
440,33.917,118.0273,1364131620
440,33.9868,118.4736,1364095860
440,34.0001,118.281,1364095740
440,33.8743,118.3968,1364038080
440,33.8749,118.3977,1364020920
440,33.8749,118.3973,1364015220
440,33.8752,118.3976,1364004660
440,34.0,117.7307,1363863840
440,33.6671,117.9015,1363842360
440,33.8786,117.8831,1363761120
440,34.0355,117.6951,1363677720
440,33.8701,117.7742,1363605300
440,33.8703,117.7743,1363605240
440,33.8702,117.7742,1363604400
440,33.8702,117.7745,1363604280
440,33.6145,117.9299,1363603440
440,33.6083,117.9285,1363565160
440,33.6083,117.9285,1363564260
440,33.8701,117.7745,1363514580
440,34.0354,117.6951,1363473600
440,34.0355,117.6952,1363216080
440,33.8773,117.8822,1363154460
440,33.8778,117.8817,1363154340
440,33.8786,117.8827,1363151880
440,33.7293,117.7984,1363049040
440,34.0356,117.6951,1363039020
440,33.6062,117.8736,1362959280
440,33.6064,117.8738,1362957240
440,33.6062,117.8737,1362954420
440,33.8699,117.9229,1362923520
440,33.8714,117.9256,1362919620
440,33.8711,117.9256,1362919380
440,34.0356,117.6951,1362744780
440,33.9973,117.7206,1362716880
440,33.8787,117.8867,1362551640
440,34.0355,117.6952,1362488580
440,34.0358,117.6951,1362448560
440,33.8135,117.9247,1362388440
440,33.8777,117.8866,1362378420
440,33.7586,117.9738,1362367920
440,33.759,117.9737,1362364740
440,33.7589,117.9736,1362359760
440,33.759,117.9738,1362359640
440,34.0357,117.6952,1362326640
440,34.0355,117.6952,1362326220
440,34.0357,117.695,1362326100
440,33.8584,118.0388,1362208620
440,33.859,118.038,1362208080
440,33.8589,118.0382,1362199920
440,34.0357,117.6951,1362130740
440,34.0355,117.6953,1362130680
440,34.0355,117.6952,1362130560
440,34.0355,117.6952,1362130500
440,34.0355,117.6952,1362130200
440,34.0355,117.6951,1362129120
440,34.0087,117.6901,1362108540
440,34.0358,117.6952,1361954940
440,33.8787,117.8827,1361941200
440,34.0355,117.6953,1361789160
440,34.0357,117.6952,1361784540
440,34.035,117.6881,1361762940
440,34.035,117.688,1361756340
440,33.8743,117.8898,1361701620
440,33.8745,117.8901,1361700900
440,34.0356,117.6951,1361615160
440,34.0349,117.6881,1361604900
440,33.8046,117.9206,1361586540
440,33.8091,117.9204,1361584680
440,33.8109,117.9194,1361584080
440,33.8116,117.9218,1361582160
440,34.0356,117.6953,1361529960
440,34.0357,117.6951,1361529840
440,34.0356,117.6951,1361527440
440,34.0356,117.6953,1361526840
440,34.0065,118.4882,1361505600
440,33.8909,117.8723,1361444460
440,33.5284,117.7174,1361068500
440,36.1268,115.1671,1360504680
440,36.1268,115.1671,1360503420
440,36.1267,115.1673,1360503360
440,36.1268,115.1671,1360421460
440,34.0359,117.6951,1360147920
440,33.9182,117.8867,1360134540
440,34.0146,117.7416,1360120260
440,34.0264,117.7156,1360118040
440,34.0356,117.6952,1360110660
440,34.0357,117.6952,1360110480
440,33.8091,117.919,1359966780
440,34.0357,117.6952,1359807060
440,34.0358,117.6952,1359806940
440,34.0357,117.6952,1359763980
440,34.0356,117.6952,1359691440
440,34.0356,117.6951,1359631860
440,33.8747,117.884,1359521520
440,34.0357,117.6951,1359419880
440,34.0358,117.6956,1359378300
440,34.0356,117.6951,1359261780
440,34.0357,117.6951,1359261720
440,34.0357,117.6951,1359259440
440,34.0357,117.6952,1359258480
440,33.8785,117.8829,1359240300
440,34.0356,117.6952,1359215760
440,33.8915,117.88,1359213900
440,33.8721,117.9252,1359207720
440,34.0356,117.6951,1359191940
440,34.0356,117.6952,1359191820
440,34.0356,117.6952,1359175080
440,34.0357,117.6953,1359115080
440,33.8146,118.0812,1359108420
440,33.9453,118.4011,1359105180
440,33.9453,118.401,1359103980
440,33.9453,118.4012,1359103320
440,33.9439,118.405,1359100860
440,39.8737,75.2472,1359071400
440,39.8792,75.2389,1359067620
440,39.877,75.2424,1359067500
440,42.4905,76.4632,1359061980
440,42.4549,76.4901,1359057780
440,42.4549,76.4901,1359056040
440,42.4549,76.4899,1359053400
440,42.4422,76.4853,1359016980
440,42.4551,76.4897,1358935200
440,42.4549,76.4899,1358910840
440,42.4494,76.484,1358906220
440,42.4495,76.4837,1358905920
440,42.4496,76.4837,1358905200
440,42.4494,76.4839,1358904300
440,42.4549,76.4899,1358849460
440,42.455,76.49,1358776020
440,42.455,76.49,1358775840
440,42.4551,76.4899,1358774100
440,42.455,76.4899,1358773560
440,42.455,76.4899,1358773260
440,42.455,76.4899,1358773140
440,42.455,76.4898,1358769480
440,42.4549,76.4898,1358761080
440,42.455,76.4896,1358760660
440,42.4551,76.4897,1358755560
440,42.4551,76.4897,1358746200
440,42.4551,76.4897,1358745420
440,42.438,76.4855,1358678400
440,42.4817,76.4864,1358664960
440,42.4534,76.4889,1358662380
440,42.4535,76.4891,1358660700
440,42.455,76.4899,1358651880
440,42.455,76.4899,1358505360
440,42.455,76.4899,1358491860
440,42.455,76.4898,1358488560
440,42.5955,76.1841,1358431560
440,42.4549,76.4898,1358382240
440,42.455,76.4898,1358369040
440,42.455,76.4899,1358367540
440,42.4411,76.4841,1358339880
440,42.455,76.4898,1358325420
440,42.4551,76.4899,1358321880
440,42.455,76.4901,1358298540
440,42.455,76.4898,1358230500
440,42.455,76.4898,1358229420
440,42.4549,76.4901,1358166720
440,42.4549,76.4901,1358166660
440,42.455,76.4902,1358159940
440,42.4463,76.4819,1358159820
440,42.455,76.4898,1358140740
440,42.4549,76.49,1358130600
440,42.4549,76.49,1358047200
440,42.4549,76.49,1358035920
440,42.4549,76.49,1358035860
440,42.455,76.4898,1357986660
440,42.9498,78.6128,1357949880
440,42.9361,78.7659,1357942380
440,42.9344,78.7322,1357896000
440,42.9397,78.7285,1357895820
440,41.7866,87.7464,1357889700
440,41.787,87.7452,1357888680
440,41.7879,87.7407,1357886580
440,33.9476,118.3989,1357872240
440,33.9439,118.405,1357871460
440,34.0175,117.6981,1357804920
440,33.9941,117.7184,1357803780
440,33.9942,117.7182,1357803780
440,34.0359,117.6954,1357788300
440,34.0356,117.6952,1357788240
440,34.0373,117.6886,1357604760
440,34.0378,117.6882,1357604640
440,34.0358,117.6953,1357552680
440,34.0356,117.6952,1357550400
440,34.0357,117.6952,1357550280
440,34.0358,117.6952,1357550100
440,34.0357,117.6952,1357549800
440,34.0359,117.6951,1357526820
440,33.8144,117.9178,1357470300
440,34.0356,117.6952,1357390620
440,34.0357,117.6952,1357388580
440,34.0357,117.6952,1357386000
440,34.0356,117.6952,1357383780
440,34.0358,117.6952,1357383540
440,34.0358,117.6952,1357383300
440,34.0284,118.2114,1357372500
440,34.0471,118.2566,1357365060
440,34.046,118.2545,1357361580
440,34.0466,118.2538,1357361040
440,34.0357,117.6952,1357304280
440,34.0128,117.738,1357272000
440,34.0123,117.7384,1357271760
440,34.0356,117.6952,1357258920
440,34.0356,117.6952,1357218540
440,34.0355,117.6952,1357113780
440,33.8786,117.9655,1357018200
440,33.9118,117.8877,1357016940
440,34.0356,117.6952,1357007700
440,34.0357,117.6951,1356955080
440,34.0357,117.6951,1356954180
440,34.0358,117.6951,1356953460
440,34.0355,117.695,1356952860
440,34.0355,117.6952,1356951240
440,34.0359,117.6951,1356942420
440,34.0358,117.6952,1356872460
440,34.0357,117.6953,1356822300
440,34.0357,117.6953,1356790740
440,34.0359,117.6952,1356776760
440,34.0357,117.6953,1356776520
440,34.0357,117.6952,1356775800
440,34.0356,117.6952,1356754200
440,34.0357,117.695,1356702480
440,34.0358,117.6951,1356701640
440,33.8076,117.9191,1356676020
440,34.0358,117.6951,1356603060
440,34.0357,117.6952,1356596700
440,34.0358,117.6951,1356596580
440,34.0358,117.6953,1356524760
440,34.0236,117.69,1356417360
440,33.8901,117.8728,1356404760
440,33.8897,117.8742,1356397320
440,33.912,117.8701,1356335640
440,34.0356,117.6952,1356276960
440,34.036,117.6952,1356276900
440,34.0358,117.6952,1356276660
440,34.0294,117.707,1356275640
440,33.8352,117.8797,1356264660
440,33.8879,117.862,1356258240
440,33.809,117.9272,1356244800
440,33.8075,117.923,1356243180
440,34.0358,117.6952,1356190620
440,34.0359,117.6953,1356189720
440,34.0358,117.6953,1356188160
440,34.0358,117.6953,1356187680
440,34.0358,117.6952,1356187200
440,33.874,117.8956,1356176820
440,33.8763,117.9128,1356171660
440,33.8892,117.8854,1356169260
440,33.8888,117.886,1356167640
440,33.8888,117.886,1356167580
440,33.8426,117.8759,1356160800
440,33.7157,117.9813,1356158340
440,33.6808,118.0026,1356153540
440,34.0357,117.6953,1356136620
440,33.8914,117.8856,1356111240
440,33.8918,117.8849,1356104460
440,33.8701,117.9252,1356091860
440,34.0358,117.6953,1356082380
440,34.0357,117.6953,1356081600
440,34.0357,117.6952,1356077160
440,34.0357,117.6951,1356057540
440,34.0356,117.6952,1356054480
440,34.0357,117.6952,1356010200
440,33.9804,117.8415,1355992260
440,33.8769,117.8822,1355987400
440,33.8799,117.8855,1355979300
440,33.8786,117.8831,1355977260
440,33.9181,117.8997,1355906040
440,33.8114,117.9189,1355898060
440,34.0356,117.6952,1355890080
440,34.0359,117.6951,1355889900
440,34.0358,117.6952,1355888280
440,34.0356,117.6952,1355888220
440,34.0358,117.6952,1355888160
440,34.0359,117.6952,1355882100
440,34.0356,117.6952,1355881920
440,34.0358,117.6951,1355881860
440,34.0358,117.6953,1355881320
440,34.0357,117.6952,1355829000
440,34.0357,117.6951,1355818260
440,34.0356,117.6952,1355724420
440,34.0357,117.6952,1355697360
440,34.0356,117.6951,1355677500
440,33.872,117.9252,1355663340
440,33.872,117.9253,1355660580
440,33.8701,117.9254,1355658360
440,33.8701,117.9254,1355656020
440,33.87,117.9255,1355655900
440,33.8694,117.9255,1355652240
440,33.8694,117.9255,1355652120
440,33.8788,117.8834,1355636340
440,33.8788,117.8834,1355622600
440,34.0358,117.6953,1355611080
440,34.0357,117.6952,1355578380
440,34.0357,117.6951,1355578020
440,34.0357,117.6951,1355577600
440,34.0356,117.6952,1355552040
440,34.0356,117.6952,1355543280
440,34.0357,117.6952,1355485620
440,33.8109,117.9194,1355448960
440,33.8785,117.8844,1355402100
440,34.0356,117.6952,1355400300
440,34.0358,117.6952,1355399640
440,33.8892,117.8845,1355398200
440,33.8795,117.8859,1355394000
440,33.8795,117.8859,1355392680
440,33.8795,117.8859,1355392620
440,33.8795,117.8859,1355389860
440,33.8795,117.8859,1355389260
440,33.8795,117.8859,1355389200
440,33.8795,117.8859,1355389140
440,33.8795,117.8859,1355388900
440,33.8795,117.8859,1355388780
440,33.8795,117.8859,1355386980
440,33.8785,117.8844,1355385480
440,33.8795,117.8859,1355384640
440,33.8795,117.8859,1355382720
440,33.8796,117.8859,1355380080
440,33.8796,117.8858,1355377680
440,33.8796,117.8859,1355376840
440,33.8796,117.8859,1355376780
440,33.8796,117.8859,1355376120
440,33.8785,117.8844,1355376060
440,33.8796,117.8859,1355375640
440,33.8796,117.8859,1355374800
440,33.8781,117.8817,1355373000
440,33.8787,117.8828,1355370420
440,34.0338,117.6903,1355287740
440,34.0203,118.2852,1355279220
440,34.0202,118.2838,1355278200
440,34.0203,118.2852,1355278200
440,34.036,117.6952,1355224560
440,34.0356,117.6952,1355217600
440,34.0356,117.6952,1355209440
440,33.8786,117.8827,1355200080
440,33.8786,117.8827,1355197620
440,33.8783,117.8838,1355194260
440,33.8784,117.8837,1355194260
440,33.9619,117.6952,1355105460
440,33.9619,117.6952,1355099700
440,33.6109,117.9309,1355030400
440,33.6088,117.9288,1355023440
440,33.8659,117.9595,1355014620
440,33.866,117.9596,1355014560
440,34.0356,117.6952,1354896900
440,34.0356,117.6952,1354892220
440,33.8818,117.8891,1354882380
440,33.8818,117.889,1354882320
440,33.8767,117.8785,1354869720
440,33.7084,117.8494,1354866060
440,33.7092,117.8488,1354856160
440,34.0356,117.6952,1354841760
440,34.0358,117.6953,1354807920
440,33.8787,117.8834,1354764660
440,34.036,117.6953,1354618320
440,33.8786,117.8826,1354596300
440,33.8785,117.8825,1354595700
440,33.8786,117.8826,1354593480
440,34.0357,117.6952,1354369560
440,33.8785,117.8826,1354163160
440,33.8789,117.8828,1354161060
440,33.8786,117.8826,1353990180
440,33.8787,117.883,1353990120
440,33.872,117.9252,1353849720
440,33.8694,117.9255,1353840840
440,33.87,117.9253,1353839820
440,33.8898,117.8151,1353837300
440,33.8931,117.7747,1353831480
440,34.0356,117.6952,1353705840
440,34.0356,117.6952,1353663720
440,33.8093,117.9172,1353484800
440,33.8075,117.9167,1353478440
440,33.8079,117.9199,1353476640
440,33.8076,117.9191,1353472920
440,33.8127,117.919,1353466500
440,33.8103,117.9184,1353464820
440,34.0358,117.6952,1353406860
440,34.0357,117.6953,1353405660
440,34.0358,117.6955,1353403980
440,34.0357,117.6952,1353397740
440,36.1124,115.1181,1353282540
440,36.1148,115.1705,1353277680
440,36.1153,115.1701,1353258240
440,36.1164,115.1718,1353255660
440,36.1284,115.1648,1353248700
440,36.1294,115.1658,1353244140
440,36.1014,115.195,1353226800
440,36.109,115.1715,1353211020
440,36.1102,115.1718,1353209040
440,36.1152,115.17,1353186840
440,36.1154,115.1699,1353184920
440,36.1152,115.1703,1353184440
440,36.1095,115.1746,1353162360
440,33.9439,118.405,1353069300
440,33.884,117.8833,1352969460
440,33.8785,117.8826,1352953440
440,33.8785,117.8826,1352951940
440,33.8786,117.8827,1352951820
440,33.8786,117.8827,1352951040
440,33.8783,117.8836,1352947260
440,33.8783,117.8836,1352946720
440,33.8074,117.9169,1352880120
440,34.0355,117.6951,1352773680
440,34.0355,117.6952,1352725320
440,34.0356,117.6952,1352720940
440,34.0356,117.6955,1352715540
440,34.0354,117.6952,1352674560
440,34.0356,117.6953,1352674500
440,34.0355,117.6953,1352640480
440,34.0272,118.388,1352609220
440,34.0313,118.3779,1352599020
440,34.0118,117.7366,1352521320
440,34.0336,117.7063,1352521320
440,34.0356,117.6953,1352514660
440,34.0354,117.6953,1352509980
440,34.0357,117.6953,1352461320
440,34.0358,117.6952,1352437080
440,33.8796,117.8858,1352355720
440,33.8795,117.8858,1352355660
440,33.8796,117.8858,1352355480
440,34.0354,117.6953,1352287260
440,34.0355,117.6952,1352285880
440,34.0356,117.6952,1352285760
440,34.0355,117.6952,1352285760
440,34.0355,117.6952,1352285340
440,34.0354,117.6952,1352281680
440,34.0356,117.6952,1352281500
440,34.0355,117.6951,1352280840
440,34.0354,117.6952,1352280780
440,34.0355,117.6951,1352280600
440,34.0355,117.6952,1352280240
440,34.0355,117.6952,1352279100
440,34.0355,117.6952,1352279040
440,34.0372,117.6938,1352269260
440,33.8798,117.8856,1352182980
440,33.8798,117.8857,1352182860
440,33.8798,117.8857,1352182320
440,33.8786,117.8828,1352175060
440,33.8784,117.8813,1352174940
440,33.8785,117.8827,1352173500
440,33.8793,117.8835,1352172000
440,34.0908,117.7456,1352005320
440,33.8701,117.9252,1351764960
440,33.8725,117.9261,1351764060
440,33.8797,117.8859,1351745520
440,33.8786,117.8827,1351738200
440,33.8783,117.8838,1351562640
440,33.8783,117.8839,1351562340
440,33.8783,117.8839,1351562100
440,34.0619,117.7537,1351428360
440,34.0613,117.7538,1351426860
440,34.0613,117.7538,1351423200
440,33.8619,118.4013,1351321680
440,33.8109,117.9194,1351229100
440,33.8786,117.8828,1351133280
440,33.8786,117.8828,1351132560
440,33.8784,117.8836,1351129140
440,33.8784,117.8837,1351128420
440,33.8784,117.8844,1351128360
440,33.8784,117.8838,1351127940
440,33.8784,117.8837,1351126500
440,34.0357,117.6951,1351033740
440,34.0358,117.6953,1350994080
440,33.879,117.8829,1350958860
440,33.8786,117.8827,1350958800
440,33.8786,117.8827,1350958620
440,33.8783,117.8838,1350954840
440,33.8783,117.8837,1350954660
440,34.0354,117.6954,1350901800
440,34.0355,117.6954,1350898260
440,34.0652,118.2172,1350865380
440,34.0655,118.2175,1350862680
440,34.0655,118.2175,1350860280
440,34.0656,118.2175,1350860100
440,33.8701,117.9252,1350819180
440,33.8721,117.9252,1350739860
440,33.8342,117.9008,1350714600
440,33.9963,117.7151,1350679440
440,33.8816,117.8878,1350546240
440,33.8816,117.8878,1350545880
440,33.8816,117.888,1350543180
440,33.8795,117.8858,1350532260
440,33.8795,117.8859,1350531840
440,33.8788,117.8829,1350527460
440,33.8786,117.8832,1350521340
440,33.8798,117.8827,1350521040
440,34.0358,117.6953,1350434640
440,34.0359,117.6953,1350355260
440,34.0357,117.6953,1350355140
440,34.0359,117.6952,1350354660
440,38.6938,121.5936,1350333240
440,38.3335,121.9582,1350285300
440,38.6923,121.5905,1350108480
440,34.0599,117.5931,1350100260
440,33.6459,117.8427,1350003840
440,34.0333,117.7068,1349929740
440,33.9868,117.8433,1349928660
440,33.8797,117.8809,1349927520
440,33.8783,117.8839,1349920980
440,34.0358,117.6954,1349865600
440,33.7828,118.1145,1349826780
440,34.0356,117.6952,1349792580
440,33.9101,117.8653,1349662380
440,34.0358,117.6951,1349605800
440,34.101,117.6718,1349580900
440,34.0996,117.5488,1349563080
440,34.0996,117.5488,1349562540
440,33.8785,117.8844,1349504520
440,34.0355,117.695,1349489040
440,34.0356,117.6952,1349448540
440,34.0435,117.6901,1349434740
440,33.9299,117.8712,1349429160
440,33.8797,117.8824,1349337960
440,33.8819,117.8886,1349336580
440,33.8817,117.889,1349334180
440,33.8796,117.8858,1349328240
440,33.8796,117.8859,1349328000
440,33.8796,117.8859,1349327760
440,33.8787,117.883,1349320440
440,33.8787,117.8829,1349320020
440,33.8816,117.8813,1349317980
440,33.8784,117.8838,1349314020
440,33.8784,117.8837,1349313660
440,34.0356,117.6952,1349264100
440,34.0358,117.6953,1349264040
440,33.8783,117.8838,1349143260
440,33.8786,117.883,1349138100
440,33.9136,117.8929,1348998000
440,33.8315,117.8887,1348973100
440,34.0017,117.7217,1348871400
440,34.0346,117.6963,1348825320
440,33.8804,117.8887,1348798740
440,33.8796,117.8858,1348718220
440,33.8787,117.8828,1348715700
440,33.8785,117.8838,1348707120
440,34.0356,117.6951,1348701540
440,34.0357,117.6954,1348692540
440,33.8798,117.8858,1348546380
440,33.8786,117.8829,1348543500
440,33.8786,117.8829,1348540620
440,33.8786,117.8829,1348540320
440,34.0357,117.6953,1348521060
440,34.1477,117.9425,1348285440
440,34.0358,117.6953,1348181040
440,34.0353,117.6954,1348050420
440,34.0356,117.6952,1348049580
440,33.8799,117.8857,1347941280
440,33.8799,117.8857,1347941280
440,33.8799,117.8855,1347940020
440,33.8787,117.8829,1347935760
440,33.8783,117.884,1347932580
440,33.8778,117.8844,1347928920
440,34.0354,117.6952,1347871680
440,33.7315,118.0007,1347851940
440,34.0358,117.695,1347837960
440,34.0357,117.6954,1347827400
440,33.8784,117.9654,1347688320
440,33.8789,117.9654,1347688200
440,33.8783,117.9658,1347687840
440,34.0273,117.7012,1347619800
440,34.0357,117.6952,1347617760
440,34.0357,117.6953,1347614820
440,34.0354,117.6953,1347610200
440,34.0354,117.6954,1347610080
440,34.0354,117.6953,1347609660
440,34.0356,117.6952,1347594600
440,33.8797,117.8858,1347514500
440,33.8776,117.8683,1347504360
440,33.8783,117.8837,1347499920
440,33.8787,117.8831,1347334140
440,33.8786,117.8833,1347323940
440,33.8803,117.8823,1347322440
440,34.0354,117.6952,1347277800
440,34.0356,117.6953,1347277680
440,34.0354,117.6953,1347242520
440,33.7564,118.1982,1347208320
440,33.757,118.1983,1347201600
440,33.7598,118.1343,1347185520
440,33.7546,118.1965,1347167580
440,33.8718,117.9251,1347022620
440,33.872,117.9252,1347018360
440,33.8725,117.9227,1347013440
440,33.8729,117.9256,1347013080
440,34.0356,117.6951,1346926800
440,34.0357,117.6952,1346926560
440,34.0359,117.6951,1346926320
440,33.8797,117.8858,1346908800
440,33.8796,117.8859,1346903820
440,33.8787,117.8827,1346901540
440,33.8787,117.8827,1346900100
440,33.8787,117.8827,1346898720
440,34.0355,117.6952,1346839080
440,34.0322,117.6963,1346782860
440,33.8622,118.4,1346633580
440,34.0519,117.5466,1346577480
440,34.0012,117.7346,1346549400
440,34.0687,117.5621,1346533800
440,34.0354,117.6953,1346492820
440,34.0804,117.7237,1346491320
440,33.8901,117.8729,1346487120
440,34.0357,117.6952,1346407800
440,34.0357,117.6952,1346404920
440,33.8798,117.8854,1346303520
440,33.8796,117.885,1346298720
440,33.8788,117.8832,1346293560
440,33.8784,117.8837,1346290380
440,34.0403,117.691,1346263020
440,34.0355,117.6952,1346236080
440,34.0684,117.5624,1346227620
440,34.0818,117.7205,1346227260
440,34.0803,117.7237,1346222940
440,34.0955,117.718,1346214840
440,34.0419,117.6898,1346207040
440,34.0356,117.6952,1346204940
440,34.0356,117.6952,1346144820
440,33.8752,117.8739,1346123820
440,33.8781,117.8705,1346122620
440,33.8784,117.8838,1346116260
440,33.8817,117.8856,1346115960
440,34.0355,117.6953,1346099520
440,34.0355,117.6952,1346099100
440,34.0335,117.6964,1346072580
440,34.0355,117.6953,1346071440
440,33.8105,117.919,1346038500
440,34.0356,117.6953,1345979220
440,34.0356,117.6951,1345974840
440,34.0141,118.2843,1345958580
440,34.0099,118.3081,1345952460
440,33.8701,117.9252,1345894740
440,33.8699,117.9251,1345893780
440,34.0356,117.6951,1345888020
440,34.0358,117.6953,1345723980
440,34.0354,117.6953,1345719900
440,34.0356,117.6953,1345718640
440,34.0356,117.6953,1345718400
440,34.0356,117.6953,1345718340
440,34.0356,117.6951,1345714800
440,34.042,117.6903,1345713240
440,34.0354,117.6953,1345696140
440,34.0356,117.6952,1345648920
440,34.0357,117.6952,1345597920
440,34.0361,117.6952,1345513560
440,34.0356,117.6952,1345459860
440,34.0356,117.6953,1345459200
440,34.0355,117.6952,1345446240
440,34.0357,117.6953,1345446120
440,34.0637,117.6816,1345429140
440,34.0637,117.6816,1345428840
440,34.0636,117.6816,1345428660
440,34.0636,117.6816,1345428540
440,34.0972,117.9067,1345425960
440,34.0718,118.3572,1345425720
440,34.0379,118.6771,1345364520
440,34.0378,118.6773,1345364520
440,34.0718,118.3572,1345354920
440,34.0718,118.3572,1345348920
440,34.0718,118.3572,1345346940
440,34.0715,118.3568,1345344000
440,34.0715,118.3568,1345344000
440,34.0718,118.3572,1345342020
440,34.0276,117.6998,1345291860
440,34.0392,117.6921,1345289100
440,34.0355,117.6952,1345287540
440,34.0358,117.6952,1345287480
440,34.0355,117.6951,1345287360
440,34.0355,117.6952,1345287180
440,34.0357,117.6952,1345286880
440,34.0356,117.6952,1345286580
440,34.0355,117.6952,1345286520
440,34.0357,117.6953,1345286280
440,34.0356,117.6952,1345285620
440,34.0356,117.6952,1345285140
440,34.0355,117.6952,1345284660
440,34.0355,117.6951,1345284480
440,34.0355,117.6952,1345283700
440,34.0356,117.6953,1345283580
440,34.0355,117.6952,1345275000
440,34.0356,117.6955,1345177980
440,34.0355,117.6952,1345164180
440,34.0356,117.6952,1345076940
440,34.0358,117.6949,1345076580
440,34.0357,117.6953,1345075200
440,33.8141,117.8766,1344999900
440,33.8049,117.9189,1344990600
440,34.0356,117.6952,1344946080
440,34.0266,117.7007,1344946020
440,34.0356,117.6953,1344935160
440,34.0384,117.6933,1344882120
440,34.0355,117.6952,1344862800
440,33.667,117.9014,1344851760
440,34.0356,117.6953,1344769980
440,34.0354,117.6953,1344768720
440,34.0356,117.6952,1344757200
440,34.0356,117.6952,1344757020
440,33.89,117.8729,1344737760
440,34.0355,117.6953,1344685140
440,34.0356,117.6953,1344600960
440,33.8117,117.9206,1344582240
440,33.8074,117.9169,1344569100
440,33.8103,117.9185,1344558900
440,33.8109,117.9194,1344556020
440,34.0357,117.6952,1344507720
440,34.0721,118.3585,1344312960
440,34.0355,117.6952,1344231240
440,34.0356,117.6952,1344221940
440,34.0357,117.6953,1344220080
440,34.0356,117.6952,1344171780
440,34.0353,117.6952,1344171480
440,34.0357,117.6953,1344171360
440,34.0357,117.6953,1344171000
440,34.0357,117.6951,1344098640
440,34.0355,117.6953,1343988360
440,33.8109,117.9194,1343896620
440,34.0354,117.6953,1343810400
440,34.038,117.6961,1343803620
440,34.0321,117.6921,1343608380
440,34.0358,117.6952,1343553240
440,34.0354,117.6953,1343197320
440,34.0356,117.6952,1343196480
440,36.1128,115.168,1343128920
440,36.1132,115.1671,1343128860
440,36.1206,115.1772,1343109180
440,36.1132,115.1674,1343086320
440,36.1134,115.1687,1343084880
440,36.1139,115.176,1343041560
440,36.1153,115.1735,1343038920
440,36.1141,115.1708,1343032920
440,36.1296,115.1657,1343016600
440,36.1294,115.1661,1343016120
440,36.129,115.1649,1343016120
440,36.1294,115.1661,1343013540
440,36.1141,115.1708,1342935540
440,36.1293,115.1657,1342927980
440,36.1292,115.1656,1342927440
440,36.129,115.1649,1342927260
440,34.0355,117.6952,1342693380
440,34.0355,117.6952,1342606980
440,34.0355,117.6953,1342567380
440,34.0357,117.6952,1342436040
440,34.0356,117.6952,1342434240
440,34.0926,118.3787,1342337460
440,34.0925,118.3788,1342336200
440,33.6276,117.9087,1342311240
440,33.6276,117.9086,1342311120
440,33.9185,117.8649,1342247340
440,34.1454,118.6982,1342160520
440,33.8109,117.9194,1342065900
440,33.8075,117.9196,1342057320
440,34.0869,117.6933,1341976320
440,34.0355,117.6953,1341962520
440,34.0265,117.7005,1341914580
440,33.6185,117.8955,1341649920
440,34.1457,118.6943,1341623520
440,34.1437,118.7611,1341561060
440,34.1827,118.8852,1341549900
440,34.1822,118.8856,1341549300
440,33.6112,117.9298,1341450360
440,33.6071,117.9194,1341437820
440,33.8907,117.8834,1341431820
440,34.1083,117.67,1341369900
440,34.0257,117.7007,1341303300
440,34.0356,117.6952,1341298740
440,34.0356,117.6952,1341298680
440,34.0376,118.6769,1341226380
440,34.0376,118.677,1341219780
440,34.0377,118.677,1341217920
440,34.0376,118.6768,1341217800
440,34.0376,118.6768,1341214260
440,34.0377,118.6772,1341212940
440,34.0377,118.677,1341209520
440,33.8707,117.9072,1341033360
440,34.0957,118.371,1340958720
440,34.0957,118.371,1340957460
440,33.6624,118.01,1340853660
440,33.6624,118.01,1340853480
440,34.0726,117.5532,1340784960
440,34.0355,117.6952,1340714820
440,34.0354,117.6952,1340590620
440,34.0357,117.6953,1340585400
440,33.9961,117.8719,1340494260
440,33.8329,117.9594,1340421900
440,33.8329,117.9594,1340421600
440,33.8328,117.9594,1340420460
440,33.833,117.9594,1340420460
440,33.8329,117.9594,1340417400
440,33.8329,117.9595,1340412480
440,34.0354,117.6952,1340357100
440,34.0355,117.6952,1340254740
440,34.0355,117.6952,1340254740
440,34.0007,117.7292,1340083500
440,36.1092,115.1775,1339760460
440,36.0982,115.1671,1339743000
440,36.1243,115.1696,1339676040
440,36.0982,115.1671,1339653540
440,36.1255,115.2477,1339554420
440,36.1091,115.1755,1339494660
440,36.1096,115.1738,1339491120
440,36.1096,115.1738,1339490280
440,34.0355,117.6952,1339412820
440,34.0011,117.7321,1339401000
440,34.0589,117.8234,1339393260
440,34.0589,117.8234,1339393020
440,34.0589,117.8234,1339392840
440,33.9322,117.8793,1339218480
440,33.913,117.8832,1339217400
440,33.6049,117.8756,1339213440
440,33.6051,117.8755,1339212720
440,34.0355,117.6954,1339146120
440,34.0357,117.6951,1339116960
440,34.0555,117.7321,1339021980
440,34.1013,117.6717,1338958920
440,34.1013,117.6718,1338957660
440,34.0269,117.7023,1338874620
440,33.6381,117.7513,1338802800
440,33.6376,117.7497,1338792000
440,33.8098,117.9148,1338691500
440,34.0358,117.6953,1338677640
440,33.8127,117.919,1338456600
440,33.8073,117.9175,1338439020
440,33.8075,117.9196,1338437700
440,33.8096,117.9188,1338425940
440,33.8749,117.8892,1338422160
440,33.658,118.0032,1338266340
440,33.658,118.0032,1338265380
440,33.657,118.0022,1338263100
440,33.657,118.0022,1338262260
440,33.9999,117.7305,1338208200
440,34.0354,117.6953,1338157740
440,34.1534,118.081,1338092100
440,33.8708,117.7405,1338002400
440,33.8458,117.7766,1337995560
440,33.8458,117.7767,1337992080
440,33.8105,117.919,1337919540
440,33.8096,117.9188,1337908800
440,33.8096,117.9188,1337908560
440,33.8749,117.8892,1337903280
440,34.0356,117.6952,1337857080
440,34.0356,117.6952,1337854620
440,34.0356,117.6953,1337791980
440,34.0356,117.6952,1337767740
440,34.0356,117.6952,1337673720
440,34.0354,117.6953,1337666520
440,33.846,117.7766,1337653860
440,34.0357,117.6952,1337500500
440,34.0355,117.6953,1337491620
440,34.0355,117.6952,1337388120
440,33.8721,117.9252,1337346600
440,33.8788,117.8834,1337344980
440,33.872,117.9252,1337344680
440,33.8721,117.9252,1337344380
440,33.8882,117.886,1337340060
440,33.8882,117.886,1337339940
440,33.9232,117.8997,1337325780
440,33.9232,117.8998,1337325600
440,33.9189,117.8873,1337323200
440,33.8748,117.8879,1337321040
440,33.9025,118.3715,1337311740
440,33.8709,118.3551,1337305620
440,33.9127,117.8711,1337298780
440,34.0016,117.8335,1337236440
440,33.8786,117.8832,1337234760
440,33.8793,117.8834,1337230620
440,33.8786,117.8832,1337223780
440,34.0355,117.6954,1337215680
440,34.0357,117.6952,1337213520
440,34.0358,117.6952,1337161620
440,34.0357,117.6952,1337082780
440,33.8785,117.8837,1337056860
440,33.8788,117.8834,1337047020
440,34.0613,117.7538,1336915320
440,34.002,117.7307,1336901160
440,33.7005,117.8577,1336884480
440,33.8694,117.9255,1336826100
440,33.8721,117.9252,1336823580
440,34.0904,118.3527,1336805220
440,34.0908,118.3614,1336793220
440,34.0382,118.3772,1336789260
440,34.0355,117.6951,1336690500
440,34.0358,117.6952,1336644480
440,33.8779,117.8827,1336626360
440,33.8792,117.8834,1336621740
440,33.878,117.884,1336619040
440,33.8786,117.884,1336619040
440,33.8787,117.8839,1336617240
440,34.098,118.3378,1336533540
440,33.883,117.8843,1336526940
440,33.8749,117.8892,1336462980
440,33.8786,117.8832,1336447980
440,33.6579,117.8859,1336364940
440,33.6579,117.8859,1336342620
440,34.0355,117.6952,1336299540
440,34.0356,117.6952,1336296780
440,34.0679,117.6903,1336290780
440,33.9127,117.8711,1336277760
440,33.7959,117.9144,1336273620
440,33.7968,117.9146,1336267260
440,33.7961,117.9143,1336266060
440,34.0,117.7304,1336217100
440,33.9974,117.7206,1336101000
440,34.0355,117.6951,1336041420
440,33.8788,117.8839,1336012080
440,33.8792,117.884,1336011540
440,33.8786,117.8839,1336011420
440,33.89,117.8749,1336005720
440,34.0354,117.6953,1335941280
440,34.0006,117.7331,1335933780
440,34.0355,117.6952,1335917640
440,33.8784,117.8837,1335850560
440,33.8793,117.8835,1335845520
440,33.8793,117.8834,1335845460
440,33.8793,117.8837,1335837840
440,33.8793,117.8836,1335835680
440,34.0354,117.6952,1335779580
440,33.9147,117.8852,1335752280
440,33.9147,117.8852,1335752280
