477,3.1503,101.6155,1400607420
477,3.1114,101.5791,1397298540
477,3.0961,101.511,1397282160
477,3.1178,101.6355,1391532300
477,2.8887,101.6679,1390053900
477,3.171,101.6677,1388942760
477,3.1468,101.6162,1388779200
477,3.1563,101.7096,1387660140
477,2.9936,101.7771,1386875460
477,3.1326,101.6712,1386795300
477,3.0537,101.6928,1386436980
477,3.2277,101.7446,1386427020
477,3.1746,101.6632,1386101520
477,3.1051,101.5961,1384549200
477,3.105,101.5959,1384453020
477,3.1376,101.5947,1383859440
477,3.1097,101.6224,1383760380
477,3.1481,101.6159,1383663060
477,3.1044,101.5956,1383652080
477,3.1568,101.6127,1383566940
477,3.117,101.6042,1383513720
477,3.1567,101.6097,1383333840
477,3.1503,101.6155,1383253980
477,3.1554,101.7111,1383157560
477,3.0758,101.5879,1382974920
477,3.1478,101.6176,1382809080
477,3.1108,101.6221,1381854960
477,3.117,101.6042,1381694940
477,3.0472,101.5876,1381491180
477,3.1374,101.6096,1381354380
477,3.118,101.6355,1381318380
477,3.1181,101.6358,1381135680
477,3.1181,101.6358,1381051860
477,2.7605,101.7267,1380994620
477,3.4227,101.794,1364646540
477,3.0602,101.6219,1363440780
477,3.0947,101.6748,1363436820
