516,55.7739,37.6964,1427727840
516,55.7505,37.5926,1427591340
516,55.7265,37.608,1426528920
516,55.7626,37.5943,1425568500
516,55.8252,37.3894,1425330780
516,55.8246,37.3899,1425301620
516,55.8246,37.3899,1425299160
516,55.8246,37.3899,1425296340
516,55.8246,37.3899,1425295440
516,55.6669,37.5332,1425155760
516,55.7416,37.5986,1420926000
516,55.7416,37.5986,1420921080
516,55.7416,37.5986,1420920780
516,55.7416,37.5986,1420920780
516,55.7416,37.5986,1420919700
516,55.7416,37.5986,1420919460
516,55.7672,37.5935,1420910700
516,55.7672,37.5935,1420910220
516,55.7458,37.5493,1420078740
516,55.7826,37.7183,1419345000
516,55.545,37.5418,1418483460
516,55.7787,37.6973,1418247840
516,55.7847,37.6293,1417274640
516,55.7847,37.6293,1417274460
516,55.7826,37.6999,1417191900
516,55.8984,37.6027,1417186680
516,55.8989,37.5878,1417184640
516,55.7787,37.6973,1416587160
516,55.548,37.5347,1416574800
516,55.548,37.5347,1416574080
516,55.9146,37.7616,1415628240
516,55.9146,37.7616,1415625660
516,55.548,37.5347,1415615100
516,55.8224,37.6469,1415469120
516,55.8224,37.6469,1415468940
516,55.7787,37.6973,1414597380
516,55.7787,37.6973,1414597200
516,55.5482,37.5348,1414426860
516,55.5482,37.5348,1414416900
516,55.5482,37.5348,1414021620
516,55.5478,37.5428,1413928200
516,55.5482,37.5348,1413851460
516,55.7516,37.6184,1413844560
516,55.7554,37.6332,1413642840
516,55.782,37.7051,1413403200
516,55.7866,37.6597,1413218700
516,55.7613,37.6173,1412975880
516,55.7606,37.6196,1412975100
516,55.7606,37.6196,1412974080
516,55.7599,37.6185,1412973600
516,55.7599,37.6185,1412971980
516,55.776,37.6754,1412619180
516,55.7566,37.6218,1412345940
516,55.7566,37.6218,1412345280
516,55.5452,37.542,1412165340
516,55.9815,37.6069,1411914000
516,55.9803,37.6254,1411847700
516,55.9803,37.6076,1411843920
516,55.9815,37.6069,1411840980
516,55.5452,37.542,1411826640
516,55.5452,37.542,1411731900
516,55.5473,37.5508,1411691520
516,55.6426,37.5263,1411689780
516,55.7793,37.6924,1411415220
516,55.5452,37.542,1411384560
516,55.764,37.6717,1411324860
516,55.7574,37.6609,1411310820
516,55.6365,37.6009,1410720240
516,55.6664,37.5336,1410616800
516,55.6664,37.5336,1410616020
516,55.6664,37.5336,1410615840
516,55.6664,37.5336,1410615000
516,55.6661,37.5398,1410614760
516,55.7161,37.586,1410194520
516,55.7427,37.5657,1410029160
516,55.7787,37.6973,1409934000
516,55.5419,37.5309,1409699460
516,55.5432,37.5164,1408831740
516,55.7209,37.605,1408824540
516,55.7315,37.6061,1408823280
516,55.7314,37.6062,1408823280
516,55.7315,37.6061,1408823160
516,55.7315,37.6061,1408823100
516,55.7313,37.6058,1408823040
516,55.7313,37.6059,1408822980
516,55.7307,37.6049,1408822620
516,55.7314,37.6063,1408822500
516,55.7314,37.606,1408822500
516,55.7315,37.6061,1408822440
516,55.7313,37.6061,1408822440
516,55.7312,37.6055,1408822080
516,55.7315,37.606,1408821960
516,55.7315,37.6061,1408821960
516,55.7315,37.6061,1408821900
516,55.7313,37.6061,1408820160
516,55.7315,37.6061,1408820040
516,55.7306,37.6056,1408819980
516,55.7306,37.6026,1408819200
516,55.73,37.6037,1408819020
516,55.7306,37.6027,1408818360
516,55.7305,37.5982,1408815720
516,55.7281,37.6012,1408814640
