519,41.5784,2.0456,1427830620
519,41.9266,2.2475,1427645760
519,41.9266,2.2475,1427645640
519,41.9266,2.2475,1427645580
519,41.3774,2.1381,1426172820
519,41.3855,2.1639,1425990240
519,41.3813,2.1721,1425701100
519,41.8536,2.2247,1425481500
519,41.3778,2.1905,1425225900
519,41.3878,2.1989,1425152820
519,41.3849,2.1678,1424953560
519,41.8452,2.2333,1424549460
519,41.8452,2.2333,1424548440
519,41.3952,2.1703,1424488320
519,41.8536,2.2247,1424348940
519,41.8536,2.2247,1424348820
519,41.3756,2.1321,1424174940
519,42.05,2.2667,1424018820
519,41.3857,2.1697,1423861260
519,41.8536,2.2247,1423410660
519,41.3902,2.1708,1422999360
519,41.3855,2.1639,1422906240
519,41.9206,2.2264,1422740340
519,41.9206,2.2264,1422740280
519,41.3754,2.1357,1422643920
519,41.933,2.2654,1422165420
519,41.3867,2.1965,1421787960
519,41.405,2.1913,1421694660
519,41.3753,2.1364,1421365500
519,41.3796,2.1528,1421073780
519,41.3864,2.1621,1420756800
519,41.3864,2.1621,1420756800
519,41.3809,2.1544,1420581660
519,41.6119,2.345,1419714720
519,41.8527,2.2324,1419639060
519,41.8527,2.2324,1419526620
519,41.8527,2.2324,1419276660
519,41.3869,2.1568,1419189000
519,41.3721,2.1633,1418499180
519,41.3783,2.1391,1418385840
519,41.3894,2.1133,1418221320
519,41.3894,2.1133,1417458000
519,41.8452,2.2333,1417376760
519,41.3926,2.1302,1415892600
519,41.8477,2.2321,1415566380
519,41.3638,2.1527,1415542560
519,41.3638,2.1527,1415487060
519,41.3894,2.1133,1415388840
519,41.3867,2.1966,1415110740
519,41.3894,2.1372,1414855980
519,41.8736,2.2866,1414364220
519,41.3875,2.1605,1413659100
519,41.4041,2.1747,1413652500
519,41.3735,2.1472,1413606420
519,41.37,2.1581,1413470340
519,41.3909,2.141,1413055920
519,41.3909,2.141,1413055620
519,41.4615,2.1804,1412538180
519,41.3783,2.1391,1412214900
519,41.3761,2.1325,1411789080
519,41.3893,2.1865,1411513380
519,41.9292,2.257,1411227780
519,41.447,2.1878,1410728700
519,41.3833,2.1833,1410545820
519,41.3352,2.0466,1410490200
519,41.3971,2.1784,1410472260
519,41.3894,2.1133,1410266700
519,41.3792,2.1346,1410185520
519,41.3918,2.1568,1410125880
519,41.4405,2.1983,1409932680
519,41.928,2.2562,1409581980
519,41.6213,0.6332,1409424660
519,41.9326,2.2399,1409353740
519,41.3867,2.1966,1408223280
519,42.0036,2.2829,1408126140
519,41.2325,1.8017,1408043460
519,41.8603,2.2289,1407873540
519,41.8477,2.2321,1407254580
519,41.8502,2.2286,1407168660
519,41.8502,2.2286,1407168540
519,41.8502,2.2286,1407008940
519,51.5008,0.1247,1406573100
519,51.5008,0.1219,1406573040
519,51.2104,4.0315,1406491200
519,51.2086,3.9718,1406412360
519,51.2286,3.8334,1406239740
519,51.2101,4.1193,1406168340
519,51.2,4.0333,1406125620
519,51.2026,4.0292,1405976820
519,51.0844,4.0621,1405863600
519,51.0833,4.05,1405808880
519,51.2067,4.0383,1405785360
519,51.2067,4.0383,1405625760
519,51.2067,4.0383,1405372140
519,51.2026,4.0292,1405292640
519,51.2,4.0333,1405213260
519,51.2067,4.0383,1405205100
519,51.4727,0.487,1404999660
519,41.3864,2.12,1404913740
519,41.8582,2.229,1404602400
519,41.9287,2.2578,1404498540
519,41.9281,2.2548,1404492060
519,41.388,2.2012,1404240180
519,41.3829,2.1718,1403981220
519,41.3878,2.168,1403805960
519,41.3876,2.1791,1403729880
519,41.3844,2.132,1403570400
519,41.8469,2.2199,1403453640
519,41.8469,2.2199,1403393520
519,41.3944,2.2065,1403295300
519,41.3844,2.132,1403197680
519,42.1262,3.1363,1402252860
519,42.1167,3.1333,1402251540
519,41.3945,2.2064,1402069860
519,41.3844,2.132,1401886980
519,41.375,2.1592,1401560040
519,41.3844,2.132,1401481380
519,41.4038,2.2141,1400688660
519,41.3844,2.132,1400151600
519,41.3842,2.1746,1399591260
519,41.3844,2.132,1399464000
519,41.4137,2.1529,1399211700
519,41.3799,2.1416,1399087920
519,41.3844,2.132,1399039320
519,41.388,2.1433,1398878160
519,41.8667,2.2846,1398536040
519,41.3845,2.1333,1398290580
519,41.3892,2.1133,1398279240
519,41.8517,2.2316,1398012000
519,41.3845,2.1333,1397506440
519,41.3976,2.1912,1397232180
519,41.3883,2.17,1397046480
519,41.3809,2.1569,1396555500
519,41.3766,2.1798,1396354440
519,41.3782,2.1267,1395513780
519,41.3845,2.1333,1395082320
519,41.3801,2.1928,1394379000
519,41.8471,2.2199,1394290260
519,42.0475,2.2648,1393791540
519,42.0475,2.2648,1393791420
519,41.3842,2.1333,1393638840
519,41.3883,2.17,1393188120
519,41.3851,2.1333,1392687960
519,41.3892,2.113,1392643440
519,41.3853,2.1569,1392402720
519,37.3824,5.9963,1392127080
519,37.3862,5.9926,1392052020
519,37.3911,6.0024,1391951220
519,37.3929,5.9922,1391897160
519,37.3843,5.9919,1391818560
519,41.3796,2.1401,1391715000
519,41.3261,2.1519,1391620020
519,41.3873,2.1977,1391535240
519,41.3857,2.1835,1391200140
519,41.3883,2.1617,1390855080
519,41.3756,2.1358,1390450080
519,41.3944,2.1538,1390344660
519,41.8166,3.0658,1390078500
519,41.8213,3.0697,1390073280
519,41.8213,3.0697,1390073160
519,41.3757,2.179,1389710760
519,41.3902,2.1648,1389391920
519,41.3919,2.1658,1389376920
519,41.3829,2.1332,1389201360
519,41.3782,2.1267,1389032280
519,41.9249,2.2501,1388339580
519,41.9302,2.2536,1388238060
519,41.8507,2.2328,1388110380
519,41.8507,2.2328,1388110140
519,41.9306,2.2545,1387924620
519,41.8502,2.2328,1387903680
519,41.8478,2.2278,1387814880
519,41.8478,2.2278,1387814820
519,41.8478,2.2278,1387814700
519,41.3758,2.1202,1387677300
519,41.398,2.1287,1387633200
519,41.3856,2.1178,1387632960
519,41.398,2.1287,1387052400
519,41.398,2.1287,1387049280
519,41.398,2.1287,1387048320
519,41.398,2.1287,1387048200
519,41.383,2.1327,1386513540
519,41.383,2.1327,1386299340
519,41.383,2.1327,1385920500
519,41.4707,2.1799,1385814660
519,41.389,2.1133,1385485440
519,42.0037,2.2943,1385327640
519,41.8509,2.2328,1385300580
519,41.3981,2.1573,1384634040
519,41.3981,2.1573,1384633920
519,41.3981,2.1573,1384633740
519,41.3886,2.1126,1384622280
519,41.3894,2.1351,1384566660
519,41.8515,2.2326,1384014960
519,41.8515,2.2326,1383354240
519,41.384,2.1635,1383280860
519,41.3881,2.1153,1383234360
519,41.3869,2.1673,1383185340
519,41.85,2.2292,1382221200
519,41.85,2.2292,1380988500
519,41.3799,2.1328,1380935580
519,41.3889,2.1312,1380395100
519,41.3883,2.17,1379981400
519,41.3897,2.1592,1379725260
519,41.389,2.1132,1379532780
519,41.9302,2.2543,1379166000
519,41.3869,2.1699,1378654680
519,41.4193,2.1618,1378572720
519,41.3944,2.1538,1378499460
519,41.375,2.1827,1378488720
519,41.3763,2.1493,1378326840
519,41.3751,2.1685,1378316100
519,41.8596,2.2295,1377975120
519,41.9181,3.2073,1377364020
519,41.6863,2.1871,1376858940
519,42.1261,3.1331,1376755500
519,41.8044,2.2586,1376679360
519,41.3879,2.1676,1376538540
519,41.3821,2.086,1376508060
519,41.4049,2.1573,1376281980
519,41.3878,2.1623,1376021280
519,41.8525,2.2327,1375931760
519,41.8503,2.2286,1375817160
519,41.8503,2.2286,1375816320
519,41.8518,2.2298,1375719960
519,41.8527,2.2255,1375643400
519,41.8476,2.2282,1375572060
519,41.8596,2.2295,1375484700
519,41.85,2.2292,1375396080
519,41.8525,2.2327,1375391340
519,41.3799,2.1328,1375219560
519,41.3879,2.1676,1375066260
519,41.8505,1.8325,1374954300
519,41.9293,2.2585,1374896160
519,41.8525,2.2327,1374782040
519,41.3941,2.2066,1374453720
519,41.3941,2.2066,1374242760
519,41.375,2.1827,1374191220
519,41.3843,2.1697,1374093600
519,41.3843,2.1697,1374086100
519,41.8471,2.2199,1373925240
519,41.8525,2.2327,1373829360
519,41.3403,2.0364,1373675820
519,41.3732,2.0851,1373556960
519,41.377,2.1752,1373470380
519,41.9275,2.2463,1373247840
519,41.814,2.2348,1373237040
519,41.8471,2.2199,1373127000
519,41.264,1.9698,1372376460
519,41.3793,2.1516,1372255320
519,41.8505,1.8325,1371767340
519,41.3805,2.1328,1370207460
519,41.3805,2.1328,1369225620
519,41.8505,1.8325,1369003320
519,41.3769,2.1494,1368986640
519,41.8531,2.229,1368381600
519,41.85,2.2292,1368305580
519,41.3808,2.1327,1368224040
519,39.2851,2.5796,1367534400
519,41.3739,2.1498,1367458320
519,41.3811,2.1229,1367418660
519,41.4035,2.1743,1367320860
519,41.389,2.1132,1367100720
519,41.3893,2.1345,1367002080
519,41.3752,2.1696,1366945260
519,41.3856,2.1639,1366290360
519,41.3894,2.1351,1365877080
519,41.85,2.2292,1365272760
519,41.3808,2.1327,1365033060
519,41.378,2.1238,1364763060
519,41.85,2.2292,1364739000
519,41.4551,2.2089,1364679420
519,41.3768,2.1249,1364612640
519,41.5636,2.2686,1364323800
519,41.85,2.2292,1364311500
519,41.85,2.2292,1364071260
519,41.3806,2.1322,1363990860
519,41.85,2.2292,1363459140
519,41.2358,2.0748,1362857520
519,41.2358,2.0748,1362856980
519,41.3403,2.0364,1362791040
519,41.3809,2.1749,1362705720
519,41.389,2.1132,1362145860
519,41.8531,2.229,1361629980
519,41.3862,2.1343,1361412960
519,41.9263,2.328,1361131680
519,41.378,2.1238,1361066940
519,41.3869,2.1699,1361034840
519,41.3881,2.1153,1360611420
519,41.3758,2.1202,1360206060
519,41.378,2.1238,1359850500
519,41.3836,2.1715,1359685560
519,41.378,2.1239,1359591720
519,41.85,2.2292,1359397440
519,41.85,2.2292,1359330240
519,41.3818,2.1759,1359242760
519,41.85,2.2292,1358881500
519,41.85,2.2292,1358734920
519,41.3549,2.1228,1358623980
519,41.3888,2.1305,1358460000
519,41.3805,2.1164,1357747620
519,41.8371,2.2806,1357005540
519,41.85,2.2292,1356457500
519,41.3817,2.1283,1356195420
519,41.3817,2.1283,1355946480
519,41.3869,2.1699,1354807860
519,41.85,2.2292,1354378320
519,41.3882,2.1081,1354142760
519,41.3894,2.1087,1353678180
519,41.3789,2.119,1353264600
519,41.3789,2.119,1353263760
519,41.5484,2.2006,1351970280
519,41.85,2.2292,1351969980
519,41.85,2.2292,1351969860
519,41.378,2.1247,1351432260
519,41.378,2.1237,1350016260
519,41.3885,2.1127,1349800560
519,41.3636,2.1526,1349654340
519,41.378,2.1247,1349221980
519,41.378,2.1247,1348940880
519,41.3856,2.115,1348663680
519,41.3766,2.0856,1348450320
519,41.378,2.1247,1348347060
519,41.4111,2.2243,1348289940
519,41.378,2.1247,1348102140
519,41.3869,2.1699,1347839220
519,41.5562,2.2249,1347679440
519,41.4021,2.1751,1347391200
519,42.2904,3.2729,1347125280
519,41.85,2.2292,1346522700
519,41.3781,2.125,1346375820
519,41.8402,2.1391,1346170260
519,41.38,2.1483,1345773300
519,41.376,2.1598,1345663020
519,41.8471,2.2199,1345215060
519,41.3879,2.1696,1345158900
519,41.85,2.2292,1345138140
519,41.2889,2.0743,1344996720
519,41.8402,2.1391,1344959520
519,41.8363,2.2849,1344886140
519,41.7373,2.9539,1344786180
519,41.3906,2.1234,1344651360
519,41.546,2.2179,1344642720
519,41.85,2.2292,1344455340
519,41.85,2.2292,1344446520
519,41.85,2.2292,1344368520
519,41.85,2.2292,1344039240
519,41.8402,2.1391,1342899720
519,41.3769,2.1494,1342549020
519,41.85,2.2292,1342291980
519,41.8402,2.1391,1341333300
519,41.3975,2.191,1340808780
519,41.3975,2.191,1340687160
519,41.384,2.112,1340323980
519,41.7606,2.249,1340053800
519,41.8595,2.2349,1339962540
519,41.3818,2.1696,1339719900
519,41.3818,2.1696,1339719660
519,41.3986,2.2109,1339702980
519,41.3594,2.0781,1339600080
519,41.8419,2.2474,1339522140
519,41.85,2.2292,1339354380
519,41.3858,2.1204,1339077480
519,41.3878,2.1126,1338995700
519,41.403,2.1524,1338607200
519,41.3758,2.1202,1338600720
519,41.3793,2.1226,1338142620
519,41.3796,2.1932,1337802000
519,41.8535,2.2291,1337536560
519,41.3894,2.1087,1337338980
519,41.389,2.1132,1337117460
519,41.4489,2.2523,1336694580
519,41.4489,2.2523,1336694160
519,41.9255,2.326,1336331640
519,41.3858,2.1204,1336093500
519,41.9448,2.2498,1335670740
519,41.867,2.2842,1333823580
519,41.3858,2.1204,1333767660
519,41.2257,1.7281,1333679760
519,41.4543,2.2525,1333500000
519,41.3858,2.1649,1328204820
519,41.8671,2.2371,1327931280
519,41.3875,2.1749,1307231700
