523,43.4956,80.5201,1427672520
523,43.5169,80.4922,1425105900
523,43.6634,79.3919,1424583060
523,20.5225,87.1921,1424558640
523,21.1398,86.7707,1424549400
523,21.1359,86.7534,1424500200
523,32.4653,115.085,1424407080
523,32.4653,115.085,1424296140
523,20.6184,87.094,1424233140
523,20.5225,87.1921,1424210580
523,20.4902,87.2414,1424168340
523,43.4954,80.5204,1422939600
523,43.4955,80.52,1420867920
523,43.4954,80.5204,1417404120
523,43.4724,80.5446,1416373440
523,43.4951,80.5246,1414816860
523,43.4944,80.5308,1414393680
523,43.4724,80.5361,1414180680
523,43.4656,80.5371,1412474160
523,43.4954,80.52,1410840540
523,43.4935,80.5152,1406845620
523,43.6504,79.3586,1406249400
523,43.6405,79.376,1405658580
523,43.651,79.3572,1405628640
523,43.6506,79.359,1405472640
523,43.7002,79.2865,1405393080
523,43.649,79.6381,1403730060
523,43.4117,80.3236,1402698300
523,43.6403,79.3939,1402636320
523,43.4683,80.5681,1402432740
523,43.6346,79.4377,1400295840
523,43.6851,79.6211,1398349380
523,43.6851,79.6211,1398348840
523,43.4954,80.52,1398283020
523,43.4943,80.5247,1398217320
523,43.4971,80.5266,1398127740
523,43.6403,79.3939,1398046620
523,43.4941,80.5248,1397965680
523,43.4941,80.5249,1397870760
523,43.4947,80.5249,1397792700
523,43.4943,80.5247,1397614860
523,43.4438,79.6814,1397443920
523,43.4553,79.6805,1397349300
523,43.4457,79.6679,1397271840
523,43.4752,80.4529,1397153460
523,43.6403,79.3939,1397081640
523,43.4942,80.5251,1397078220
523,43.6403,79.394,1396672260
523,43.4655,80.5216,1395716520
523,43.6451,79.3804,1395641280
523,43.4502,79.6767,1395463380
523,43.4709,80.523,1395352680
523,43.4842,80.5321,1395349800
523,43.4954,80.52,1395030900
523,43.6403,79.3939,1394945280
523,43.4944,80.5247,1394863080
523,43.0901,79.0855,1394856420
523,43.4579,80.1123,1394569560
523,43.4984,80.5274,1393301160
523,43.0836,79.0767,1393134480
523,43.0901,79.0855,1393111860
523,43.6403,79.3939,1392963540
523,43.6403,79.3939,1391734260
523,43.6403,79.3939,1390196400
523,43.639,79.3992,1389398040
523,43.6403,79.3939,1389329700
523,43.639,79.3992,1383696360
523,43.6403,79.3939,1382949600
523,43.6403,79.3939,1382336280
523,43.639,79.3992,1381995300
523,43.4954,80.5199,1381907880
523,43.639,79.3992,1381295520
523,43.6403,79.394,1381280340
523,43.6403,79.394,1381129680
523,43.4502,79.6767,1381035000
523,43.6403,79.3939,1380611100
523,43.4655,80.5216,1379655300
523,43.4757,80.5256,1366080540
523,43.6534,79.3955,1365987180
523,43.639,79.4173,1365917100
523,43.4954,80.5199,1365152760
523,43.4955,80.52,1365151860
523,43.6418,79.3999,1364700840
523,43.4955,80.5201,1364498100
523,43.4709,80.5235,1363925220
523,43.4856,80.5301,1363909800
523,43.4957,80.5201,1363852380
523,43.4957,80.5201,1363846440
523,43.4801,80.1613,1363409040
523,43.4982,80.5269,1363388340
523,43.4943,80.5288,1363227780
523,43.4495,80.4922,1362799860
523,43.4955,80.5199,1362726240
523,43.409,80.3929,1362616620
523,43.6403,79.3943,1362599460
523,43.6403,79.3942,1362599280
523,43.6403,79.3943,1362504180
523,43.6402,79.3944,1362477240
523,43.6403,79.3944,1361605680
523,43.6389,79.3964,1353222960
