543,40.0103,82.8479,1408077000
543,40.0103,82.8479,1407983400
543,40.0103,82.8479,1407898200
543,40.0103,82.8479,1407811500
543,40.0103,82.8479,1407742500
543,40.0103,82.8479,1407717900
543,33.6845,78.8866,1407375000
543,33.7167,78.8833,1407290400
543,39.9728,83.0047,1406327100
543,39.9453,82.8879,1405621200
543,40.0911,82.8003,1405470000
543,39.9738,82.8675,1404700200
543,39.9738,82.8675,1404685200
543,40.0488,82.9117,1404528300
543,39.973,83.005,1404517500
543,41.4816,82.687,1404417300
543,41.4816,82.687,1404354900
543,40.0416,82.8461,1404184200
543,39.9687,83.0105,1403745300
543,40.0206,82.88,1403339400
543,40.0075,83.0249,1402871700
543,39.9826,83.0046,1401602400
543,40.0075,83.0249,1401253200
543,40.0075,83.0249,1401156000
543,40.0075,83.0249,1401072600
543,40.0075,83.0249,1401059400
543,39.9696,83.0098,1400542200
543,39.9696,83.0098,1400450400
543,39.9696,83.0098,1400387760
543,39.9696,83.0098,1400195700
543,39.9696,83.0098,1400029500
543,39.9696,83.0098,1399931160
543,39.9696,83.0098,1399869000
543,39.9525,82.9924,1399842300
543,39.9696,83.0098,1399581900
543,39.9696,83.0098,1399530300
543,39.9696,83.0098,1399502760
543,39.9696,83.0098,1399443000
543,39.9696,83.0098,1399415700
543,39.9696,83.0098,1399409100
543,40.0102,82.8478,1399271400
543,40.0166,82.8658,1399088700
543,40.0166,82.8658,1398989700
543,40.0489,82.9146,1398211200
543,40.0101,82.8487,1397795400
543,40.008,82.8546,1397536800
543,40.0102,82.8478,1397193600
543,40.0102,82.8479,1397106300
543,40.0435,82.9008,1397020500
543,40.0101,82.848,1396937100
543,40.0435,82.9008,1396850700
543,34.0773,118.4741,1396663500
543,34.0773,118.4741,1395974700
543,33.9062,118.3914,1395801960
543,33.5426,117.7845,1395722700
543,40.1081,82.8816,1394775900
543,39.9636,82.9851,1394177820
543,39.9681,83.0037,1393739400
543,40.0102,82.8478,1388698080
543,39.9694,83.0062,1386911820
543,39.9636,82.9851,1384414560
543,39.9636,82.9851,1384331820
543,39.9636,82.9851,1384331760
543,40.0098,82.8481,1380510060
543,39.9647,82.9858,1380439080
543,39.9643,83.0002,1380437580
543,39.9643,83.0002,1380437160
543,32.6545,79.9397,1372448700
543,32.6545,79.9397,1372312620
543,32.6545,79.9397,1372276980
543,32.6545,79.9397,1372218360
543,32.6545,79.9397,1372192320
543,32.6545,79.9397,1372143300
