563,21.1106,89.6102,1407963720
563,21.0019,89.6073,1407888960
563,21.1387,86.7797,1407694740
563,21.5277,87.3722,1407136440
563,21.5232,87.3787,1407136080
563,21.5233,87.3792,1407136080
563,20.9919,89.611,1402604700
563,28.4309,81.3084,1400274060
563,33.6407,84.4361,1400259240
563,34.9574,83.3915,1398667320
563,35.1462,83.3957,1398583500
563,34.9611,83.3908,1398452280
563,35.0602,83.3877,1398025920
563,34.9619,83.3907,1395701160
563,28.4745,81.4678,1395378300
563,28.473,81.4623,1395360240
563,28.4739,81.463,1395358740
563,28.4309,81.3084,1395351960
563,20.9919,89.611,1395288120
563,21.0015,89.6101,1395107940
563,20.9919,89.611,1394961780
563,19.4347,99.1463,1394940540
563,19.4194,99.1669,1394860800
563,19.42,99.1656,1394852340
563,19.4346,99.1462,1394843760
563,19.4287,99.1407,1394783220
563,19.4347,99.1463,1394760060
563,20.9338,89.6632,1394743320
563,20.9919,89.611,1394693640
563,19.8479,90.5331,1394675400
563,20.9919,89.611,1394622840
563,20.9714,89.6224,1394609400
563,20.9919,89.611,1394511540
563,21.1106,89.6102,1394506260
563,21.0192,89.5841,1394501940
563,21.0193,89.5843,1394335020
563,21.0018,89.6066,1394240100
563,20.9893,89.6171,1394188260
563,21.0182,89.5935,1394067960
563,34.9613,83.3911,1393104780
563,34.9612,83.3911,1393099980
563,34.9613,83.3911,1393098480
563,34.9612,83.3912,1393098180
563,34.9613,83.3911,1393096620
563,34.9613,83.3912,1393096440
563,34.9534,83.3917,1393048320
563,34.9534,83.3916,1393048260
563,34.9574,83.3916,1392976560
563,34.9573,83.3915,1392976560
563,34.9573,83.3915,1392976440
563,34.9572,83.3917,1392976440
563,34.9574,83.3915,1392976200
563,34.9574,83.3915,1392976080
563,34.9574,83.3916,1392962820
563,34.9573,83.3916,1392885660
563,34.9573,83.3916,1392885480
563,34.9572,83.3916,1392885480
563,34.9612,83.3912,1392756420
563,34.9575,83.3916,1392718740
563,34.9574,83.3915,1392658860
563,34.9607,83.3899,1392235680
563,34.9606,83.39,1392235680
563,34.9574,83.3915,1391741880
563,34.8759,82.3617,1391727960
563,34.8559,82.3992,1391726280
563,34.8687,82.332,1391719380
563,34.9574,83.3915,1391426940
563,34.9611,83.3903,1391426160
563,34.9574,83.3916,1391163360
563,34.9574,83.3916,1391162580
563,34.953,83.395,1390780440
563,35.1462,83.3957,1390726620
563,34.9611,83.3903,1389851940
563,34.9575,83.3913,1389603360
563,34.9575,83.3913,1389603360
563,34.9575,83.3913,1389603360
563,34.9575,83.3916,1389596940
563,34.9574,83.3915,1389596700
563,34.9574,83.3916,1389595560
563,34.9574,83.3916,1389595560
563,34.9574,83.3916,1389595560
563,34.9574,83.3916,1389595500
563,35.0623,83.4244,1389567060
563,35.0602,83.3877,1389566280
563,35.0623,83.4244,1389566100
563,35.0617,83.4236,1389565860
563,35.0622,83.4245,1389565740
563,35.0622,83.4245,1389565620
563,35.0622,83.4245,1389565560
563,35.0623,83.4244,1389565560
563,35.0615,83.4233,1389565560
563,34.9574,83.3916,1388995560
563,34.9611,83.3903,1388971740
563,34.9958,83.3835,1388971740
563,33.6406,84.445,1388949840
563,33.6407,84.4361,1388946060
563,37.6137,122.3852,1388921760
563,37.6164,122.3863,1388920020
563,37.8078,122.475,1388898840
563,37.8041,122.4768,1388895720
563,37.7699,122.4579,1388889180
563,37.7707,122.4864,1388887620
563,37.7829,122.5002,1388838360
563,37.7807,122.4749,1388831640
563,38.9412,119.9707,1388658660
563,38.9399,119.9772,1388658600
563,38.9412,119.9707,1388477280
563,38.9403,119.9189,1388461500
563,38.9364,119.9099,1388461440
563,38.9364,119.9098,1388460480
563,38.9412,119.9707,1388405280
563,38.9399,119.9772,1388405280
563,37.7811,122.5024,1388357100
563,37.7829,122.5002,1388355360
563,37.7811,122.5024,1388355000
563,37.77,122.4467,1388290860
563,37.77,122.447,1388290260
563,37.7702,122.4454,1388288880
563,37.7697,122.4495,1388282400
563,37.7697,122.4491,1388282400
563,37.7845,122.4063,1388225640
563,37.6164,122.3863,1388188140
563,20.6268,87.0722,1388131800
563,20.6218,87.0764,1388108460
563,20.9919,89.611,1388078880
563,21.0053,89.6148,1388047980
563,21.0103,89.6197,1387988880
563,20.9919,89.611,1387768380
563,21.0101,89.6053,1387753800
563,20.9959,89.6127,1387685520
563,20.9959,89.6127,1387685520
563,20.9919,89.611,1387628520
563,33.6408,84.4259,1387591860
563,33.6407,84.4361,1387591860
563,34.9611,83.3903,1387355160
563,34.9604,83.39,1387219020
563,34.9604,83.3901,1387218540
563,34.9574,83.3915,1387193460
563,34.9574,83.3915,1387193400
563,34.9573,83.3916,1387193220
563,34.9574,83.3916,1387192980
563,34.9574,83.3915,1387192620
563,34.9574,83.3915,1387189020
563,35.1462,83.3957,1387010100
563,34.9605,83.3905,1386896760
563,34.9611,83.3903,1386729900
563,34.9609,83.3907,1386729840
563,33.6409,84.4258,1386630720
