578,55.7515,37.5831,1427854920
578,55.75,37.5831,1427851620
578,55.891,37.3418,1426780500
578,55.8911,37.3417,1426384320
578,55.7916,37.5226,1425946980
578,55.7372,37.2479,1425938040
578,55.7902,37.5195,1425336600
578,37.0203,7.9683,1423347660
578,37.046,8.0446,1423279260
578,37.0458,8.045,1423185960
578,37.0496,8.0635,1423109100
578,37.0487,8.0634,1423108680
578,37.0459,8.0447,1422992100
578,37.0458,8.0448,1422932700
578,37.0668,8.1015,1422762780
578,37.0459,8.045,1422592140
578,37.0459,8.0448,1422590940
578,55.9992,37.2456,1422445320
578,55.7542,37.5765,1422163800
578,36.8597,30.9972,1422053400
578,36.8597,30.9971,1421883000
578,36.8597,30.9971,1421326200
578,8.0057,98.2932,1420898220
578,8.0056,98.2928,1420539780
578,25.0992,55.1331,1420082280
578,25.0991,55.1331,1420072980
578,25.0992,55.1332,1420066200
578,25.0998,55.1323,1419992280
578,25.0998,55.1322,1419991680
578,25.2477,55.3624,1419387060
578,25.1001,55.1326,1419333540
578,25.1001,55.1326,1419078840
578,55.7627,37.6134,1418227740
578,55.7627,37.6134,1418227740
578,55.8914,37.3433,1418149020
578,50.5814,36.5817,1417801380
578,55.7902,37.5198,1417743360
578,55.7383,37.5265,1417730940
578,55.8809,37.419,1417727400
578,55.8156,37.4498,1417457160
578,55.7889,49.1044,1417299540
578,55.7627,37.5603,1417214940
578,55.8285,37.4527,1417105020
578,55.8911,37.3414,1417044120
578,55.7905,37.5194,1416791040
578,48.2141,16.4217,1416010800
578,47.3373,16.2223,1415742360
578,55.7898,37.519,1414170960
578,55.7901,37.5195,1413911100
578,57.9593,56.132,1413640200
578,58.003,56.2005,1413639180
578,59.3293,18.0614,1412912100
578,59.329,18.0612,1412912100
578,59.3289,18.0608,1412860020
578,59.3291,18.0607,1412817060
578,37.9734,23.7511,1411069800
578,55.7331,37.6445,1410021600
578,45.0213,38.9691,1409511480
578,55.7908,37.5196,1407588600
578,35.1591,33.3722,1407369420
578,55.7901,37.5198,1406675040
578,46.8311,12.7718,1406168100
578,46.8311,12.7718,1406138400
578,46.8311,12.7718,1405694220
578,46.831,12.7718,1405374780
578,46.8311,12.7716,1405268340
578,43.2544,6.6577,1404575280
578,43.7468,7.4352,1404499140
578,55.8844,37.4115,1404225600
578,55.7901,37.5196,1404180240
578,55.7901,37.5196,1404180240
578,55.79,37.5194,1404171360
578,55.79,37.5191,1404169920
578,55.7903,37.5199,1404169380
578,55.7392,37.6523,1404140580
578,23.2946,47.3005,1403157360
578,15.6549,56.1217,1403032680
578,23.2944,47.3001,1402871220
578,23.294,47.3003,1402780560
578,23.2939,47.3002,1402679700
578,55.7336,37.6441,1401752820
578,59.9179,10.7345,1401552780
578,55.4135,37.9054,1400117700
578,55.7759,37.5394,1399752840
578,55.7543,37.5762,1398191520
578,55.7315,37.4865,1396375080
578,55.7543,37.5763,1396237680
578,55.7998,37.0192,1395337860
578,55.7997,37.0188,1395337440
578,55.7754,37.5474,1395252240
578,55.7902,37.5195,1395226860
578,55.7903,37.5197,1395226020
578,55.7902,37.5195,1395225780
578,55.9801,37.4167,1394933280
578,55.8909,37.3424,1394723940
578,55.7504,37.5833,1394417940
578,55.753,37.228,1394399220
578,55.7904,37.5197,1394234400
578,45.0215,38.9691,1393974300
578,36.8674,30.9742,1393297680
578,36.8696,30.9765,1392841260
578,36.5132,4.9945,1391883300
578,36.5128,4.9947,1391803620
578,36.5129,4.9943,1391360880
578,36.5128,4.9946,1391360640
578,55.7505,37.5832,1391136420
578,55.7503,37.5832,1391136420
578,24.9865,55.0214,1390832340
578,55.7903,37.5199,1389572340
578,8.015,98.2959,1389123240
578,8.015,98.2959,1389123120
578,8.0149,98.2958,1389122940
578,8.0149,98.2956,1389087420
578,8.0146,98.2951,1389087060
578,8.015,98.296,1389038760
578,8.0151,98.2958,1389030660
578,8.0149,98.2958,1389030600
578,8.014,98.2959,1388904720
578,8.0149,98.2956,1388904720
578,55.7901,37.5194,1388539920
578,55.7573,37.5605,1388512260
578,5.2853,73.1148,1388088060
578,5.2853,73.1148,1387983780
578,5.2853,73.1148,1387983780
578,5.2853,73.1149,1387983660
578,5.2805,73.1224,1387920300
578,5.2863,73.1122,1387823040
578,5.2861,73.1146,1387727100
578,25.1405,55.1857,1387401600
578,25.141,55.186,1386984240
578,25.1406,55.1859,1386701640
578,25.1406,55.1863,1386698400
578,25.1412,55.1854,1386623460
578,55.8908,37.3417,1386428460
578,55.8909,37.3416,1386426420
578,55.7684,37.4984,1386364620
578,55.7684,37.4985,1386364320
578,55.7684,37.4984,1386363780
578,55.7684,37.4984,1386363600
578,55.7684,37.4985,1386363600
578,55.7684,37.4985,1386361440
578,55.7684,37.4985,1386360420
578,55.7684,37.4985,1386359760
578,55.7684,37.4985,1386359700
578,55.7684,37.4985,1386358980
578,55.7684,37.4985,1386358980
578,55.7903,37.5197,1386120360
578,55.8648,37.4636,1386086340
578,55.8651,37.4634,1386086220
578,55.8713,37.4592,1386085920
578,55.7904,37.5197,1386076140
578,55.7904,37.5198,1385838480
578,55.7899,37.5191,1385575560
578,55.7892,37.5226,1385495220
578,55.7904,37.5199,1385426820
578,55.7904,37.5198,1385426580
578,55.7907,37.5241,1385416500
578,55.7684,37.5106,1385413740
578,55.7684,37.4985,1385413620
578,55.7775,37.5166,1385413020
578,55.7901,37.5197,1385396460
578,55.7903,37.5193,1385341680
578,55.8184,37.4654,1385136480
578,55.8914,37.343,1377017580
578,55.7535,37.5774,1376341260
578,46.6866,7.8573,1372704660
578,46.6866,7.8573,1372438560
578,46.6866,7.8573,1372119660
578,41.9077,12.4896,1371773280
578,41.9083,12.4897,1371772200
578,43.9963,11.355,1371339540
578,41.9077,12.4896,1371238560
578,41.9083,12.4895,1370480100
578,55.7527,37.6122,1367599740
578,55.7902,37.5197,1367518740
578,42.9184,47.6161,1366144800
578,55.7905,37.5199,1365043980
578,51.6776,0.4375,1363720860
578,51.669,0.4234,1363720800
578,36.8564,31.0366,1361884080
578,36.8584,30.9204,1360192740
578,36.8497,31.0718,1359999540
578,36.848,31.0704,1359945240
578,36.8486,31.0706,1359927180
578,36.8486,31.0706,1359917160
578,36.8486,31.0706,1359916860
578,36.8488,31.0706,1359820380
578,36.8486,31.0706,1359748560
578,45.4691,9.1954,1359438240
578,36.2751,5.3522,1359300180
578,36.2746,5.3527,1359219240
578,36.2745,5.3528,1359085980
578,36.2745,5.3529,1358996100
578,36.2744,5.3527,1358995980
578,36.2744,5.3527,1358995800
578,36.2753,5.3521,1358988120
578,36.2745,5.3528,1358981340
578,36.2749,5.3522,1358981100
578,36.2746,5.3528,1358970660
578,36.2744,5.3528,1358970660
578,36.2744,5.3528,1358789400
578,36.2744,5.3526,1358692500
578,36.275,5.352,1358569140
578,36.2744,5.3525,1358541240
578,36.2744,5.3525,1358452380
578,36.2745,5.3528,1358385900
578,36.2743,5.3525,1358385720
578,36.2745,5.3528,1358303340
578,36.2744,5.3526,1358302860
578,36.2744,5.3525,1358302740
578,36.2746,5.3526,1358302560
578,36.2746,5.3528,1358302380
578,55.911,37.3964,1358194800
578,55.8909,37.3423,1358189940
578,55.8914,37.3428,1358180580
578,55.7993,37.5357,1358177700
578,55.7543,37.5764,1358036940
578,55.7542,37.5763,1358034300
578,55.9078,37.4114,1358019720
578,8.0157,98.2956,1357935360
578,8.0127,98.2919,1357827780
578,8.0142,98.2954,1357798140
578,8.0141,98.2954,1357797660
578,8.0156,98.2955,1357773120
578,8.015,98.2954,1357773060
578,8.0147,98.2952,1357772880
578,8.0154,98.2953,1357772580
578,8.0157,98.2956,1357772520
578,8.0157,98.2956,1357772460
578,8.0157,98.2956,1357772400
578,8.0157,98.2956,1357772400
578,8.0149,98.2954,1357772400
578,8.0156,98.2955,1357772280
578,8.0147,98.2952,1357772220
578,8.0157,98.2956,1357772100
578,8.0147,98.2952,1357772040
578,8.0155,98.2955,1357771980
578,8.0157,98.2955,1357771860
578,8.0157,98.2955,1357771800
578,8.0157,98.2956,1357771800
578,8.0157,98.2956,1357771680
578,8.0147,98.2953,1357771560
578,8.0156,98.2956,1357771500
578,8.0157,98.2955,1357771440
578,8.0147,98.2952,1357771320
578,8.0147,98.2952,1357771200
578,8.0147,98.2952,1357770960
578,8.0147,98.2952,1357770780
578,8.0157,98.2956,1357768140
578,8.0147,98.2952,1357768020
578,8.0157,98.2956,1357767840
578,8.0147,98.2952,1357767720
578,8.0157,98.2955,1357748820
578,8.0157,98.2955,1357748820
578,8.0142,98.2955,1357698300
578,8.0117,98.2952,1357667940
578,8.0142,98.2953,1357602360
578,8.0141,98.2954,1357602300
578,8.0142,98.2955,1357602180
578,8.0142,98.2955,1357602120
578,8.0141,98.2955,1357602000
578,8.0141,98.2954,1357602000
578,8.0142,98.2954,1357601580
578,8.0142,98.2955,1357601280
578,8.0141,98.2955,1357601280
578,8.0142,98.2954,1357601280
578,8.0142,98.2954,1357601220
578,8.0142,98.2954,1357601160
578,8.0141,98.2954,1357600980
578,8.0141,98.2955,1357600920
578,8.0141,98.2954,1357600860
578,8.0142,98.2954,1357600680
578,8.0141,98.2954,1357600620
578,8.0142,98.2954,1357600560
578,8.0142,98.2952,1357600380
578,8.0141,98.2954,1357600380
578,8.0142,98.2954,1357600320
578,8.0141,98.2954,1357600320
578,8.0142,98.2955,1357599900
578,8.0142,98.2954,1357585800
578,8.0142,98.2954,1357577460
578,55.7906,37.5203,1357417260
578,55.7905,37.5203,1357417200
578,55.7905,37.5203,1357417140
578,55.7906,37.5201,1357417140
578,55.7904,37.5201,1357417080
578,55.7905,37.5203,1357417020
578,55.7905,37.5202,1357416900
578,55.7905,37.5202,1357416840
578,55.7328,37.4269,1357317600
578,55.7313,37.4863,1357248540
578,55.7906,37.5204,1357219080
578,25.7923,80.2824,1356506280
578,25.7944,80.2826,1356505980
578,25.7927,80.2836,1356505920
578,25.7973,80.1272,1356441840
578,25.7978,80.1272,1356380040
578,25.7867,80.131,1356360660
578,25.7907,80.1301,1356360480
578,25.7846,80.1315,1356360480
578,25.7909,80.1327,1356320820
578,25.7909,80.1327,1356320100
578,25.7969,80.1274,1356315780
578,57.7434,11.9447,1342265760
578,57.7434,11.9447,1342218060
578,57.7434,11.9447,1342217040
578,57.7433,11.9446,1342216980
578,57.744,11.9445,1342208340
578,57.7524,11.9332,1342208280
578,57.7434,11.9447,1342196220
578,57.7434,11.9447,1342195740
578,57.7434,11.9449,1342194780
578,57.7434,11.9448,1342138200
578,57.7432,11.9444,1342129980
578,57.7434,11.9447,1342129860
578,57.7434,11.9447,1342129800
578,57.7434,11.9447,1342129800
578,57.6962,11.9929,1342125240
578,57.7436,11.9449,1342101960
578,57.7434,11.9447,1342061760
578,57.7425,11.9444,1342061640
578,57.646,12.0257,1342061280
578,57.4379,12.1299,1342060080
578,56.7997,12.7777,1342057440
578,56.7886,12.7929,1342056900
578,56.7857,12.797,1342056900
578,56.7826,12.801,1342056900
578,56.6844,12.8671,1342050060
578,57.7434,11.9448,1342000920
578,57.6363,12.0319,1341968880
578,57.6358,12.0323,1341968820
578,57.5128,12.0517,1341967980
578,57.1361,12.2632,1341953340
578,57.7434,11.9447,1341949380
578,57.7433,11.9447,1341948120
578,57.7434,11.9448,1341940860
578,57.7434,11.9447,1341939660
578,57.7434,11.9448,1341934860
578,57.7439,11.9447,1341931080
578,57.7434,11.9447,1341927420
578,57.7434,11.9447,1341885420
578,57.7434,11.9448,1341885240
578,57.7434,11.9447,1341883920
578,57.7432,11.9447,1341883800
578,57.7433,11.9446,1341883680
578,57.7434,11.9447,1341883260
578,57.7433,11.9448,1341881640
578,57.7434,11.9448,1341880620
578,57.7434,11.9448,1341879900
578,57.7433,11.9447,1341878760
578,57.7434,11.9447,1341874800
578,57.6905,11.9052,1341674760
