579,8.1459,34.9076,1427875380
579,8.1458,34.9076,1427842080
579,8.1458,34.9076,1427841780
579,8.1458,34.9077,1427841660
579,8.1457,34.9076,1427841600
579,8.1457,34.9076,1427841120
579,8.1457,34.9076,1427838900
579,8.1459,34.9076,1427838540
579,8.1459,34.9076,1427835180
579,8.1458,34.9076,1427835120
579,8.1457,34.9077,1427835000
579,8.1457,34.9077,1427834880
579,8.1459,34.9076,1427816280
579,8.1458,34.9076,1427814900
579,8.0289,34.9171,1427748240
579,8.029,34.917,1427744760
579,8.029,34.9171,1427710260
579,8.1459,34.9076,1427492160
579,8.0424,34.8989,1427429220
579,8.0367,34.9093,1427422620
579,8.029,34.917,1427400960
579,8.029,34.917,1427399760
579,8.0289,34.917,1427395800
579,8.029,34.9171,1427395800
579,8.029,34.917,1427395560
579,8.029,34.917,1427394420
579,8.029,34.9171,1427394360
579,8.0291,34.9169,1427367780
579,8.065,34.8739,1427359320
579,8.029,34.9171,1427358960
579,8.0291,34.917,1427358720
579,8.0291,34.917,1427358720
579,8.029,34.9171,1427356980
579,8.065,34.8739,1427350560
579,8.029,34.9171,1427349120
579,8.029,34.9171,1427349120
579,8.029,34.9171,1427346540
579,8.0291,34.9171,1427346420
579,8.029,34.917,1427345640
579,8.1455,34.9075,1427325180
579,8.029,34.9171,1427240040
579,8.0289,34.9173,1427238000
579,8.029,34.917,1427237940
579,8.029,34.917,1427237880
579,8.0289,34.917,1427237880
579,8.029,34.9171,1427237760
579,8.0293,34.9169,1427177940
579,8.1136,34.8957,1427169300
579,8.029,34.9171,1427137260
579,8.029,34.9171,1427106420
579,8.029,34.9171,1427106180
579,8.0289,34.9171,1427106120
579,8.029,34.9171,1427105880
579,8.029,34.9171,1427105580
579,8.029,34.9173,1427097000
579,8.0289,34.917,1427091960
579,8.146,34.9076,1426808640
579,8.1457,34.9076,1426736580
579,8.0858,34.8937,1426657320
579,8.0856,34.894,1426645080
579,8.0857,34.8945,1426642680
579,8.146,34.9076,1426574100
579,8.146,34.9076,1426315440
579,8.146,34.9077,1426315380
579,8.146,34.9076,1426315320
579,8.146,34.9077,1426239600
579,8.0974,34.8853,1426229160
579,8.146,34.9076,1426226220
579,8.146,34.9076,1426226160
579,8.146,34.9076,1426222980
579,8.1464,34.9077,1426222560
579,8.146,34.9077,1426222320
579,8.029,34.917,1426076760
579,8.029,34.917,1426075620
579,8.029,34.917,1426075080
579,8.0861,34.8936,1426030620
579,8.0857,34.8945,1426030620
579,8.029,34.917,1425967500
579,8.029,34.917,1425961920
579,8.1444,34.9069,1425873240
579,8.0857,34.8945,1425859320
579,8.129,34.9032,1425719220
579,8.1288,34.903,1425714600
579,8.029,34.9171,1425643020
579,8.0291,34.917,1425641640
579,8.029,34.9171,1425641160
579,8.0292,34.9171,1425640800
579,8.029,34.9171,1425639060
579,8.029,34.917,1425635580
579,8.0291,34.9171,1425633900
579,8.029,34.917,1425633000
579,8.029,34.9171,1425632580
579,8.029,34.917,1425630000
579,8.029,34.917,1425629460
579,8.029,34.9171,1425629400
579,8.029,34.917,1425629340
579,8.029,34.917,1425629340
579,8.029,34.9171,1425628920
579,8.1461,34.9076,1425549840
579,8.146,34.9077,1425549720
579,8.1461,34.9076,1425548820
579,8.1461,34.9077,1425548820
579,8.1464,34.9077,1425465720
579,8.1466,34.9077,1425464820
579,8.1462,34.9077,1425453660
579,8.146,34.9076,1425450480
579,8.0289,34.917,1425411780
579,8.029,34.9171,1425411480
579,8.0289,34.917,1425411420
579,8.0289,34.917,1425411060
579,8.029,34.917,1425410940
579,8.029,34.917,1425410760
579,8.029,34.9171,1425410520
579,8.029,34.917,1425409560
579,8.0291,34.917,1425408360
579,8.0292,34.917,1425379560
579,8.029,34.9171,1425375000
579,8.029,34.9171,1425369900
579,8.029,34.9171,1425367740
579,8.0641,34.8973,1425353340
579,8.0859,34.8941,1425346680
579,8.1475,34.9108,1425293400
579,8.146,34.9076,1425292800
579,8.146,34.9076,1425292680
579,8.1461,34.9077,1425292320
579,8.1464,34.9077,1425280800
579,8.146,34.9076,1425280320
579,8.1463,34.9077,1425279000
579,8.1461,34.9077,1425276420
579,8.146,34.9077,1425276180
579,8.1457,34.9076,1425276060
579,8.1461,34.9076,1425272160
579,8.1456,34.9076,1425271440
579,8.1462,34.9076,1425271380
579,8.1461,34.9076,1425265920
579,8.146,34.9076,1425263220
579,8.146,34.9076,1425259800
579,8.1451,34.9079,1425252960
579,8.1453,34.908,1425252840
579,8.147,34.9079,1425250560
579,8.146,34.9077,1425242820
579,8.1457,34.9076,1425205500
579,8.0902,34.8835,1425190560
579,8.1461,34.9076,1425172320
579,8.0287,34.9239,1425017460
579,8.0859,34.8941,1424755800
579,8.4345,34.9823,1424579880
579,8.4345,34.9823,1424556720
579,8.4357,34.9815,1424463840
579,8.0543,34.8975,1424308500
579,8.0395,34.9094,1423802040
579,8.0371,34.9126,1423525560
579,8.0371,34.9251,1423376460
579,8.0352,34.9206,1423279980
579,8.0473,34.8938,1422679560
579,8.0476,34.8971,1422678120
579,8.1459,34.9077,1422139920
579,8.146,34.9076,1422072780
579,8.146,34.9076,1422056160
579,8.029,34.9169,1421984640
579,8.029,34.917,1421973600
579,8.029,34.917,1421966700
579,8.0291,34.917,1421966580
579,8.029,34.917,1421966520
579,8.029,34.917,1421961540
579,8.0289,34.917,1421960820
579,8.0289,34.9169,1421959980
579,8.0289,34.917,1421959920
579,8.0289,34.917,1421959560
579,8.029,34.917,1421959380
579,8.029,34.917,1421959320
579,8.029,34.9169,1421920980
579,8.029,34.917,1421920740
579,8.029,34.917,1421920620
579,8.029,34.917,1421920560
579,8.029,34.917,1421920380
579,8.029,34.917,1421920140
579,8.0289,34.9169,1421920020
579,8.0289,34.917,1421919780
579,8.029,34.917,1421919240
579,8.0291,34.9169,1421919240
579,8.029,34.9169,1421917860
579,8.029,34.917,1421910060
579,8.029,34.917,1421907420
579,8.029,34.917,1421880360
579,8.029,34.917,1421875680
579,8.0289,34.917,1421873520
579,8.0289,34.917,1421873400
579,8.029,34.9171,1421873160
579,8.029,34.917,1421872140
579,8.029,34.917,1421830680
579,8.029,34.917,1421828220
579,8.029,34.917,1421827560
579,8.0291,34.9171,1421825280
579,8.029,34.917,1421824860
579,8.029,34.9171,1421824800
579,8.029,34.917,1421824680
579,8.029,34.917,1421823780
579,8.0289,34.917,1421823600
579,8.0291,34.917,1421818920
579,8.0291,34.917,1421815200
579,8.029,34.917,1421814600
579,8.029,34.9172,1421812860
579,8.029,34.917,1421809860
579,8.029,34.917,1421805360
579,8.029,34.9171,1421782980
579,8.1461,34.9076,1421740980
579,8.0857,34.8945,1421728620
579,8.1461,34.9076,1421723640
579,8.1461,34.9077,1421718300
579,8.1461,34.9076,1421651280
579,8.1466,34.9078,1421552220
579,8.1465,34.9077,1421542440
579,8.1462,34.9077,1421540700
579,8.1462,34.9076,1421539800
579,8.1458,34.9078,1421462640
579,8.1461,34.9077,1421457600
579,8.1461,34.9076,1421441340
579,8.1461,34.9076,1421441160
579,8.1461,34.9076,1421441100
579,8.1477,34.9066,1421439900
579,8.2611,35.0031,1421438880
579,8.1466,34.9078,1421425020
579,8.1465,34.9078,1421424960
579,8.1462,34.9077,1421424900
579,8.1463,34.9076,1421419620
579,8.1456,34.9076,1421211240
579,8.0859,34.8941,1421197620
579,8.1459,34.9076,1421140800
579,8.029,34.917,1421027760
579,8.0291,34.917,1421015640
579,8.029,34.917,1420972620
579,8.029,34.917,1420971900
579,8.029,34.917,1420966680
579,8.029,34.917,1420965720
579,8.029,34.917,1420958520
579,8.0293,34.917,1420957140
579,8.0291,34.917,1420956900
579,8.0289,34.917,1420951980
579,8.029,34.9171,1420922220
579,8.029,34.917,1420917420
579,8.0289,34.9171,1420916460
579,8.0289,34.9171,1420916160
579,8.029,34.9171,1420915740
579,8.0289,34.9171,1420915680
579,8.029,34.9171,1420915560
579,8.029,34.9171,1420915440
579,8.029,34.917,1420915380
579,8.0289,34.917,1420881120
579,8.029,34.917,1420880400
579,8.0289,34.917,1420880400
579,8.029,34.917,1420879800
579,8.029,34.917,1420879740
579,8.0289,34.917,1420879620
579,8.029,34.917,1420875900
579,8.029,34.917,1420875900
579,8.0289,34.917,1420875240
579,8.0289,34.917,1420875000
579,8.1463,34.9076,1420785480
579,8.1462,34.9076,1420785420
579,8.0458,34.8951,1420590480
579,8.0289,34.917,1420579320
579,8.0289,34.917,1420577940
579,8.0289,34.917,1420576980
579,8.0367,34.9082,1420576260
579,8.0289,34.917,1420567980
579,8.0289,34.917,1420567140
579,8.029,34.917,1420566660
579,8.0289,34.917,1420566420
579,8.0289,34.917,1420566420
579,8.029,34.917,1420545180
579,8.029,34.917,1420545000
579,8.0291,34.917,1420544820
579,8.029,34.9171,1420544760
579,8.029,34.917,1420544700
579,8.029,34.917,1420544160
579,8.0289,34.917,1420542960
579,8.0293,34.917,1420542720
579,8.029,34.917,1420541820
579,8.029,34.917,1420541460
579,8.029,34.917,1420541160
579,8.029,34.917,1420540440
579,8.029,34.917,1420540380
579,8.0291,34.917,1420540260
579,8.0289,34.917,1420540080
579,8.029,34.917,1420540020
579,8.029,34.917,1420539900
579,8.0291,34.917,1420539840
579,8.0291,34.917,1420539720
579,8.0289,34.917,1420539720
579,8.0288,34.917,1420539660
579,8.029,34.917,1420539480
579,8.029,34.917,1420539480
579,8.029,34.917,1420539420
579,8.029,34.917,1420539420
579,8.029,34.917,1420539240
579,8.0289,34.917,1420539180
579,8.0289,34.917,1420539180
579,8.029,34.917,1420539180
579,8.029,34.917,1420539120
579,8.029,34.917,1420539000
579,8.0289,34.917,1420538940
579,8.0289,34.917,1420538820
579,8.029,34.9171,1420529220
579,8.029,34.917,1420526460
579,8.029,34.9169,1420514760
579,8.0289,34.9171,1420507680
579,8.0291,34.917,1420436820
579,8.029,34.917,1420433760
579,8.0338,34.9095,1420428600
579,8.029,34.917,1420414320
579,8.029,34.917,1420406040
579,8.1451,34.9078,1420351440
579,8.029,34.917,1420329540
579,8.029,34.917,1420327620
579,8.1461,34.9076,1420260600
579,8.0317,34.9156,1420208880
579,8.0317,34.9156,1420204020
579,8.0338,34.9095,1420166460
579,8.1471,34.9079,1420065660
579,8.1465,34.9077,1420060380
579,8.1461,34.9076,1420016640
579,8.029,34.917,1419912420
579,8.1461,34.9076,1419847560
579,8.1185,34.9045,1419828360
579,8.1193,34.9052,1419824760
579,8.0356,34.9087,1419820800
579,8.029,34.917,1419815820
579,8.029,34.917,1419726180
579,8.029,34.917,1419705900
579,8.029,34.917,1419703500
579,8.029,34.917,1419702660
579,8.029,34.9169,1419702420
579,8.029,34.917,1419702300
579,8.029,34.9169,1419700620
579,8.0289,34.917,1419671100
579,8.0473,34.8938,1419656880
579,8.0291,34.917,1419646740
579,8.029,34.917,1419618480
579,8.029,34.917,1419543960
579,8.029,34.9169,1419537840
579,8.029,34.917,1419499980
579,8.029,34.917,1419483720
579,8.029,34.917,1419483180
579,8.029,34.917,1419483180
579,8.0291,34.9169,1419482340
579,8.029,34.917,1419481980
579,8.0291,34.917,1419480480
579,8.029,34.917,1419480360
579,8.029,34.917,1419452100
579,8.029,34.917,1419452040
579,8.0291,34.917,1419323220
579,8.029,34.9169,1419323160
579,8.029,34.9169,1419298140
579,8.0289,34.917,1419297840
579,8.029,34.917,1419297660
579,8.0289,34.917,1419297600
579,8.146,34.9076,1419233880
579,8.146,34.9076,1419222240
579,8.146,34.9076,1419220380
579,8.146,34.9076,1419220200
579,8.146,34.9076,1419218280
579,8.029,34.9169,1419125700
579,8.0289,34.917,1419112620
579,8.029,34.917,1419106620
579,8.029,34.9169,1419096300
579,8.1319,34.9171,1419051960
579,8.1317,34.9184,1419051780
579,8.0289,34.917,1419041520
579,8.0859,34.8936,1419030000
579,8.1461,34.9076,1418976300
579,8.1439,34.9077,1418872080
579,8.0289,34.917,1418863800
579,8.029,34.917,1418863680
579,8.0289,34.917,1418862060
579,8.0289,34.917,1418861760
579,8.0289,34.917,1418855640
579,8.029,34.917,1418847240
579,8.029,34.917,1418847120
579,8.0289,34.917,1418846640
579,8.0289,34.917,1418846160
579,8.029,34.9171,1418800380
579,8.0358,34.9087,1418797680
579,8.0357,34.9086,1418794500
579,8.0357,34.9086,1418794500
579,8.0394,34.9093,1418793600
579,8.0325,34.912,1418793360
579,8.0291,34.9176,1418793300
579,8.0288,34.9175,1418793180
579,8.0369,34.8967,1418783400
579,8.0369,34.8967,1418780160
579,8.0369,34.8967,1418773500
579,8.0369,34.8967,1418772000
579,8.037,34.8967,1418771340
579,8.0289,34.9169,1418753220
579,8.0289,34.917,1418752080
579,8.0289,34.917,1418752020
579,8.029,34.917,1418751780
579,8.029,34.917,1418746800
579,8.0291,34.917,1418746200
579,8.029,34.917,1418746080
579,8.029,34.917,1418746020
579,8.0289,34.9169,1418745120
579,8.029,34.9169,1418723100
579,8.029,34.917,1418719380
579,8.0542,34.9057,1418703060
579,8.0289,34.9164,1418679300
579,8.0291,34.917,1418678700
579,8.0291,34.917,1418678520
579,8.0291,34.917,1418677500
579,8.0291,34.917,1418677380
579,8.0291,34.917,1418676900
579,8.0291,34.917,1418660040
579,8.029,34.9171,1418628540
579,8.029,34.9171,1418627640
579,8.029,34.917,1418623140
579,8.029,34.917,1418620980
579,8.029,34.917,1418610480
579,8.0291,34.917,1418591220
579,8.0292,34.9176,1418590680
579,8.146,34.9076,1418580300
579,8.1246,34.9045,1418530680
579,8.0299,34.9174,1418420880
579,8.1461,34.9076,1418373660
579,8.029,34.917,1418322060
579,8.0289,34.9171,1418320320
579,8.029,34.9171,1418320080
579,8.029,34.9171,1418319480
579,8.0291,34.9171,1418284800
579,8.1461,34.9076,1418261400
579,8.0289,34.917,1418226780
579,8.029,34.9171,1418201340
579,8.029,34.9171,1418201220
579,8.029,34.9171,1418201160
579,8.029,34.9171,1418200860
579,8.029,34.9171,1418200380
579,8.029,34.9171,1418198640
579,8.029,34.9171,1418197560
579,8.0289,34.9171,1418196660
579,8.1451,34.9078,1418189220
579,8.0913,34.8943,1418188440
579,8.029,34.9171,1418167740
579,8.029,34.9171,1418159640
579,8.0413,34.9097,1418149260
579,8.029,34.917,1418141700
579,8.029,34.9171,1418141160
579,8.029,34.917,1418139180
579,8.029,34.9171,1418110080
579,8.029,34.9171,1418109960
579,8.029,34.917,1418108040
579,8.0291,34.9171,1418107980
579,8.029,34.9171,1418107920
579,8.029,34.9171,1418082720
579,8.029,34.917,1418075220
579,8.029,34.9171,1418074440
579,8.0289,34.917,1418066340
579,8.029,34.9171,1418050620
579,8.029,34.9169,1418021340
579,8.029,34.9171,1417991040
579,8.029,34.917,1417980900
579,8.029,34.9171,1417979340
579,8.0289,34.9171,1417977300
579,8.029,34.9171,1417977240
579,8.029,34.9171,1417972980
579,8.029,34.9171,1417933740
579,8.1439,34.9047,1417930920
579,8.029,34.9171,1417917300
579,8.029,34.9171,1417893420
579,8.029,34.917,1417893000
579,8.0289,34.9171,1417831680
579,8.0404,34.9088,1417802280
579,8.029,34.9171,1417764540
579,8.029,34.917,1417749900
579,8.029,34.917,1417749720
579,8.0291,34.9173,1417746060
579,8.029,34.9175,1417745340
579,8.029,34.917,1417730940
579,8.029,34.9171,1417715820
579,8.029,34.9171,1417715160
579,8.029,34.9171,1417673880
579,8.0289,34.9171,1417646520
579,8.029,34.9171,1417646280
579,8.029,34.9171,1417634280
579,8.029,34.9171,1417634100
579,8.146,34.9076,1417547520
579,8.029,34.917,1417392240
579,8.0289,34.9171,1417392060
579,8.029,34.9171,1417347900
579,8.029,34.917,1417347720
579,8.029,34.9171,1417342380
579,8.029,34.9171,1417342380
579,8.0289,34.9171,1417336200
579,8.0289,34.9169,1417315440
579,8.0289,34.917,1417295820
579,8.029,34.917,1417293420
579,8.0971,34.8838,1417239540
579,8.0289,34.917,1417199520
579,8.0289,34.917,1417199400
579,8.029,34.917,1417141140
579,8.0289,34.9171,1417138320
579,8.0289,34.917,1417137540
579,8.029,34.917,1417132800
579,8.0289,34.917,1417132680
579,8.0289,34.917,1417132560
579,8.029,34.917,1417132200
579,8.029,34.9171,1417131420
579,8.0294,34.9086,1417124940
579,8.0302,34.9076,1417124820
579,8.146,34.9076,1417118820
579,8.1461,34.9076,1417115040
579,8.1458,34.9077,1417081740
579,8.1456,34.9078,1417060740
579,8.0291,34.917,1417054140
579,8.0288,34.917,1417052820
579,8.029,34.9169,1417039020
579,8.029,34.9169,1417037460
579,8.029,34.9169,1417037400
579,8.029,34.9169,1417037340
579,8.029,34.9169,1417037280
579,8.029,34.9169,1417037280
579,8.029,34.9169,1417037220
579,8.029,34.9169,1417036860
579,8.029,34.9169,1417036860
579,8.029,34.9169,1417036740
579,8.029,34.9169,1417036680
579,8.029,34.9169,1417036620
579,8.029,34.9169,1417036500
579,8.029,34.9169,1417035600
579,8.029,34.9169,1417035540
579,8.029,34.9169,1416995400
579,8.029,34.9169,1416992580
579,8.0289,34.917,1416992280
579,8.029,34.917,1416992220
579,8.0291,34.9169,1416992100
579,8.029,34.917,1416987420
579,8.0455,34.904,1416952560
579,8.029,34.9171,1416911940
579,8.029,34.917,1416911520
579,8.0857,34.8945,1416891000
579,8.029,34.917,1416844200
579,8.0289,34.917,1416816480
579,8.029,34.9171,1416815700
579,8.029,34.917,1416778320
579,8.0289,34.9171,1416777360
579,8.029,34.9171,1416773160
579,8.029,34.9171,1416773160
579,8.0291,34.9171,1416770580
579,8.0285,34.9182,1416701400
579,8.0291,34.917,1416687120
579,8.029,34.917,1416681480
579,8.029,34.917,1416681420
579,8.029,34.917,1416678960
579,8.029,34.917,1416646680
579,8.0289,34.9171,1416644280
579,8.0289,34.9171,1416643740
579,8.029,34.917,1416643680
579,8.0802,34.8918,1416634140
579,8.0978,34.9285,1416627360
579,8.0207,34.9383,1416626340
579,8.029,34.9171,1416604860
579,8.0289,34.9171,1416604860
579,8.0289,34.9162,1416602160
579,8.0289,34.9171,1416597540
579,8.0288,34.9172,1416594300
579,8.0288,34.9172,1416594240
579,8.0288,34.9172,1416594180
579,8.029,34.917,1416569580
579,8.029,34.917,1416567480
579,8.029,34.9171,1416562560
579,8.029,34.9171,1416518640
579,8.1461,34.9075,1416511620
579,8.1461,34.9075,1416479220
579,8.1461,34.9075,1416479040
579,8.029,34.917,1416436440
579,8.0289,34.9171,1416425580
579,8.029,34.917,1416390540
579,8.029,34.9171,1416389580
579,8.029,34.9171,1416389460
579,8.029,34.917,1416385500
579,8.029,34.917,1416385380
579,8.029,34.917,1416385260
579,8.029,34.9173,1416384060
579,8.029,34.917,1416384000
579,8.029,34.917,1416338700
579,8.029,34.917,1416336240
579,8.0291,34.917,1416295800
579,8.146,34.9076,1416289980
579,8.0701,34.8964,1416282360
579,8.0289,34.917,1416278520
579,8.0289,34.917,1416278460
579,8.0289,34.917,1416270300
579,8.0289,34.917,1416254280
579,8.0289,34.9171,1416252540
579,8.0289,34.9173,1416251820
579,8.029,34.917,1416251460
579,8.029,34.9169,1416221640
579,8.029,34.9169,1416221520
579,8.1461,34.9076,1416132060
579,8.0291,34.9169,1416092460
579,8.0291,34.9169,1416084600
579,8.0291,34.9169,1416049320
579,8.0291,34.9169,1416049140
579,8.0291,34.9169,1416048780
579,8.029,34.9171,1415999220
579,8.029,34.917,1415996340
579,8.0289,34.9171,1415968140
579,8.0289,34.9171,1415959860
579,8.0289,34.9171,1415959680
579,8.0289,34.9171,1415958840
579,8.029,34.9169,1415956320
579,8.029,34.917,1415955720
579,8.029,34.917,1415955660
579,8.0289,34.917,1415955420
579,8.0289,34.917,1415955360
579,8.0289,34.917,1415955300
579,8.0289,34.917,1415955300
579,8.029,34.917,1415955180
579,8.029,34.917,1415953440
579,8.029,34.917,1415951640
579,8.0289,34.9171,1415951220
579,8.0291,34.9169,1415950620
579,8.0292,34.9168,1415949600
579,8.029,34.917,1415940600
579,8.029,34.917,1415940360
579,8.029,34.917,1415934060
579,8.0289,34.9171,1415933580
579,8.0289,34.917,1415933580
579,8.029,34.917,1415933400
579,8.0289,34.9171,1415931960
579,8.0289,34.9171,1415931840
579,8.0289,34.9171,1415931840
579,8.029,34.917,1415875440
579,8.029,34.9171,1415874840
579,8.029,34.917,1415872380
579,8.029,34.9168,1415858280
579,8.029,34.917,1415854980
579,8.029,34.9172,1415854380
579,8.029,34.917,1415843160
579,8.029,34.917,1415843100
579,8.029,34.917,1415842380
579,8.0561,34.8802,1415837520
579,8.0471,34.9009,1415835060
579,8.034,34.9094,1415834220
579,8.029,34.9172,1415824620
579,8.0291,34.9177,1415823480
579,8.029,34.917,1415823120
579,8.0289,34.917,1415822940
579,8.0289,34.917,1415822700
579,8.029,34.917,1415822520
579,8.0857,34.8945,1415765460
579,8.029,34.9171,1415746980
579,8.0371,34.9126,1415578620
579,8.029,34.9171,1415300280
579,8.029,34.917,1415298720
579,8.029,34.917,1415296080
579,8.029,34.917,1415295420
579,8.029,34.9172,1415295000
579,8.0291,34.917,1415294940
579,8.0291,34.917,1415294940
579,8.0293,34.917,1415294520
579,8.029,34.9172,1415294340
579,8.029,34.917,1415270340
579,8.029,34.9171,1415269860
579,8.029,34.9171,1415269800
579,8.029,34.917,1415265540
579,8.029,34.9171,1415265360
579,8.1193,34.9052,1415231160
579,8.065,34.8739,1415159880
579,8.1461,34.9076,1415082360
579,8.029,34.9171,1415040420
579,8.0474,34.8949,1414896240
579,8.029,34.917,1414874160
579,8.0289,34.9171,1414871400
579,8.1263,34.9013,1414739040
579,8.146,34.9077,1414735860
579,8.142,34.9114,1414735500
579,8.0857,34.8945,1414734540
579,8.029,34.9168,1414730460
579,8.029,34.917,1414730340
579,8.029,34.917,1414727940
579,8.0371,34.9126,1414710540
579,8.029,34.917,1414640700
579,8.029,34.917,1414639440
579,8.029,34.917,1414639440
579,8.029,34.917,1414639380
579,8.029,34.917,1414638900
579,8.029,34.917,1414638900
579,8.0289,34.9171,1414638180
579,8.0289,34.9171,1414638180
579,8.0289,34.9171,1414637760
579,8.0291,34.917,1414539900
579,8.0291,34.9169,1414493400
579,8.0291,34.9169,1414493100
579,8.0292,34.917,1414492560
579,8.0291,34.917,1414491660
579,8.0289,34.917,1414491540
579,8.0291,34.9169,1414491420
579,8.0289,34.9171,1414480920
579,8.029,34.9171,1414474080
579,8.029,34.9171,1414474080
579,8.029,34.9171,1414474080
579,8.029,34.917,1414474020
579,8.029,34.917,1414473240
579,8.029,34.917,1414473240
579,8.029,34.917,1414473180
579,8.029,34.917,1414473180
579,8.029,34.917,1414472640
579,8.029,34.917,1414472580
579,8.029,34.917,1414472580
579,8.029,34.917,1414472400
579,8.029,34.917,1414471800
579,8.029,34.917,1414471440
579,8.029,34.917,1414471380
579,8.029,34.917,1414470720
579,8.0289,34.917,1414470600
579,8.029,34.917,1414454160
579,8.029,34.9171,1414451400
579,8.0289,34.917,1414437120
579,8.0291,34.9167,1414394580
579,8.4356,34.9813,1414383600
579,8.029,34.917,1414375800
579,8.4354,34.9815,1414355580
579,8.4353,34.9819,1414353120
579,8.4352,34.9818,1414353060
579,8.4358,34.9813,1414344120
579,8.4354,34.9815,1414307400
579,8.4357,34.9823,1414262460
579,8.4354,34.9815,1414218480
579,8.0289,34.916,1414179720
579,8.0289,34.9171,1414136040
579,8.029,34.917,1414128120
579,8.029,34.9169,1414111680
579,8.0291,34.9172,1414094520
579,8.029,34.917,1414091520
579,8.029,34.917,1413923040
579,8.029,34.9171,1413787560
579,8.029,34.9171,1413786660
579,8.029,34.9171,1413758880
579,8.1463,34.9076,1413742560
579,8.1466,34.9076,1413741300
579,8.1466,34.9076,1413741300
579,8.1466,34.9076,1413741060
579,8.0857,34.8945,1413694560
579,8.1283,34.9005,1413682140
579,8.029,34.9169,1413607740
579,8.029,34.917,1413588360
579,8.0289,34.917,1413570240
579,8.029,34.917,1413570060
579,8.1465,34.9076,1413508200
579,8.1197,34.9049,1413501180
579,8.029,34.9169,1413449580
579,8.029,34.9171,1413435120
579,8.0291,34.9175,1413347220
579,8.029,34.9171,1413339060
579,8.0227,34.9315,1413338100
579,8.0568,34.9191,1413337680
579,8.029,34.9171,1413317820
579,8.029,34.9171,1413317820
579,8.029,34.917,1413317100
579,8.029,34.917,1413308220
579,8.029,34.917,1413307380
579,8.0289,34.9171,1413305880
579,8.029,34.9171,1413168840
579,8.029,34.9171,1413152340
579,8.029,34.9171,1413079620
579,8.029,34.9171,1413069540
579,8.029,34.917,1413067980
579,8.0306,34.9148,1413010380
579,8.029,34.917,1412911200
579,8.029,34.9171,1412898900
579,8.029,34.9171,1412898720
579,8.029,34.9171,1412896800
579,8.029,34.9171,1412893440
579,8.0291,34.9169,1412889480
579,8.029,34.917,1412880600
579,8.029,34.9171,1412880120
579,8.029,34.917,1412877120
579,8.0857,34.8945,1412831280
579,8.1464,34.9076,1412747940
579,8.029,34.917,1412709480
579,8.029,34.917,1412706600
579,8.029,34.917,1412706480
579,8.029,34.9171,1412653500
579,8.0289,34.9171,1412621160
579,8.0289,34.9171,1412620980
579,8.029,34.9171,1412583000
579,8.029,34.917,1412582880
579,8.029,34.9171,1412582160
579,8.029,34.917,1412580900
579,8.029,34.9171,1412570280
579,8.029,34.9171,1412570220
579,8.029,34.917,1412569680
579,8.029,34.9171,1412545260
579,8.0291,34.917,1412541000
579,8.029,34.9171,1412492460
579,8.1292,34.9007,1412477100
579,8.0292,34.9168,1412443680
579,8.1463,34.9076,1412386380
579,8.1463,34.9076,1412385720
579,8.1463,34.9076,1412381220
579,8.1463,34.9076,1412380020
579,8.1463,34.9076,1412373300
579,8.1136,34.8945,1412303220
579,8.1136,34.8945,1412302680
579,8.029,34.9172,1412293020
579,8.0306,34.9188,1412225220
579,8.1365,34.9018,1412147820
579,8.0289,34.917,1412110800
579,8.029,34.917,1412060040
579,8.029,34.9171,1411978320
579,8.029,34.917,1411976100
579,8.029,34.917,1411975500
579,8.1463,34.9076,1411965240
579,8.0289,34.9171,1411943520
579,8.029,34.9171,1411933080
579,8.029,34.9171,1411859700
579,8.029,34.917,1411859040
579,8.029,34.9171,1411848300
579,8.029,34.9171,1411846980
579,8.0291,34.9171,1411845960
579,8.029,34.9171,1411845840
579,8.029,34.9171,1411844100
579,8.029,34.9171,1411765740
579,8.029,34.9171,1411765200
579,8.029,34.9171,1411765200
579,8.0289,34.9171,1411765020
579,8.029,34.9171,1411765020
579,8.029,34.9171,1411759680
579,8.029,34.9171,1411715640
579,8.0289,34.9171,1411705740
579,8.029,34.9171,1411676820
579,8.065,34.8739,1411625040
579,8.1179,34.9048,1411596180
579,8.1274,34.91,1411594920
579,8.0487,34.8989,1411583760
579,8.0286,34.9057,1411582620
579,8.0291,34.9169,1411578360
579,8.0289,34.917,1411544580
579,8.0289,34.917,1411541580
579,8.0289,34.917,1411539480
579,8.029,34.917,1411538760
579,8.029,34.917,1411534800
579,8.0353,34.902,1411521660
579,8.0355,34.9126,1411516560
579,8.029,34.9171,1411502100
579,8.029,34.9171,1411501740
579,8.029,34.9171,1411501680
579,8.0291,34.9167,1411459020
579,8.029,34.917,1411457520
579,8.029,34.917,1411448460
579,8.029,34.9169,1411444620
579,8.029,34.917,1411440720
579,8.0289,34.9172,1411421700
579,8.0289,34.9171,1411347660
579,8.0292,34.9171,1411346220
579,8.029,34.917,1411342380
579,8.0289,34.917,1411342320
579,8.029,34.917,1411342080
579,8.029,34.917,1411335720
579,8.0289,34.917,1411263960
579,8.029,34.9169,1411245120
579,8.1465,34.9076,1411209000
579,8.029,34.9171,1411154940
579,8.0289,34.917,1411154400
579,8.0289,34.9171,1411115580
579,8.029,34.9171,1411075500
579,8.029,34.9175,1411066920
579,8.1465,34.9077,1411026600
579,8.0628,34.8799,1410983400
579,8.0289,34.917,1410947100
579,8.0289,34.9171,1410932760
579,8.029,34.917,1410932640
579,8.029,34.917,1410927120
579,8.065,34.8739,1410925080
579,8.0289,34.9171,1410914580
579,8.029,34.9171,1410910320
579,8.0289,34.9171,1410909600
579,8.029,34.9171,1410903480
579,8.029,34.9171,1410900600
579,8.029,34.917,1410897300
579,8.0289,34.9171,1410853320
579,8.029,34.917,1410848520
579,8.029,34.9171,1410803520
579,8.029,34.9171,1410770520
579,8.029,34.9171,1410769680
579,8.0289,34.9172,1410769560
579,8.029,34.9171,1410769380
579,8.029,34.9171,1410768120
579,8.1081,34.89,1410765660
579,8.1115,34.8945,1410715800
579,8.1114,34.8944,1410668040
579,8.1115,34.8944,1410665220
579,8.0298,34.9167,1410649560
579,8.029,34.9171,1410649500
579,8.0291,34.917,1410630360
579,8.029,34.917,1410574740
579,8.029,34.9171,1410519780
579,8.0289,34.917,1410514260
579,8.029,34.9171,1410504780
579,8.0289,34.9171,1410504180
579,8.029,34.917,1410503880
579,8.029,34.917,1410499860
579,8.029,34.917,1410499440
579,8.0274,34.9165,1410481860
579,8.029,34.917,1410464040
579,8.0291,34.9171,1410425760
579,8.0289,34.917,1410425460
579,8.0289,34.9171,1410425100
579,8.0293,34.9169,1410412140
579,8.0289,34.917,1410411600
579,8.029,34.9169,1410410040
579,8.0269,34.9141,1410407640
579,8.029,34.9171,1410377700
579,8.0292,34.9176,1410337560
579,8.0292,34.9176,1410337320
579,8.029,34.9171,1410302580
579,8.0291,34.9176,1410298260
579,8.029,34.917,1410287340
579,8.0289,34.917,1410232560
579,8.029,34.917,1410185820
579,8.0289,34.9171,1410114660
579,8.029,34.917,1410093840
579,8.029,34.917,1410093780
579,8.0348,34.9118,1410068040
579,8.0298,34.9171,1410056340
579,8.029,34.9171,1410053220
579,8.0289,34.9169,1410041220
579,8.0289,34.917,1410038940
579,8.0289,34.9168,1410030660
579,8.0293,34.9176,1410005460
579,8.065,34.8739,1409986800
579,8.029,34.9171,1409979300
579,8.0621,34.8814,1409961480
579,8.0629,34.8774,1409959860
579,8.0289,34.917,1409941440
579,8.0289,34.917,1409941140
579,8.0288,34.9168,1409940600
579,8.029,34.917,1409913420
579,8.029,34.9169,1409890860
579,8.029,34.917,1409885760
579,8.0352,34.9207,1409879340
579,8.0353,34.9204,1409877840
579,8.0353,34.9205,1409877720
579,8.0353,34.9208,1409877660
579,8.0353,34.9205,1409875140
579,8.0353,34.9205,1409874960
579,8.0353,34.9204,1409873580
579,8.029,34.917,1409858640
579,8.029,34.917,1409855700
579,8.029,34.917,1409854320
579,8.0289,34.9169,1409818080
579,8.029,34.917,1409817360
579,8.029,34.917,1409814240
579,8.029,34.917,1409774820
579,8.029,34.917,1409769420
579,8.0289,34.9175,1409736060
579,8.0289,34.9161,1409722260
579,8.029,34.917,1409721600
579,8.0289,34.917,1409710680
579,8.0289,34.9171,1409705940
579,8.029,34.917,1409702880
579,8.0368,34.9121,1409693640
579,8.0368,34.9121,1409693400
579,8.029,34.9171,1409690760
579,8.0289,34.9171,1409690640
579,8.029,34.917,1409690520
579,8.029,34.9171,1409689320
579,8.0289,34.917,1409689200
579,8.029,34.9171,1409680980
579,8.029,34.917,1409649540
579,8.029,34.9171,1409645400
579,8.0298,34.9167,1409645340
579,8.0289,34.917,1409633460
579,8.0289,34.917,1409632800
579,8.0289,34.9171,1409565720
579,8.0289,34.9171,1409565720
579,7.8615,34.908,1409532240
579,7.8615,34.908,1409532180
579,7.2464,35.8852,1409505420
579,7.2355,35.8701,1409457480
579,7.2463,35.8852,1409388660
579,8.0288,34.9169,1409322060
579,8.029,34.917,1409321880
579,8.0289,34.9171,1409288700
579,8.0289,34.9171,1409288460
579,8.0291,34.917,1409285640
579,8.029,34.9174,1409284860
579,8.065,34.8739,1409284560
579,8.0289,34.917,1409283420
579,8.029,34.9171,1409281980
579,8.029,34.9171,1409275620
579,8.0352,34.9207,1409267880
579,8.0353,34.9204,1409267640
579,8.0357,34.9202,1409267460
579,8.0352,34.9206,1409266980
579,8.0353,34.9204,1409266440
579,8.0353,34.9207,1409266200
579,8.0353,34.9207,1409266080
579,8.0353,34.9207,1409265960
579,8.0353,34.9204,1409265660
579,8.0352,34.9207,1409265540
579,8.0352,34.9207,1409265300
579,8.0352,34.9207,1409264880
579,8.0353,34.9204,1409264220
579,8.0353,34.9206,1409262780
579,8.0352,34.9207,1409260500
579,8.0614,34.8975,1409245800
579,8.062,34.9007,1409238180
579,8.065,34.8739,1409198400
579,8.0289,34.9171,1409188800
579,8.0289,34.9171,1409188320
579,8.0289,34.9171,1409183040
579,8.0289,34.9171,1409183040
579,8.0289,34.9171,1409182500
579,8.029,34.9171,1409177880
579,8.0289,34.9171,1409177520
579,8.0289,34.917,1409176560
579,8.0289,34.9171,1409170740
579,8.0289,34.917,1409133600
579,8.0292,34.9173,1409112480
579,8.065,34.8739,1409108520
579,8.0289,34.9171,1409101680
579,8.0289,34.9171,1409101560
579,8.0289,34.9171,1409100180
579,8.0291,34.9168,1409099160
579,8.0289,34.917,1409085780
579,8.029,34.917,1409045700
579,8.0289,34.9153,1409043480
579,8.029,34.9171,1409031480
579,8.029,34.9171,1409026920
579,8.114,34.8909,1408923840
579,8.0289,34.9171,1408890840
579,8.0289,34.917,1408879080
579,8.0289,34.9172,1408872780
579,8.0288,34.9171,1408871280
579,8.0295,34.917,1408740840
579,8.0549,34.9067,1408637100
579,8.0455,34.9098,1408635840
579,8.0289,34.9171,1408633200
579,8.029,34.9171,1408608480
579,8.029,34.9171,1408604040
579,8.029,34.9171,1408603980
579,8.029,34.9171,1408602240
579,8.029,34.917,1408589520
579,8.0288,34.9152,1408588980
579,8.029,34.9171,1408588920
579,8.0291,34.9171,1408575720
579,8.0291,34.9171,1408575540
579,8.029,34.9171,1408567200
579,8.0291,34.9171,1408562820
579,8.0291,34.9171,1408528800
579,8.029,34.9172,1408509360
579,8.0354,34.9089,1408504140
579,8.0435,34.9095,1408497720
579,8.0411,34.9097,1408495020
579,8.0413,34.9098,1408493700
579,8.0291,34.9171,1408483740
579,8.029,34.9171,1408482240
579,8.0291,34.9171,1408477800
579,8.065,34.8739,1408476120
579,8.029,34.9171,1408474380
579,8.0291,34.9171,1408438260
579,8.0291,34.9171,1408438260
579,8.0291,34.9171,1408433340
579,8.0291,34.917,1408427400
579,8.0291,34.9171,1408424340
579,8.029,34.9171,1408424040
579,8.0291,34.9171,1408423920
579,8.0291,34.9171,1408421280
579,8.065,34.8739,1408419240
579,8.0291,34.9171,1408418640
579,8.029,34.9171,1408408920
579,8.0291,34.9171,1408402740
579,8.029,34.9171,1408393740
579,8.0291,34.9171,1408393320
579,8.0291,34.9171,1408392600
579,8.029,34.9171,1408391940
579,8.0291,34.9171,1408391220
579,8.0291,34.9171,1408390740
579,8.0445,34.9003,1408254840
579,8.065,34.8739,1408075320
579,8.065,34.8739,1407990660
579,8.065,34.8739,1407820620
579,8.0381,34.9005,1407659340
579,8.0334,34.9121,1407653580
579,8.0227,34.9311,1407635700
579,8.0645,34.873,1407566880
579,8.0357,34.9202,1407547980
579,8.065,34.8739,1407297060
579,8.065,34.8739,1407205560
579,8.0971,34.8838,1407124140
579,8.065,34.8739,1406849400
579,8.065,34.8739,1406849340
579,8.065,34.8739,1406420040
579,8.065,34.8739,1406417520
579,8.0357,34.9202,1406333640
579,8.0527,34.8997,1406277120
579,8.0527,34.8997,1406271840
579,8.0279,34.9274,1406153760
579,8.1187,34.8939,1406146260
579,12.9146,38.3349,1405749420
579,15.8699,47.9212,1405733580
579,15.7937,47.884,1405733220
579,16.3327,48.9374,1405660080
579,16.3314,48.9571,1405228680
579,16.2935,48.9387,1404964440
579,16.2952,48.9398,1404950520
579,16.2952,48.941,1404950520
579,16.3022,48.9483,1404944160
579,16.2952,48.9398,1404802560
579,16.3296,48.9453,1404758520
579,16.3297,48.9453,1404758100
579,16.3297,48.9453,1404757740
579,16.3298,48.9452,1404757680
579,16.2951,48.9398,1404675000
579,16.2957,48.9459,1404577860
579,16.3284,48.9545,1404515580
579,16.3285,48.9545,1404512220
579,16.3286,48.9544,1404499680
579,16.2951,48.9398,1404485760
579,16.2951,48.9398,1404466020
579,16.2951,48.9398,1404462600
579,16.295,48.9398,1404456000
579,16.2951,48.9398,1404455520
579,16.2951,48.9398,1404423000
579,16.2858,48.9595,1404418920
579,16.2951,48.9398,1404400680
579,16.295,48.9398,1404388680
579,16.2951,48.9398,1404367980
579,16.2951,48.9398,1404367860
579,16.2951,48.9398,1404365100
579,16.295,48.9398,1404360060
579,16.2951,48.9398,1404353940
579,16.295,48.9399,1404348120
579,16.2951,48.9398,1404335340
579,16.2951,48.9398,1404272760
579,16.2858,48.9593,1404267000
579,16.2858,48.9593,1404265380
579,16.2859,48.9594,1404265140
579,16.3284,48.9545,1404255540
579,16.3286,48.9546,1404235560
579,16.2951,48.9398,1404229620
579,16.2951,48.9398,1404229500
579,16.2951,48.9398,1404229440
579,16.2951,48.9398,1404229260
579,16.3287,48.9543,1404149760
579,16.2939,48.9426,1404144840
579,16.2951,48.9398,1404111240
579,16.2951,48.9398,1404110700
579,16.2935,48.9387,1404109920
579,16.2951,48.9398,1404106020
579,16.2951,48.9398,1404101100
579,16.2951,48.9398,1404097260
579,16.2951,48.9398,1404097200
579,16.2935,48.9387,1404086580
579,16.2951,48.9398,1404070980
579,16.2951,48.9398,1404070320
579,16.2951,48.9398,1404069540
579,16.2935,48.9387,1404069060
579,16.3305,48.9556,1404022800
579,16.3215,48.957,1404001620
579,16.3215,48.957,1404001620
579,16.295,48.9399,1403971740
579,16.3264,48.8844,1403947260
579,16.2949,48.94,1403795940
579,16.295,48.9398,1403755560
579,16.2949,48.9398,1403682540
579,16.295,48.94,1403582880
579,16.299,48.9408,1403582520
579,16.3026,48.9456,1403577780
579,16.3026,48.9457,1403576520
579,16.3026,48.9455,1403575740
579,16.3026,48.9456,1403575680
579,16.3026,48.9456,1403574240
579,16.3026,48.9456,1403573400
579,16.3284,48.9546,1403560560
579,16.3284,48.9546,1403560500
579,16.3283,48.9559,1403556000
579,16.2952,48.9398,1403415900
579,16.2952,48.9398,1403415840
579,16.2904,48.9489,1403342460
579,16.3284,48.9544,1403314020
579,16.2952,48.9398,1403239440
579,16.2952,48.9398,1403218320
579,16.2952,48.9398,1403215620
579,16.2951,48.9396,1403214780
579,16.3211,48.9468,1402934100
579,16.3158,48.9451,1402934040
579,16.3024,48.9417,1402933740
579,16.3024,48.9417,1402933680
579,16.295,48.9399,1402896120
579,16.2952,48.9398,1402882620
579,16.2952,48.9398,1402881720
579,16.2952,48.9398,1402729740
579,16.2952,48.9398,1402729560
579,16.2952,48.9398,1402729500
579,16.2952,48.9398,1402729380
579,16.2951,48.9398,1402638180
579,16.3026,48.9456,1402626660
579,16.3025,48.9458,1402623900
579,16.3025,48.9457,1402622700
579,16.3026,48.9456,1402622280
579,16.3027,48.9457,1402622100
579,16.3026,48.9457,1402621080
579,16.2935,48.9387,1402595520
579,16.2952,48.9398,1402587060
579,16.3286,48.9547,1402503900
579,16.2952,48.9398,1402500180
579,16.2952,48.9398,1402499340
579,16.2952,48.9398,1402376940
579,16.2952,48.9398,1402376820
579,16.2952,48.9398,1402217520
579,16.2952,48.9398,1402217220
579,16.2952,48.9398,1402217100
579,16.2952,48.9403,1402196640
579,16.2952,48.9398,1401898140
579,16.2952,48.9398,1401898020
579,16.2952,48.9398,1401895440
579,16.2952,48.9398,1401860160
579,16.2952,48.9398,1401860100
579,16.2952,48.9398,1401857100
579,16.2952,48.9398,1401856200
579,16.2952,48.9398,1401724440
579,16.3315,48.9571,1401723120
579,16.2952,48.9398,1401722940
579,16.2935,48.9387,1401700500
579,16.2952,48.9398,1401686640
579,16.2952,48.9398,1401686220
579,16.2952,48.9398,1401686040
579,16.2952,48.9398,1401685980
579,16.2952,48.9398,1401685560
579,16.2935,48.9387,1401685020
579,16.2935,48.9387,1401660000
579,16.2952,48.9398,1401659760
579,16.2952,48.9398,1401619980
579,16.2952,48.9398,1401619200
579,16.3315,48.9571,1401618540
579,16.3315,48.9571,1401618540
579,16.2952,48.9398,1401618180
579,16.2952,48.9398,1401618180
579,16.2952,48.9398,1401617580
579,16.2952,48.9398,1401617340
579,16.2952,48.9398,1401617340
579,16.3315,48.9571,1401613920
579,16.3316,48.9568,1401611220
579,16.3316,48.9568,1401610980
579,16.3316,48.9568,1401610980
579,16.3314,48.9571,1401601320
579,16.2952,48.9398,1401595140
579,16.2952,48.9398,1401592020
579,16.2989,48.941,1401549060
579,16.2937,48.9387,1401523980
579,16.2952,48.9398,1401515220
579,16.2952,48.9398,1401512940
579,16.2952,48.9398,1401511800
579,16.2952,48.9398,1401508680
579,16.2952,48.9398,1401508380
579,16.2952,48.9398,1401508080
579,16.2952,48.9398,1401507900
579,16.2952,48.9398,1401463680
579,16.2952,48.9398,1401463680
579,16.2952,48.9398,1401463320
579,16.2952,48.9398,1401463260
579,16.2952,48.9398,1401435300
579,16.2952,48.9398,1401431040
579,16.2952,48.9398,1401430680
579,16.2952,48.9398,1401428880
579,16.2952,48.9398,1401428520
579,16.2952,48.9398,1401428340
579,16.2952,48.9398,1401422220
579,16.2935,48.9387,1401421620
579,16.2952,48.9398,1401377160
579,16.2952,48.9398,1401375900
579,16.2952,48.9398,1401339180
579,16.2952,48.9398,1401339060
579,16.2952,48.9398,1401338820
579,16.2952,48.9398,1401338700
579,16.2952,48.9398,1401338700
579,16.2952,48.9398,1401338580
579,16.3162,48.9452,1401292440
579,16.2952,48.9398,1401290040
579,16.2952,48.9398,1401289800
579,16.2952,48.9398,1401262680
579,16.2952,48.9398,1401262680
579,16.2952,48.9398,1401262560
579,16.2952,48.9398,1401250500
579,16.2952,48.9398,1401250080
579,16.2952,48.9398,1401250080
579,16.2952,48.9398,1401250020
579,16.2952,48.9398,1401249720
579,16.2952,48.9398,1401249600
579,16.293,48.9429,1401074760
579,16.2952,48.9398,1400984220
579,16.2952,48.9398,1400984160
579,16.3264,48.956,1400965320
579,16.2952,48.9398,1400957880
579,16.2952,48.9398,1400957760
579,16.2952,48.9398,1400957220
579,16.2952,48.9398,1400957100
579,16.3931,48.9618,1400904480
579,16.2982,48.9402,1400865540
579,16.2952,48.9398,1400865120
579,16.2952,48.9398,1400826120
579,16.2952,48.9398,1400825880
579,16.2952,48.9398,1400825220
579,16.2952,48.9398,1400783400
579,16.2952,48.9398,1400783220
579,16.2952,48.9398,1400740980
579,16.2952,48.9398,1400739660
579,16.2952,48.9398,1400739480
579,16.2952,48.9398,1400739420
579,16.2952,48.9398,1400739360
579,16.2952,48.9398,1400739120
579,16.2952,48.9398,1400739060
579,16.2952,48.9398,1400738940
579,16.2952,48.9398,1400738880
579,16.2952,48.9398,1400738820
579,16.2952,48.9398,1400738820
579,16.2952,48.9398,1400738760
579,16.2952,48.9398,1400738700
579,16.2952,48.9398,1400727840
579,16.2952,48.9398,1400726100
579,16.2952,48.9398,1400726100
579,16.2952,48.9398,1400726040
579,16.2935,48.9387,1400725800
579,16.2952,48.9398,1400712660
579,16.2952,48.9398,1400656560
579,16.2952,48.9398,1400649720
579,16.2952,48.9398,1400649720
579,16.2952,48.9398,1400649600
579,16.2952,48.9398,1400648880
579,16.2929,48.9428,1400620260
579,16.2952,48.9398,1400576400
579,16.2952,48.9398,1400575740
579,16.2952,48.9398,1400575680
579,16.2952,48.9398,1400575320
579,16.2952,48.9398,1400575140
579,16.2952,48.9398,1400574960
579,16.2952,48.9398,1400574600
579,16.2952,48.9398,1400574540
579,16.2952,48.9398,1400574180
579,16.2952,48.9398,1400574060
579,16.2952,48.9398,1400573940
579,16.2952,48.9398,1400573040
579,16.2952,48.9398,1400572800
579,16.2952,48.9398,1400527620
579,16.2952,48.9398,1400517600
579,16.2952,48.9398,1400491320
579,16.2952,48.9398,1400491080
579,16.2952,48.9398,1400490840
579,16.2952,48.9398,1400489940
579,16.2952,48.9398,1400478000
579,16.2952,48.9398,1400473020
579,16.2904,48.9489,1400469720
579,16.2952,48.9398,1400444160
579,16.2952,48.9398,1400443200
579,16.2952,48.9398,1400442900
579,16.2952,48.9398,1400359500
579,16.2982,48.9404,1400336460
579,16.2952,48.9398,1400336340
579,16.2952,48.9398,1400336100
579,16.2952,48.9398,1400336040
579,16.2952,48.9398,1400312220
579,16.2952,48.9398,1400282640
579,16.2952,48.9398,1400262780
579,16.2952,48.9398,1400230080
579,16.2952,48.9398,1400229540
579,16.2952,48.9398,1400224680
579,16.2952,48.9398,1400223180
579,16.2952,48.9398,1400213400
579,16.2952,48.9398,1400213280
579,16.2952,48.9398,1400211660
579,16.2952,48.9398,1400211420
579,16.2952,48.9398,1400211240
579,16.2952,48.9398,1400186100
579,16.2952,48.9398,1400185740
579,16.2952,48.9398,1400183220
579,16.2952,48.9398,1400182500
579,16.2952,48.9398,1400182380
579,16.2952,48.9398,1400148480
579,16.2935,48.9387,1400141580
579,16.2952,48.9398,1400128920
579,16.2952,48.9398,1400121480
579,16.2952,48.9398,1400116680
579,16.2952,48.9398,1400116620
579,16.2952,48.9398,1400116500
579,16.2952,48.9398,1400116260
579,16.2952,48.9398,1400116140
579,16.2952,48.9398,1400115660
579,16.2952,48.9398,1400063160
579,16.2952,48.9398,1400063040
579,16.2952,48.9398,1400061960
579,16.2952,48.9398,1400061900
579,16.2952,48.9398,1400056680
579,16.2952,48.9398,1400056500
579,16.2935,48.9387,1400045580
579,16.2952,48.9398,1400039520
579,16.2952,48.9398,1400039340
579,16.2952,48.9398,1400036820
579,16.2952,48.9398,1400035380
579,16.2952,48.9398,1400035260
579,16.2935,48.9387,1400030880
579,16.2952,48.9398,1400019780
579,16.2952,48.9398,1399977660
579,16.2952,48.9398,1399977660
579,16.2952,48.9398,1399971660
579,16.2952,48.9398,1399971060
579,16.2952,48.9398,1399970220
579,16.2952,48.9398,1399969800
579,16.2952,48.9398,1399966740
579,16.2952,48.9398,1399965780
579,16.2952,48.9398,1399965300
579,16.2952,48.9398,1399952340
579,16.2952,48.9398,1399951980
579,16.2935,48.9387,1399951860
579,16.2952,48.9398,1399928040
579,16.2952,48.9398,1399886220
579,16.2952,48.9398,1399885500
579,16.2952,48.9398,1399884780
579,16.2952,48.9398,1399884720
579,16.2952,48.9398,1399884420
579,16.2952,48.9398,1399884300
579,16.2952,48.9398,1399884180
579,16.2952,48.9398,1399884000
579,16.2952,48.9398,1399883940
579,16.2952,48.9398,1399883640
579,16.2952,48.9398,1399883520
579,16.2952,48.9398,1399883460
579,16.2952,48.9398,1399883220
579,16.2952,48.9398,1399883160
579,16.2982,48.9404,1399882080
579,16.2952,48.9398,1399864200
579,16.2952,48.9398,1399837260
579,16.2952,48.9398,1399837140
579,16.2952,48.9398,1399837140
579,16.3305,48.9556,1399827840
579,16.2936,48.9387,1399810020
579,16.3307,48.9555,1399809660
579,16.3307,48.9555,1399809600
579,16.3307,48.9555,1399809540
579,16.3307,48.9555,1399809360
579,16.3307,48.9555,1399809000
579,16.3307,48.9555,1399808940
579,16.3307,48.9555,1399808640
579,16.3305,48.9556,1399802880
579,16.3305,48.9556,1399794120
579,16.7052,49.2641,1399776060
579,16.2935,48.9387,1399617840
579,16.2935,48.9387,1399590240
579,16.3276,48.954,1399428900
579,16.2935,48.9387,1399357620
579,16.2935,48.9387,1399267440
579,16.2935,48.9387,1399154640
579,16.2935,48.9387,1399073880
579,16.2904,48.9489,1399008960
579,16.2935,48.9387,1398919620
579,16.3284,48.9555,1398809460
579,16.2935,48.9387,1398747240
579,16.2935,48.9387,1398660840
579,16.3285,48.9554,1398217440
579,16.3339,48.9519,1397776260
579,16.307,48.9486,1396924020
579,16.2964,48.9444,1396234800
