581,56.0135,37.4614,1427052600
581,56.0131,37.484,1426902240
581,56.0135,37.4614,1426282980
581,56.0133,37.4845,1425980460
581,56.0131,37.484,1425605220
581,56.0131,37.484,1425124920
581,56.0167,37.4833,1424915460
581,56.0167,37.4833,1423875180
581,56.0167,37.4833,1423872420
581,55.8059,37.5788,1423252680
581,56.0167,37.4833,1421195400
581,56.0135,37.4614,1420940520
581,56.0091,37.4844,1420928940
581,56.0101,37.4618,1420843260
581,55.7937,37.5882,1420741500
581,56.0099,37.4634,1420516380
581,56.0167,37.4833,1420064820
581,56.015,37.4793,1420045140
581,55.8059,37.5788,1420032900
581,55.8034,37.5733,1420031460
581,56.0099,37.4634,1417902000
581,56.0,37.4413,1417832220
581,56.0096,37.4631,1417739460
581,55.8047,37.5803,1417020420
581,56.018,37.4588,1416792600
581,56.0167,37.4833,1416440040
581,56.0095,37.4632,1416011040
581,55.6947,37.5642,1416000180
581,55.6947,37.5642,1415977500
581,55.6947,37.5642,1415712360
581,56.0,37.4735,1415587140
581,56.0378,37.3653,1415450760
581,55.8046,37.5805,1415391360
581,55.8113,37.5868,1415303700
581,55.8113,37.5868,1415275260
581,56.0096,37.4631,1415130600
581,56.0167,37.4833,1414867200
581,56.0,37.4735,1414529700
581,56.0095,37.4631,1414281900
581,56.0,37.4735,1414281840
581,56.0094,37.463,1414269000
581,56.0095,37.463,1414247520
581,55.7888,49.1,1414097220
581,55.7888,49.1,1414089900
581,55.7525,52.4202,1414012680
581,55.7496,52.419,1414004340
581,55.7407,52.4145,1413920580
581,55.7297,52.4128,1413914940
581,55.7297,52.4128,1413907800
581,55.7471,52.4186,1413903420
581,55.6764,52.2856,1413885000
581,55.7428,52.4171,1413744960
581,55.6764,52.2856,1413728700
581,55.6439,51.0033,1413723720
581,55.7735,37.6559,1413663120
581,55.8047,37.5803,1412645220
581,56.0167,37.4833,1412632260
581,56.01,37.463,1412519340
581,56.01,37.463,1412462280
581,56.018,37.491,1412152800
581,55.8047,37.5803,1412088900
581,55.8047,37.5803,1411151820
581,55.7986,37.5835,1410431160
581,55.8018,37.6031,1410292380
581,56.0167,37.4833,1409955240
581,55.9525,37.5121,1409649120
581,55.7966,37.5872,1409623020
581,56.0096,37.4631,1409532000
581,56.0096,37.4631,1409525460
581,56.0167,37.4833,1409353140
581,55.8047,37.5803,1409239800
581,55.7558,37.6173,1409227260
581,55.7837,37.5857,1408614240
581,55.8046,37.5805,1408471020
581,56.0,37.4413,1408344660
581,56.0167,37.4833,1408234740
581,56.0096,37.4631,1407973020
581,56.0167,37.4833,1407711840
581,56.0391,37.364,1407709620
581,56.0096,37.4631,1407631260
581,56.0378,37.3653,1407584640
581,56.0096,37.4631,1407437400
581,56.0096,37.4631,1407406200
581,56.0167,37.4833,1406931300
581,56.0167,37.4833,1406928840
581,56.0096,37.4631,1406916660
581,56.0096,37.4631,1406909700
581,56.0167,37.4833,1406856420
581,56.0167,37.4833,1406854620
581,56.0167,37.4833,1406763720
581,56.0167,37.4833,1406763720
581,56.0167,37.4833,1406763660
581,56.018,37.491,1406720340
581,56.018,37.491,1406717580
581,55.911,37.3964,1406589300
581,56.0096,37.4631,1406399880
581,56.0167,37.4833,1406394420
581,55.7558,37.6173,1406211120
581,55.8047,37.5803,1406140860
581,56.0148,37.4654,1405375920
581,56.0096,37.4629,1405265100
581,55.8047,37.5803,1404843840
581,55.7558,37.6173,1404822720
581,55.8047,37.5803,1404780900
581,56.0378,37.3653,1404561180
581,55.8047,37.5803,1404477840
581,55.8278,37.5726,1404426300
581,56.0167,37.4833,1404262380
581,56.0167,37.4833,1404258420
581,56.0378,37.3653,1403351640
581,56.0106,37.4827,1403082180
581,56.0096,37.4631,1402908240
581,56.0378,37.3653,1402746240
581,56.0167,37.4833,1402688400
581,56.0096,37.4632,1401353580
581,56.013,37.4827,1401230760
581,56.0378,37.3653,1400932260
581,55.7558,37.6173,1400858760
581,55.7558,37.6173,1400849160
581,56.0096,37.4631,1400629800
581,55.8042,37.581,1400575740
581,56.0167,37.4833,1400019840
581,55.8059,37.5788,1399975680
581,55.7558,37.6173,1399974840
581,55.9754,37.4941,1399972200
581,56.015,37.4793,1399768620
581,55.8047,37.5803,1399509480
581,56.0093,37.4631,1399452420
581,56.0093,37.4631,1399359720
581,56.0093,37.4632,1399321260
581,56.0167,37.4833,1399082100
581,55.7602,37.5771,1399079640
581,55.7627,37.5768,1399062300
581,55.7627,37.5768,1399061220
581,55.7627,37.5768,1399060380
581,56.0378,37.3653,1398945360
581,56.018,37.4911,1398847560
581,56.0167,37.4833,1398808140
581,56.0167,37.4833,1398807900
581,55.8018,37.5711,1398801240
581,55.8018,37.5711,1398715080
581,56.0167,37.4833,1398647820
581,56.0167,37.4833,1398545520
581,56.0378,37.3653,1398513300
581,55.759,37.6167,1398469620
581,55.8018,37.5711,1398369480
581,56.0167,37.4833,1398297660
581,56.018,37.4588,1398156840
581,55.8046,37.5805,1398088740
581,56.0471,37.3661,1397926500
581,56.0378,37.3653,1397908680
581,56.0096,37.4631,1397857980
581,56.0,37.5058,1397811900
581,56.018,37.4911,1397811660
581,56.0167,37.4833,1397775060
581,55.8559,37.5913,1397679060
581,56.018,37.4911,1397638680
581,56.018,37.4911,1397551800
581,55.8044,37.5804,1397487840
581,56.0096,37.4631,1397419740
581,55.9386,37.5205,1397207700
581,56.0167,37.4833,1397079960
581,56.0,37.5058,1396947660
581,56.0167,37.4833,1396916640
581,55.8018,37.5711,1396900920
581,56.0096,37.4631,1396830420
581,56.0378,37.3653,1396698300
581,56.0095,37.4632,1396514700
581,55.8739,37.5766,1396470060
581,56.0167,37.4833,1396058160
581,55.7558,37.6173,1395830760
581,56.0093,37.4626,1395824760
581,56.0167,37.4833,1395701460
581,56.0378,37.3653,1395488760
581,55.7558,37.6173,1395311220
581,55.7962,37.5879,1395260220
581,56.0097,37.463,1395218820
581,55.7962,37.5879,1395173040
581,56.0167,37.4833,1394758500
581,56.0167,37.4833,1394757840
581,56.0167,37.4833,1394757240
581,56.0167,37.4833,1394467140
581,56.0378,37.3653,1394278980
581,55.8044,37.5804,1393933860
581,56.0167,37.4833,1393709280
581,56.0097,37.463,1393691640
581,56.0097,37.463,1393687680
581,56.0378,37.3653,1393674420
581,56.0167,37.4833,1393631280
581,56.0167,37.4833,1393631220
581,56.0097,37.463,1393629960
581,56.0097,37.463,1393629120
581,55.9543,37.51,1393577820
581,56.0378,37.3653,1392465360
581,56.0097,37.463,1392282120
581,56.0096,37.4631,1392245820
581,55.7558,37.6173,1392134160
581,56.0167,37.4833,1391895660
581,56.0096,37.4631,1391873460
581,55.7943,37.588,1391161560
581,56.0078,37.4471,1391160900
581,56.0167,37.4833,1391034360
581,56.0096,37.463,1391025660
581,56.0096,37.463,1390985340
581,56.0096,37.463,1390985160
581,56.0112,37.4689,1390612680
581,56.0112,37.4689,1390609260
581,55.7924,37.5974,1390524300
581,56.0112,37.4689,1390086480
581,56.0112,37.4689,1390086240
581,56.0112,37.4689,1390086180
581,56.0112,37.4689,1390086000
581,55.7512,37.6184,1389812100
581,56.0097,37.4631,1389648960
581,56.0097,37.463,1389648900
581,56.0096,37.4631,1389603060
581,56.0112,37.4689,1389488160
581,56.0112,37.4689,1389476280
581,56.0406,37.363,1389452280
581,56.0094,37.4631,1389393120
581,56.0096,37.4631,1389390120
581,55.7512,37.6184,1389374520
581,55.8047,37.5803,1389368700
581,56.0112,37.4689,1389311760
581,56.0412,37.3627,1388838900
581,56.0096,37.4631,1388663940
581,56.0094,37.4626,1388652660
581,56.0094,37.4628,1388554020
581,56.0112,37.4689,1388333280
581,56.0419,37.3627,1388254380
581,56.0112,37.4689,1388100720
581,55.8046,37.5805,1388099280
581,55.8046,37.5805,1388099040
581,55.8047,37.5803,1387973880
581,56.0102,37.4826,1387906860
581,55.7969,37.591,1387663500
581,56.0112,37.4689,1387498740
581,56.0112,37.4689,1387183800
581,56.0096,37.4631,1386856320
581,55.8046,37.5805,1386701880
581,56.0096,37.463,1386579180
581,56.042,37.3563,1386417420
581,55.7512,37.6184,1386262020
581,56.0419,37.3629,1385973960
581,56.0419,37.3629,1385950380
581,56.0419,37.3629,1385948280
581,56.0419,37.3629,1385944740
581,56.01,37.463,1385536200
581,56.0112,37.4689,1385504640
581,56.0112,37.4689,1385504340
581,56.0112,37.4689,1385246340
581,56.0105,37.4822,1385024520
581,56.0105,37.4822,1385024040
581,56.0105,37.4822,1385023860
581,56.0127,37.4853,1384851840
581,56.0097,37.4629,1384850820
581,56.0096,37.4631,1384764540
581,56.0418,37.3626,1384687440
581,56.0112,37.4689,1384649520
581,55.7512,37.6184,1384510020
581,56.0112,37.4689,1384380960
581,56.0096,37.4628,1384332420
581,56.0418,37.3626,1384082580
581,56.0112,37.4689,1384033920
581,56.0112,37.4689,1383999420
581,56.0,37.5058,1383813960
581,56.018,37.4911,1383728040
581,56.0112,37.4689,1383613620
581,56.0112,37.4689,1383438660
581,56.018,37.4911,1383209520
581,56.018,37.4588,1383168600
581,56.018,37.4588,1383168480
581,55.964,37.5031,1383124020
581,56.018,37.4911,1383123180
581,56.0112,37.4689,1383091020
581,55.7933,37.5874,1383076020
581,56.018,37.4911,1383036600
581,56.0112,37.4689,1382998860
581,56.0112,37.4689,1382998260
581,56.0105,37.4822,1382997360
581,56.018,37.4911,1382950680
581,56.018,37.4911,1382950560
581,56.0096,37.4631,1382426400
581,56.0112,37.4689,1382274060
581,56.0112,37.4689,1382192460
581,56.0112,37.4689,1381882500
581,55.8093,37.5788,1381868400
581,55.8093,37.5788,1381867620
581,55.8093,37.5788,1381867620
581,55.7967,37.585,1381867260
581,55.7967,37.585,1381866780
581,55.9867,37.521,1381827000
581,56.0079,37.4466,1381820700
581,56.0096,37.4631,1381702020
581,56.0096,37.4631,1381612860
581,56.0112,37.4689,1381476600
581,55.796,37.5847,1381261320
581,56.0169,37.4819,1381135500
581,56.0096,37.4631,1381108500
581,56.0096,37.463,1381020780
581,55.7512,37.6184,1380737940
581,55.792,37.5883,1380655620
581,55.8048,37.5808,1380655080
581,56.0112,37.4689,1380470460
581,56.0112,37.4689,1380387000
581,56.0096,37.4631,1380386880
581,56.0112,37.4689,1380382800
581,56.0096,37.4631,1380235140
581,55.9341,37.5229,1380184200
581,56.0112,37.4689,1380147300
581,56.0112,37.4689,1380147180
581,56.0132,37.4848,1380100800
581,56.017,37.4819,1380098580
581,55.7943,37.588,1380052080
581,56.0112,37.4689,1379984760
581,56.0112,37.4689,1379980020
581,55.7512,37.6184,1379938680
581,56.0096,37.4631,1379925600
581,56.0112,37.4689,1379872080
581,56.0112,37.4689,1379869020
581,56.0096,37.4631,1379855640
581,56.0112,37.4689,1379810280
581,56.0112,37.4689,1379802060
581,56.0112,37.4689,1379719980
581,56.0112,37.4689,1379371620
581,55.7943,37.588,1379360820
581,56.0112,37.4689,1379281200
581,56.0096,37.4631,1378858800
581,56.0409,37.3622,1378557840
581,55.7943,37.588,1378490700
581,56.0171,37.482,1378457760
581,55.8554,37.5701,1378412220
581,56.0095,37.4827,1378371240
581,56.0096,37.4629,1378002600
581,56.0097,37.4629,1377907980
581,56.0127,37.4842,1377593040
581,56.0097,37.463,1377503640
581,56.0097,37.4629,1377481680
581,56.0097,37.4629,1377481320
581,56.0096,37.4631,1377463680
581,56.042,37.3563,1377360780
581,56.0097,37.463,1377311460
581,55.9675,37.5009,1377262020
581,55.9656,37.5064,1377261900
581,55.9023,37.5342,1377261360
581,55.8728,37.5684,1377260940
581,55.7996,37.5878,1377260100
581,55.7969,37.5914,1377260040
581,55.7917,37.5996,1377257700
581,55.7922,37.5967,1377257580
581,55.7916,37.5995,1377257520
581,56.0409,37.3622,1377174300
581,56.0097,37.463,1376965620
581,56.0097,37.463,1376965320
581,56.0098,37.463,1376920500
581,56.0096,37.4631,1376670120
581,56.0098,37.4637,1376612640
581,56.0097,37.4632,1376612280
581,55.7923,37.5999,1376601060
581,55.7925,37.6003,1376339640
581,56.0097,37.4629,1376168700
581,56.0097,37.4629,1376135520
581,56.0097,37.4629,1376135220
581,56.0096,37.4631,1375948260
581,55.7943,37.588,1375912380
581,56.0097,37.4628,1375865460
581,56.0097,37.4628,1375778460
581,56.0096,37.4826,1375692600
581,56.0078,37.4458,1375483860
581,55.8047,37.5808,1375451700
581,56.0097,37.4632,1375394760
581,56.0097,37.4631,1375394640
581,55.7962,37.5878,1375386540
581,56.0096,37.4631,1375136700
581,56.0096,37.4631,1374881640
581,55.7962,37.5878,1374522900
581,56.0132,37.4848,1374423360
581,55.8047,37.5803,1374259140
581,55.8047,37.5803,1374258780
581,56.0096,37.4631,1373413920
581,56.0096,37.4631,1373327520
581,56.0096,37.4631,1373327100
581,56.0096,37.4631,1373243580
581,56.0098,37.4627,1373101620
581,56.0096,37.4631,1373064600
581,56.0096,37.4631,1373064120
581,56.0096,37.4631,1372808700
581,56.0406,37.3627,1372511400
581,55.7939,37.5857,1372360380
581,55.7943,37.588,1372353900
581,56.0405,37.3636,1371992820
581,56.0518,37.3668,1371377580
581,56.0405,37.3636,1371298020
581,56.0568,37.4045,1371296700
581,56.0362,37.4368,1371296520
581,56.015,37.4793,1371296100
581,56.0096,37.4631,1370335920
581,56.0096,37.4631,1370219040
581,56.0091,37.4519,1370191560
581,56.0096,37.4631,1370190360
581,56.0096,37.4631,1369990440
581,56.0135,37.4849,1369989900
581,56.0096,37.4631,1369574100
581,56.0098,37.4632,1369482660
581,55.7962,37.5878,1369253100
581,56.0132,37.4848,1369212960
581,56.0096,37.4631,1369093320
581,55.8047,37.5803,1369051320
581,55.8049,37.5818,1368619380
581,55.7136,37.606,1368436620
581,56.0135,37.4849,1368292500
581,56.0096,37.4631,1368224580
581,56.0096,37.4631,1368224400
581,55.8049,37.5818,1368008100
581,55.8049,37.5818,1368008100
581,56.0096,37.4631,1367776860
581,56.0096,37.4631,1367663340
581,56.0096,37.4631,1367610600
581,56.0096,37.4631,1367541000
581,55.8047,37.5803,1367358300
581,56.0096,37.4631,1367198880
581,55.8006,37.5832,1366839660
581,55.9545,37.4836,1366761780
581,56.0096,37.4631,1366491780
581,56.0096,37.4631,1366484160
581,56.0096,37.4631,1366479660
581,56.0094,37.4629,1366408200
581,56.0096,37.4631,1366095420
581,56.0096,37.4631,1366012680
581,56.0098,37.4639,1366009860
581,56.0096,37.4631,1365987240
581,56.0096,37.4631,1365728760
581,55.8049,37.5818,1365511140
581,55.8049,37.5818,1365507600
581,55.8049,37.5818,1365507540
581,55.8049,37.5818,1365506760
581,55.8049,37.5818,1365506700
581,55.8049,37.5818,1365506580
581,55.8049,37.5818,1365506280
581,55.8049,37.5818,1365505140
581,56.0042,37.4946,1365498120
581,56.0096,37.4631,1365378300
581,56.0096,37.4631,1365335880
581,56.0096,37.4631,1365269940
581,56.0096,37.4631,1365162900
581,56.0099,37.4637,1364948340
581,56.0096,37.4631,1364867400
581,56.0096,37.4631,1364747220
581,56.0096,37.4631,1364733780
581,56.0096,37.4631,1364714220
581,56.0096,37.4631,1364695680
581,56.0079,37.4696,1364675640
581,56.0096,37.4631,1364598480
581,56.0096,37.4631,1364595300
581,56.0096,37.4631,1364516880
581,56.0096,37.4631,1364515020
581,56.0096,37.4631,1364514780
581,55.8049,37.5818,1364219460
581,55.8049,37.5818,1364208480
581,56.0096,37.4631,1364174460
581,56.0096,37.4631,1364165040
581,56.0096,37.4631,1364141880
581,56.0096,37.4631,1364138700
581,56.0096,37.4631,1364125560
581,56.0096,37.4631,1364081100
581,56.0096,37.4631,1364079660
581,56.0096,37.4631,1363995960
581,56.0096,37.4631,1363987680
581,55.937,37.4956,1363943820
581,55.8049,37.5818,1363773300
581,56.0096,37.4631,1363740360
581,55.9379,37.4955,1363598040
581,56.0143,37.4665,1363471680
581,56.0096,37.4631,1363450800
581,56.0096,37.4631,1363425000
581,55.8047,37.5803,1363195740
581,56.0096,37.4631,1363135320
581,56.0096,37.4631,1362962040
581,56.0096,37.4631,1362947520
581,56.0096,37.4631,1362928680
581,56.0096,37.4631,1362924540
581,56.0096,37.4631,1362881700
581,56.0096,37.4631,1362863220
581,56.0096,37.4631,1362840540
581,56.0096,37.4631,1362529680
581,55.8049,37.5818,1362486840
581,55.8049,37.5818,1362483900
581,55.8049,37.5818,1362481560
581,55.947,37.52,1362475560
581,55.9496,37.5087,1362475260
581,55.9496,37.5087,1362475140
581,55.9373,37.4962,1362474780
581,56.0096,37.4631,1362470400
581,55.7962,37.5878,1362426720
581,56.0132,37.4848,1362387540
581,56.0096,37.4631,1362216780
581,56.0096,37.4631,1362173400
581,55.8049,37.5818,1362159720
581,55.8049,37.5818,1362158280
581,55.8049,37.5818,1362133980
581,55.8049,37.5818,1362133860
581,56.0096,37.4631,1362012180
581,55.8049,37.5818,1361902260
581,55.8049,37.5818,1361789340
581,55.8047,37.5803,1361455740
581,55.7943,37.5866,1361440020
581,56.0096,37.4631,1361400840
581,56.0096,37.4631,1361398620
581,56.0096,37.4631,1361323320
581,56.0096,37.4631,1361227860
581,56.0096,37.4631,1361226180
581,56.0135,37.4849,1361177040
581,56.0096,37.4631,1361146140
581,56.0096,37.4631,1361024280
581,56.0096,37.4631,1361023920
581,55.8047,37.5803,1360944000
581,56.0132,37.4848,1360831500
581,56.0096,37.4631,1360799640
581,55.8047,37.5803,1360766040
581,56.0096,37.4631,1360717320
581,56.0096,37.4631,1360715760
581,56.0096,37.4631,1360658700
581,56.0096,37.4631,1360545900
581,56.0096,37.4631,1360461060
581,56.0126,37.4842,1360359780
581,55.8049,37.5818,1360071060
581,55.7962,37.5878,1360007880
581,55.8047,37.5803,1359998220
581,55.8047,37.5803,1359998220
581,55.8049,37.5818,1359995460
581,55.8049,37.5818,1359989880
581,56.0096,37.4631,1359850980
581,56.0096,37.4631,1359813120
581,55.8049,37.5818,1359652080
581,56.0132,37.4848,1359536640
581,56.0096,37.4631,1359510600
581,56.0099,37.4635,1359315180
581,56.0096,37.4631,1359213120
581,56.0096,37.4631,1359206100
581,56.0096,37.4631,1359197880
581,56.0096,37.4631,1359196200
581,56.0096,37.4631,1359194580
581,56.0096,37.4631,1359152100
581,55.8049,37.5818,1359028200
581,56.0096,37.4631,1358981160
581,56.0096,37.4631,1358895300
581,56.0096,37.4631,1358731020
581,56.0096,37.4631,1358694960
581,55.8049,37.5818,1358511720
581,55.8049,37.5818,1358431560
581,55.8049,37.5818,1358427900
581,56.0096,37.4631,1358384760
581,56.0096,37.4631,1358384400
581,56.0096,37.4631,1358383320
581,56.0096,37.4631,1358001600
581,56.0096,37.4631,1357772340
581,56.0096,37.4631,1357688700
581,56.0096,37.4631,1357590420
581,56.0096,37.4631,1357523400
581,56.0096,37.4631,1357519260
581,56.0096,37.4631,1357352580
581,56.0096,37.4631,1357331400
581,56.0096,37.4631,1357329960
581,56.0096,37.4631,1357328520
581,56.0096,37.4631,1357328100
581,56.0096,37.4631,1357327920
581,56.0096,37.4631,1357321380
581,56.0096,37.4631,1357321380
581,56.0096,37.4631,1357312380
581,56.0096,37.4631,1357270680
581,56.0096,37.4631,1357246020
581,56.0096,37.4631,1357184040
581,56.0096,37.4631,1357180920
581,56.0096,37.4631,1357180080
581,56.0096,37.4631,1357177980
581,56.0096,37.4631,1357176780
581,56.0096,37.4631,1357167960
581,56.0096,37.4631,1357167960
581,56.0096,37.4631,1357165680
581,56.0096,37.4631,1357000620
581,56.0096,37.4631,1356914880
581,56.0096,37.4631,1356732300
581,55.8049,37.5818,1356698220
581,56.0096,37.4631,1356653220
581,56.0096,37.4631,1356591480
581,56.0096,37.4631,1356568260
581,56.0132,37.4848,1356424440
581,56.0096,37.4631,1356393480
581,56.0096,37.4631,1356332880
581,56.0096,37.4631,1356309840
581,56.0096,37.4631,1356307920
581,56.0096,37.4631,1356305700
581,56.0096,37.4631,1356299880
581,56.0096,37.4631,1356296460
581,56.0096,37.4631,1356284220
581,56.0096,37.4631,1356227040
581,56.0096,37.4631,1356225540
581,56.0096,37.4631,1356225120
581,56.0096,37.4631,1356208320
581,56.0096,37.4631,1356204540
581,56.0096,37.4631,1356197160
581,56.0096,37.4631,1356196860
581,56.01,37.4671,1356136260
581,56.01,37.4671,1356136260
581,55.7962,37.5878,1356119700
581,56.0096,37.4631,1356072720
581,55.7962,37.5878,1355876460
581,56.0132,37.4848,1355820240
581,56.0096,37.4631,1355814420
581,56.0096,37.4631,1355607120
581,56.0096,37.4631,1355270580
581,55.7962,37.5878,1355255400
581,55.8049,37.5818,1354730400
581,55.8049,37.5818,1354718520
581,56.0096,37.4631,1354607700
581,56.0096,37.4631,1354571760
581,56.0096,37.4631,1354571520
581,56.015,37.4793,1354483500
581,56.0096,37.4631,1354385280
581,56.0096,37.4631,1354385160
581,56.0096,37.4631,1354385100
581,56.0096,37.4631,1354381500
581,56.0096,37.4631,1354381320
581,56.0096,37.4631,1354378500
581,56.0096,37.4631,1354324800
581,56.0139,37.465,1354315680
581,55.7943,37.588,1354305180
581,55.8049,37.5818,1354273260
581,55.8049,37.5818,1354273200
581,55.8049,37.5818,1354272600
581,55.8049,37.5818,1354272540
581,55.8049,37.5818,1354269660
581,55.8049,37.5818,1354204500
581,56.0096,37.4631,1354172400
581,55.8069,37.5271,1354146360
581,55.8049,37.5309,1354130160
581,56.0135,37.4849,1354005240
581,55.8049,37.5818,1353939360
581,56.0096,37.4631,1353938160
581,55.8049,37.5818,1353926580
581,56.0096,37.4631,1353924960
581,56.0096,37.4631,1353882480
581,56.0096,37.4631,1353881760
581,56.0096,37.4631,1353879720
581,56.0096,37.4631,1353854700
581,56.0096,37.4631,1353852420
581,55.8049,37.5818,1353686460
581,56.0132,37.4848,1353400980
581,55.8049,37.5818,1353346260
581,55.8049,37.5818,1353341100
581,55.8049,37.5818,1353337680
581,55.8049,37.5818,1353328740
581,55.8049,37.5818,1353320700
581,55.8049,37.5818,1353318960
581,56.01,37.463,1353311640
581,56.0096,37.4631,1353202860
581,56.0096,37.4631,1353051720
581,56.0096,37.4631,1353029040
581,56.0096,37.4631,1353025920
581,55.8049,37.5818,1352984700
581,56.0096,37.4631,1352793720
581,56.0096,37.4631,1352707320
581,56.0096,37.4631,1352675640
581,56.0096,37.4631,1352675580
581,56.0096,37.4631,1352652900
581,56.0096,37.4631,1352652840
581,56.0096,37.4631,1352641800
581,56.0096,37.4631,1352640840
581,56.0096,37.4631,1352630640
581,56.0096,37.4631,1352566920
581,56.015,37.4793,1352448840
581,55.8049,37.5818,1352400600
581,55.8049,37.5818,1352400360
581,55.8049,37.5818,1352399280
581,55.8049,37.5818,1352377560
581,55.8049,37.5818,1352374740
581,55.7962,37.5878,1352235360
581,55.8049,37.5818,1352222160
581,55.8049,37.5818,1352197260
581,55.8049,37.5818,1352197260
581,56.0096,37.4631,1352185980
581,56.0101,37.4669,1352133720
581,56.009,37.4717,1352035740
581,56.009,37.4717,1352025360
581,56.0101,37.4669,1351807320
581,55.8049,37.5818,1351777620
581,55.8049,37.5818,1351777500
581,55.8049,37.5818,1351771800
581,55.8049,37.5818,1351771200
581,55.8049,37.5818,1351764540
581,56.009,37.4717,1351731300
581,55.8049,37.5818,1351694100
581,55.8049,37.5818,1351692240
581,55.7962,37.5878,1351638360
581,55.8049,37.5309,1351627980
581,55.808,37.5811,1351623660
581,55.8049,37.5818,1351606140
581,55.8049,37.5818,1351598880
581,56.0132,37.4848,1351586640
581,55.8049,37.5818,1351531200
581,55.8049,37.5818,1351530960
581,55.8049,37.5818,1351530780
581,55.8049,37.5818,1351529820
581,55.8049,37.5818,1351520640
581,55.8049,37.5818,1351511040
581,56.0132,37.4848,1351500600
581,56.009,37.4717,1351469940
581,56.009,37.4717,1351459080
581,56.0096,37.4631,1351454940
581,56.0096,37.4631,1351454820
581,56.009,37.4717,1351416120
581,56.0096,37.4631,1351331760
581,55.7943,37.588,1351296180
581,55.8049,37.5818,1351246620
581,56.009,37.4717,1351235040
581,56.0095,37.4631,1351118940
581,55.8049,37.5818,1351086780
581,55.8049,37.5818,1351018260
581,55.8049,37.5818,1351011180
581,55.8049,37.5818,1350994320
581,55.8049,37.5818,1350993000
581,55.8049,37.5818,1350988080
581,55.8049,37.5818,1350987900
581,56.009,37.4717,1350893220
581,56.009,37.4717,1350817980
581,55.7962,37.5878,1350676680
581,56.0135,37.4849,1350666900
581,56.0132,37.4848,1350636780
581,56.0135,37.4849,1350636360
581,55.8049,37.5818,1350573540
581,55.7943,37.588,1350553320
581,56.0132,37.4848,1350550200
581,55.8049,37.5818,1350492900
581,55.8049,37.5818,1350492840
581,55.8049,37.5818,1350411900
581,55.8049,37.5818,1350403500
581,55.8049,37.5818,1350401160
581,55.7972,37.5848,1350330180
581,55.8049,37.5818,1350309600
581,56.009,37.4717,1350254460
581,56.009,37.4717,1350218520
581,56.009,37.4717,1350171000
581,56.009,37.4717,1350164580
581,56.0134,37.4838,1350146280
581,55.8049,37.5309,1350138240
581,56.0132,37.4848,1350129900
581,56.015,37.4793,1350085800
581,55.8045,37.5812,1350052440
581,55.8049,37.5818,1350037020
581,55.8045,37.5812,1349966400
581,56.009,37.4717,1349605680
581,56.009,37.4717,1349461080
581,56.009,37.4717,1349419740
581,56.009,37.4717,1349315280
581,56.009,37.4717,1349271540
581,56.009,37.4717,1349225700
581,55.8049,37.5309,1349139660
581,56.009,37.4717,1349025600
581,56.01,37.463,1348960320
581,55.7943,37.588,1348775940
581,56.009,37.4717,1348528260
581,56.0135,37.4849,1348476360
581,56.009,37.4717,1348437540
581,56.0101,37.4669,1348317420
581,56.0087,37.4676,1348316940
581,55.8049,37.5818,1348227600
581,56.009,37.4717,1348191060
581,56.009,37.4717,1347924300
581,56.009,37.4717,1347834780
581,56.009,37.4717,1347828900
581,56.009,37.4717,1347818040
581,56.0096,37.4631,1347810720
581,56.0087,37.4676,1347712920
581,55.7962,37.5878,1347649980
581,56.009,37.4717,1347625200
581,56.0135,37.4849,1347526320
581,55.7962,37.5878,1347390900
581,55.7943,37.588,1347296040
581,55.8049,37.5818,1347277800
581,56.009,37.4717,1347190920
581,56.0098,37.4641,1347155280
581,56.009,37.4717,1347136140
581,56.01,37.463,1347060300
581,55.8045,37.5812,1347016680
581,56.0083,37.4427,1346979300
581,55.8049,37.5818,1346764200
581,55.8049,37.5818,1346682840
581,55.9631,37.4734,1346670960
581,56.009,37.4717,1346620200
581,56.009,37.4717,1346601660
581,56.009,37.4717,1346494320
581,56.0133,37.483,1346442060
581,55.8049,37.5818,1346432400
581,55.8049,37.5818,1346328720
581,55.7943,37.5866,1346321400
581,55.8045,37.5807,1346148900
581,56.009,37.4717,1346115060
581,56.009,37.4717,1346114940
581,55.7413,37.6563,1345998120
581,56.0235,37.4738,1345909680
581,56.0233,37.4735,1345846200
581,55.7963,37.5879,1345838040
581,56.0096,37.4631,1345769580
581,56.0096,37.4631,1345769280
581,56.0236,37.4738,1345667400
581,55.8045,37.5807,1345630380
581,56.009,37.4717,1345619940
581,55.7944,37.5856,1345541940
581,56.0096,37.4631,1345375500
581,56.0096,37.4631,1345375440
581,56.0128,37.4849,1345341000
581,55.7919,37.5748,1345310100
581,55.7943,37.588,1345233480
581,55.8049,37.5818,1345215060
581,55.8058,37.5825,1345196280
581,56.01,37.463,1345154340
581,56.009,37.4717,1344913860
581,56.009,37.4717,1344817260
581,56.0096,37.4631,1344791400
581,56.0096,37.4631,1344782640
581,56.009,37.4717,1344709380
581,56.015,37.4793,1344536940
581,55.7928,37.5877,1344536820
581,55.8049,37.5818,1344448680
581,55.8049,37.5818,1344444120
581,55.8049,37.5818,1344442920
581,55.8049,37.5818,1344421440
581,55.7944,37.5856,1343986620
581,56.0096,37.4631,1343953740
581,55.8005,37.5817,1343931900
581,56.009,37.4717,1343857440
581,56.009,37.4717,1343638620
581,56.0096,37.4631,1342985100
581,56.0096,37.4631,1342960020
581,56.0096,37.4631,1342958520
581,56.0096,37.4631,1342918920
581,55.8045,37.5807,1342814400
581,55.8045,37.5807,1342728300
581,55.8045,37.5807,1342722360
581,55.8045,37.5807,1342715100
581,56.0132,37.4848,1342687800
581,56.0096,37.4631,1342566420
581,55.8045,37.5807,1342545660
581,55.8045,37.5807,1342542060
581,55.8045,37.5807,1342537440
581,56.0096,37.4631,1342304220
581,56.009,37.4717,1342267200
581,55.8049,37.5818,1342194600
581,56.0096,37.4631,1341961260
581,56.0096,37.4631,1341961200
581,55.8045,37.5807,1341942180
581,55.8045,37.5807,1341938760
581,55.8045,37.5807,1341934080
581,56.0132,37.4848,1341909900
581,56.0096,37.4631,1341795120
581,56.0094,37.4629,1341756000
581,56.0094,37.4629,1341744420
581,55.8045,37.5807,1341416700
581,56.0096,37.4631,1341101280
581,56.0096,37.4631,1341079140
581,55.8045,37.5807,1340968440
581,55.8045,37.5807,1340799840
581,55.8045,37.5807,1340791620
581,56.009,37.4717,1340784240
581,55.8045,37.5807,1340640960
581,56.0096,37.4631,1340573040
581,56.0096,37.4631,1340572860
581,56.0096,37.4631,1340572860
581,56.0096,37.4631,1340500500
581,56.0096,37.4631,1340499060
581,56.0096,37.4631,1340497440
581,56.0096,37.4631,1340480340
581,55.8045,37.5807,1340284080
581,56.0096,37.4631,1340155500
581,56.0096,37.4631,1340155440
581,56.0096,37.4631,1340155320
581,56.0096,37.4631,1340155200
581,56.0096,37.4631,1340155080
581,56.0096,37.4631,1340154840
581,56.0096,37.4631,1340147160
581,55.8045,37.5807,1340016720
581,56.0096,37.4631,1339977720
581,56.0096,37.4631,1339972440
581,56.0096,37.4631,1339901100
581,56.0096,37.4631,1339807560
581,56.0096,37.4631,1339802340
581,56.0096,37.4631,1339801020
581,56.0096,37.4631,1339800780
581,56.0096,37.4631,1339797840
581,55.8045,37.5807,1339777140
581,55.8045,37.5807,1339776120
581,55.8045,37.5807,1339776000
581,55.8045,37.5807,1339775880
581,56.0096,37.4631,1339722120
581,56.0096,37.4631,1339416240
581,55.8045,37.5807,1339239000
581,55.8045,37.5807,1339238280
581,55.8045,37.5807,1339164960
581,55.8045,37.5807,1339066260
581,55.8045,37.5807,1338982560
581,55.8045,37.5807,1338980520
581,55.8045,37.5807,1338902520
581,55.7894,37.696,1338485220
581,55.8045,37.5807,1338309480
581,55.8045,37.5807,1338206400
581,56.0096,37.4631,1338080520
581,56.0096,37.4631,1338078060
581,56.01,37.4634,1337910360
581,55.8049,37.5818,1337766780
581,56.0096,37.4631,1337721480
581,55.8045,37.5807,1337187660
581,55.796,37.588,1336765800
581,56.0096,37.4631,1336687620
581,56.0096,37.4631,1336411980
581,56.0096,37.4631,1336356900
581,56.0096,37.4631,1336353360
581,56.0096,37.4631,1336353240
581,56.0096,37.4631,1336346460
581,56.0096,37.4631,1336344360
581,56.0096,37.4631,1336344300
581,56.0096,37.4631,1336337340
581,56.0096,37.4631,1336337100
581,56.0096,37.4631,1336259040
581,55.8045,37.5807,1336232220
581,55.8045,37.5807,1336225140
581,55.8045,37.5807,1336216920
581,55.8045,37.5807,1336212840
581,56.0096,37.4631,1336180200
581,56.0096,37.4631,1335735180
581,56.0132,37.4848,1335602640
581,56.0096,37.4631,1335561720
581,55.8045,37.5807,1335550800
581,55.8045,37.5807,1335352260
581,55.8045,37.5807,1335350640
581,56.0096,37.4631,1335310980
581,55.8045,37.5807,1335293280
581,55.8045,37.5807,1335262440
581,56.0096,37.4631,1335225780
581,56.0096,37.4631,1335220920
581,55.8045,37.5807,1335196140
581,56.0096,37.4631,1335134460
581,56.0096,37.4631,1335133800
581,56.0096,37.4631,1335053340
581,55.8045,37.5807,1334937960
581,56.009,37.4717,1334797320
581,55.805,37.5308,1334781960
581,56.0096,37.4631,1334311680
581,56.0096,37.4631,1334258400
581,56.0096,37.4631,1334108940
581,56.0096,37.4631,1333927860
581,56.0096,37.4631,1333926960
581,56.0096,37.4631,1333925640
581,56.0096,37.4631,1333925340
581,56.0096,37.4631,1333838460
581,56.0096,37.4631,1333837140
581,56.0096,37.4631,1333836000
581,55.8051,37.531,1333811820
581,56.0096,37.4631,1333707600
581,56.0096,37.4631,1333657440
581,56.0095,37.4623,1333615680
581,56.0096,37.4631,1333613640
581,56.0096,37.4631,1333572660
581,56.0096,37.4631,1333410480
581,56.0096,37.4631,1333366080
581,56.0096,37.4631,1333136040
581,55.8045,37.5807,1333030500
581,55.8045,37.5807,1333028280
581,55.8045,37.5807,1333023300
581,55.8045,37.5807,1332776520
581,55.8045,37.5807,1332760980
581,56.0096,37.4631,1332626160
581,56.0096,37.4631,1332625920
581,56.0084,37.4434,1332585360
581,55.8045,37.5807,1332438000
581,55.8045,37.5807,1332437820
581,55.8045,37.5807,1332422580
581,56.0103,37.4631,1332371340
581,55.8045,37.5807,1332355980
581,55.8045,37.5807,1332354840
581,55.8045,37.5807,1332325980
581,55.8045,37.5807,1332325680
581,56.0103,37.4631,1332314100
581,55.8045,37.5807,1332249360
581,56.0096,37.4631,1332083640
581,56.0083,37.4425,1332001320
581,55.8045,37.5807,1331894340
581,56.0096,37.4631,1331854320
581,55.8045,37.5807,1331809200
581,55.8045,37.5807,1331808660
581,56.0096,37.4631,1331684280
581,56.0096,37.4631,1331683440
581,56.0096,37.4631,1331681880
581,56.0096,37.4631,1331514420
581,56.0096,37.4631,1331514000
581,56.0096,37.4631,1331169720
581,56.0096,37.4631,1331166960
581,55.8045,37.5807,1331138460
581,55.7382,37.6128,1330967940
581,55.8045,37.5807,1330958940
581,56.0096,37.4631,1330885440
581,56.0096,37.4631,1330855560
581,56.0096,37.4631,1330562040
581,56.0096,37.4631,1330556160
581,56.0096,37.4631,1330556160
581,56.0096,37.4631,1330553460
581,55.8045,37.5807,1330363380
581,56.0101,37.4669,1330256340
581,56.0096,37.4631,1330211460
581,56.0096,37.4631,1330205160
581,56.0096,37.4631,1330119780
581,55.8045,37.5807,1330105980
581,55.8045,37.5807,1330090560
581,55.8045,37.5807,1330087680
581,56.0096,37.4631,1330044360
581,56.0096,37.4631,1330041960
581,56.0096,37.4631,1330041720
581,56.0096,37.4631,1330031160
581,56.0096,37.4631,1330030980
581,56.0096,37.4631,1330030020
581,56.0096,37.4631,1329954720
581,56.0096,37.4631,1329953940
581,55.8045,37.5807,1329931020
581,56.0096,37.4631,1329872340
581,55.8045,37.5807,1329840360
581,55.8045,37.5807,1329822060
581,55.8045,37.5807,1329820920
581,56.0096,37.4631,1329782460
581,55.8045,37.5807,1329754440
581,55.8045,37.5807,1329753720
581,56.0096,37.4631,1329591600
581,56.0096,37.4631,1329528180
581,55.8045,37.5807,1329503100
581,56.0083,37.4581,1329423600
581,56.0096,37.4631,1329410280
581,56.0096,37.4631,1329408420
581,56.0096,37.4631,1329395820
581,56.0096,37.4631,1329388380
581,56.0132,37.4848,1329122280
581,56.0096,37.4631,1329065460
581,56.0096,37.4631,1328996640
581,55.8045,37.5807,1328886180
581,55.8045,37.5807,1328803140
581,55.8045,37.5807,1328790840
581,55.8045,37.5807,1328790600
581,55.8045,37.5807,1328790360
581,56.0096,37.4631,1328747520
581,55.8045,37.5807,1328698020
581,56.0096,37.4631,1328657340
581,56.0096,37.4631,1328453220
581,56.0096,37.4631,1328363640
581,56.0096,37.4631,1328145180
581,55.7754,37.5835,1328127480
581,56.0096,37.4631,1327966740
581,56.0096,37.4631,1327965900
581,56.0132,37.4848,1327913520
581,56.0096,37.4631,1327842900
581,55.8045,37.5807,1327514160
581,55.8045,37.5807,1327402200
581,55.8045,37.5807,1327401000
581,56.0096,37.4631,1327368060
581,56.0096,37.4631,1327185420
581,55.8045,37.5807,1327078620
581,56.0132,37.4848,1327048620
581,55.8045,37.5807,1326984240
581,55.8045,37.5807,1326966600
581,55.8045,37.5807,1326966600
581,55.8045,37.5807,1326913200
581,55.8045,37.5807,1326912300
581,55.8045,37.5807,1326912060
581,55.8045,37.5807,1326895380
581,55.8045,37.5807,1326894960
581,55.8045,37.5807,1326815520
581,55.8045,37.5807,1326813720
581,55.8045,37.5807,1326806700
581,55.8045,37.5807,1326805020
581,55.8045,37.5807,1326796920
581,55.8045,37.5807,1326795240
581,56.0096,37.4631,1326759420
581,56.0096,37.4631,1326639300
581,56.0096,37.4631,1326499620
581,55.8045,37.5807,1326471240
581,55.8045,37.5807,1326452820
581,56.0132,37.4848,1326184320
581,55.7644,37.5716,1325601960
581,56.0096,37.4631,1325425260
581,56.0096,37.4631,1325386680
581,56.0096,37.4631,1325296320
581,55.8045,37.5807,1325242680
581,56.0096,37.4631,1325202240
581,56.0096,37.4631,1325200320
581,55.8045,37.5807,1325182680
581,55.8045,37.5807,1325087400
581,55.8045,37.5807,1324896120
581,55.8045,37.5807,1324896060
581,56.0096,37.4631,1324722240
581,56.0096,37.4631,1324624140
581,56.0096,37.4631,1324514940
