590,21.2849,157.6864,1426650000
590,47.1843,122.2958,1411378320
590,47.581,122.3351,1411193160
590,47.581,122.3351,1411193040
590,47.6969,122.3391,1411029780
590,47.5836,122.3347,1411028340
590,47.5839,122.3355,1411028160
590,47.583,122.3345,1411028040
590,47.5816,122.3355,1411027860
590,47.5815,122.3355,1411027800
590,47.5814,122.3355,1411027740
590,47.5813,122.3355,1411027740
590,47.581,122.335,1411027560
590,47.581,122.335,1411027500
590,47.5811,122.3351,1411027500
590,47.5811,122.3351,1411027380
590,47.5811,122.3351,1411027380
590,47.581,122.3351,1411027320
590,47.5811,122.3351,1411027320
590,47.5811,122.3351,1411027260
590,47.5811,122.3351,1411027260
590,47.5811,122.3351,1411027200
590,47.5811,122.3351,1411027140
590,47.5811,122.3351,1411026960
590,47.581,122.335,1411026900
590,47.581,122.3351,1411026840
590,47.5811,122.3351,1411026780
590,47.5811,122.3351,1411026720
590,47.697,122.3392,1410757140
590,47.697,122.3392,1410757140
590,47.6969,122.3393,1410757080
590,47.697,122.3391,1410757020
590,47.697,122.3392,1410757020
590,47.6971,122.3391,1410756900
590,47.6969,122.3392,1410756840
590,47.697,122.3392,1410747660
590,47.6969,122.3391,1410746880
590,47.366,122.1833,1410681480
590,47.5983,122.325,1410493020
590,47.5983,122.3251,1410492840
590,47.581,122.335,1410488160
590,47.581,122.335,1410486600
590,47.581,122.335,1410486060
590,47.697,122.3391,1410426240
590,47.581,122.335,1410421200
590,47.697,122.3391,1410360540
590,47.5809,122.335,1410305760
590,47.581,122.335,1410305220
590,47.581,122.335,1410305160
590,47.5814,122.3354,1410303480
590,47.6941,122.3444,1410302340
590,47.697,122.3392,1410270900
590,47.6947,122.3394,1410269760
590,47.5813,122.334,1410238800
590,47.5813,122.3342,1410238740
590,47.5815,122.334,1410238680
590,48.6779,122.8318,1410054840
590,47.7765,122.3432,1409958840
590,47.581,122.335,1409898660
590,47.581,122.3351,1409898480
590,47.581,122.335,1409804640
590,47.5815,122.3296,1409800620
590,47.5801,122.3303,1409800380
590,47.5816,122.3346,1409800020
590,47.5809,122.335,1409799600
590,47.5808,122.3348,1409798820
590,47.581,122.335,1409798760
590,47.5809,122.335,1409798640
590,47.581,122.335,1409798580
590,47.581,122.335,1409798520
590,47.5812,122.3354,1409793240
590,47.5922,122.3319,1409464140
590,47.5927,122.3335,1409463900
590,47.5812,122.3351,1409100480
590,47.697,122.3391,1408973340
590,47.6916,122.3557,1408784340
590,47.7026,122.343,1408610580
590,47.697,122.3392,1407406320
590,47.697,122.3391,1406380320
590,47.6969,122.339,1406380140
590,47.6969,122.3392,1406379720
590,47.5807,122.3353,1406268900
590,47.5809,122.335,1406268660
590,47.5809,122.335,1406268480
590,47.581,122.3351,1406268360
590,47.581,122.3351,1406268360
590,47.581,122.335,1406260860
590,47.5811,122.3351,1406256540
590,47.5811,122.3351,1406256540
590,47.5811,122.3351,1406256420
590,47.5808,122.335,1406256360
590,47.5809,122.335,1406254740
590,47.5809,122.335,1406254440
590,47.5808,122.335,1406254380
590,47.5819,122.335,1406164980
590,47.697,122.339,1406113680
590,47.6971,122.3391,1406113560
590,47.697,122.339,1406113260
590,47.6944,122.3366,1406110680
590,47.5813,122.3353,1406097120
590,47.5813,122.3352,1406097000
590,47.5813,122.3352,1406096640
590,47.6971,122.339,1405804740
590,47.6969,122.339,1405679160
590,47.697,122.3391,1405676280
590,47.697,122.3391,1405676160
590,47.697,122.3392,1405676040
590,47.697,122.3392,1405675920
590,47.581,122.335,1405639020
590,47.697,122.3391,1405633800
590,47.697,122.3392,1405605960
590,47.697,122.3392,1405605900
590,47.697,122.3393,1405605840
590,47.697,122.3392,1405605780
590,47.697,122.3392,1405605780
590,47.6969,122.3392,1405605660
590,47.6969,122.3392,1405605600
590,47.6971,122.3392,1405602960
590,47.6971,122.3391,1405602960
590,47.6971,122.3391,1405602900
590,47.697,122.3391,1405595460
590,47.6968,122.339,1405595280
590,47.581,122.335,1405483620
590,47.581,122.335,1405483500
590,47.58,122.3359,1405482300
590,47.58,122.3358,1405482240
590,47.58,122.3357,1405482120
590,47.5801,122.3348,1405481640
590,47.5787,122.3544,1405473480
590,47.697,122.3391,1405341900
590,47.6969,122.339,1405341660
590,47.6521,122.3526,1405305060
590,47.5791,122.3348,1405145340
590,47.5791,122.3348,1405145280
590,47.5791,122.3348,1405144620
590,47.5779,122.3344,1405141740
590,47.5816,122.3354,1404954840
590,47.6801,122.3266,1404212400
590,47.4616,122.2622,1404039660
590,47.581,122.3351,1403934360
590,47.6971,122.3391,1403869980
590,47.6971,122.3392,1403859600
590,47.6975,122.3393,1403859600
590,47.697,122.3392,1403859540
590,47.697,122.3394,1403701200
590,47.5809,122.335,1403660340
590,47.5816,122.3354,1403659200
590,47.697,122.3392,1403614860
590,47.6971,122.3392,1403614560
590,47.6972,122.3393,1403614320
590,47.6971,122.3393,1403614260
590,47.6971,122.3392,1403614200
590,47.697,122.3391,1403614140
590,47.6971,122.3391,1403613720
590,47.697,122.3392,1403613600
590,47.697,122.3391,1403612700
590,47.697,122.3391,1403611620
590,47.697,122.3391,1403611560
590,47.697,122.3391,1403611500
590,47.6971,122.3393,1403611440
590,47.6969,122.3391,1403610900
590,47.697,122.3391,1403610720
590,47.697,122.3391,1403610660
590,47.6971,122.3391,1403610660
590,47.6969,122.3392,1403610600
590,47.697,122.3392,1403610540
590,47.6966,122.3397,1403609280
590,47.697,122.3391,1403609040
590,47.581,122.335,1403586600
590,47.5795,122.3293,1403321220
590,47.5798,122.3336,1403320440
590,47.5799,122.3344,1403320380
590,47.5809,122.335,1403143500
590,47.5809,122.335,1403143320
590,47.5809,122.335,1403143200
590,47.6917,122.3555,1403088960
590,47.697,122.3391,1403082240
590,47.697,122.3391,1403082060
590,47.581,122.3351,1403078760
590,47.581,122.335,1403076960
590,47.581,122.335,1403076000
590,47.5791,122.3348,1403055360
590,47.5791,122.335,1403054820
590,47.5791,122.3348,1403053380
590,47.5791,122.3348,1403053080
590,47.5791,122.3348,1403050920
590,47.6947,122.3396,1403041800
590,47.697,122.3391,1403012820
590,47.7028,122.3249,1402995120
590,47.7026,122.3247,1402995060
590,47.5813,122.3352,1402992420
590,47.5809,122.335,1402991880
590,47.5809,122.335,1402991580
590,47.581,122.335,1402991160
590,47.5809,122.335,1402991100
590,47.5809,122.335,1402990980
590,47.581,122.335,1402989480
590,47.581,122.335,1402988340
590,47.581,122.335,1402988220
590,47.5809,122.335,1402988100
590,47.5809,122.3351,1402983060
590,47.581,122.335,1402983000
590,47.6971,122.3391,1402834800
590,47.6971,122.3392,1402834560
590,47.6971,122.3392,1402834500
590,47.6972,122.3393,1402834440
590,47.3661,122.183,1402721400
590,47.697,122.3392,1402704000
590,47.5809,122.335,1402464720
590,47.5812,122.3351,1402449660
590,47.5809,122.335,1402124280
590,47.581,122.3352,1402118520
590,47.579,122.3294,1402113060
590,47.579,122.3294,1402113000
590,47.5791,122.3348,1402101720
590,47.697,122.3392,1401960000
590,47.697,122.3389,1401959280
590,47.6948,122.3396,1401958080
590,47.6947,122.3396,1401957840
590,47.6947,122.3396,1401957240
590,47.5807,122.3296,1401939660
590,47.5806,122.3297,1401939600
590,47.5806,122.3297,1401939540
590,47.5806,122.3297,1401939480
590,47.5807,122.3297,1401939480
590,47.5807,122.3296,1401939420
590,47.5807,122.3297,1401939240
590,47.5807,122.3296,1401938880
590,47.5807,122.3297,1401938760
590,47.5791,122.3348,1401933420
590,47.581,122.335,1401860160
590,47.697,122.3392,1401801480
590,47.5809,122.335,1401781620
590,47.581,122.335,1401780600
590,47.5809,122.335,1401780540
590,47.5809,122.335,1401522660
590,47.581,122.335,1401519540
590,47.581,122.335,1401429120
590,47.581,122.335,1401428760
590,47.581,122.335,1401428700
590,47.5809,122.335,1401428640
590,36.1012,115.1725,1401030120
590,36.1091,115.1741,1400942940
590,36.1091,115.1743,1400942880
590,36.1091,115.1743,1400942880
590,36.1092,115.1741,1400942820
590,36.1095,115.1739,1400942760
590,47.581,122.335,1400744880
590,47.5809,122.335,1400743860
590,47.5812,122.3352,1400653440
590,47.5785,122.335,1400638020
590,47.5779,122.3344,1400635200
590,47.5781,122.3344,1400635080
590,47.5799,122.335,1400634780
590,47.5796,122.3358,1400634720
590,47.4438,122.3013,1400588040
590,47.4441,122.301,1400587800
590,47.4441,122.301,1400587740
590,47.4442,122.3009,1400587620
590,36.16,86.8025,1400501220
590,36.1263,86.7892,1400461260
590,36.1599,86.8024,1400333580
590,36.1553,86.8046,1400326860
590,36.1357,86.6663,1400309940
590,45.589,122.5942,1400277000
590,45.5866,122.5943,1400275800
590,45.5862,122.5937,1400275680
590,45.5876,122.5959,1400275560
590,45.5876,122.5958,1400275500
590,47.4721,122.2205,1400230920
590,47.472,122.2204,1400230740
590,47.5809,122.335,1400227020
590,47.5813,122.3352,1400221380
590,47.5812,122.3352,1400221380
590,47.5813,122.3352,1400221260
590,47.5813,122.3352,1400221260
590,47.5813,122.3352,1400221200
590,47.5812,122.3351,1400221080
590,47.5779,122.3347,1400218200
590,47.5779,122.3347,1400218140
590,47.5779,122.3347,1400217660
590,47.697,122.3391,1400069820
590,47.6971,122.3391,1400069340
590,47.697,122.3391,1400069220
590,47.697,122.3392,1400069160
590,47.6969,122.339,1400069160
590,47.697,122.3391,1400069040
590,47.6971,122.3391,1400068980
590,47.6971,122.3392,1399981860
590,47.697,122.339,1399981800
590,47.697,122.3391,1399981620
590,47.697,122.339,1399981440
590,47.697,122.3391,1399980900
590,47.5913,122.3326,1399974360
590,47.6948,122.3397,1399848960
590,47.6948,122.3397,1399848960
590,47.6916,122.3557,1399714680
590,47.6971,122.3391,1399279440
590,47.697,122.3392,1399279320
590,47.6971,122.3391,1399279200
590,47.697,122.3391,1399279080
590,47.6971,122.3391,1399279080
590,47.65,122.3514,1399266420
590,47.65,122.3514,1399263720
590,47.595,122.3314,1399193160
590,47.5952,122.3316,1399192200
590,47.6301,122.315,1399177080
590,47.697,122.3391,1398428340
590,47.697,122.3391,1398427860
590,47.6969,122.3391,1398427680
590,47.6969,122.3392,1398427560
590,47.6968,122.3392,1398427500
590,47.708,122.3226,1397961900
590,47.697,122.3391,1397956800
590,47.697,122.339,1397956740
590,47.697,122.3391,1397956620
590,47.697,122.3391,1397956500
590,47.6971,122.3391,1397955720
590,47.697,122.3392,1397955000
590,47.6971,122.3391,1397954940
590,47.697,122.339,1397954880
590,47.697,122.3391,1397954820
590,47.697,122.3391,1397954760
590,47.6971,122.3391,1397954580
590,47.697,122.3391,1397954520
590,47.697,122.3391,1397952000
590,47.6971,122.3392,1397952000
590,47.6969,122.3391,1397950680
590,47.6947,122.3394,1397950560
590,47.6142,122.3223,1397914800
590,47.6141,122.3223,1397914800
590,20.9938,156.6682,1397695560
590,20.9938,156.6682,1397695440
590,20.9938,156.6682,1397694780
590,20.9937,156.6683,1397694060
590,20.9937,156.6682,1397693940
590,20.9938,156.6682,1397692800
590,20.8675,156.6747,1397381280
590,20.8675,156.6747,1397381040
590,20.8675,156.6747,1397380920
590,20.8674,156.6748,1397380800
590,20.8673,156.6749,1397380320
590,20.8674,156.6748,1397380200
590,20.8674,156.6748,1397307900
590,20.8674,156.6751,1397302320
590,20.8723,156.6773,1397204700
590,20.8928,156.438,1397183340
590,47.697,122.3393,1397050920
590,47.6905,122.3232,1396845840
590,47.5808,122.335,1396658400
590,47.5809,122.335,1396654800
590,47.697,122.339,1396441500
590,47.6969,122.3391,1396429500
590,47.5788,122.3351,1396425780
590,47.6961,122.3392,1396357080
590,47.6961,122.3388,1396356840
590,47.6952,122.3384,1396356780
590,47.5812,122.3351,1396070460
590,47.5812,122.3351,1396070400
590,47.5815,122.3353,1396070160
590,47.5815,122.3353,1396070160
590,47.697,122.3391,1395494820
590,47.581,122.3351,1395462420
590,47.5815,122.3354,1395461580
590,47.5808,122.3416,1395461580
590,47.5807,122.3351,1395382740
590,47.5807,122.3349,1395382740
590,47.5779,122.3344,1395382500
590,47.5809,122.335,1395381360
590,47.5813,122.3352,1395371880
590,47.5813,122.3352,1395371760
590,47.5813,122.3352,1395371640
590,47.5812,122.3351,1395371460
590,47.5812,122.335,1395371400
590,47.5812,122.3351,1395371340
590,47.5812,122.3351,1395371100
590,47.5811,122.334,1395287100
590,47.5811,122.334,1395287040
590,47.6614,122.3331,1395230700
590,47.5807,122.3349,1395200940
590,47.5808,122.3351,1395198240
590,47.5829,122.335,1395130740
590,47.5812,122.3351,1395105960
590,47.5809,122.335,1394855280
590,47.5807,122.3348,1394854980
590,47.6958,122.3383,1394800500
590,47.5809,122.335,1394781780
590,47.581,122.335,1394766480
590,47.5809,122.335,1394766060
590,47.581,122.335,1394766000
590,47.5809,122.3351,1394759580
590,47.5809,122.335,1394591580
590,47.581,122.335,1394590860
590,47.5809,122.335,1394590560
590,47.5809,122.335,1394590500
590,47.5809,122.335,1394590380
590,47.5808,122.3352,1392950460
590,47.5806,122.3296,1392698820
590,47.5808,122.314,1390624740
590,47.581,122.3359,1383894120
590,47.6861,122.355,1381638120
590,47.5625,122.3818,1375963500
590,36.0837,115.1499,1369465560
590,40.7576,73.9869,1369031700
590,47.5625,122.3818,1361447760
