595,16.4371,39.0644,1390252560
595,23.521,46.4927,1389335700
595,23.5571,46.5618,1388796120
595,23.521,46.4926,1388795760
595,23.5571,46.5619,1388795160
595,23.521,46.4926,1388692680
595,23.521,46.4926,1388650080
595,23.5228,46.4917,1388512920
595,23.5212,46.4919,1388474940
595,23.4286,46.4825,1387818240
595,23.552,46.6347,1386882420
595,23.552,46.6347,1386882060
595,23.5384,46.5581,1386426600
595,23.5384,46.5581,1386426300
595,23.5384,46.5581,1386425700
595,23.5384,46.5581,1386425460
595,23.5384,46.5581,1386425340
595,23.5384,46.5581,1386425160
595,23.5384,46.5581,1386374100
595,23.5991,46.6371,1384586100
595,23.5596,46.5595,1379377020
595,23.5571,46.5619,1378146840
595,23.5571,46.5619,1378145460
595,23.5571,46.5619,1378144680
595,23.5571,46.5619,1378143900
595,23.5571,46.5619,1378143420
595,23.5571,46.5619,1377879240
595,23.5525,46.5651,1377806520
595,23.5209,46.4959,1377499440
595,23.5209,46.4959,1377497880
595,23.5393,46.5697,1377375660
595,23.5393,46.5697,1377332400
595,23.5393,46.5697,1377332100
595,23.5126,46.5153,1377330480
595,23.5126,46.5153,1377323700
595,23.5126,46.5153,1377323460
595,23.5448,46.5727,1377322920
595,23.5448,46.5727,1377322620
595,23.5448,46.5727,1377322080
595,23.5572,46.5618,1375388640
595,23.5572,46.5619,1375310340
595,23.5207,46.4958,1375059300
595,23.5572,46.5619,1374678360
595,23.5619,46.5608,1374627000
595,23.5572,46.5619,1374607620
595,23.5572,46.5619,1374599820
595,23.519,46.4934,1364678040
595,23.5419,46.5917,1364442240
595,23.5419,46.5917,1361423340
595,23.5419,46.5918,1360124460
595,23.5419,46.5917,1359848940
595,23.5419,46.5917,1359832500
595,23.5419,46.5917,1359816480
595,23.5419,46.5917,1359426480
595,23.5419,46.5918,1358639520
