599,35.1363,106.6255,1427590200
599,35.2431,106.6692,1427489160
599,35.1363,106.6256,1427433720
599,35.605,105.2222,1427399460
599,35.5712,105.2191,1427393940
599,35.5712,105.219,1427177100
599,35.5712,105.219,1427176980
599,35.5712,105.219,1427176860
599,35.5712,105.2191,1427088720
599,35.5713,105.2191,1427068800
599,35.1363,106.6257,1427001240
599,35.2332,106.6584,1426994100
599,35.2346,106.6564,1426994040
599,35.2349,106.656,1426993920
599,35.2347,106.6564,1426993800
599,35.2347,106.6564,1426993680
599,35.2351,106.6553,1426993620
599,35.2352,106.6552,1426993560
599,35.2349,106.6561,1426993440
599,36.3513,105.6248,1425880620
599,35.1359,106.6257,1425548460
599,35.1359,106.6256,1425529680
599,35.1354,106.6257,1425520620
599,35.1359,106.6258,1425517680
599,35.1359,106.6257,1425506340
599,35.1358,106.626,1425456120
599,35.1353,106.6258,1425455580
599,35.1359,106.6256,1425455340
599,35.1369,106.551,1425449580
599,35.131,106.521,1425436680
599,35.1179,106.7023,1425433980
599,35.0805,106.6345,1425425160
599,35.0809,106.6343,1425421800
599,35.0808,106.6347,1425421620
599,35.0809,106.6348,1425421440
599,35.1362,106.6263,1425383640
599,35.1363,106.6266,1425383520
599,35.1132,106.6039,1425378420
599,35.0007,109.9057,1425360540
599,33.394,111.875,1425285360
599,33.3631,111.8411,1425256140
599,33.407,111.9469,1425156420
599,33.427,112.0746,1425119340
599,33.4113,112.0074,1425086220
599,33.4192,111.8918,1425085680
599,33.4269,111.8736,1425084660
599,33.4269,111.8735,1424930400
599,33.427,111.8736,1424851140
599,35.1023,106.6479,1424602380
599,35.1023,106.6479,1424602320
599,35.1023,106.6479,1424601000
599,35.1023,106.6479,1424599200
599,35.1361,106.6257,1424593260
599,35.136,106.6257,1424592780
599,35.1359,106.6257,1424592480
599,35.1793,106.6797,1424576880
599,35.1361,106.6257,1424479800
599,35.1361,106.6257,1424470740
599,35.1352,106.6258,1424467860
599,35.1361,106.6254,1424466840
599,35.1365,106.6256,1424465460
599,35.1362,106.6257,1424464620
599,35.1364,106.6257,1424464200
599,35.1363,106.6257,1424413980
599,35.1354,106.6257,1424410080
599,35.1354,106.6257,1424407680
599,35.1364,106.6256,1424405700
599,35.1354,106.6257,1424405580
599,35.1302,106.5517,1424398020
599,35.1311,106.5488,1424321700
599,35.1361,106.6257,1424294100
599,35.1362,106.626,1424246040
599,35.1359,106.6256,1424245860
599,35.1775,106.6884,1424239920
599,35.1775,106.6881,1424235780
599,35.2421,106.6731,1424223600
599,35.0802,106.6064,1424220420
599,35.136,106.6258,1424204400
599,35.1355,106.6259,1424156640
599,35.1361,106.626,1423993680
599,35.181,106.6257,1423974600
599,35.136,106.6258,1423958280
599,35.1363,106.6265,1423958160
599,35.1365,106.6267,1423957860
599,35.1361,106.6261,1423954500
599,35.1354,106.6257,1423954260
599,35.1354,106.6256,1423953180
599,35.1363,106.6264,1423946580
599,35.136,106.6256,1423945740
599,35.1359,106.6259,1423945680
599,35.1038,106.7044,1423898820
599,35.1038,106.7045,1423898460
599,35.1227,106.6066,1423894200
599,35.1359,106.6258,1423875300
599,35.1358,106.626,1423863360
599,35.1359,106.6258,1423863180
599,35.1321,106.5906,1423840740
599,35.1321,106.5906,1423835880
599,35.1321,106.5905,1423833480
599,35.1321,106.5906,1423833300
599,35.1321,106.5905,1423833180
599,35.1321,106.5905,1423833120
599,35.1321,106.5905,1423832940
599,35.1321,106.5905,1423832940
599,35.1321,106.5905,1423832340
599,35.1321,106.5905,1423830540
599,35.1354,106.6258,1423823700
599,35.2189,106.6629,1423802940
599,35.226,106.6463,1423798920
599,35.1366,106.6256,1423787880
599,35.0872,106.6871,1423780260
599,35.0872,106.6871,1423780140
599,35.1398,106.6075,1423778400
599,35.1399,106.6075,1423778040
599,35.0805,106.7129,1423764660
599,35.1156,106.6251,1423733820
599,35.0642,106.6772,1423732860
599,35.1355,106.6257,1423710900
599,35.1359,106.6258,1423710840
599,35.111,106.7005,1423671420
599,33.427,111.8737,1423541640
599,33.4238,111.9394,1423465080
599,33.424,111.9392,1423462440
599,33.4269,111.8736,1423401180
599,33.4269,111.8736,1423400760
599,33.3033,111.8422,1423391520
599,33.3035,111.8425,1423389960
599,33.3035,111.8425,1423388580
599,33.3034,111.8425,1423387140
599,33.3035,111.8426,1423387020
599,35.2201,106.6934,1423293180
599,35.2201,106.6933,1423289580
599,35.2195,106.6931,1423287360
599,35.2194,106.6924,1423287240
599,35.2431,106.6693,1423282380
599,35.2201,106.6933,1423271520
599,35.2201,106.6933,1423269300
599,35.136,106.6257,1423254660
599,35.136,106.6257,1423254180
599,35.1359,106.6258,1423254120
599,35.2201,106.6933,1423192920
599,35.136,106.6258,1423153500
599,35.1354,106.6258,1423124160
599,35.1354,106.6258,1423103580
599,35.1358,106.6259,1423103520
599,35.1359,106.6258,1423103040
599,35.1359,106.6259,1423102680
599,35.1353,106.6257,1423102440
599,35.1359,106.6258,1423092000
599,35.1361,106.6259,1423081020
599,35.136,106.6259,1423038060
599,35.1361,106.6259,1423009920
599,35.1359,106.6258,1423008000
599,35.1359,106.6257,1423005720
599,35.136,106.6258,1423003020
599,35.1361,106.6259,1423002780
599,35.1381,106.6137,1422985920
599,35.1122,106.6075,1422977700
599,35.1358,106.6259,1422941040
599,35.1808,106.6257,1422939240
599,35.1399,106.6074,1422925920
599,35.1378,106.6134,1422894840
599,35.1123,106.6083,1422891660
599,35.1121,106.6074,1422890100
599,35.1123,106.6065,1422834780
599,35.1356,106.6258,1422804780
599,35.1359,106.6259,1422748800
599,35.1354,106.6258,1422744180
599,35.1359,106.6259,1422739980
599,35.136,106.6259,1422739920
599,35.1354,106.6258,1422739800
599,35.1122,106.608,1422738180
599,35.0795,106.5301,1422735180
599,35.1065,106.5491,1422733260
599,35.0848,106.652,1422696600
599,35.0849,106.6519,1422696540
599,35.0848,106.652,1422695760
599,35.0842,106.6496,1422694560
599,35.1358,106.6257,1422681180
599,35.1359,106.6258,1422680820
599,35.2198,106.6933,1422662400
599,35.2198,106.6934,1422658680
599,35.2198,106.6933,1422656100
599,35.1359,106.6257,1421628240
599,35.1354,106.6255,1421628180
599,35.1359,106.6257,1421626440
599,35.1359,106.6257,1421626380
599,35.1359,106.6257,1421626380
599,35.1021,106.6481,1421576400
599,36.8267,108.0059,1421533980
599,36.8272,108.0095,1421530920
599,36.8261,107.9919,1421528520
599,36.8261,107.9918,1421528520
599,36.8024,108.0875,1421518200
599,36.7672,108.1448,1421516100
599,36.7672,108.1448,1421480760
599,36.7672,108.1448,1421479800
599,36.7671,108.1448,1421427540
599,36.7671,108.1448,1421427420
599,36.7672,108.1448,1421392740
599,36.7671,108.1447,1421373840
599,36.7202,108.1563,1421366640
599,36.7436,108.1659,1421361300
599,36.7203,108.1562,1421360220
599,36.7228,108.2225,1421352240
599,36.7202,108.1563,1421307060
599,36.7671,108.1447,1421300760
599,36.7671,108.1447,1421160420
599,33.427,111.8735,1421122680
599,35.2106,106.4495,1419571380
599,35.1355,106.6258,1419555420
599,35.1467,106.6385,1419489780
599,35.1357,106.6257,1419428160
599,35.1356,106.6257,1419427980
599,35.1357,106.6257,1419427980
599,35.1354,106.6256,1419427680
599,35.1357,106.6257,1419427560
599,35.1353,106.6259,1419427500
599,35.1352,106.6257,1419427380
599,35.1353,106.6255,1419427020
599,35.1357,106.6257,1419426900
599,35.1357,106.6257,1419426840
599,35.1354,106.6257,1419426720
599,35.1128,106.6073,1419423540
599,35.1128,106.6074,1419423300
599,35.1354,106.6257,1419416340
599,35.1354,106.6258,1419415560
599,35.1359,106.6413,1419404400
599,35.1354,106.6257,1419355200
599,35.2315,106.6617,1419327360
599,35.3051,106.701,1419322440
599,35.1354,106.6254,1419314280
599,35.1355,106.6256,1419314160
599,35.1023,106.7067,1419289560
599,35.1357,106.6257,1419234180
599,35.1355,106.6256,1419229440
599,35.1354,106.6257,1419220800
599,35.1354,106.6257,1419220740
599,35.1353,106.6255,1419219420
599,35.1354,106.6256,1419219240
599,35.1353,106.6255,1419218940
599,35.1317,106.604,1419213300
599,35.13,106.5511,1419207420
599,35.0812,106.7086,1419199980
599,35.0813,106.7086,1419199920
599,35.0811,106.7088,1419199800
599,35.0812,106.7085,1419177420
599,35.0811,106.7091,1419176820
599,35.0811,106.7089,1419175740
599,35.0811,106.7085,1419152460
599,35.1354,106.6258,1419137640
599,34.8221,106.7994,1419133140
599,34.9986,107.0655,1419125340
599,35.1418,107.8317,1419110460
599,35.1246,107.8252,1419108840
599,35.1246,107.8252,1419108780
599,35.1245,107.8252,1419102900
599,35.1245,107.8252,1419102840
599,35.1245,107.8252,1419102720
599,35.1245,107.8252,1419102660
599,35.1354,106.626,1419095460
599,35.1357,106.6257,1419095220
599,35.1357,106.6257,1419090120
599,35.1357,106.6257,1419081960
599,35.1357,106.6257,1419062940
599,35.1353,106.6255,1419059280
599,35.1353,106.6255,1419053400
599,35.142,107.8335,1419048120
599,35.1245,107.8252,1419011520
599,35.1282,107.8287,1418989080
599,35.1282,107.8288,1418980680
599,35.1283,107.8288,1418957520
599,35.1283,107.8288,1418957460
599,35.1283,107.829,1418954940
599,35.1283,107.829,1418954880
599,35.1283,107.829,1418954700
599,35.1282,107.8289,1418954700
599,35.1282,107.8289,1418954580
599,35.1282,107.8289,1418954520
599,35.1282,107.8289,1418954520
599,35.1283,107.829,1418953200
599,35.1609,107.8366,1418947440
599,35.161,107.8365,1418946180
599,35.1615,107.8359,1418944740
599,35.1615,107.8361,1418943660
599,35.1609,107.8367,1418943480
599,35.1283,107.8289,1418930460
599,35.1282,107.8288,1418900160
599,35.1282,107.8288,1418899800
599,35.1282,107.8287,1418889180
599,35.1283,107.829,1418886900
599,35.1283,107.8287,1418886360
599,35.1282,107.8287,1418885700
599,35.1284,107.8289,1418790900
599,35.1284,107.8289,1418790840
599,35.1284,107.8289,1418790540
599,35.1284,107.8289,1418790300
599,35.1284,107.8289,1418780400
599,35.0274,107.4494,1418771760
599,35.0322,107.4755,1418766720
599,35.1482,107.8345,1418759580
599,35.1247,107.8255,1418759100
599,35.1246,107.8255,1418758800
599,35.1261,107.8258,1418753760
599,35.1245,107.8252,1418753220
599,35.1245,107.8252,1418753100
599,35.1283,107.829,1418745360
599,35.1283,109.5412,1418738280
599,33.3204,111.9642,1418694720
599,33.3938,111.8748,1418554380
599,35.0766,107.5567,1418450280
599,35.073,106.7395,1418430660
599,35.1357,106.6257,1418378640
599,35.1354,106.6258,1418376240
599,35.1354,106.6258,1418376060
599,35.0926,106.6466,1418371800
599,35.0929,106.6467,1418370840
599,35.0927,106.6467,1418370780
599,35.1357,106.6257,1418130300
599,35.1357,106.6257,1418106240
599,35.1357,106.6257,1418097300
599,35.1357,106.6257,1418089440
599,35.1357,106.6257,1418089260
599,35.1353,106.6259,1418089140
599,35.1357,106.6257,1418089020
599,35.1357,106.6257,1418088840
599,35.1357,106.6257,1418088300
599,35.1355,106.6256,1418088120
599,35.1356,106.6257,1418088000
599,35.1357,106.6257,1418087880
599,35.1358,106.6253,1418086680
599,35.1355,106.6256,1418086680
599,35.1354,106.6257,1418017800
599,35.1358,106.6243,1418017560
599,35.1354,106.6258,1418017380
599,35.1356,106.6256,1418011800
599,35.3051,106.7004,1417999260
599,35.1357,106.6257,1417992840
599,35.1357,106.6257,1417981500
599,35.1355,106.6256,1417966260
599,35.1353,106.6255,1417965720
599,35.2066,106.5661,1417947360
599,35.2066,106.5661,1417946520
599,35.2066,106.5661,1417943640
599,35.2066,106.566,1417941300
599,35.2066,106.5661,1417941120
599,35.2065,106.5661,1417939260
599,35.2066,106.5661,1417938600
599,35.1846,106.602,1417936980
599,35.305,106.7003,1417930080
599,35.305,106.7005,1417929000
599,35.3052,106.701,1417928520
599,35.3049,106.7003,1417928340
599,35.3051,106.7004,1417928340
599,35.2159,106.698,1417315800
599,35.1179,106.6138,1416896880
599,35.195,106.6546,1416466080
599,35.0786,106.5957,1415689740
599,35.0842,106.6493,1415668680
599,35.0842,106.6493,1415609520
599,35.1398,106.6073,1415408880
599,35.14,106.6074,1415406480
599,35.1099,106.5868,1415403600
599,35.3227,106.5764,1415396760
599,35.3227,106.5764,1415396280
599,35.3233,106.5781,1415395740
599,35.2435,106.6987,1415376300
599,35.1354,106.6257,1415347320
599,35.1358,106.6256,1415340180
599,35.1358,106.6257,1415340060
599,35.1354,106.6258,1415339940
599,35.1358,106.6256,1415339640
599,35.136,106.6255,1415339580
599,35.136,106.6255,1415339520
599,35.1359,106.6256,1415339400
599,35.1358,106.6256,1415339160
599,35.1354,106.6258,1415339100
599,35.1358,106.6257,1415339040
599,35.1359,106.6256,1415338920
599,35.1354,106.6258,1415338800
599,35.136,106.6255,1415333460
599,35.1353,106.6258,1415332440
599,35.136,106.6255,1415331540
599,35.1358,106.6256,1415322240
599,35.3197,106.5719,1415304540
599,35.3199,106.5723,1415293080
599,35.1359,106.6255,1415261280
599,35.1354,106.6258,1415255040
599,35.136,106.6255,1415252040
599,35.1359,106.6255,1415241180
599,35.136,106.6252,1415241120
599,35.1354,106.6257,1415236440
599,35.1356,106.6255,1415230740
599,35.1354,106.6257,1415228580
599,35.2425,106.6976,1415203980
599,35.2434,106.6996,1415117160
599,35.1354,106.6071,1415099220
599,35.1986,106.7033,1415087400
599,35.1754,106.6149,1415061000
599,35.1968,106.7062,1415046840
599,35.256,106.6471,1414981740
599,35.2559,106.6471,1414981620
599,35.2557,106.647,1414975980
599,35.256,106.647,1414962180
599,35.2559,106.647,1414920900
599,35.2557,106.647,1414919280
599,35.2556,106.647,1414918740
599,35.2557,106.647,1414917960
599,35.2348,106.657,1414912200
599,35.256,106.647,1414901400
599,35.2559,106.647,1414900440
599,35.2557,106.647,1414899120
599,35.2558,106.647,1414896780
599,36.7309,108.19,1414858740
599,36.7305,108.1895,1414832940
599,36.7207,108.1818,1414815900
599,36.7305,108.1892,1414738560
599,36.7308,108.19,1414657260
599,36.7304,108.1892,1414657020
599,36.7308,108.19,1414651140
599,36.7308,108.19,1414647960
599,36.7308,108.19,1414634880
599,36.7332,108.2438,1414622520
599,36.7442,108.3623,1414618500
599,36.7438,108.3637,1414618380
599,36.7438,108.3637,1414618380
599,36.7438,108.3637,1414618320
599,36.7442,108.3623,1414618200
599,36.7438,108.3637,1414618140
599,36.7439,108.3637,1414617600
599,36.7439,108.3637,1414617600
599,36.7411,108.3545,1414613640
599,36.7426,108.3502,1414612680
599,36.7308,108.19,1414567860
599,36.7308,108.19,1414549500
599,36.7308,108.19,1414549380
599,36.7307,108.1896,1414549380
599,36.7307,108.1896,1414549380
599,36.7308,108.19,1414549320
599,36.7305,108.1893,1414548660
599,36.7515,108.3916,1414533240
599,36.7305,108.1892,1414495320
599,35.2557,106.6471,1414478460
599,35.2559,106.647,1414478400
599,35.2559,106.647,1414476480
599,35.2557,106.647,1414476420
599,35.2559,106.647,1414475580
599,35.2559,106.647,1414475400
599,35.2559,106.647,1414470360
599,35.2559,106.647,1414470000
599,35.2557,106.6471,1414456800
599,35.2557,106.647,1414454940
599,35.2559,106.6469,1414453800
599,35.2559,106.647,1414449720
599,35.2558,106.6471,1414447740
599,35.2556,106.6472,1414447500
599,35.2556,106.647,1414443720
599,35.2559,106.6471,1414443660
599,35.2559,106.6469,1414387620
599,35.2557,106.6471,1414374900
599,35.2559,106.647,1414373760
599,35.2559,106.647,1414368060
599,35.2559,106.647,1414367400
599,35.2559,106.647,1414366320
599,35.2557,106.647,1414366080
599,35.2557,106.647,1414365960
599,35.2559,106.6469,1414364940
599,35.2559,106.647,1414364880
599,35.2574,106.6584,1414362000
599,35.3054,106.6997,1414322400
599,35.3052,106.6997,1414322160
599,35.3052,106.6997,1414322100
599,35.0813,106.7086,1414311180
599,35.0813,106.7086,1414310640
599,35.0811,106.7088,1414310520
599,35.3052,106.6997,1414306320
599,35.3052,106.6998,1414303800
599,35.2557,106.6471,1414300920
599,35.2557,106.6472,1414298520
599,35.256,106.647,1414298400
599,35.2558,106.6471,1414298400
599,35.2555,106.6471,1414298280
599,35.2555,106.6471,1414298280
599,35.2559,106.647,1414296600
599,35.2559,106.6471,1414290660
599,35.2558,106.6471,1414215000
599,35.2557,106.6471,1414214340
599,35.2559,106.647,1414209780
599,35.2557,106.647,1414209420
599,35.1463,106.6387,1413931200
599,35.1308,106.5975,1413930360
599,35.2559,106.647,1413920640
599,35.2559,106.647,1413875700
599,35.2324,106.6587,1413874200
599,35.2304,106.6581,1413874080
599,35.2304,106.6581,1413874080
599,35.1148,106.7012,1413873000
599,35.1148,106.7012,1413872940
599,35.0681,106.701,1413870600
599,35.1041,106.706,1413865740
599,35.2558,106.647,1413854460
599,35.2559,106.647,1413851760
599,35.2559,106.647,1413851760
599,35.2559,106.647,1413851580
599,35.2559,106.647,1413851520
599,35.2559,106.647,1413851520
599,35.2557,106.647,1413846900
599,35.2557,106.647,1413845820
599,35.2559,106.647,1413843360
599,35.2559,106.647,1413843240
599,35.2559,106.647,1413843180
599,35.2559,106.647,1413843120
599,35.1762,106.5588,1413835620
599,35.1753,106.558,1413832620
599,35.1753,106.558,1413832320
599,35.1104,106.7005,1413827700
599,35.2348,106.6569,1413792660
599,35.2559,106.6471,1413789540
599,35.2557,106.6471,1413789180
599,35.2557,106.647,1413769800
599,35.2559,106.647,1413763920
599,35.2559,106.647,1413763800
599,35.256,106.647,1413763740
599,35.2559,106.647,1413707460
599,35.2559,106.647,1413705240
599,35.2559,106.647,1413703860
599,35.2064,106.6577,1413698760
599,35.1032,106.7077,1413689820
599,35.0928,106.6464,1413684480
599,35.0928,106.6466,1413682560
599,35.1175,106.6136,1413680400
599,35.1175,106.6136,1413678660
599,35.1175,106.6136,1413678000
599,35.2561,106.6469,1413661440
599,35.2559,106.6469,1413626160
599,35.3052,106.6997,1413617400
599,35.3052,106.6997,1413617340
599,35.3053,106.6997,1413617340
599,35.3052,106.6998,1413617100
599,35.3054,106.6998,1413616380
599,35.2494,106.6532,1413613920
599,35.2325,106.6546,1413604980
599,35.2559,106.647,1413590160
599,35.2559,106.647,1413589260
599,35.2556,106.6472,1413588000
599,35.2558,106.6472,1413584760
599,35.256,106.647,1413583020
599,35.2559,106.6471,1413583020
599,35.2557,106.6472,1413574920
599,35.2559,106.647,1413574920
599,35.2558,106.6471,1413573900
599,35.195,106.6549,1413527700
599,35.195,106.6549,1413526080
599,35.1339,106.606,1413522360
599,35.131,106.5932,1413520620
599,35.1314,106.5932,1413520620
599,35.1314,106.5932,1413520560
599,35.1375,106.6012,1413520500
599,35.1375,106.6012,1413520440
599,35.1065,106.5491,1413478440
599,35.0766,106.5887,1413474060
599,35.246,106.6547,1413433920
599,35.2088,106.6524,1413433500
599,35.2559,106.647,1413424320
599,35.2559,106.647,1413423120
599,35.2559,106.6471,1413423000
599,35.2558,106.6471,1413421980
599,35.2559,106.647,1413421860
599,35.2559,106.647,1413421680
599,35.256,106.647,1413421500
599,35.2559,106.647,1413421260
599,35.2561,106.6469,1413418980
599,35.2557,106.6471,1413418680
599,35.2559,106.647,1413418080
599,35.0655,106.499,1413398100
599,35.066,106.498,1413397980
599,35.2557,106.6471,1413383100
599,35.1089,106.5076,1413314760
599,35.0756,106.5886,1413300960
599,35.2559,106.647,1413271260
599,35.0755,106.588,1413220200
599,35.0757,106.5885,1413219780
599,35.2561,106.6469,1413217560
599,35.2559,106.647,1413217440
599,35.2559,106.6471,1413213420
599,35.2559,106.6471,1413186480
599,35.2558,106.6469,1413186360
599,35.2559,106.647,1413185820
599,35.256,106.647,1413185640
599,35.256,106.647,1413185580
599,35.2559,106.647,1413185040
599,35.2559,106.647,1413184380
599,35.2559,106.6469,1413182400
599,35.2559,106.647,1413182280
599,35.2559,106.647,1413182220
599,35.2557,106.6469,1413182100
599,35.2559,106.647,1413181680
599,35.2559,106.647,1413181680
599,35.2559,106.647,1413181620
599,35.2424,106.6648,1413175140
599,35.2424,106.6648,1413169260
599,35.2558,106.6471,1413162420
599,35.1057,106.548,1413139080
599,35.0186,106.0772,1413106740
599,35.2404,106.6561,1413084000
599,35.2559,106.6471,1413052020
599,35.2559,106.6471,1413046020
599,35.2558,106.6471,1413020100
599,35.2558,106.6471,1413019620
599,35.2559,106.647,1413009060
599,35.1539,106.6388,1412990520
599,35.1539,106.6387,1412990340
599,35.1113,106.662,1412978340
599,35.1108,106.6616,1412978040
599,35.2556,106.647,1412961780
599,35.2557,106.647,1412958480
599,35.2558,106.6468,1412958360
599,35.2558,106.6471,1412931420
599,35.2559,106.647,1412930940
599,35.2558,106.6471,1412930820
599,35.2558,106.647,1412928120
599,35.1812,106.6256,1412924520
599,35.1509,106.6388,1412923980
599,35.2559,106.647,1412916120
599,35.2559,106.647,1412916000
599,35.2559,106.647,1412915340
599,35.2558,106.6468,1412914800
599,35.256,106.647,1412914680
599,35.1391,106.6419,1412904120
599,35.1391,106.6419,1412904060
599,35.1389,106.6419,1412903940
599,35.1493,106.6837,1412902260
599,35.1499,106.6852,1412900460
599,35.15,106.6852,1412900340
599,35.1524,106.6952,1412890320
599,35.1504,106.6877,1412888400
599,35.2558,106.647,1412872320
599,35.2559,106.647,1412827440
599,35.0593,106.6275,1412764020
599,35.0591,106.6282,1412754600
599,35.2559,106.647,1412743080
599,35.2558,106.647,1412742900
599,35.2557,106.647,1412673840
599,35.2558,106.647,1412673720
599,35.2558,106.6471,1412673480
599,35.2558,106.6471,1412673360
599,35.2558,106.6471,1412673300
599,35.2558,106.6471,1412665380
599,35.2348,106.657,1412660160
599,35.1698,106.6274,1412656200
599,35.1697,106.6268,1412653620
599,35.2557,106.6469,1412529540
599,35.2531,106.6482,1412479740
599,35.2558,106.647,1412476440
599,35.2557,106.6471,1412476080
599,35.2558,106.647,1412476020
599,35.2558,106.6471,1412474280
599,35.2557,106.6471,1412468760
599,35.1245,107.8252,1412443440
599,35.2558,106.647,1412411820
599,35.2558,106.647,1412411820
599,35.2557,106.647,1412404920
599,35.0705,106.6556,1412390820
599,35.096,106.6721,1412387400
599,35.1399,106.6075,1412379060
599,35.1399,106.6075,1412378880
599,35.077,106.7232,1412366640
599,35.2558,106.6471,1412328420
599,35.0823,107.7674,1412313300
599,35.1286,107.827,1412312820
599,35.1284,107.8288,1412266740
599,35.1287,107.8286,1412245440
599,35.0644,106.6774,1412232180
599,35.0645,106.6776,1412231160
599,35.0645,106.6776,1412231160
599,35.0644,106.6773,1412230560
599,35.0732,106.7691,1412216700
599,35.072,106.7203,1412215560
599,35.2602,106.6382,1412212320
599,35.2535,106.6482,1412212020
599,35.2558,106.647,1412209800
599,35.2558,106.6471,1412209680
599,35.2558,106.6471,1412209620
599,35.2558,106.647,1412209560
599,35.2558,106.647,1412209320
599,35.2559,106.647,1412202960
599,35.2559,106.647,1412193660
599,35.2559,106.647,1412179020
599,35.2559,106.647,1412177280
599,35.2559,106.647,1412175300
599,35.2542,106.645,1412175180
599,35.0721,106.7201,1412159940
599,35.0721,106.7203,1412158200
599,35.0719,106.7202,1412148960
599,35.1041,106.7063,1412141160
599,35.1042,106.7063,1412139420
599,35.1048,106.7061,1412137320
599,35.1824,106.6666,1412101920
599,35.2449,106.6545,1412101320
599,35.2523,106.6482,1412101020
599,35.2558,106.6471,1412063100
599,35.2559,106.6471,1412062080
599,35.2559,106.6471,1412061000
599,35.2558,106.647,1412060700
599,35.1668,106.6761,1412059260
599,35.0642,106.6772,1412052720
599,35.2558,106.647,1412046660
599,35.2559,106.647,1412046120
599,35.2559,106.6471,1412043480
599,35.096,106.6721,1412016420
599,35.2558,106.6471,1411977480
599,35.2559,106.6471,1411975380
599,35.2559,106.6472,1411975080
599,35.2558,106.6472,1411975020
599,35.2557,106.6469,1411973880
599,35.2559,106.647,1411972500
599,35.2559,106.647,1411972440
599,35.2559,106.647,1411968540
599,35.2558,106.647,1411965780
599,35.2571,106.6643,1411948680
599,35.2571,106.6644,1411948620
599,35.2559,106.6471,1411945080
599,35.2558,106.647,1411942980
599,35.2558,106.6471,1411942560
599,35.2559,106.647,1411941480
599,35.2558,106.647,1411941480
599,35.2558,106.647,1411941180
599,35.2558,106.647,1411939980
599,35.2557,106.6471,1411939920
599,35.2559,106.647,1411939260
599,35.2559,106.647,1411938960
599,35.2557,106.6471,1411938780
599,35.2559,106.6471,1411938660
599,35.2559,106.6471,1411938480
599,35.2558,106.6471,1411937880
599,35.2525,106.6509,1411860960
599,35.2558,106.6471,1411859400
599,35.2559,106.6471,1411858920
599,35.2559,106.647,1411855920
599,35.1825,106.6877,1411853700
599,35.2559,106.647,1411840320
599,35.2559,106.647,1411839660
599,35.2559,106.647,1411839600
599,35.2558,106.6471,1411836540
599,34.9982,106.6288,1411803300
599,34.9982,106.6291,1411800720
599,34.9981,106.6286,1411799220
599,35.081,106.6204,1411796040
599,35.0806,106.6197,1411796040
599,35.0806,106.6197,1411795920
599,35.206,106.6588,1411793400
599,35.2558,106.647,1411785660
599,35.2559,106.647,1411775220
599,35.2559,106.647,1411774800
599,35.0959,106.6031,1411770840
599,35.096,106.6032,1411770360
599,35.096,106.6033,1411764960
599,35.096,106.6032,1411764840
599,35.2392,106.655,1411755180
599,35.2392,106.655,1411755120
599,35.2389,106.6549,1411752660
599,35.2408,106.6566,1411751700
599,35.2559,106.647,1411721400
599,35.2559,106.647,1411720500
599,35.2558,106.647,1411708320
599,35.2559,106.647,1411706220
599,35.2558,106.6463,1411699860
599,35.2559,106.6471,1411695660
599,35.2559,106.647,1411695120
599,35.2556,106.6474,1411695000
599,35.2557,106.6471,1411664700
599,35.2557,106.647,1411633500
599,35.2558,106.647,1411633380
599,35.2559,106.647,1411631460
599,35.2559,106.647,1411631160
599,35.2559,106.647,1411629900
599,35.2556,106.6469,1411629600
599,35.2424,106.6649,1411624440
599,35.2557,106.6468,1411620660
599,35.2557,106.6469,1411619520
599,35.2558,106.647,1411619340
599,35.2559,106.647,1411618620
599,35.2558,106.6469,1411616940
599,35.2558,106.6469,1411615080
599,35.2556,106.6469,1411613040
599,35.2557,106.6472,1411611720
599,35.2557,106.6471,1411579860
599,35.2557,106.6471,1411579800
599,34.6685,106.7749,1411536660
599,35.2556,106.6469,1411522260
599,35.096,106.6033,1411505640
599,35.096,106.6033,1411505640
599,35.096,106.6033,1411505400
599,35.0952,106.6029,1411505280
599,35.0788,106.7116,1411490520
599,35.0788,106.7116,1411490400
599,35.1399,106.6076,1411485720
599,35.0642,106.6773,1411457940
599,35.0643,106.677,1411456740
599,35.0643,106.677,1411456560
599,35.0643,106.677,1411455780
599,35.0843,106.6494,1411441560
599,35.2558,106.6469,1411428060
599,35.2559,106.647,1411415100
599,35.2555,106.6473,1411385040
599,35.2557,106.647,1411377720
599,35.2559,106.647,1411376760
599,35.2558,106.647,1411373640
599,35.2425,106.665,1411367160
599,35.2559,106.647,1411357140
599,35.2559,106.647,1411338900
599,34.9998,106.6247,1411267920
599,35.2559,106.647,1411256760
599,35.2559,106.647,1411256520
599,35.2558,106.647,1411254960
599,35.2557,106.6471,1411243980
599,35.2559,106.647,1411243800
599,35.2555,106.6472,1411207680
599,35.2552,106.6476,1411207080
599,35.1079,106.6059,1411181820
599,35.1079,106.606,1411178580
599,35.0942,106.7089,1411173540
599,35.0942,106.7089,1411173480
599,35.0939,106.7091,1411172760
599,35.2559,106.6471,1411153560
599,35.2557,106.6468,1411152540
599,35.2556,106.6472,1411143420
599,35.2556,106.6472,1411142760
599,35.2556,106.6472,1411142640
599,35.2558,106.647,1411111860
599,35.2558,106.647,1411111320
599,35.0366,106.7129,1411076580
599,35.0366,106.7129,1411076520
599,35.1049,106.5929,1411064340
599,35.2555,106.6473,1411060440
599,35.2559,106.647,1411052460
599,35.0808,106.711,1411027740
599,35.2559,106.647,1411018080
599,35.2559,106.647,1411017900
599,35.0925,106.6584,1410994860
599,35.1009,106.5681,1410984840
599,35.1009,106.5681,1410984240
599,35.1009,106.5681,1410984120
599,35.1009,106.5681,1410984120
599,35.1009,106.5681,1410984060
599,35.1016,106.5676,1410983400
599,35.1044,106.5917,1410982740
599,35.1051,106.5921,1410981840
599,35.1051,106.5921,1410980700
599,35.105,106.5924,1410979500
599,35.105,106.592,1410978000
599,35.105,106.5922,1410977940
599,35.1044,106.5921,1410977460
599,35.1047,106.5925,1410977160
599,35.2557,106.6471,1410941940
599,35.2557,106.6471,1410941880
599,35.2557,106.647,1410941880
599,35.2557,106.6471,1410941760
599,35.2557,106.6471,1410941760
599,35.2557,106.6471,1410941640
599,35.2558,106.647,1410940980
599,35.2557,106.6471,1410940140
599,35.2558,106.647,1410938040
599,35.2558,106.6469,1410937020
599,35.2558,106.6469,1410936960
599,35.2559,106.647,1410934440
599,35.256,106.6469,1410884760
599,35.2559,106.647,1410884700
599,35.2559,106.647,1410883380
599,35.2557,106.647,1410883080
599,35.2558,106.647,1410883020
599,35.2557,106.6471,1410882960
599,35.1812,106.6257,1410846900
599,35.1812,106.6257,1410846840
599,35.1812,106.6257,1410846600
599,35.1811,106.6256,1410845820
599,35.1816,106.6261,1410845640
599,35.1513,106.6323,1410841440
599,35.2558,106.647,1410767280
599,35.0557,106.744,1410751740
599,35.2559,106.647,1410681180
599,35.2558,106.647,1410680160
599,35.2558,106.647,1410679440
599,35.2558,106.647,1410679200
599,35.2016,106.6565,1410663720
599,35.8265,106.2107,1410637260
599,35.2558,106.647,1410592980
599,35.8994,106.3192,1410566940
599,35.8266,106.2106,1410555540
599,35.2186,106.685,1410310380
599,35.237,106.6577,1410310020
599,35.2184,106.6622,1410309420
599,35.2184,106.6622,1410308160
599,35.2184,106.6622,1410305820
599,35.2561,106.647,1410304860
599,35.2561,106.647,1410301920
599,35.2561,106.647,1410300720
599,35.2558,106.647,1410255180
599,35.2556,106.647,1410250920
599,35.2557,106.6471,1410248340
599,35.2558,106.6471,1410243600
599,35.88,106.0111,1410225900
599,36.0053,106.0628,1410206700
599,36.0163,106.0673,1410191760
599,35.2557,106.6471,1410166560
599,35.2557,106.6471,1410165960
599,35.2555,106.6469,1410161940
599,35.2559,106.6473,1410161160
599,35.2558,106.647,1410155280
599,35.488,106.2633,1410133860
599,35.488,106.2633,1410133620
599,36.005,106.0626,1410123600
599,36.0157,106.0667,1410101520
599,35.8903,106.0225,1410100020
599,35.2553,106.6467,1410087660
599,35.2558,106.6471,1410086640
599,35.2558,106.6471,1410086640
599,35.2557,106.6468,1410086460
599,35.2554,106.6463,1410086340
599,35.2558,106.6468,1410085800
599,35.2558,106.6471,1410085620
599,35.2557,106.6469,1410082980
599,35.2554,106.6471,1410082080
599,35.2557,106.6468,1410081960
599,35.2557,106.6468,1410081840
599,35.2558,106.6469,1410081720
599,35.2551,106.6472,1410081600
599,35.2558,106.6471,1410078660
599,35.2558,106.6469,1410047220
599,35.2557,106.6471,1410043980
599,35.2557,106.6471,1410043860
599,35.2557,106.6468,1410043740
599,35.2555,106.6469,1410043500
599,35.2558,106.6471,1410015180
599,35.2557,106.6469,1410000000
599,35.2557,106.6467,1409999940
599,35.2557,106.6464,1409999400
599,35.0928,106.6467,1409975760
599,35.0933,106.6464,1409975100
599,35.0933,106.6464,1409974920
599,35.0933,106.6464,1409974020
599,35.2558,106.6469,1409966400
599,35.2556,106.6471,1409964420
599,35.2554,106.6467,1409963940
599,35.2556,106.647,1409933700
599,35.2558,106.647,1409915760
599,35.2566,106.6452,1409914860
599,35.2558,106.6471,1409899260
599,35.2558,106.6471,1409899260
599,35.1421,107.8329,1409887980
599,35.141,107.8334,1409885340
599,35.141,107.8334,1409885280
599,35.1414,107.8331,1409884080
599,35.1612,107.8397,1409851560
599,35.1612,107.8397,1409851500
599,35.1278,107.829,1409819280
599,35.1282,107.8287,1409790240
599,35.1283,107.8288,1409749200
599,35.1281,107.8288,1409737980
599,35.1465,107.8376,1409708640
599,35.1834,107.8997,1409698080
599,35.1283,107.8298,1409629320
599,35.1281,107.8288,1409628540
599,35.1276,107.8269,1409625900
599,35.1276,107.8269,1409625840
599,35.1276,107.8269,1409625720
599,35.1281,107.8289,1409625660
599,35.1281,107.8289,1409624940
599,35.1281,107.8289,1409624820
599,35.1281,107.8289,1409624400
599,35.1276,107.8287,1409561940
599,35.128,107.8293,1409558520
599,35.1282,107.8291,1409558040
599,35.1282,107.829,1409546520
599,35.2556,106.647,1409140020
599,35.2557,106.6471,1409136180
599,35.2557,106.647,1409132760
599,35.2557,106.647,1409132700
599,35.2557,106.647,1409132580
599,35.2557,106.6469,1409132580
599,35.2557,106.647,1409131560
599,35.2557,106.647,1409130960
599,35.2557,106.6469,1409130840
599,35.2557,106.647,1409129700
599,35.2557,106.6469,1409129580
599,35.2557,106.6469,1409129280
599,35.2558,106.6469,1409129160
599,35.2558,106.6468,1409128920
599,35.2557,106.6469,1409128800
599,35.2556,106.647,1409128560
599,35.2557,106.647,1409127000
599,35.2558,106.647,1409126160
599,35.2558,106.6473,1409110020
599,35.2556,106.6471,1409110020
599,35.2557,106.6468,1409109840
599,35.253,106.6484,1409108580
599,35.2556,106.6471,1409095680
599,35.1568,106.6807,1409091420
599,35.1568,106.6807,1409091420
599,35.0722,106.7202,1409086680
599,35.0722,106.7202,1409086680
599,35.0721,106.7204,1409086560
599,35.0721,106.7203,1409086500
599,35.0721,106.7203,1409086500
599,35.0721,106.7201,1409086260
599,35.0721,106.7201,1409086200
599,35.0721,106.7201,1409085480
599,35.0721,106.7201,1409085180
599,35.072,106.7202,1409084400
599,35.072,106.7201,1409083680
599,35.0808,106.7124,1409082840
599,35.0808,106.7123,1409082780
599,35.2559,106.647,1409077440
599,35.2559,106.647,1409077440
599,35.2559,106.647,1409075220
599,35.2559,106.647,1409072880
599,35.2559,106.647,1409072760
599,35.2556,106.6469,1409072580
599,35.2557,106.6471,1409071140
599,35.2554,106.6472,1409070900
599,35.2559,106.6471,1409059380
599,35.2559,106.6469,1409059080
599,35.2557,106.6471,1409041200
599,35.2555,106.647,1409040300
599,35.2557,106.6471,1409039700
599,35.2557,106.6471,1409039580
599,35.2557,106.6471,1409039520
599,35.2557,106.6471,1409039460
599,35.2557,106.6471,1409039340
599,35.2557,106.6471,1409039160
599,35.2557,106.6472,1409031960
599,35.2557,106.6468,1409027280
599,35.2557,106.6467,1409027160
599,35.2557,106.6469,1409026380
599,35.2043,106.6457,1409019960
599,35.1389,106.6108,1409008260
599,35.1389,106.6108,1409007720
599,35.1389,106.6108,1409007000
599,35.2558,106.6471,1409002920
599,35.2556,106.647,1408993260
599,35.2557,106.6471,1408991760
599,35.2558,106.6471,1408991460
599,35.2556,106.6471,1408957500
599,35.2557,106.6471,1408951680
599,35.1678,106.56,1408943580
599,35.1595,106.5764,1408943280
599,35.134,106.6058,1408943100
599,35.134,106.6058,1408942920
599,35.1338,106.6062,1408940760
599,34.9978,106.63,1408935840
599,34.9492,106.6873,1408918980
599,34.6961,106.7686,1408890900
599,34.696,106.7684,1408886040
599,34.6963,106.7687,1408885980
599,34.6963,106.7687,1408885980
599,35.2558,106.647,1408882800
599,35.2557,106.647,1408882680
599,34.9976,106.6301,1408856340
599,34.9976,106.6297,1408856280
599,35.1364,106.6038,1408852980
599,35.2556,106.647,1408848120
599,35.2555,106.647,1408845840
599,35.2555,106.647,1408845780
599,35.2555,106.6472,1408845660
599,35.2555,106.6472,1408845600
599,35.2555,106.6469,1408845360
599,35.2557,106.647,1408844820
599,35.2558,106.6471,1408844400
599,35.2559,106.6469,1408841340
599,35.2558,106.6469,1408838460
599,35.2556,106.6471,1408837680
599,35.2556,106.6471,1408837620
599,35.2557,106.6472,1408837500
599,35.1802,106.626,1408831560
599,35.1817,106.6257,1408826520
599,35.1813,106.6262,1408822080
599,35.1806,106.626,1408820040
599,35.2557,106.6473,1408781460
599,35.2557,106.6473,1408778280
599,35.2562,106.6472,1408776720
599,35.6922,105.9493,1408763220
599,35.6334,106.0202,1408743900
599,35.2559,106.6463,1408710600
599,35.2558,106.6469,1408709460
599,35.2558,106.647,1408708260
599,35.2558,106.6468,1408708080
599,35.2555,106.6466,1408706580
599,35.2556,106.6469,1408705500
599,35.2557,106.647,1408703880
599,35.2555,106.6469,1408703580
599,35.2562,106.6474,1408703340
599,35.2557,106.647,1408701660
599,35.2557,106.647,1408701540
599,35.2558,106.6476,1408701240
599,35.2558,106.6476,1408701060
599,35.2557,106.647,1408700160
599,35.2558,106.647,1408700100
599,35.2558,106.647,1408700100
599,35.2557,106.647,1408699980
599,35.2256,106.677,1408697880
599,35.2136,106.6983,1408697340
599,35.2162,106.6981,1408696980
599,35.216,106.6982,1408696680
599,35.2555,106.6471,1408690560
599,35.2556,106.6469,1408687740
