619,25.0468,121.5055,1426017540
619,23.4781,120.4433,1425832680
619,23.4787,120.4413,1425831900
619,24.1618,120.7247,1425740160
619,24.5617,120.8189,1425739560
619,24.2541,120.718,1425715140
619,5.4149,100.3245,1423836060
619,5.4149,100.3245,1420472340
619,3.0692,101.607,1419777060
619,33.85,117.997,1419071940
619,36.0984,115.1755,1418711700
619,36.0984,115.1755,1418711520
619,36.0984,115.1755,1418711040
619,36.0985,115.1751,1418634840
619,36.0985,115.1751,1418623380
619,36.146,115.1563,1418619720
619,34.901,117.0374,1418541240
619,5.4147,100.3311,1415785380
619,5.4492,100.3063,1415615880
619,5.3957,100.327,1415450760
619,5.3974,100.3295,1415450520
619,5.405,100.2916,1415024760
619,5.4143,100.3288,1414137240
619,5.4143,100.3288,1413654960
619,5.3966,100.2903,1413292140
619,5.3897,100.2829,1412780460
619,5.4144,100.3028,1412743020
619,5.3876,100.2768,1412652840
619,5.3863,100.2836,1412515080
619,5.4348,100.3112,1412426580
619,5.3528,100.3533,1412409540
619,5.388,100.2719,1412086020
619,5.4127,100.3313,1411322820
619,5.4577,100.3136,1411227060
619,5.3504,100.3037,1411110420
619,5.3295,100.2785,1411063680
619,5.3323,100.3068,1410950280
619,5.3503,100.3037,1410943080
619,5.3289,100.2805,1410598620
619,5.3844,100.3096,1410011040
619,5.3503,100.3037,1409558280
619,5.3503,100.3037,1409379000
619,5.388,100.2719,1408985640
619,5.388,100.2719,1408903980
619,5.3965,100.2902,1408466580
619,5.3972,100.2905,1408449840
619,5.3503,100.3037,1408257300
619,5.429,100.3016,1407858300
619,5.3793,100.2761,1407773580
619,5.3972,100.2905,1407766560
619,5.3966,100.2903,1407757560
619,5.4177,100.329,1407595980
619,5.4037,100.3144,1407577560
619,5.4149,100.3027,1405745280
619,5.3886,100.2731,1405695960
619,5.3886,100.2731,1405603320
619,5.4195,100.33,1405450140
619,5.4122,100.3281,1405435920
619,5.4325,100.3169,1405406640
619,5.4127,100.3226,1405267320
619,5.4127,100.3226,1405178640
619,5.4133,100.3311,1405172640
619,5.4148,100.3316,1405168020
619,5.4142,100.3311,1405164360
619,5.4147,100.3388,1405151460
619,5.4184,100.3373,1405150920
619,5.4241,100.3185,1404985260
619,5.4226,100.3195,1404961920
619,5.4308,100.3114,1404842100
619,5.3502,100.3037,1404817680
619,5.4149,100.3027,1404563040
619,5.412,100.3255,1404299760
619,5.4122,100.3281,1404144240
619,5.4366,100.3118,1403968560
619,5.4358,100.3111,1403968080
619,5.4149,100.3027,1403930040
619,5.3853,100.2768,1403781780
619,5.4039,100.2952,1403779560
619,5.4349,100.3109,1403775300
619,5.4358,100.3111,1403774700
619,5.4375,100.3098,1403363100
619,5.4376,100.3095,1403362500
619,5.4358,100.3111,1403347980
619,5.3965,100.2904,1403096340
619,5.3964,100.2903,1403096280
619,5.3416,100.2818,1402938300
619,5.4065,100.3093,1402848960
619,5.3853,100.2768,1402835280
619,5.3853,100.2768,1402835220
619,4.2598,100.5914,1402749060
619,4.26,100.5916,1402746060
619,4.2355,100.6323,1402731300
619,4.2598,100.5914,1402683360
619,4.26,100.5916,1402681560
619,4.4539,100.6288,1402676160
619,4.7822,100.7195,1402673520
619,4.8297,100.6748,1402672620
619,5.3528,100.3533,1402668060
619,5.3978,100.2881,1402592400
619,5.3853,100.2768,1402571100
619,5.3853,100.2768,1402571100
619,5.4053,100.2932,1402562520
619,5.4589,100.3133,1402499040
619,5.4581,100.3133,1402498800
619,5.4563,100.3075,1402493580
619,5.4561,100.3077,1402491120
619,5.3863,100.2836,1402480440
619,5.3853,100.2768,1402404240
619,5.3853,100.2768,1402404240
619,5.3503,100.3037,1402380300
619,5.3502,100.3037,1402379760
619,5.3853,100.2768,1402341780
619,5.3853,100.2768,1402341780
619,5.3894,100.2781,1402313580
619,5.3853,100.2768,1402158420
619,5.3853,100.2768,1402158420
619,5.3855,100.2762,1402142340
619,5.3894,100.2781,1402134360
619,5.391,100.2765,1402121040
619,5.3853,100.2768,1402098000
619,5.3853,100.2768,1402098000
619,5.4354,100.3109,1402090440
619,5.4358,100.3111,1402086660
619,5.4284,100.3228,1402083420
619,5.3853,100.2768,1402004100
619,5.3853,100.2768,1402004100
619,5.4219,100.3403,1401981840
619,5.4217,100.3406,1401946680
619,5.4219,100.3403,1401944940
619,5.4149,100.3027,1401942360
619,5.4376,100.3093,1401896280
619,5.4376,100.3095,1401895560
619,5.4053,100.2932,1401888360
619,5.3894,100.3059,1401873960
619,5.3893,100.3059,1401871740
619,5.3853,100.2768,1401801120
