623,40.9759,29.0706,1427059380
623,41.0832,29.0525,1426964340
623,40.9931,29.1057,1425097320
623,41.1117,29.0206,1423052580
623,41.0436,28.9923,1420772100
623,41.1117,29.0206,1420638780
623,40.9784,28.8176,1420117740
623,41.0474,29.0247,1419811740
623,41.1117,29.0206,1419599280
623,41.0066,29.0518,1419473040
623,41.1117,29.0206,1418734320
623,41.1117,29.0206,1418041920
623,41.0224,29.0067,1413941100
623,40.97,29.0387,1413746340
623,40.1496,26.4064,1411030980
623,40.9806,29.0564,1410544920
623,40.9632,29.0642,1410481860
623,40.9606,29.08,1409359500
623,40.9623,29.0764,1409354220
623,38.2852,26.3754,1407725220
623,39.5639,26.7596,1407351900
623,39.5639,26.7595,1407305400
623,39.5653,26.7504,1407292380
623,39.5663,26.7635,1407266280
623,39.5661,26.7633,1407129480
623,39.5685,26.7475,1405937640
623,41.1051,29.0566,1405745700
623,40.9822,29.0369,1405731180
623,41.0078,28.976,1405369980
623,41.0124,29.0536,1404600360
623,40.964,29.0655,1404438060
623,40.8974,29.1677,1404427500
623,41.0536,28.9335,1404091560
623,41.0607,28.9434,1404074220
623,41.0444,28.9375,1404071880
623,40.1536,26.4082,1402699440
623,40.9154,29.1338,1401572460
623,41.0253,28.9587,1401360660
623,41.0255,28.9585,1399642380
623,36.6514,31.6657,1398348480
623,41.0449,29.0348,1397208660
623,41.0065,29.047,1394151300
623,41.0315,28.9749,1390073580
623,40.9644,29.0657,1380400560
623,39.8761,32.6863,1378426500
623,39.5665,26.7437,1377892140
623,39.5639,26.7596,1377796140
623,39.5672,26.7489,1376105820
623,40.9605,28.8408,1374359520
623,40.9634,29.0767,1373154600
623,41.0035,29.0447,1369863360
623,41.0296,29.1264,1369857060
623,40.964,29.0743,1369787280
623,40.9674,29.0634,1369002900
623,41.0087,29.0506,1366126020
623,41.0088,29.0506,1366067760
623,41.0066,29.0518,1365972060
623,45.4517,9.182,1365924300
623,45.4516,9.1633,1365876120
623,45.4513,9.1624,1365876120
623,43.772,11.2536,1365551160
623,40.991,29.0751,1363993380
623,40.991,29.0751,1363977720
623,41.0269,28.9784,1362958440
623,40.9867,29.0264,1362789240
623,41.027,28.9784,1362665340
623,40.9611,29.0793,1362279780
623,41.0,29.0318,1362097260
623,41.0766,29.0429,1361666880
623,41.0252,28.9585,1361471880
623,41.045,28.8968,1361376300
623,40.9857,29.1011,1361322420
623,41.1356,29.0608,1361126280
623,40.9814,29.082,1360449300
623,41.0327,28.9762,1360362480
623,41.0353,28.9792,1360361580
623,41.0238,29.082,1360341360
623,40.9848,29.0389,1360189620
623,40.9981,29.0374,1360174140
623,41.0063,29.0381,1360117560
623,40.9816,29.0232,1359918300
623,41.0249,29.1262,1359898740
623,40.9852,29.1002,1359839700
623,40.9672,29.068,1359668220
623,40.9672,29.068,1359660960
623,40.9644,29.0732,1359660240
623,41.0027,29.0427,1359584400
623,40.9685,29.0652,1359554880
623,40.9692,29.0641,1359552180
623,40.9779,29.0408,1359508740
623,41.0066,29.0518,1359425640
623,41.0253,28.9587,1359395220
623,41.0237,29.0394,1359307140
623,40.97,29.0382,1359064800
623,41.0118,29.0387,1358948100
623,41.0442,28.9474,1358884440
623,41.0442,28.9476,1358879040
623,40.9822,29.0369,1358817420
623,41.0066,29.0518,1358654880
623,40.9981,29.0374,1358648820
623,40.9716,29.0385,1358639700
623,41.1331,29.8405,1358427720
623,41.1274,29.8471,1358427540
623,40.9807,29.024,1358195040
623,40.9798,29.0818,1358039040
623,40.9929,29.1081,1354995720
623,40.9867,29.0264,1354941600
623,41.0766,29.0429,1354486920
623,40.9876,29.0259,1354143780
623,41.0269,28.9846,1353985800
623,40.9864,29.026,1353713040
623,41.0066,29.0518,1353626040
623,41.0086,29.0507,1353096300
623,41.0087,29.0508,1353087840
623,41.0087,29.0507,1353085080
623,41.0087,29.0507,1353028380
623,41.0086,29.0507,1353024480
623,41.0086,29.0508,1352477100
623,41.0086,29.0506,1352433780
623,41.0087,29.0507,1352431740
623,40.9933,29.022,1352429280
623,41.0026,29.0425,1352411220
623,41.0003,29.0392,1352411160
