662,10.1689,123.6675,1390620720
662,6.1187,106.6746,1390602960
662,6.5607,106.7308,1390369920
662,6.1211,106.6604,1390292820
662,10.1695,123.6674,1390278540
662,10.1718,123.5903,1390042320
662,6.1184,106.6594,1389048300
662,6.376,106.8367,1388853120
662,6.2241,106.8266,1388518920
662,6.2239,106.8247,1388313900
662,6.2236,106.8266,1387969140
662,6.2205,106.8058,1387034040
662,6.2608,106.848,1385057820
662,6.2244,106.8276,1384685160
662,6.2608,106.8479,1384463220
662,6.2608,106.848,1384105740
662,6.2243,106.8276,1384081140
662,6.2608,106.848,1384021980
662,6.2608,106.848,1383746220
662,6.2609,106.848,1383514920
662,6.2238,106.8261,1383471900
662,6.2609,106.848,1383419520
662,6.2609,106.848,1383325380
662,6.2609,106.848,1383252660
662,6.2609,106.848,1383222480
662,6.2244,106.8276,1382870460
662,6.2609,106.848,1382467440
662,6.2609,106.848,1382431440
662,6.2238,106.8266,1382266860
662,6.2145,106.8442,1382204160
662,6.1295,106.6578,1382175900
662,6.2522,106.8425,1382173740
662,6.2805,106.8287,1382103960
662,6.2269,106.8258,1382028240
662,6.2609,106.848,1382008500
662,6.6903,107.0384,1381549140
662,6.6901,107.0386,1381531380
662,6.6901,107.0385,1381531320
662,6.2036,106.845,1381432440
662,6.2608,106.8479,1381097100
662,6.257,106.853,1381069800
662,6.2505,106.8658,1381065720
662,6.2607,106.848,1380968400
662,6.2609,106.848,1380747600
662,6.2609,106.848,1380483060
662,6.2569,106.8554,1380477060
662,6.2238,106.8263,1380459000
662,6.2609,106.848,1380312000
662,6.2609,106.848,1379927220
662,6.2609,106.848,1379883840
662,6.2609,106.848,1379871000
662,6.2244,106.8264,1379848260
662,6.2609,106.848,1379804760
662,6.2609,106.848,1379540340
662,6.2241,106.8266,1379242860
662,6.2247,106.8433,1379193300
662,6.2042,106.8356,1379070900
662,6.1502,106.8271,1378898640
662,6.2567,106.8552,1378751100
662,6.3754,106.8367,1378728360
662,6.3649,106.8285,1378716180
662,6.2609,106.848,1378586760
662,6.2609,106.848,1378215240
662,6.1304,106.6542,1377542040
662,6.2608,106.848,1377469920
662,6.1877,106.823,1377445500
662,6.2248,106.8267,1377427980
662,6.2608,106.8479,1377358440
662,6.2608,106.8479,1377340140
662,6.2608,106.848,1377217020
662,6.3644,106.8287,1377081840
662,6.2609,106.848,1376664480
662,6.1855,106.8647,1376598900
662,6.1205,106.66,1376481060
662,8.7452,115.1685,1376469360
662,8.72,115.1694,1376419860
662,8.7173,115.1745,1376391120
662,8.7173,115.1685,1376390700
662,8.6738,115.263,1376320980
662,8.6704,115.2074,1376306400
662,8.7046,115.2146,1376296920
662,8.7065,115.2141,1376255580
662,8.7066,115.2139,1376254620
662,8.7064,115.2141,1376252460
662,8.7064,115.2141,1376251860
662,8.4964,115.5828,1376206800
662,8.5313,115.5094,1376202960
662,8.5313,115.5084,1376202660
662,8.672,115.2602,1376148900
662,8.6721,115.2074,1376130960
662,8.8157,115.0885,1376124960
662,8.7046,115.2146,1376084040
662,8.8114,115.1054,1376060040
662,8.645,115.2344,1376044140
662,8.5008,115.0274,1375999680
662,8.5006,115.0273,1375888920
662,8.6145,115.089,1375883100
662,8.6214,115.0858,1375876920
662,8.2715,115.1563,1375866660
662,8.5007,115.0272,1375829220
662,8.5004,115.027,1375731300
662,8.2969,115.3432,1375726560
662,8.5253,114.9917,1375626720
662,8.5006,115.0272,1375607640
662,8.5931,115.0669,1375603560
662,8.7052,115.2148,1375564200
662,8.7052,115.2148,1375563840
662,8.7052,115.2148,1375559460
662,8.6733,115.2271,1375551300
662,8.6755,115.2269,1375551000
662,8.6755,115.2269,1375550880
662,8.6755,115.2269,1375549800
662,8.6755,115.2269,1375549680
662,8.6616,115.2374,1375457340
662,8.7508,115.1674,1375450980
662,6.1337,106.657,1375434420
662,6.1944,106.8202,1375391580
662,6.1768,106.8408,1375370760
662,6.2608,106.848,1375207380
662,6.2608,106.8481,1375117500
662,6.2609,106.848,1374764280
662,6.3633,106.8284,1374669720
662,6.2329,106.8213,1374588060
662,6.3648,106.829,1374580800
662,6.2609,106.8479,1374435900
662,6.2428,106.848,1374422040
662,6.2279,106.8259,1374415620
662,6.2608,106.8478,1374366120
662,6.2181,106.8032,1374359340
662,6.2156,106.7975,1374321420
662,6.2154,106.7974,1374321240
662,6.2161,106.7972,1374321120
662,6.2177,106.8037,1374307020
662,6.2152,106.7975,1374192600
662,6.2154,106.7975,1374191160
662,6.2152,106.7976,1374190380
662,6.2155,106.7974,1374184320
662,6.2243,106.8045,1374176940
662,6.2247,106.8042,1374176520
662,6.2253,106.8048,1374173100
662,6.2265,106.8044,1374164280
662,6.2147,106.7982,1374151080
662,6.261,106.848,1374123960
662,6.2647,106.8867,1374076080
662,6.2637,106.8873,1374074280
662,6.2635,106.8872,1374073860
662,6.2609,106.8478,1374004680
662,6.261,106.8479,1373997540
662,6.3644,106.828,1373980320
662,6.3668,106.8277,1373979300
662,6.2609,106.848,1373968020
662,6.3723,106.8351,1373908140
662,6.3726,106.8328,1373893680
662,6.2504,106.8655,1373813700
662,6.2241,106.8266,1373813700
662,6.2241,106.8254,1373797740
662,6.2609,106.848,1373758080
662,7.7902,110.3756,1373722200
662,7.794,110.3657,1373713200
662,7.79,110.3662,1373669100
662,7.79,110.3662,1373668740
662,7.8112,110.3632,1373668020
662,7.8101,110.3596,1373648400
662,7.7768,110.411,1373644620
662,7.7833,110.3869,1373578380
662,7.7851,110.3714,1373564040
662,7.8118,110.3639,1373563800
662,7.7937,110.3657,1373376600
662,7.7931,110.366,1373372220
662,7.7833,110.3869,1373329980
662,7.8455,110.4802,1373325480
662,7.7855,110.3667,1373305020
662,7.5991,110.4268,1373292780
662,7.7852,110.3717,1373232540
662,7.7725,110.3989,1373219820
662,7.7725,110.3989,1373218860
662,7.7725,110.3989,1373218200
662,7.6072,110.2073,1373202180
662,7.8118,110.3638,1373145060
662,7.8113,110.363,1373141220
662,7.8013,110.3647,1373136240
662,7.7985,110.365,1373135520
662,7.7985,110.365,1373135220
662,7.7935,110.3658,1373130360
662,7.794,110.3645,1373109420
662,6.2561,106.8554,1372957080
662,6.2566,106.8553,1372956660
662,6.2561,106.8522,1372945800
662,6.1205,106.663,1372903200
662,6.2609,106.8479,1372876560
662,6.2609,106.848,1372803060
662,6.2609,106.848,1372793940
662,6.2609,106.848,1372775340
662,6.2609,106.848,1372756920
662,6.2609,106.848,1372701000
662,6.3728,106.8347,1372692420
662,6.3725,106.835,1372686840
662,6.2599,106.8488,1372622580
662,6.2695,106.8018,1372599300
662,6.2242,106.8266,1372589160
662,6.2609,106.848,1372540680
662,6.2609,106.848,1372540080
662,6.2355,106.8241,1372535580
662,6.2343,106.8255,1372535340
662,6.2342,106.8257,1372535220
662,6.2348,106.8256,1372523040
662,6.257,106.8561,1372432980
662,6.3644,106.829,1372412880
662,6.2636,106.8516,1372408740
662,6.3608,106.8332,1372320000
662,6.3643,106.8286,1372317000
662,6.2609,106.848,1372272000
662,6.3729,106.8347,1372261740
662,6.3633,106.8293,1372252800
662,6.3643,106.8289,1372173180
662,6.3515,106.8325,1372162560
662,6.2609,106.848,1372104960
662,6.2609,106.848,1372082280
662,6.2243,106.8267,1371985020
662,6.2536,106.8414,1371839640
662,6.5592,106.8402,1371818040
662,6.6016,106.8066,1371814320
662,6.3631,106.8327,1371769980
662,6.3631,106.8327,1371673800
662,6.3899,106.8277,1371651180
662,6.2599,106.8457,1371580200
662,6.2608,106.848,1371559740
662,6.2599,106.8457,1371559500
662,6.2609,106.848,1371470100
662,6.2609,106.848,1371465360
662,6.2609,106.848,1371460620
662,6.2609,106.848,1371419880
662,6.2509,106.8654,1371393660
662,6.2238,106.8277,1371378840
662,6.2598,106.8461,1371377940
662,6.2599,106.8457,1371377280
662,6.3656,106.8298,1371299820
662,6.359,106.8187,1371235320
662,6.359,106.8187,1371234720
662,6.3842,106.8301,1371221760
662,6.3656,106.8358,1371214020
662,6.365,106.8286,1371127680
662,6.3631,106.8327,1371101760
662,6.365,106.8287,1371089220
662,6.3649,106.8286,1371082980
662,6.3647,106.8285,1371074100
662,6.3644,106.8278,1371065520
662,6.3649,106.8286,1371061320
662,6.3634,106.8312,1371059880
662,6.3648,106.8286,1371046020
662,6.3644,106.8286,1371042720
662,6.3649,106.8286,1371029640
662,6.3644,106.8288,1371018960
662,6.3646,106.8284,1370959500
662,6.3638,106.8324,1370957520
662,6.3646,106.8284,1370939340
662,6.3646,106.8284,1370908680
662,6.3646,106.8284,1370900880
662,6.3646,106.8284,1370898720
662,6.3633,106.8315,1370884920
662,6.3644,106.8289,1370875620
662,6.3644,106.8289,1370874600
662,6.3646,106.8284,1370870340
662,6.3632,106.8267,1370859840
662,6.3605,106.826,1370854860
662,6.3645,106.8289,1370845260
662,6.3646,106.8284,1370707020
662,6.3646,106.8284,1370693640
662,6.3255,106.8376,1370450160
662,6.3609,106.8318,1370361000
662,6.3633,106.8312,1370267520
662,6.3644,106.829,1370245080
662,6.3604,106.8317,1370191260
662,6.2634,106.8515,1370190000
662,6.2246,106.8275,1370182200
662,6.2296,106.8204,1370167260
662,6.3604,106.8317,1370101980
662,6.3627,106.8328,1370101260
662,6.3552,106.8394,1370027820
662,6.3552,106.8394,1370025720
662,6.3552,106.8394,1370024460
662,6.3646,106.8284,1370013240
662,6.3646,106.8284,1370003760
662,6.3646,106.8284,1369837380
662,6.3644,106.829,1369721580
662,6.3646,106.8284,1369663500
662,6.2154,106.8302,1369582980
662,6.2143,106.8321,1369580280
662,6.224,106.8269,1369578900
662,6.2238,106.8268,1369563660
662,6.3646,106.8284,1369412100
662,6.3646,106.8284,1369396680
662,6.2626,106.8429,1369157040
662,6.3646,106.8284,1369141140
662,6.3644,106.8287,1369137480
662,6.2609,106.848,1368907560
662,6.3604,106.8317,1368903720
662,6.3646,106.8284,1368902940
662,6.3646,106.8284,1368867060
662,6.361,106.8269,1368800640
662,6.3603,106.8262,1368792240
662,6.3644,106.829,1368770520
662,6.3646,106.8284,1368730740
662,6.3646,106.8284,1368721200
662,6.3644,106.8289,1368716220
662,6.3644,106.829,1368594420
662,6.2634,106.8515,1368594180
662,6.2328,106.8542,1368556860
662,6.3604,106.8317,1368549720
662,6.2115,106.8452,1368371100
662,6.2115,106.8452,1368370500
662,6.2238,106.8268,1368357240
662,6.2609,106.848,1368210840
662,6.3604,106.8317,1368208260
662,6.3656,106.8321,1368197880
662,6.3644,106.83,1368037920
662,6.3644,106.829,1368011040
662,6.3644,106.829,1367906580
662,6.3633,106.8312,1367853060
662,6.3604,106.8317,1367846400
662,6.2634,106.8515,1367844180
662,6.1998,106.7746,1367834460
662,6.3419,106.8347,1367784240
662,6.254,106.8646,1367768820
662,6.254,106.8646,1367767080
662,6.2238,106.8268,1367761440
662,6.3593,106.8238,1367582040
662,6.3644,106.829,1367496900
662,6.3698,106.8273,1367423400
662,6.3644,106.8289,1367402820
662,6.3644,106.829,1367337480
