718,37.7252,122.3867,1427710800
718,37.8972,122.0598,1426841940
718,37.9761,122.0634,1425949320
718,37.83,122.5358,1425797700
718,37.7843,122.4325,1425775020
718,37.7842,122.4325,1425758340
718,37.7426,122.4756,1424398200
718,37.7306,122.4167,1424384160
718,37.5774,122.3478,1423957260
718,37.7883,122.4078,1422948480
718,37.7889,122.4086,1422803700
718,37.976,122.0656,1422603480
718,37.9004,122.0598,1422363240
718,37.8572,122.2673,1421126460
718,34.1964,118.3531,1421063340
718,35.0146,106.6862,1420944060
718,35.0802,106.6068,1420938480
718,34.4558,106.332,1420768440
718,34.6656,106.7761,1420599420
718,35.0491,106.6171,1420539900
718,37.7123,122.2126,1420524720
718,37.9119,122.0672,1420277880
718,40.6897,74.1794,1419517080
718,29.5507,34.9529,1419284460
718,31.7887,35.2031,1419079380
718,31.7833,35.2167,1419010620
718,32.0861,34.768,1418904660
718,32.9715,35.5047,1418838000
718,40.6897,74.1794,1418625480
718,37.6187,122.381,1418596320
718,37.775,122.418,1417346520
718,37.7554,122.4209,1416889620
718,37.7894,122.4064,1416010860
718,37.784,122.433,1414674240
718,37.7914,122.3986,1414466340
718,37.7914,122.3986,1414268100
718,37.7516,122.4291,1414022460
718,37.7944,122.4003,1413114120
718,37.8062,122.4508,1413090120
718,37.7943,122.4004,1413012720
718,34.2782,118.4531,1412902080
718,37.7704,122.4919,1412477520
718,37.7822,122.4067,1412200860
718,36.5988,121.912,1411534680
718,36.6,121.9,1411531320
718,37.7123,122.2126,1410857640
718,34.1965,118.3525,1410853260
718,34.0596,118.3997,1410672480
718,34.0532,118.9626,1410670260
718,37.7123,122.2126,1410541620
718,37.7842,122.4059,1410494700
718,37.7844,122.4062,1410494040
718,37.9853,122.0673,1410147540
718,37.8787,122.3037,1409961960
718,37.7655,122.4785,1409636880
718,37.8398,122.2596,1409103600
718,37.7125,122.4992,1408847880
718,37.6169,122.4836,1408694340
718,37.7792,122.4143,1407371340
718,37.9823,122.0644,1406867460
718,37.7884,122.4083,1406672520
718,34.0449,118.2495,1406340480
718,34.1811,118.3121,1406195160
718,34.1535,118.3363,1406102760
718,37.7512,122.4383,1405980120
718,37.8533,122.2705,1405557660
718,37.7695,122.433,1404354720
718,37.7356,122.503,1403912760
718,37.7711,122.4065,1402967100
718,37.831,122.286,1401411420
718,37.831,122.286,1401410700
718,37.831,122.286,1400242800
718,37.7783,122.3894,1400049300
718,37.7784,122.3903,1400049180
718,37.7938,122.2717,1399975200
718,37.8954,122.0557,1399451760
718,37.8954,122.0612,1398664380
718,37.9448,122.0617,1398658860
718,37.8954,122.0612,1397532000
718,37.4412,122.1726,1397102040
718,37.7876,122.4064,1395998820
718,37.7876,122.4064,1395977040
718,34.1678,118.3761,1393495080
718,34.0986,118.3222,1393377960
718,37.854,122.273,1391682960
718,37.787,122.405,1391227320
718,37.7853,122.4079,1391133720
718,37.7865,122.4045,1390771440
718,37.7604,122.509,1390542720
718,38.0811,122.6854,1390090680
718,37.8048,122.2577,1389498600
718,37.6883,122.472,1388230500
718,33.9439,118.405,1388219820
718,34.3213,118.4608,1387720680
718,37.7123,122.2126,1387689720
718,37.9742,122.0337,1386899040
718,37.9741,122.0337,1386844800
718,37.9742,122.0337,1386824400
718,37.7852,122.4207,1386557100
718,37.7609,122.5061,1386221700
718,37.7721,122.4172,1386032880
718,37.7657,122.4663,1385800800
718,38.5811,121.4942,1385622900
718,37.9741,122.0337,1385271060
718,37.7876,122.4064,1385175360
718,37.7921,122.4026,1384313880
718,37.787,122.405,1383954780
718,37.7701,122.4221,1383791640
718,37.7884,122.4083,1383079680
718,37.9727,122.0441,1380498180
718,37.7842,122.4059,1379804880
718,40.3097,123.9195,1379092380
718,37.7698,122.4663,1378433760
718,34.4742,118.6151,1378329060
718,37.8049,122.2952,1376959740
718,37.8915,122.1394,1376706960
718,37.7123,122.2126,1374355260
718,37.787,122.3982,1367222280
718,37.7858,122.408,1365654720
718,37.7881,122.4057,1365242520
718,37.6705,122.4675,1365142380
718,37.7596,122.4956,1364901960
718,34.3228,118.4238,1364612040
718,37.7783,122.3894,1363691340
718,37.7607,122.5055,1363231080
718,37.7892,122.3982,1362633300
718,37.728,122.477,1362020820
718,37.77,122.447,1361093520
718,37.7701,122.4221,1360842180
718,37.7598,122.4268,1360573860
718,37.7783,122.4736,1360058280
718,37.7332,122.5032,1359535860
718,37.803,122.4476,1358994780
718,37.7694,122.5144,1358927100
718,34.322,118.4256,1358148360
718,34.5722,118.6905,1357993740
718,37.7577,122.4981,1357123440
718,37.7426,122.4828,1356355620
718,37.7896,122.4051,1355816280
718,37.7866,122.4072,1355481900
718,37.7511,122.4339,1355214720
718,37.7598,122.4267,1354866600
718,37.7876,122.4074,1354094220
718,37.7677,122.4285,1353502740
718,37.7089,122.4361,1352935140
718,34.0406,118.259,1345010760
718,34.3253,118.4178,1342587840
718,34.3103,118.4279,1342080360
718,34.3181,118.4294,1342052400
718,34.2854,118.4427,1341566640
718,34.0773,118.4741,1334788980
718,34.0775,118.2646,1332668880
718,34.0664,118.1678,1332284700
718,34.0672,118.1668,1329617100
718,34.0664,118.1678,1317091080
718,34.0477,118.3242,1313838720
718,34.0477,118.2494,1310711220
718,34.0476,118.2497,1310634720
718,34.0429,118.2556,1308913440
718,34.051,118.245,1308636120
718,37.7555,122.4207,1306100220
718,34.0457,118.251,1305252180
718,37.8069,122.267,1300914120
718,37.7793,122.3981,1300791600
718,37.7555,122.421,1300484820
718,34.0483,118.2475,1296007500
718,34.0912,118.3656,1295790180
718,34.0664,118.1678,1294706220
718,34.0664,118.1678,1294096860
718,34.0481,118.2472,1292575920
718,34.1019,118.3361,1292509740
718,34.1382,118.3532,1292212140
718,34.138,118.3535,1292134260
718,34.0484,118.2476,1291984200
718,34.0472,118.2474,1291978140
718,34.0478,118.2497,1291972920
718,34.0478,118.2474,1291820820
718,34.1964,118.3521,1291500120
718,34.0483,118.2475,1290911760
718,34.0485,118.248,1290604020
718,34.0484,118.2476,1290592500
718,34.0478,118.2474,1290328380
718,34.0507,118.255,1290298260
718,34.0474,118.2477,1290143460
718,34.0478,118.2474,1289912580
718,37.706,122.4691,1289890620
718,37.7898,122.4054,1289789400
718,37.7613,122.419,1289644560
718,37.7955,122.3935,1289610480
718,37.6164,122.3862,1289473080
718,34.0474,118.2477,1289294640
