719,19.5564,99.2085,1423904940
719,19.3607,99.2754,1418552220
719,19.3045,99.1906,1408327620
719,19.3666,99.2593,1408319820
719,19.3607,99.2755,1408175520
719,19.4314,99.1827,1407910860
719,19.4314,99.1827,1407910860
719,19.3233,99.2232,1406360340
719,19.3994,99.1852,1405869120
719,19.3045,99.1906,1404456000
719,19.2526,99.6069,1404016680
719,19.3045,99.1906,1403937900
719,19.3067,99.2094,1403592420
719,19.2587,99.621,1403478960
719,19.279,99.5643,1403416680
719,19.279,99.5643,1403155560
719,19.366,99.2648,1402514880
719,19.3666,99.2642,1402132860
719,19.3678,99.2583,1402126200
719,19.3067,99.2094,1401775500
719,19.3067,99.2094,1401659100
719,19.3067,99.2096,1401587700
719,19.3618,99.2761,1400919840
719,19.4133,99.1718,1400850360
719,19.4323,99.1976,1400842800
719,19.3067,99.2094,1400742120
719,19.3067,99.2095,1400457600
719,19.4662,99.1865,1400374860
719,19.3994,99.1852,1399855260
719,19.2997,99.1367,1398045840
719,19.4166,99.1695,1397374500
719,19.3672,99.2638,1397357580
719,19.3666,99.2593,1396753800
719,19.3672,99.2638,1396666020
719,19.3685,99.1806,1396165680
719,19.3934,99.1821,1394781060
719,19.3666,99.2643,1394747640
719,19.4978,99.1747,1394348520
719,19.3233,99.2232,1394180100
719,19.3611,99.2753,1393922220
719,19.367,99.2633,1393639920
719,19.3333,99.2022,1393574400
719,19.3666,99.2643,1393020420
719,19.298,99.1813,1392533280
719,19.3067,99.2096,1391921580
719,19.3669,99.264,1391904900
719,19.3617,99.2729,1391380080
719,19.3683,99.2591,1391152440
719,19.4295,99.1722,1390504380
719,19.352,99.1642,1390035840
719,19.392,99.0876,1387163580
719,19.3874,99.0892,1387153920
719,19.3031,99.1736,1387011540
719,19.3792,99.2467,1386623220
719,19.3871,99.2194,1386622620
719,19.3624,99.1129,1386501840
719,19.3624,99.1129,1386501120
719,19.4028,99.192,1386102060
719,19.3578,99.1958,1385626980
719,19.3626,99.1914,1385495820
719,19.3645,99.1686,1385343840
719,19.3667,99.2641,1385235660
719,19.2974,99.2214,1384848540
719,19.2973,99.2214,1384812180
719,19.4141,99.18,1384699020
719,19.4142,99.18,1384698660
719,19.4142,99.18,1384692660
719,19.3586,99.2583,1384571280
719,19.3964,99.1924,1384547040
719,19.3991,99.1892,1384546860
719,19.4008,99.1917,1384545780
719,19.341,99.2037,1384544580
719,19.2972,99.2214,1384427280
719,19.2973,99.2214,1384339440
719,19.3611,99.2752,1382492340
719,19.4059,99.0931,1382253480
719,19.3947,99.175,1382240220
719,19.4295,99.1722,1381256940
719,19.3666,99.2643,1380254100
719,19.4295,99.1722,1380044520
719,19.3713,99.1784,1379743680
719,19.3713,99.1784,1379743380
719,19.3713,99.1784,1379742960
719,19.3666,99.2643,1379666100
719,19.3666,99.2643,1379664600
719,19.3666,99.2643,1379539980
719,19.3666,99.2643,1379534760
719,19.3098,99.1245,1379382060
719,19.3671,99.2631,1379191920
719,19.366,99.2633,1379121840
719,19.3067,99.2096,1379055540
719,19.3067,99.2096,1379055240
719,19.366,99.2633,1379039700
719,19.366,99.2633,1379039220
719,19.3666,99.2643,1378956060
719,19.366,99.2633,1378779720
719,19.366,99.2633,1378778100
719,19.2853,99.4578,1378431300
719,19.387,99.252,1378359720
719,19.3449,99.1913,1378029060
719,19.3166,99.2127,1378007880
719,19.3666,99.2643,1377841020
719,19.3045,99.1906,1377322860
719,19.3665,99.2636,1377306780
719,19.3661,99.2632,1377288420
719,19.3387,99.1946,1377250140
719,19.3607,99.2738,1376637480
719,19.4209,99.1922,1376240400
719,19.4237,99.1961,1376170500
719,19.4237,99.1961,1376167380
719,19.3872,99.2521,1376122320
719,19.3665,99.2636,1376093520
719,19.3672,99.1712,1375667940
719,19.338,99.2683,1375585140
719,19.3527,99.164,1375165200
719,19.4161,99.164,1374957060
719,19.3666,99.2643,1374864000
719,19.416,99.1697,1374650460
719,19.3045,99.1906,1374384240
719,19.3045,99.1906,1373450220
719,19.4295,99.1722,1372959360
719,19.2587,99.621,1372661820
719,19.3619,99.2731,1372455060
719,19.3666,99.2643,1372449420
719,19.3174,99.2103,1372404240
719,19.5815,99.2925,1371761820
719,19.2778,99.6435,1370742300
719,19.2587,99.621,1370502120
719,19.2801,99.6525,1370304840
719,19.279,99.5641,1370153340
719,19.2803,99.5739,1369382340
719,19.2803,99.5739,1369380360
719,19.2895,99.554,1369110960
719,19.2503,99.6052,1368952920
719,19.2513,99.6051,1368952680
719,19.2507,99.6061,1368951060
719,19.279,99.5643,1368684540
719,19.4518,99.2174,1367519760
719,19.2778,99.6435,1367512860
719,19.259,99.6214,1366533720
719,19.259,99.6214,1366533240
719,19.2447,99.6172,1365670980
719,19.2447,99.6171,1365670680
719,19.2447,99.6171,1365670500
719,19.2447,99.6171,1365669960
719,19.2447,99.6171,1365669180
719,19.2896,99.5538,1365647760
719,19.2896,99.5538,1365465840
719,19.2447,99.6171,1365388380
719,19.2896,99.554,1365315960
719,19.2896,99.5538,1365308640
719,19.2896,99.5538,1365218040
719,19.2896,99.5538,1365209280
719,19.2896,99.5538,1365206340
719,19.2896,99.5538,1365204480
719,19.2896,99.5538,1365203040
719,19.2896,99.5538,1365202260
719,19.2896,99.5538,1365200940
719,19.2896,99.5538,1365200100
719,19.2896,99.5538,1365199320
719,19.2896,99.5538,1365199200
719,19.2896,99.5538,1365198900
719,19.2447,99.6171,1365163740
719,19.2447,99.6172,1365163260
719,19.2447,99.6172,1365160260
719,19.2447,99.6171,1365159060
719,19.2447,99.6172,1365158640
719,19.2447,99.6172,1365157920
719,19.2447,99.6172,1365153000
719,19.2447,99.6171,1365151260
719,19.2447,99.6172,1365150780
719,19.2447,99.6172,1365148440
719,19.2447,99.6172,1365148320
719,19.2896,99.5538,1365120900
719,19.2447,99.6171,1365072540
719,19.2447,99.6172,1365072300
719,19.2447,99.6172,1365072120
719,19.2447,99.6172,1365071160
719,19.2447,99.6172,1365070260
719,19.2896,99.5538,1365029880
719,19.2447,99.6171,1364982060
719,19.2447,99.6172,1364981940
719,19.2447,99.6171,1364981640
719,19.2896,99.5538,1364958540
719,19.2896,99.5538,1364958360
719,19.2896,99.5538,1364957520
719,19.2896,99.5538,1364956980
719,19.2896,99.5538,1364956620
719,19.2896,99.5538,1364956140
719,19.2896,99.5538,1364955780
719,19.2896,99.5538,1364949060
719,19.2896,99.5538,1364880120
719,19.2447,99.6171,1364818140
719,19.2477,99.5805,1364532120
719,19.2477,99.5805,1364505780
719,19.2447,99.6172,1364466780
719,19.2447,99.6172,1364466420
719,19.2447,99.6171,1364464380
719,19.2447,99.6171,1364459460
719,19.2895,99.554,1364245620
719,19.3958,99.2002,1364241720
719,19.2689,99.1273,1364236920
719,19.2568,99.1261,1364182860
719,19.4026,99.1541,1364107980
719,19.2587,99.621,1363488840
719,19.2447,99.6171,1362737820
719,19.2447,99.6172,1362639780
719,19.2896,99.5538,1362633120
719,19.2448,99.6171,1362475980
719,19.2447,99.6171,1362390240
719,19.2447,99.6172,1362390060
719,19.2452,99.6128,1362267720
719,19.2447,99.6171,1362266760
719,19.2448,99.6172,1362249600
719,19.2448,99.6171,1362131040
719,19.2447,99.6171,1362048360
719,19.2447,99.6171,1362045900
719,19.2896,99.5538,1361918580
719,19.2448,99.6163,1361787900
719,19.3828,99.1992,1361773740
719,19.3435,99.1675,1361750460
719,19.2791,99.6525,1361743200
719,19.2448,99.6163,1361696400
719,19.2896,99.5538,1361664300
719,19.2896,99.5538,1361661480
719,19.2448,99.6163,1361607480
719,19.2896,99.5538,1361567640
719,19.2448,99.6163,1361560860
719,19.2896,99.5538,1361409180
719,19.2448,99.6163,1361362440
719,19.2448,99.6163,1361362200
719,19.2448,99.6164,1361361840
719,19.2448,99.6163,1361361780
719,19.2448,99.6163,1361361480
719,19.2448,99.6163,1361361360
719,19.2448,99.6163,1361358660
719,19.2448,99.6163,1361265720
719,19.2601,99.623,1361246580
719,19.2602,99.6231,1361246520
719,19.2601,99.623,1361246520
719,19.2448,99.6163,1361231100
719,19.2448,99.6163,1361223360
719,19.2448,99.6163,1361221380
719,19.2448,99.6163,1361220900
719,19.2448,99.6163,1361220780
719,19.2448,99.6163,1361220240
719,19.2448,99.6163,1361220120
719,19.2448,99.6162,1361220000
719,19.2448,99.6163,1361219880
719,19.2448,99.6163,1361219640
719,19.2448,99.6163,1361217600
719,19.2448,99.6163,1361216880
719,19.2448,99.6163,1361184900
719,19.2448,99.6162,1361184240
719,19.2448,99.6163,1361184120
719,19.2448,99.6163,1361184000
719,19.2448,99.6163,1361176560
719,19.2895,99.5538,1361137380
719,19.2448,99.6163,1361104020
719,19.2448,99.6163,1361097360
719,19.2448,99.6163,1361096040
719,19.2448,99.6163,1361081640
719,19.2511,99.6061,1361070240
719,19.2511,99.6061,1361069940
719,19.2448,99.6163,1361049600
719,19.2448,99.6163,1361049540
719,19.2448,99.6163,1361011980
719,19.2448,99.6163,1361011920
719,19.2896,99.5538,1360992720
719,19.2896,99.5538,1360978380
719,19.2448,99.6163,1360957440
719,19.2448,99.6163,1360955160
719,19.2448,99.6163,1360916640
719,19.2895,99.5538,1360903740
719,19.4297,99.2128,1360491120
719,19.2609,99.6193,1359451620
719,19.2587,99.6206,1359430620
719,19.2587,99.6206,1359428760
719,19.4394,99.2033,1358752740
719,19.4323,99.1976,1358684280
719,19.4098,99.1745,1358588520
719,19.3994,99.1852,1358584260
719,19.3157,99.2206,1356162600
719,19.3477,99.1875,1355669820
719,19.3496,99.1883,1355662140
719,19.3496,99.1883,1355661060
719,19.3496,99.1883,1355655300
719,19.2587,99.621,1354429080
719,19.2529,99.6146,1351322760
719,19.245,99.6174,1350635220
719,19.304,99.1903,1350367680
719,19.304,99.1903,1350367500
719,19.2858,99.573,1350350460
719,19.3807,99.1848,1350272460
719,19.3807,99.1848,1350269880
719,19.2896,99.5546,1349674320
719,19.2896,99.5546,1349663160
719,19.253,99.6156,1349595240
719,19.2577,99.6205,1349577900
719,19.2587,99.6206,1349574840
719,19.2442,99.6144,1349287500
719,19.2908,99.5549,1348292460
719,19.2892,99.554,1347935460
719,19.3023,99.7144,1347875040
719,19.2894,99.5539,1347582900
719,19.2893,99.5539,1347574980
719,19.2894,99.554,1347515400
719,19.2894,99.554,1347515220
719,19.2894,99.5539,1347514980
719,19.2894,99.5539,1347514440
719,19.2894,99.554,1347498120
719,19.2894,99.5539,1347487260
719,19.2894,99.5539,1347486300
719,19.2894,99.5539,1347485400
719,19.2893,99.5539,1347485340
719,19.2894,99.5539,1347485100
719,19.2893,99.554,1347484920
719,19.2894,99.5539,1347484560
719,19.2894,99.5539,1347484500
719,19.2894,99.5539,1347483840
719,19.2893,99.5539,1347482400
719,19.2894,99.5542,1347403560
719,19.2893,99.554,1347398280
719,19.2894,99.5539,1347397980
719,19.3408,99.127,1347208080
719,19.4322,99.1976,1347181140
719,19.4322,99.1976,1347178740
719,19.3095,99.2229,1347168600
719,19.3095,99.2229,1347168180
719,19.3095,99.2229,1347168060
719,19.3095,99.2229,1347168000
719,19.3095,99.2229,1347167880
719,19.3095,99.2229,1347167820
719,19.3161,99.2205,1347159420
719,19.3161,99.2205,1347159300
719,19.3161,99.2205,1347153840
719,19.3157,99.2206,1347153780
719,19.3161,99.2205,1347149340
719,19.3161,99.2205,1347149280
719,19.4569,99.1795,1347105900
719,19.3496,99.1629,1347092040
719,19.2893,99.5539,1346985900
719,19.2894,99.5539,1346969580
719,19.2894,99.5539,1346968200
719,19.2893,99.554,1346967180
719,19.2894,99.554,1346966460
719,19.2894,99.554,1346965860
719,19.2894,99.554,1346965860
719,19.2893,99.554,1346893320
719,19.2894,99.554,1346893320
719,19.291,99.5551,1346502420
719,19.2958,99.5548,1346502300
719,19.2958,99.5548,1346500020
719,19.2958,99.5548,1346500020
719,19.2904,99.5485,1346499120
719,19.2958,99.5548,1346495220
719,19.2958,99.5548,1346494500
719,19.2958,99.5548,1346489220
719,19.2958,99.5548,1346484300
719,19.2874,99.6994,1346312160
719,19.2876,99.6991,1346311740
719,19.2873,99.5532,1346307660
719,19.2958,99.5548,1346227980
719,19.2911,99.555,1346226660
719,19.2896,99.5546,1346135100
719,19.2994,99.7239,1346028660
719,19.3009,99.7248,1346027700
719,19.2994,99.7239,1346027520
719,19.3009,99.7248,1346025180
719,19.3025,99.7256,1346025060
719,19.3025,99.7256,1346024880
719,19.2994,99.7239,1346024760
719,19.2994,99.7239,1346024760
719,19.3025,99.7256,1346023680
719,19.2995,99.7108,1346021220
719,19.291,99.5551,1345705740
719,19.291,99.5551,1345705740
719,19.3969,99.2002,1345491780
719,19.413,99.1718,1345384320
719,19.3511,99.1533,1345372680
719,19.3381,99.1946,1345366680
719,19.3087,99.2235,1345361160
719,19.3017,99.7157,1345111620
719,19.3386,99.5715,1344839640
719,19.2618,99.6143,1344069660
719,19.5442,99.2041,1343800380
719,19.2511,99.6073,1342403400
719,19.291,99.5551,1342334880
719,19.2896,99.5546,1342166160
719,19.2896,99.5546,1342037580
719,19.284,99.6345,1341995820
719,19.273,99.6321,1341995580
719,19.3971,99.2002,1341992580
719,19.3026,99.1232,1341958020
719,19.3942,99.1343,1341948120
719,19.394,99.1366,1341912240
719,19.3026,99.1232,1341870420
719,19.394,99.1366,1341863460
719,19.257,99.1262,1336732980
719,19.3158,99.2208,1336342080
