74,1.4026,48.4299,1427870280
74,1.4026,48.4299,1427868720
74,1.4031,48.4298,1427788200
74,1.4032,48.4298,1427772120
74,1.4032,48.4298,1427772060
74,1.408,48.4372,1427489820
74,1.408,48.4372,1427489760
74,1.4031,48.4298,1427395260
74,1.403,48.4299,1427386440
74,1.4032,48.4298,1427386440
74,1.4032,48.4298,1427334540
74,1.4031,48.4298,1427334420
74,1.4031,48.4298,1427334420
74,1.403,48.4298,1427334240
74,1.4029,48.4298,1427334120
74,1.4031,48.4298,1427298960
74,1.403,48.4298,1427271060
74,1.4026,48.4299,1427226180
74,1.4026,48.4299,1427166180
74,1.4026,48.4298,1427166120
74,1.4031,48.4298,1427056440
74,1.4032,48.4298,1426911420
74,1.403,48.4298,1426911420
74,1.4031,48.4298,1426866180
74,1.4032,48.4298,1426866120
74,1.4079,48.4371,1426814100
74,1.4079,48.437,1426814040
74,1.4018,48.4335,1426734360
74,1.4031,48.4299,1426563540
74,1.4033,48.4296,1426481160
74,1.4032,48.4297,1426480680
74,1.4032,48.4297,1426477080
74,1.4031,48.4298,1426477080
74,1.4031,48.4298,1426475580
74,1.4032,48.4297,1426403160
74,1.4033,48.4296,1426399800
74,1.4033,48.4297,1426399680
74,1.4079,48.4371,1426264860
74,1.4032,48.43,1426227360
74,1.4078,48.4371,1426179060
74,1.4032,48.43,1426140600
74,1.4032,48.4299,1426140360
74,1.4032,48.4299,1426140060
74,1.4032,48.4299,1426140000
74,1.4032,48.4299,1426140000
74,1.4032,48.43,1426138260
74,1.4031,48.43,1426133160
74,1.408,48.4371,1426099740
74,1.408,48.4372,1426093860
74,1.4028,48.43,1426089660
74,1.4032,48.43,1426060200
74,1.4032,48.4299,1426056180
74,1.4028,48.43,1426040100
74,1.4031,48.43,1426039860
74,1.4032,48.43,1425916200
74,1.4032,48.4299,1425916200
74,1.4032,48.4299,1425865080
74,1.4032,48.43,1425865080
74,1.4032,48.43,1425819720
74,1.4079,48.4371,1425750480
74,1.4079,48.4371,1425750360
74,1.4079,48.4371,1425750300
74,1.4079,48.4371,1425750240
74,1.4032,48.4297,1425658440
74,1.4028,48.43,1425624060
74,1.4033,48.4297,1425623940
74,1.4033,48.4297,1425623760
74,1.4029,48.43,1425484380
74,1.4029,48.43,1425484140
74,1.4029,48.43,1425484140
74,1.4033,48.4297,1425482580
74,1.4032,48.4298,1425453960
74,1.4033,48.4297,1425452400
74,1.4033,48.4297,1425451980
74,1.4033,48.4297,1425451200
74,1.4033,48.4297,1425451200
74,1.4033,48.43,1425437280
74,1.4079,48.4372,1425401100
74,1.4033,48.4299,1425196860
74,1.4032,48.43,1425188280
74,1.4032,48.43,1425188220
74,1.4032,48.43,1425180840
74,1.4079,48.4372,1425145500
74,1.4033,48.43,1425067920
74,1.4027,48.4299,1425054060
74,1.4027,48.4299,1425054000
74,1.4033,48.43,1424937300
74,1.4032,48.43,1424937240
74,1.4027,48.43,1424887020
74,1.4027,48.4299,1424886600
74,1.4027,48.43,1424886600
74,1.4032,48.43,1424834940
74,1.4032,48.43,1424834160
74,1.4018,48.4335,1424641200
74,1.4018,48.4335,1424640900
74,1.4018,48.4335,1424640840
74,1.4018,48.4335,1424640600
74,1.4018,48.4335,1424640540
74,1.4018,48.4335,1424640540
74,1.4018,48.4335,1424640480
74,1.4018,48.4335,1424640480
74,1.4018,48.4335,1424640480
74,1.4027,48.43,1424538540
74,1.4004,48.4268,1424456280
74,1.4004,48.4268,1424456280
74,1.4004,48.4268,1424456220
74,1.4033,48.43,1424285460
74,1.4032,48.43,1424285340
74,1.4554,48.4958,1424161740
74,1.4033,48.43,1424138100
74,1.4033,48.43,1424138040
74,1.4033,48.43,1424137920
74,1.4033,48.43,1424137920
74,1.4033,48.43,1423990980
74,1.4032,48.43,1423906860
74,1.4032,48.43,1423906680
74,1.4032,48.43,1423906560
74,1.4032,48.43,1423901580
74,1.4018,48.4335,1423858620
74,1.4033,48.4299,1423846800
74,1.4031,48.43,1423846740
74,1.4032,48.43,1423846440
74,1.4031,48.43,1423846380
74,1.4032,48.43,1423818300
74,1.4033,48.43,1423809360
74,1.4032,48.43,1423809240
74,1.4032,48.43,1423809180
74,1.4032,48.43,1423809180
74,1.3908,48.4282,1419662820
74,1.3909,48.4282,1419662700
74,1.3909,48.4282,1419660900
74,1.4021,48.4335,1419628620
74,1.402,48.4335,1419628500
74,1.3909,48.4282,1419618900
74,1.3908,48.4282,1419609780
74,1.3909,48.4282,1419608040
74,1.402,48.4335,1419557580
74,1.402,48.4335,1419557580
74,1.402,48.4335,1419557580
74,1.402,48.4335,1419465600
74,1.3909,48.4282,1419404580
74,1.3909,48.4282,1419403980
74,1.3909,48.4282,1419403680
74,1.3909,48.4282,1419403620
74,1.3909,48.4282,1419403620
74,1.3909,48.4282,1419382380
74,1.4014,48.4321,1419320040
74,1.4014,48.4321,1419319980
74,1.391,48.4281,1419319920
74,1.3883,48.4279,1419302700
74,1.4014,48.4321,1419302400
74,1.4014,48.4321,1419274200
74,1.4019,48.4335,1419128400
74,1.4014,48.4321,1419125460
74,1.4014,48.4321,1419125340
74,1.4019,48.4335,1419108900
74,1.4019,48.4335,1419108780
74,1.402,48.4335,1419108720
74,1.4014,48.4321,1419063300
74,1.4014,48.4321,1419014100
74,1.402,48.4335,1418934480
74,1.402,48.4335,1418933580
74,1.402,48.4335,1418928720
74,1.402,48.4335,1418928660
74,1.402,48.4335,1418928660
74,1.402,48.4335,1418928480
74,1.4014,48.4321,1418919840
74,1.3896,48.4291,1418805540
74,1.4014,48.4321,1418804940
74,1.4014,48.4321,1418804760
74,1.3586,48.4257,1418749260
74,1.402,48.4335,1418745660
74,1.402,48.4335,1418745540
74,1.402,48.4334,1418745480
74,1.402,48.4335,1418745180
74,1.4076,48.4368,1418666100
74,1.4014,48.4321,1418656860
74,1.389,48.4282,1418594100
74,1.4014,48.4321,1418580060
74,1.3935,48.4183,1418422500
74,1.4106,48.4397,1418422200
74,1.409,48.4392,1418414580
74,1.409,48.4392,1418414520
74,1.4078,48.4374,1418346420
74,1.4078,48.4374,1418346360
74,1.402,48.4335,1418266200
74,1.402,48.4335,1418266020
74,1.402,48.4334,1418225820
74,1.4014,48.4321,1418195040
74,1.4019,48.4335,1418157720
74,1.402,48.4335,1418151600
74,1.4019,48.4335,1418151600
74,1.402,48.4334,1418140140
74,1.402,48.4335,1418139840
74,1.4014,48.4321,1418057040
74,1.4014,48.4321,1417971720
74,1.4014,48.4321,1417971660
74,1.4014,48.4321,1417971360
74,1.4014,48.4321,1417938780
74,1.4014,48.4321,1417935240
74,1.4036,48.4338,1408824960
74,1.4461,48.4877,1408244220
74,1.4016,48.4604,1408218360
74,1.4034,48.4238,1408159020
74,1.3888,48.4238,1408126140
74,1.4125,48.4423,1408048980
74,1.4383,48.4674,1407894120
74,1.4359,48.4597,1407888780
74,1.3888,48.4238,1407736980
74,1.3905,48.4255,1407603120
74,1.402,48.4334,1407265380
74,1.4021,48.4335,1407265320
74,1.4021,48.4335,1407265140
74,1.4021,48.4335,1407170400
74,1.4021,48.4335,1407170160
74,1.4021,48.4334,1407169320
74,1.4021,48.4335,1407016200
74,1.4021,48.4335,1407007140
74,1.4021,48.4335,1406940060
74,1.4021,48.4335,1406939940
74,1.4021,48.4335,1406939940
74,1.4021,48.4335,1406939880
74,1.4021,48.4335,1406866500
74,1.4021,48.4335,1406856600
74,1.2852,47.9516,1406826000
74,1.2852,47.9516,1406778300
74,1.2852,47.9516,1406778120
74,1.2852,47.9516,1406771040
74,1.2852,47.9516,1406770320
74,1.2852,47.9516,1406770140
74,1.2852,47.9516,1406769960
74,1.2852,47.9516,1406769840
74,1.2852,47.9516,1406750280
74,1.379,48.4256,1406710620
74,1.4289,48.4546,1406679660
74,1.4105,48.4399,1406679420
74,1.402,48.4334,1406593860
74,1.4021,48.4334,1406592720
74,1.4021,48.4334,1406592660
74,1.402,48.4334,1406592540
74,1.4021,48.4334,1406534580
74,1.3908,48.4305,1406505600
74,1.3908,48.4305,1406505600
74,1.3908,48.4305,1406505180
74,1.3925,48.4266,1406505060
74,1.3908,48.4305,1406488680
74,1.3881,48.4271,1406488500
74,1.4021,48.4334,1406366280
74,1.4021,48.4334,1406361360
74,1.4021,48.4334,1406361360
74,1.4021,48.4334,1406361180
74,1.4021,48.4334,1406361120
74,1.4021,48.4334,1406360880
74,1.4021,48.4334,1406360820
74,1.4021,48.4334,1406360820
74,1.4021,48.4334,1406360760
74,1.4021,48.4334,1406360700
74,1.4021,48.4334,1406360700
74,1.4021,48.4334,1406360640
74,1.4021,48.4334,1406360400
74,1.402,48.4334,1406330160
74,1.4021,48.4334,1406315760
74,1.4048,48.4338,1406282340
74,1.4048,48.4338,1406282340
74,1.4032,48.435,1406282280
74,1.4015,48.4362,1406282280
74,1.4015,48.4362,1406282220
74,1.4015,48.4362,1406282160
74,1.4015,48.4362,1406282100
74,1.4048,48.4338,1406281440
74,1.4036,48.4338,1406274180
74,19.9323,43.9311,1406061240
74,19.9324,43.9311,1406050200
74,19.9323,43.9311,1406014860
74,19.9324,43.931,1405874400
74,19.8611,44.0078,1405814700
74,19.9323,43.9311,1405664340
74,19.9324,43.9311,1405658640
74,19.9324,43.9311,1405658640
74,19.9323,43.9311,1405590540
74,1.4021,48.4334,1405528620
74,1.4021,48.4334,1405497240
74,1.4021,48.4334,1405490220
74,1.4021,48.4334,1405490160
74,1.4021,48.4334,1405465320
74,1.4021,48.4334,1405465320
74,23.5704,46.6624,1405359720
74,23.5705,46.6624,1405329300
74,23.5706,46.6624,1405328940
74,23.5706,46.6624,1405328940
74,23.5705,46.6624,1405328820
74,23.5706,46.6625,1405328820
74,23.5706,46.6625,1405328640
74,23.5706,46.6625,1405328160
74,23.5614,46.6564,1405290300
74,23.5482,46.6357,1405145280
74,23.5705,46.6624,1405121580
74,23.4282,46.5546,1404876720
74,1.3902,48.4794,1404747900
74,1.4079,48.4592,1404747420
74,1.4079,48.4592,1404747360
74,1.4079,48.4592,1404747300
74,1.4079,48.4592,1404747300
74,1.3705,48.4462,1404704340
74,1.4021,48.4335,1404685740
74,1.4022,48.4335,1404622320
74,1.4036,48.4338,1404615840
74,1.2852,47.9516,1404585840
74,1.2852,47.9516,1404581040
74,1.2852,47.9516,1404579660
74,1.2852,47.9516,1404533520
74,1.2852,47.9516,1404516060
74,1.2852,47.9516,1404515820
74,1.2852,47.9516,1404508680
74,1.2852,47.9516,1404457680
74,1.2852,47.9516,1404455340
74,1.2852,47.9516,1404439320
74,1.2852,47.9516,1404425760
74,1.2852,47.9516,1404278580
74,1.2852,47.9516,1404276540
74,1.2852,47.9516,1404276120
74,1.2852,47.9516,1404259140
74,1.2852,47.9516,1404245580
74,1.2852,47.9516,1404193560
74,1.2852,47.9516,1404193440
74,1.2852,47.9516,1404179340
74,1.2852,47.9516,1403999760
74,1.2852,47.9516,1403999760
74,1.2852,47.9516,1403997960
74,1.2852,47.9516,1403997900
74,1.2852,47.9516,1403997840
74,1.2852,47.9516,1403996280
74,1.2852,47.9516,1403996280
74,1.2852,47.9516,1403995800
74,1.2852,47.9516,1403933580
74,1.2852,47.9516,1403933520
74,1.2852,47.9516,1403933520
74,1.2852,47.9516,1403933460
74,1.2852,47.9516,1403933400
74,1.2852,47.9516,1403933220
74,1.2852,47.9516,1403933160
74,1.2852,47.9516,1403839200
74,1.2852,47.9516,1403810160
74,1.2852,47.9516,1403759040
74,1.2852,47.9516,1403758380
74,1.2938,47.9332,1403712540
74,1.2852,47.9516,1403673480
74,1.2852,47.9516,1403645700
74,1.2852,47.9516,1403637180
74,1.2852,47.9516,1403637060
74,1.2852,47.9516,1403633040
74,1.2852,47.9516,1403632320
74,1.2852,47.9516,1403577780
74,1.2852,47.9516,1403576460
74,1.2852,47.9516,1403575800
74,1.2851,47.9516,1403568000
74,1.2852,47.9516,1403459940
74,1.2852,47.9516,1403424060
74,1.2938,47.9331,1403387700
74,1.2852,47.9516,1403382240
74,1.2933,47.9187,1403371740
74,1.2933,47.9187,1403366760
74,1.2933,47.9187,1403366700
74,1.2934,47.9167,1403366520
74,1.2852,47.9516,1403363280
74,1.2852,47.9516,1403362680
74,1.2852,47.9516,1403360400
74,1.2852,47.9516,1403360040
74,1.2852,47.9516,1403360040
74,1.2852,47.9516,1403359920
74,1.2852,47.9516,1403359740
74,1.2852,47.9516,1403359740
74,1.2852,47.9516,1403359740
74,1.2852,47.9516,1403359680
74,1.2852,47.9516,1403359620
74,1.2938,47.9331,1403305320
74,1.2852,47.9516,1403299200
74,1.2852,47.9516,1403298960
74,1.2852,47.9516,1403293680
74,1.2851,47.9516,1403293380
74,1.2852,47.9516,1403286840
74,1.2852,47.9516,1403245200
74,1.2933,47.9358,1403243400
74,1.2937,47.9331,1403112720
74,1.2852,47.9516,1403035320
74,1.2938,47.9331,1402934460
74,1.2852,47.9516,1402931820
74,1.2852,47.9516,1402931580
74,1.2852,47.9516,1402931520
74,1.2851,47.9516,1402899660
74,1.4459,48.4891,1402873020
74,1.4459,48.4889,1402868580
74,1.4021,48.4334,1402860660
74,1.4021,48.4334,1402860600
74,1.4021,48.4334,1402859340
74,1.2851,47.9516,1402553580
74,1.2937,47.933,1402540140
74,1.2937,47.933,1402540080
74,1.2852,47.9516,1402521900
74,1.2852,47.9516,1402521720
74,1.2934,47.9167,1402441080
74,1.2852,47.9516,1402438380
74,1.2852,47.9516,1402427700
74,1.2852,47.9516,1402423980
74,1.2852,47.9516,1402423980
74,1.2852,47.9516,1402423560
74,1.2852,47.9516,1402381560
74,1.2852,47.9516,1402381500
74,1.2852,47.9516,1402381500
74,1.2852,47.9516,1402381440
74,1.2852,47.9516,1402381440
74,1.2852,47.9516,1402381320
74,1.2852,47.9516,1402344600
74,1.2852,47.9516,1402343520
74,1.2852,47.9516,1402342380
74,1.2933,47.9358,1402202880
74,1.2933,47.9188,1402156020
74,1.2852,47.9516,1402116720
74,1.2852,47.9516,1402116660
74,1.2852,47.9516,1402112460
74,1.2852,47.9516,1402108500
74,1.2852,47.9516,1402108200
74,1.2852,47.9516,1402072200
74,1.2933,47.9188,1402010580
74,1.2937,47.933,1401896340
74,1.2937,47.933,1401896280
74,1.2852,47.9516,1401856920
74,1.2933,47.9188,1401848040
74,1.2932,47.9187,1401847860
74,1.2933,47.9188,1401847680
74,1.2933,47.9188,1401836700
74,1.2933,47.9188,1401836580
74,1.2852,47.9516,1401830280
74,1.2852,47.9516,1401830220
74,1.2852,47.9516,1401830100
74,1.2852,47.9516,1401829980
74,1.2852,47.9516,1401829920
74,1.2852,47.9516,1401829920
74,1.2852,47.9516,1401829800
74,1.2852,47.9516,1401829620
74,1.2852,47.9516,1401739620
74,1.2852,47.9516,1401739620
74,1.2852,47.9516,1401738480
74,1.2852,47.9516,1401738360
74,1.2852,47.9516,1401738300
74,1.2938,47.9331,1401729600
74,1.2852,47.9516,1401719040
74,1.2852,47.9516,1401718980
74,1.2852,47.9516,1401691860
74,1.2852,47.9516,1401680880
74,1.2851,47.9516,1401680460
74,1.2972,47.942,1401679020
74,1.4036,48.4328,1401666840
74,1.4025,48.4345,1401666540
74,1.2852,47.9516,1401511200
74,1.2852,47.9516,1401506940
74,1.2852,47.9516,1401497040
74,1.2852,47.9516,1401496980
74,1.2852,47.9516,1401496980
74,1.2852,47.9516,1401496920
74,1.2852,47.9516,1401496860
74,1.2852,47.9516,1401474540
74,1.2852,47.9516,1401474540
74,1.2932,47.9187,1401416880
74,1.2932,47.9187,1401416700
74,1.2933,47.9187,1401416580
74,1.2933,47.9187,1401416580
74,1.2934,47.9167,1401402660
74,1.2933,47.9188,1401245820
74,1.2934,47.9167,1401231840
74,1.2937,47.9331,1401159000
74,1.2852,47.9516,1401116460
74,1.2852,47.9516,1401103260
74,1.2852,47.9516,1401062820
74,1.2852,47.9516,1401062700
74,1.2852,47.9516,1400943660
74,1.2852,47.9516,1400906580
74,1.2852,47.9516,1400906400
74,1.2852,47.9516,1400906400
74,1.2852,47.9516,1400898120
74,1.2937,47.9331,1400871420
74,1.2937,47.933,1400871300
74,1.2931,47.9186,1400810220
74,1.2933,47.9188,1400798880
74,1.2933,47.9188,1400798220
74,1.2852,47.9516,1400793180
74,1.2852,47.9516,1400793060
74,1.2852,47.9516,1400793000
74,1.2852,47.9516,1400792640
74,1.2852,47.9516,1400792580
74,1.2852,47.9516,1400734680
74,1.2852,47.9516,1400734620
74,1.2852,47.9516,1400734380
74,1.2937,47.933,1400712060
74,1.2937,47.933,1400686980
74,1.2852,47.9516,1400685300
74,1.2852,47.9516,1400566320
74,1.2852,47.9516,1400560440
74,1.2852,47.9516,1400560440
74,1.2852,47.9516,1400560080
74,1.2852,47.9516,1400559960
74,1.2937,47.9331,1400538300
74,1.2937,47.9331,1400518320
74,1.2937,47.9331,1400518260
74,1.2851,47.9516,1400477760
74,1.2852,47.9516,1400476560
74,1.2852,47.9516,1400476440
74,1.2852,47.9516,1400476320
74,1.2934,47.9167,1400342040
74,1.2852,47.9516,1400338440
74,1.2852,47.9516,1400338200
74,1.2852,47.9516,1400300760
74,1.2852,47.9516,1400294820
74,1.2852,47.9516,1400294820
74,1.2852,47.9516,1400294760
74,1.2926,47.9177,1400271000
74,1.2933,47.9187,1400209260
74,1.2933,47.9187,1400209260
74,1.2933,47.9187,1400209200
74,1.2933,47.9187,1400209140
74,1.2933,47.9187,1400209020
74,1.2932,47.9187,1400209020
74,1.2932,47.9187,1400208960
74,1.2933,47.9187,1400208960
74,1.2933,47.9187,1400208660
74,1.2932,47.9187,1400201580
74,1.2932,47.9187,1400201460
74,1.2933,47.9187,1400195340
74,1.2933,47.9187,1400195220
74,1.2933,47.9187,1400195220
74,1.2933,47.9187,1400195100
74,1.2933,47.9187,1400192220
74,1.2933,47.9187,1400191980
74,1.2937,47.9329,1400094420
74,1.2938,47.9331,1400090340
74,1.2852,47.9516,1400046300
74,1.2934,47.9167,1400022480
74,1.2933,47.9187,1400020620
74,1.2852,47.9516,1399956420
74,1.2852,47.9516,1399956000
74,1.2938,47.9331,1399909560
74,1.2852,47.9516,1399904160
74,1.2852,47.9516,1399873200
74,1.2852,47.9516,1399873140
74,1.2852,47.9516,1399873080
74,1.2852,47.9516,1399873080
74,1.2852,47.9516,1399873080
74,1.2852,47.9516,1399873020
74,1.2852,47.9516,1399873020
74,1.2852,47.9516,1399872900
74,1.2852,47.9516,1399872900
74,1.2852,47.9516,1399872840
74,1.2852,47.9516,1399872780
74,1.2852,47.9516,1399872720
74,1.2852,47.9516,1399872660
74,1.4021,48.4334,1399859160
74,1.4021,48.4334,1399856940
74,1.2937,47.933,1399759200
74,1.2937,47.9331,1399759140
74,1.2937,47.9331,1399759020
74,1.2852,47.9516,1399735260
74,1.2852,47.9516,1399695240
74,1.2852,47.9516,1399695060
74,1.2937,47.9331,1399569120
74,1.2932,47.9186,1399431660
74,1.2933,47.9187,1399431480
74,1.2932,47.9187,1399431360
74,1.2926,47.9177,1399413780
74,1.2934,47.9167,1399399860
74,1.2937,47.9331,1399396380
74,1.2937,47.9329,1399396140
74,1.2937,47.933,1399391640
74,1.2852,47.9516,1399388580
74,1.2852,47.9516,1399388340
74,1.2851,47.9516,1399353660
74,1.2938,47.9331,1399304640
74,1.2852,47.9516,1399302780
74,1.2852,47.9516,1399302780
74,1.2851,47.9516,1399259640
74,1.4028,48.4309,1399240440
74,1.4022,48.4334,1399227840
74,1.4021,48.4334,1399227180
74,1.2852,47.9516,1399086360
74,1.2852,47.9516,1399086300
74,1.2937,47.9331,1399079940
74,1.2937,47.9331,1399079820
74,1.2937,47.9331,1399079760
74,1.4036,48.4338,1399061940
74,1.2937,47.9331,1398898560
74,1.2937,47.9331,1398883320
74,1.2938,47.9331,1398878400
74,1.2931,47.9184,1398824460
74,1.2933,47.9187,1398811380
74,1.2852,47.9516,1398755160
74,1.2852,47.9516,1398752040
74,1.2852,47.9516,1398751920
74,1.2852,47.9516,1398747960
74,1.2852,47.9516,1398747900
74,1.2852,47.9516,1398747780
74,1.2852,47.9516,1398747780
74,1.2852,47.9516,1398747600
74,1.2852,47.9516,1398747600
74,1.2852,47.9516,1398747420
74,1.2852,47.9516,1398747360
74,1.2852,47.9516,1398747360
74,1.2852,47.9516,1398747360
74,1.2852,47.9516,1398747240
74,1.2852,47.9516,1398747060
74,1.2852,47.9516,1398746940
74,1.2852,47.9516,1398746880
74,1.2851,47.9516,1398744960
74,1.2923,47.9175,1398715140
74,1.2938,47.9331,1398704760
74,1.29,47.9557,1398653700
74,1.2961,47.9418,1398652560
74,1.2852,47.9516,1398527040
74,1.2852,47.9516,1398525720
74,1.2852,47.9516,1398482700
74,1.2923,47.9176,1398455700
74,1.2923,47.9175,1398455640
74,1.2852,47.9516,1398406500
74,1.2852,47.9516,1398406500
74,1.2852,47.9516,1398406500
74,1.2924,47.9176,1398373800
74,1.2924,47.9176,1398371040
74,1.2852,47.9516,1398318000
74,1.2937,47.9331,1398308160
74,1.2937,47.9331,1398308100
74,1.2852,47.9516,1398285720
74,1.2852,47.9516,1398285600
74,1.2852,47.9516,1398285540
74,1.2852,47.9516,1398285480
74,1.2852,47.9516,1398285360
74,1.2852,47.9516,1398284640
74,1.2852,47.9516,1398281880
74,1.2938,47.9331,1398268740
74,1.2852,47.9516,1398265440
74,1.2852,47.9516,1398238320
74,1.2852,47.9516,1398236700
74,1.2852,47.9516,1398236640
74,1.2852,47.9516,1398236580
74,1.2852,47.9516,1398236580
74,1.2852,47.9516,1398236520
74,1.2852,47.9516,1398236460
74,1.2852,47.9516,1398236400
74,1.2852,47.9516,1398236100
74,1.2852,47.9516,1398236100
74,1.2852,47.9516,1398236040
74,1.2852,47.9516,1398235980
74,1.2852,47.9516,1398235980
74,1.2852,47.9516,1398235920
74,1.2933,47.9187,1398220920
74,1.2933,47.9187,1398205740
74,1.2852,47.9516,1398178740
74,1.2852,47.9516,1398135360
74,1.2852,47.9516,1398135300
74,1.4488,48.5003,1398116160
74,1.4462,48.4897,1398029040
74,1.432,48.471,1398027000
74,1.432,48.4711,1398026940
74,1.432,48.4712,1398026940
74,1.4319,48.471,1398026880
74,1.432,48.4711,1398026580
74,1.4319,48.4711,1398026460
74,1.4338,48.4737,1398026340
74,1.4494,48.4928,1398026280
74,1.4501,48.492,1398024960
74,1.401,48.4358,1398017160
74,1.4022,48.4334,1397940900
74,1.4021,48.4335,1397939100
74,1.4022,48.4335,1397933520
74,1.4021,48.4334,1397933460
74,1.4021,48.4335,1397932500
74,1.4022,48.4334,1397932380
74,1.4036,48.4338,1397873700
74,1.4021,48.4335,1397854440
74,1.4021,48.4335,1397853900
74,1.4021,48.4335,1397853600
74,1.4012,48.436,1397769480
74,1.4012,48.436,1397769360
74,1.4034,48.4327,1397769180
74,1.4034,48.4327,1397769120
74,1.2852,47.9516,1397713980
74,1.2852,47.9516,1397713200
74,1.2852,47.9516,1397713200
74,1.2852,47.9516,1397713020
74,1.2852,47.9516,1397712900
74,1.2852,47.9516,1397712900
74,1.2852,47.9516,1397712900
74,1.2852,47.9516,1397712900
74,1.2852,47.9516,1397712840
74,1.2852,47.9516,1397712720
74,1.2852,47.9516,1397710560
74,1.2852,47.9516,1397661420
74,1.2933,47.9187,1397608440
74,1.2932,47.9187,1397608440
74,1.2933,47.9187,1397608320
74,1.2934,47.9167,1397605500
74,1.2852,47.9516,1397595480
74,1.2852,47.9516,1397592240
74,1.2852,47.9516,1397592240
74,1.2852,47.9516,1397591940
74,1.2852,47.9516,1397591640
74,1.2852,47.9516,1397588280
74,1.2852,47.9516,1397588100
74,1.2852,47.9516,1397587920
74,1.2852,47.9516,1397580840
74,1.2852,47.9516,1397580720
74,1.2852,47.9516,1397579040
74,1.2852,47.9516,1397537160
74,1.2851,47.9516,1397536920
74,1.2923,47.9176,1397508960
74,1.2937,47.933,1397504220
74,1.2937,47.9331,1397490420
74,1.2852,47.9516,1397316180
74,1.2852,47.9516,1397313720
74,1.2852,47.9516,1397313600
74,1.2852,47.9516,1397313540
74,1.2852,47.9516,1397268180
74,1.2852,47.9516,1397268180
74,1.2852,47.9516,1397242440
74,1.2852,47.9516,1397241780
74,1.2852,47.9516,1397151000
74,1.2937,47.9331,1397097660
74,1.2937,47.9331,1397097480
74,1.2937,47.9331,1397085780
74,1.2923,47.9176,1397077320
74,1.2923,47.9177,1397076900
74,1.2922,47.9177,1397076660
74,1.2924,47.9176,1397075340
74,1.2938,47.9331,1397062020
74,1.2852,47.9516,1397032080
74,1.2852,47.9516,1397031900
74,1.2852,47.9516,1397031840
74,1.2852,47.9516,1397031720
74,1.2852,47.9516,1397031600
74,1.2852,47.9516,1397030220
74,1.2852,47.9516,1397030100
74,1.2852,47.9516,1397027700
74,1.2852,47.9516,1397026440
74,1.2851,47.9516,1397026380
74,1.293,47.9182,1397011320
74,1.2933,47.9188,1397007840
74,1.2934,47.9167,1396996260
74,1.2852,47.9516,1396946160
74,1.2852,47.9516,1396945620
74,1.2852,47.9516,1396944900
74,1.2852,47.9516,1396944840
74,1.2852,47.9516,1396940340
74,1.2852,47.9516,1396940100
74,1.2852,47.9516,1396940040
74,1.2852,47.9516,1396939440
74,1.2937,47.9332,1396924500
74,1.2852,47.9516,1396906140
74,1.2852,47.9516,1396905840
74,1.2852,47.9516,1396900140
74,1.2937,47.9331,1396887900
74,1.2937,47.9331,1396887900
74,1.2937,47.9331,1396887720
74,1.2938,47.9331,1396887480
74,1.2852,47.9516,1396853340
74,1.2852,47.9516,1396853280
74,1.2852,47.9516,1396853220
74,1.2852,47.9516,1396853160
74,1.4524,48.4874,1396813260
74,1.4036,48.4338,1396809120
74,1.4524,48.4874,1396766880
74,1.4338,48.4737,1396762080
74,1.2938,47.9331,1396734120
74,1.2937,47.9332,1396733760
74,1.2937,47.9331,1396733700
74,1.2937,47.9332,1396733400
74,1.2924,47.9177,1396729740
74,1.2923,47.9176,1396728480
74,1.2934,47.9167,1396712640
74,1.2923,47.9439,1396711980
74,1.2916,47.9488,1396711920
74,1.2914,47.9508,1396711800
74,1.2914,47.9508,1396711740
74,1.2856,47.9486,1396711620
74,1.2856,47.9486,1396711560
74,1.2852,47.9516,1396670220
74,1.2852,47.9516,1396670040
74,1.2852,47.9516,1396669800
74,1.2852,47.9516,1396634940
74,1.2852,47.9516,1396634940
74,1.2852,47.9516,1396591560
74,1.2852,47.9516,1396591440
74,1.2934,47.9167,1396568880
74,1.293,47.9182,1396566600
74,1.2923,47.9176,1396561680
74,1.2923,47.9176,1396560960
74,1.2924,47.9177,1396557900
74,1.2924,47.9176,1396555200
74,1.2926,47.9177,1396466940
74,1.2929,47.9179,1396466940
74,1.2938,47.9322,1396462380
74,1.2938,47.9331,1396453260
74,1.2852,47.9516,1396451640
74,1.2852,47.9516,1396449000
74,1.2852,47.9516,1396448700
74,1.2933,47.9188,1396407480
74,1.2933,47.9188,1396407480
74,1.2933,47.9188,1396407420
74,1.2933,47.9188,1396407360
74,1.2933,47.9188,1396406580
74,1.2933,47.9188,1396391340
74,1.2852,47.9516,1396335900
74,1.2852,47.9516,1396335360
74,1.2852,47.9516,1396335300
74,1.2937,47.9331,1396318680
74,1.2937,47.9331,1396318680
74,1.2937,47.9331,1396289220
74,1.2938,47.9331,1396280820
74,1.2852,47.9516,1396215600
74,1.2852,47.9516,1396149000
74,1.2852,47.9516,1396148880
74,1.2852,47.9516,1396148340
74,1.2852,47.9516,1396065060
74,1.2852,47.9516,1396064160
74,1.2923,47.9176,1396035780
74,1.2923,47.9176,1396035240
74,1.2923,47.9176,1396035240
74,1.2852,47.9516,1396022460
74,1.2852,47.9516,1396022100
74,1.2852,47.9516,1395996300
74,1.2852,47.9516,1395996120
74,1.2852,47.9516,1395996060
74,1.2852,47.9516,1395995940
74,1.2851,47.9516,1395983160
74,1.2933,47.9187,1395960780
74,1.2923,47.9176,1395950700
74,1.2923,47.9176,1395950640
74,1.2937,47.9332,1395888060
74,1.2926,47.9177,1395870000
74,1.2923,47.9177,1395867540
74,1.2923,47.9176,1395867420
74,1.2938,47.9331,1395849120
74,1.2933,47.9187,1395795960
74,1.2933,47.9187,1395795900
74,1.2933,47.9187,1395795660
74,1.2933,47.9187,1395795600
74,1.2932,47.92,1395787140
74,1.2852,47.9516,1395776040
74,1.2852,47.9516,1395766140
74,1.2852,47.9516,1395766080
74,1.2852,47.9515,1395726120
74,1.2852,47.9515,1395725880
74,1.2852,47.9515,1395725880
74,1.2852,47.9515,1395725880
74,1.2851,47.9516,1395722100
74,1.2937,47.9331,1395713340
74,1.2923,47.9176,1395691260
74,1.2923,47.9176,1395691140
74,1.2924,47.9176,1395690120
74,1.2927,47.9177,1395689460
74,1.2938,47.9331,1395676440
74,1.2852,47.9515,1395674400
74,1.2851,47.9516,1395641460
74,1.2933,47.9432,1395598800
74,1.2851,47.9515,1395546360
74,1.2937,47.9331,1395525360
74,1.2937,47.9331,1395525240
74,1.2938,47.9331,1395524460
74,1.2852,47.9515,1395431220
74,1.2852,47.9515,1395431040
74,1.2852,47.9515,1395431040
74,1.2852,47.9515,1395430980
74,1.2852,47.9515,1395430980
74,1.2852,47.9515,1395384180
74,1.2852,47.9515,1395383400
74,1.2852,47.9515,1395381360
74,1.2933,47.9187,1395370320
74,1.2933,47.9187,1395368700
74,1.2852,47.9515,1395338520
74,1.2851,47.9515,1395281640
74,1.2851,47.9515,1395212580
74,1.2851,47.9515,1395212100
74,1.2851,47.9515,1395212040
74,1.2851,47.9515,1395211920
74,1.2851,47.9515,1395211920
74,1.2851,47.9515,1395206280
74,1.2851,47.9515,1395206040
74,1.2851,47.9515,1395205740
74,1.2851,47.9515,1395205200
74,1.2851,47.9515,1395204900
74,1.2851,47.9515,1395204840
74,1.2933,47.9188,1395197940
74,1.2933,47.9187,1395183120
74,1.2933,47.9187,1395182820
74,1.2933,47.9187,1395181860
74,1.2933,47.9187,1395181680
74,1.2933,47.9187,1395181320
74,1.2937,47.9331,1395109260
74,1.2937,47.933,1395083160
74,1.2852,47.9515,1395050280
74,1.4022,48.4334,1394992440
74,1.4036,48.4338,1394991960
74,1.2923,47.9176,1394833320
74,1.2926,47.9177,1394825760
74,1.2852,47.9515,1394816700
74,1.2852,47.9515,1394816340
74,1.2851,47.9516,1394772240
74,1.2933,47.9188,1394765940
74,1.2933,47.9187,1394765700
74,1.2933,47.9187,1394765640
74,1.2933,47.9187,1394750160
74,1.2932,47.9187,1394750100
74,1.2932,47.9187,1394750040
74,1.2923,47.9176,1394743860
74,1.2852,47.9515,1394735340
74,1.2852,47.9515,1394735280
74,1.2852,47.9515,1394686560
74,1.2937,47.9331,1394678340
74,1.2937,47.9331,1394651100
74,1.2852,47.9515,1394637900
74,1.2852,47.9515,1394637840
74,1.2852,47.9515,1394637840
74,1.2852,47.9515,1394637840
74,1.2852,47.9515,1394637780
74,1.2852,47.9515,1394637720
74,1.2852,47.9515,1394637660
74,1.2852,47.9515,1394601240
74,1.2852,47.9515,1394601180
74,1.2933,47.9187,1394593740
74,1.2933,47.9188,1394593620
74,1.2933,47.9187,1394593620
74,1.2852,47.9516,1394512860
74,1.2852,47.9515,1394512500
74,1.2852,47.9515,1394512020
74,1.2852,47.9515,1394511900
74,1.2923,47.9176,1394488800
74,1.2923,47.9176,1394488680
74,1.2923,47.9176,1394481240
74,1.2923,47.9176,1394481060
74,1.2851,47.9516,1394428920
74,1.4022,48.4334,1394396100
74,1.4022,48.4334,1394395800
74,1.4021,48.4334,1394395680
74,1.4022,48.4334,1394395620
74,1.4022,48.4334,1394394960
74,1.4021,48.4334,1394394780
74,1.4022,48.4334,1394394060
74,1.4021,48.4334,1394339400
74,1.4021,48.4334,1394339400
74,1.4021,48.4334,1394339400
74,1.402,48.4334,1394339340
74,1.4021,48.4334,1394338380
74,1.4021,48.4334,1394338260
74,1.4036,48.4338,1394338020
74,1.306,48.0227,1394327160
74,1.2852,47.9515,1394310720
74,1.2851,47.9516,1394265300
74,1.2852,47.9515,1394265300
74,1.2852,47.9515,1394265240
74,1.2852,47.9515,1394254620
74,1.2923,47.9176,1394224620
74,1.2923,47.9176,1394224560
74,1.2852,47.9515,1394171100
74,1.2933,47.9187,1394159700
74,1.2933,47.9187,1394159580
74,1.2933,47.9187,1394159520
74,1.2933,47.9187,1394159460
74,1.2934,47.9187,1394159400
74,1.2934,47.9187,1394159340
74,1.2933,47.9187,1394159100
74,1.2933,47.9187,1394145120
74,1.2933,47.9187,1394144880
74,1.2934,47.9167,1394144820
74,1.2852,47.9515,1394076000
74,1.2852,47.9515,1394075640
74,1.2852,47.9515,1394052960
74,1.2852,47.9515,1394046780
74,1.2852,47.9515,1394046720
74,1.2852,47.9515,1393966980
74,1.2852,47.9515,1393966740
74,1.2852,47.9515,1393963080
74,1.2852,47.9515,1393955940
74,1.2852,47.9515,1393865340
74,1.2852,47.9515,1393865340
74,1.2923,47.9176,1393620360
74,1.2938,47.9331,1393604580
74,1.2852,47.9515,1393602300
74,1.2852,47.9515,1393602240
74,1.2852,47.9515,1393601940
74,1.2852,47.9515,1393601340
74,1.2852,47.9515,1393601280
74,1.2852,47.9515,1393601280
74,1.2852,47.9515,1393601220
74,1.2852,47.9515,1393601160
74,1.2852,47.9515,1393599120
74,1.2852,47.9515,1393599120
74,1.2852,47.9515,1393567140
74,1.2924,47.9176,1393530960
74,1.2852,47.9515,1393492080
74,1.2852,47.9515,1393491420
74,1.2852,47.9515,1393491360
74,1.2852,47.9515,1393491300
74,1.2852,47.9515,1393486200
74,1.2852,47.9516,1393477560
74,1.2923,47.9176,1393449540
74,1.2923,47.9176,1393447440
74,1.2923,47.9176,1393447020
74,1.2926,47.9177,1393446480
74,1.2852,47.9515,1393400100
74,1.2852,47.9515,1393399740
74,1.2852,47.9515,1393399080
74,1.2852,47.9515,1393397760
74,1.2852,47.9515,1393397460
74,1.2931,47.9181,1393381980
74,1.2933,47.9187,1393380840
74,1.2933,47.9187,1393380480
74,1.2933,47.9187,1393380360
74,1.2933,47.9187,1393370100
74,1.2933,47.9187,1393368120
74,1.2933,47.9187,1393368120
74,1.2852,47.9515,1393354200
74,1.2852,47.9515,1393310580
74,1.2852,47.9515,1393305300
74,1.2852,47.9516,1393304940
74,1.2852,47.9515,1393304220
74,1.2937,47.933,1393295400
74,1.2937,47.9331,1393295340
74,1.2937,47.9331,1393295220
74,1.2937,47.933,1393295160
74,1.2937,47.9331,1393294980
74,1.2937,47.9331,1393294980
74,1.2937,47.9331,1393294860
74,1.2937,47.9331,1393294860
74,1.2937,47.933,1393294740
74,1.2924,47.9176,1393272540
74,1.2924,47.9176,1393272480
74,1.2924,47.9176,1393272360
74,1.2923,47.9176,1393272360
74,1.2924,47.9176,1393272360
74,1.2924,47.9176,1393272180
74,1.2852,47.9515,1393082580
74,1.2852,47.9515,1393043520
74,1.2852,47.9515,1393043460
74,1.2852,47.9515,1393043400
74,1.2852,47.9515,1393041180
74,1.2852,47.9515,1393036980
74,1.2923,47.9176,1393016580
74,1.2926,47.9177,1393014600
74,1.2937,47.9314,1393002240
74,1.2937,47.9314,1393002120
74,1.2937,47.9314,1393001100
74,1.2937,47.9314,1393000320
74,1.2937,47.9314,1393000260
74,1.2937,47.9314,1393000200
74,1.2937,47.9314,1393000200
74,1.2937,47.9314,1393000080
74,1.2937,47.9314,1392999900
74,1.2937,47.9314,1392999840
74,1.2904,47.9295,1392999000
74,1.2852,47.9515,1392993300
74,1.2852,47.9515,1392959340
74,1.2931,47.9181,1392951180
74,1.2934,47.9187,1392936780
74,1.2934,47.9167,1392936600
74,1.2852,47.9515,1392920700
74,1.2852,47.9515,1392920700
74,1.2938,47.9322,1392865080
74,1.2933,47.9186,1392776340
74,1.2934,47.9187,1392776280
74,1.2934,47.9186,1392763560
74,1.2934,47.9187,1392763440
74,1.2934,47.9187,1392763440
74,1.2934,47.9167,1392762000
74,1.2852,47.9515,1392700140
74,1.2937,47.9331,1392690660
74,1.2937,47.933,1392689040
74,1.2923,47.9175,1392670680
74,1.2924,47.9176,1392670440
74,1.2926,47.9177,1392670380
74,1.2938,47.9331,1392664020
74,1.4022,48.4334,1392602940
74,1.4022,48.4334,1392602820
74,1.3569,48.4414,1392591420
74,1.3569,48.4414,1392591360
74,1.3521,48.4138,1392576780
74,1.4022,48.4334,1392570660
74,1.4022,48.4334,1392570660
74,1.4022,48.4334,1392570600
74,1.4022,48.4334,1392570540
74,1.4022,48.4334,1392570540
74,1.4338,48.4737,1392544800
74,1.4487,48.5005,1392529620
74,1.3705,48.4462,1392518100
74,1.2852,47.9515,1392478020
74,1.2852,47.9515,1392478020
74,1.2852,47.9515,1392432720
74,1.2852,47.9515,1392432660
74,1.2852,47.9515,1392432540
74,1.2852,47.9515,1392431640
74,1.2852,47.9515,1392405960
74,1.2852,47.9515,1392398640
74,1.2852,47.9515,1392398340
74,1.2852,47.9515,1392398040
74,1.2852,47.9515,1392353280
74,1.2852,47.9515,1392353100
74,1.2922,47.9176,1392350160
74,1.2934,47.9188,1392346980
74,1.2934,47.9187,1392346740
74,1.4421,48.4898,1392321780
74,1.2852,47.9515,1392306300
74,1.2934,47.9187,1392173700
74,1.2923,47.9176,1392160380
74,1.2852,47.9515,1392093300
74,1.2937,47.9331,1392087540
74,1.2937,47.9329,1392087360
74,1.2937,47.933,1392087060
74,1.2937,47.9331,1392084840
74,1.2937,47.9331,1392084840
74,1.2937,47.9331,1392084840
74,1.2937,47.9331,1392084780
74,1.2937,47.9331,1392084780
74,1.2922,47.9176,1392061560
74,1.2938,47.9331,1392047520
74,1.2852,47.9515,1392009540
74,1.2852,47.9515,1391973180
74,1.2922,47.9176,1391886000
74,1.2852,47.9515,1391830440
74,1.2852,47.9515,1391830440
74,1.2852,47.9515,1391829840
74,1.2934,47.9167,1391820060
74,1.293,47.9178,1391817600
74,1.2922,47.9176,1391817480
74,1.2922,47.9176,1391814660
74,1.2852,47.9515,1391763960
74,1.2852,47.9515,1391763840
74,1.2852,47.9515,1391763720
74,1.2852,47.9515,1391763480
74,1.2852,47.9515,1391763360
74,1.2852,47.9515,1391761140
74,1.2852,47.9515,1391753340
74,1.2852,47.9515,1391753280
74,1.2852,47.9515,1391753160
74,1.2852,47.9515,1391753100
74,1.2852,47.9515,1391753100
74,1.2852,47.9515,1391751480
74,1.2852,47.9515,1391751480
74,1.293,47.9178,1391734320
74,1.2852,47.9515,1391664780
74,1.2852,47.9515,1391664780
74,1.2934,47.9167,1391652900
74,1.2933,47.9186,1391648400
74,1.2933,47.9186,1391648400
74,1.2934,47.9187,1391648340
74,1.2934,47.9187,1391646420
74,1.2934,47.9187,1391646180
74,1.2934,47.9187,1391646120
74,1.2934,47.9187,1391645580
74,1.2937,47.933,1391642160
74,1.2938,47.9331,1391640180
74,1.2852,47.9515,1391626200
74,1.2852,47.9515,1391625480
74,1.2852,47.9515,1391570160
74,1.2852,47.9515,1391570160
74,1.2852,47.9515,1391566380
74,1.2852,47.9515,1391482860
74,1.2938,47.9331,1391466900
74,1.2852,47.9515,1391460960
74,1.2852,47.9515,1391460960
74,1.2852,47.9515,1391460960
74,1.2852,47.9515,1391460960
74,1.2852,47.9515,1391460900
74,1.2852,47.9515,1391459100
74,1.2875,47.9481,1391458800
74,1.2852,47.9515,1391452800
74,1.2852,47.9515,1391452680
74,1.2852,47.9515,1391446260
74,1.2852,47.9515,1391446140
74,1.2852,47.9515,1391446020
74,1.2852,47.9515,1391445720
74,1.2852,47.9515,1391444940
74,1.2852,47.9515,1391443800
74,1.2852,47.9515,1391443620
74,1.2852,47.9515,1391443500
74,1.2852,47.9515,1391443500
74,1.2852,47.9515,1391443200
74,1.2852,47.9515,1391414340
74,1.2852,47.9515,1391407080
74,1.2852,47.9515,1391406360
74,1.2852,47.9515,1391406300
74,1.2852,47.9515,1391406240
74,1.2852,47.9515,1391406180
74,1.2918,47.9232,1391403780
74,1.4036,48.4338,1391371560
74,1.4021,48.4334,1391371320
74,1.4541,48.4871,1391336820
74,1.4338,48.4737,1391322600
74,1.2852,47.9515,1391290980
74,1.2852,47.9515,1391290680
74,1.2852,47.9515,1391290680
74,1.2852,47.9515,1391280060
74,1.2852,47.9515,1391278440
74,1.2852,47.9515,1391278380
74,1.2852,47.9515,1391278200
74,1.2852,47.9515,1391277600
74,1.2852,47.9515,1391244420
74,1.2852,47.9515,1391244360
74,1.2852,47.9515,1391244060
74,1.2852,47.9515,1391241240
74,1.2852,47.9515,1391241240
74,1.2852,47.9515,1391132760
74,1.2852,47.9515,1391132700
74,1.2852,47.9515,1391132100
74,1.2852,47.9515,1391115540
74,1.2852,47.9515,1391115360
74,1.2852,47.9515,1391115120
74,1.2852,47.9515,1391113740
74,1.2852,47.9515,1391113440
74,1.2852,47.9515,1391113440
74,1.2852,47.9515,1391113200
74,1.2852,47.9515,1391113140
74,1.2852,47.9515,1391112900
74,1.2852,47.9515,1391112840
74,1.2852,47.9515,1391112720
74,1.2852,47.9515,1391112540
74,1.2852,47.9515,1391112360
74,1.2852,47.9515,1391112240
74,1.2852,47.9515,1391112060
74,1.2852,47.9515,1391111400
74,1.2852,47.9515,1391111400
74,1.2852,47.9515,1391111160
74,1.2852,47.9515,1391110980
74,1.2852,47.9515,1391071440
74,1.2852,47.9515,1391071020
74,1.2852,47.9515,1391070960
74,1.2852,47.9515,1391070900
74,1.2852,47.9515,1391070540
74,1.2852,47.9515,1391070060
74,1.2852,47.9515,1391069760
74,1.2852,47.9515,1391069640
74,1.2852,47.9515,1391069280
74,1.2852,47.9515,1391069160
74,1.2852,47.9515,1391063580
74,1.2852,47.9515,1391062560
74,1.2852,47.9515,1391062440
74,1.2852,47.9515,1391062380
74,1.2852,47.9515,1391062380
74,1.2852,47.9515,1391062380
74,1.2852,47.9515,1391062320
74,1.2852,47.9515,1391062140
74,1.2852,47.9515,1391062020
74,1.2852,47.9515,1391061720
74,1.2852,47.9515,1391026260
