745,59.3232,18.0708,1424374560
745,51.8796,0.2123,1423583220
745,58.7851,16.9209,1420753860
745,54.3775,18.4661,1420190220
745,59.3336,18.056,1415162580
745,59.9686,30.318,1414333980
745,55.7902,37.5852,1414182060
745,55.8422,37.5799,1414157100
745,59.6518,17.9314,1414063080
745,59.319,18.0809,1412713200
745,59.3153,18.0723,1402786080
745,59.3453,18.0236,1397079480
745,59.6509,17.9306,1385113620
745,59.3417,18.0772,1382649120
745,59.3145,18.0733,1381193220
745,59.3326,18.0765,1378678800
745,50.4317,30.5161,1367531460
745,50.4516,30.5332,1367012340
745,50.4517,30.4994,1367000340
745,56.9223,23.9782,1365763140
745,59.6509,17.9306,1365756480
745,53.9083,27.5498,1365296460
745,53.8983,27.5614,1365116820
745,59.8064,30.3076,1363616040
745,59.8065,30.3077,1363615980
745,59.9467,30.2315,1363553640
745,55.6858,50.5209,1363349040
745,56.2287,41.694,1363257720
745,56.2436,42.127,1363231620
745,55.8072,47.9514,1363187220
745,56.8464,53.214,1363085340
745,56.8614,53.2158,1363052520
745,57.9702,55.1768,1363029480
745,57.9773,55.1875,1363029480
745,56.8378,60.5985,1362932100
745,56.8298,59.0757,1362922260
745,58.0065,56.2077,1362876840
745,56.8715,53.2304,1362762480
745,53.1872,50.0915,1362684300
745,48.7113,44.5279,1362500340
745,48.7846,44.5878,1362443220
745,46.354,39.769,1362416040
745,45.0201,39.0978,1362401340
745,45.0254,39.0455,1362343740
745,47.2743,39.7632,1362308040
745,55.4146,37.9027,1362028440
745,59.3138,18.0769,1350696360
745,59.9141,24.6611,1349557320
745,60.1638,24.9446,1349469180
745,59.3138,18.0769,1347753540
745,59.3138,18.0769,1347152760
745,59.3138,18.0769,1346547000
745,59.3138,18.0769,1346543340
745,59.3138,18.0769,1345332120
745,59.3138,18.0769,1345330860
745,59.6532,17.9368,1340273940
745,59.3352,18.0681,1339922400
745,59.3278,18.0744,1339920360
745,59.2712,17.9152,1339881960
745,59.271,17.9154,1339881300
745,59.3694,17.8392,1339443660
745,59.3546,17.8819,1339385280
745,59.3639,17.8705,1339385220
745,59.3663,17.8447,1339385100
745,59.3631,17.8463,1339371900
745,59.3631,17.8463,1339371480
745,59.3652,17.8455,1339360920
745,59.3632,17.8465,1339340340
745,59.3631,17.8464,1339340100
745,59.3631,17.8464,1339339080
745,59.3631,17.8464,1339339080
745,59.3135,18.0748,1339285500
745,59.3136,18.077,1339280520
745,59.3139,18.0733,1339200420
745,59.3144,18.0749,1339200120
745,59.3386,18.0577,1339115340
745,59.3119,18.0736,1338698460
745,59.3149,18.0706,1338613980
745,59.3153,18.0703,1338611940
745,59.372,17.8571,1338480480
745,59.3721,17.8573,1338480180
745,59.372,17.8571,1338479880
745,59.3382,18.0374,1338478080
745,59.3169,18.0719,1338249660
745,59.3569,17.8392,1338145860
745,59.324,18.0965,1337637000
745,59.3336,18.0363,1335908100
745,59.3336,18.0363,1335908100
745,59.3336,18.0357,1335908040
745,59.3674,17.8449,1335899700
745,59.3318,18.0583,1335840000
745,59.3354,18.0629,1335767880
745,59.3319,18.0582,1335750480
745,59.3317,18.0586,1335681240
745,59.3547,17.8822,1335632280
745,59.3086,18.0815,1335585000
745,59.3299,18.0627,1335584160
745,59.3359,18.0667,1335584100
745,59.3439,17.8998,1335465960
745,59.3369,17.9533,1335398760
745,53.9055,27.5615,1335353520
745,53.9054,27.5616,1335330420
745,53.8904,27.5259,1335324120
745,53.8904,27.5259,1335323400
745,53.8904,27.5259,1335318960
745,53.8903,27.5259,1335316980
745,53.9055,27.5615,1335307140
745,53.9055,27.5615,1335300000
745,53.9052,27.5616,1335267420
745,53.9054,27.5616,1335266160
745,53.9055,27.5615,1335251040
745,53.9051,27.5618,1335241860
745,53.9056,27.5615,1335204420
745,56.9219,23.9799,1335024360
