746,23.5591,46.4057,1427686260
746,23.5161,46.1845,1427593800
746,23.5423,46.4156,1427591160
746,23.6346,46.5802,1427586060
746,23.6376,46.5789,1427585580
746,23.617,46.5605,1427580180
746,23.5591,46.4057,1427527440
746,23.482,46.4999,1427514420
746,23.483,46.5021,1427514360
746,23.482,46.5012,1427488680
746,23.483,46.5008,1427482920
746,23.4824,46.5013,1427482200
746,23.5591,46.4057,1427444040
746,23.4824,46.5013,1427428080
746,23.4824,46.5013,1427347380
746,23.5591,46.4057,1427322180
746,23.4824,46.5013,1427308920
746,23.4824,46.5013,1427245860
746,23.5591,46.4057,1426947360
746,23.483,46.5008,1426876260
746,23.4966,46.6367,1426867320
746,23.5591,46.4057,1426839240
746,23.483,46.5008,1426829640
746,23.4824,46.5013,1426822800
746,23.4824,46.5013,1426741920
746,23.4824,46.5013,1426700280
746,23.5591,46.4057,1426666020
746,23.483,46.5008,1426654080
746,23.4824,46.5013,1426652340
746,23.5591,46.4057,1426643400
746,23.5591,46.4057,1426562040
746,23.5591,46.4057,1426315980
746,23.482,46.4999,1426304340
746,23.5024,46.5014,1426285080
746,23.4824,46.5013,1426270920
746,23.5591,46.4057,1426221060
746,23.4824,46.5013,1426089960
746,23.4816,46.5,1426031640
746,23.4821,46.4996,1426029300
746,23.4824,46.5013,1425956520
