789,7.8179,110.3874,1415704800
789,7.8179,110.3874,1415702940
789,7.8179,110.3874,1415648100
789,7.8179,110.3874,1415643780
789,7.8179,110.3874,1415553960
789,7.8001,110.3855,1415185200
789,7.8178,110.3874,1415095080
789,7.8178,110.3874,1413739440
789,7.8178,110.3874,1410639000
789,7.8179,110.3874,1410632220
789,7.8179,110.3874,1410628800
789,7.8179,110.3874,1410559020
789,7.8178,110.3874,1410553320
789,7.8179,110.3874,1410446640
789,7.8178,110.3874,1410445260
789,7.8179,110.3874,1410372300
789,7.8179,110.3874,1410356340
789,7.8179,110.3874,1410331620
789,7.8178,110.3874,1410323700
789,7.8208,110.3845,1406253900
789,7.7744,110.3681,1402610040
789,7.7832,110.3951,1402333440
789,7.783,110.4021,1400425140
789,7.8168,110.3637,1400367840
789,7.8208,110.3845,1400210400
789,7.7825,110.4014,1392910500
789,7.8175,110.3865,1392780720
789,7.792,110.3934,1392579120
789,7.8178,110.3872,1392324060
789,7.8178,110.3873,1391747220
