795,14.6122,121.0596,1427740500
795,14.6123,121.0596,1427740380
795,13.9552,121.1444,1427731020
795,13.9157,121.1269,1427730840
795,13.9124,121.1266,1427730720
795,13.8703,121.1235,1427730540
795,14.5972,120.9923,1427696880
795,13.5046,120.9032,1427687460
795,13.5046,120.9032,1427687220
795,13.5046,120.9032,1427687160
795,13.5046,120.9033,1427662080
795,13.5039,120.904,1427606460
795,13.5043,120.9036,1427606220
795,13.5044,120.9035,1427606100
795,13.7507,121.0421,1427513520
795,13.7529,121.0432,1427513460
795,14.6225,121.0551,1427502480
795,14.6223,121.0551,1427502480
795,14.6156,121.0616,1427388840
795,14.5743,121.0482,1427386980
795,14.5323,121.0529,1427362860
795,14.5507,121.0294,1427347380
795,14.6081,121.0559,1427345700
795,14.6147,121.0604,1427342460
795,14.6147,121.0603,1427312160
795,14.6133,121.0599,1427302860
795,14.6132,121.0599,1427224440
795,14.6078,121.0563,1427086380
795,14.6138,121.06,1427037420
795,14.6138,121.06,1427032080
795,14.6138,121.06,1426958040
795,14.6147,121.0602,1426920600
795,14.5414,121.0191,1426868520
795,14.5415,121.019,1426868460
795,14.5323,121.053,1426744080
795,14.5486,121.0274,1426742340
795,14.5458,121.043,1426655760
795,14.6138,121.0599,1426651740
795,14.614,121.0681,1426613940
795,14.5322,121.0527,1426587660
795,14.6137,121.06,1426447680
795,14.6147,121.0604,1426437360
795,14.6137,121.06,1426416420
795,14.6148,121.0602,1426414860
795,14.6148,121.0602,1426401720
795,14.6136,121.06,1426401300
795,14.6137,121.06,1426367400
795,14.6137,121.0599,1426367220
795,14.6143,121.0601,1426367160
795,14.6025,121.0499,1426354620
795,14.6026,121.05,1426353960
795,14.5717,121.0313,1426351200
795,14.5942,121.0587,1426339740
795,14.5898,121.0605,1426339740
795,14.6136,121.06,1426320660
795,14.6137,121.06,1426178820
795,14.6139,121.06,1426178640
795,14.6137,121.06,1426178400
795,14.6153,121.0581,1426178100
795,14.6177,121.0553,1426177980
795,14.6183,121.0527,1426177860
795,14.6077,121.0553,1426177320
795,14.6017,121.0589,1426177200
795,14.5318,121.0524,1426172700
795,14.5323,121.0528,1426141140
795,14.5318,121.0525,1426139340
795,14.5469,121.0435,1426138440
795,14.571,121.0467,1426136700
795,14.6146,121.0601,1426132860
795,14.6147,121.0604,1426103220
795,14.5722,121.0308,1426100460
795,14.5347,121.0512,1426052700
795,14.6142,121.0601,1426045740
795,14.6136,121.0599,1426013340
795,14.6147,121.0602,1426012980
795,14.5318,121.0519,1426000380
795,14.5346,121.0501,1425966000
795,14.6147,121.0602,1425957480
795,14.6142,121.0602,1425926460
795,14.5317,121.052,1425892140
795,14.5321,121.0526,1425879900
795,14.552,121.0277,1425878760
795,14.6187,121.072,1425823260
795,14.6188,121.072,1425821460
795,14.6147,121.0604,1425811260
795,14.6147,121.0604,1425811200
795,14.6136,121.06,1425771000
795,14.6137,121.06,1425769380
795,14.6137,121.06,1425769260
795,14.6132,121.0599,1425746460
795,14.6123,121.0596,1425738180
795,14.6141,121.0596,1425729000
795,14.6148,121.0601,1425712260
795,14.6136,121.0599,1425673200
795,14.6138,121.0598,1425667080
795,14.6125,121.0595,1425662460
795,14.6154,121.0587,1425661560
795,14.6154,121.0585,1425661320
795,14.6141,121.0599,1425661200
795,14.5822,121.0542,1425618180
795,14.5909,121.0575,1425617940
795,14.6124,121.0593,1425615300
795,14.6148,121.0601,1425615120
795,14.6156,121.0584,1425614820
795,14.6145,121.06,1425585180
795,14.6143,121.0598,1425579180
795,14.6136,121.0598,1425579060
795,14.6133,121.0598,1425578820
795,14.6143,121.0599,1425578700
795,14.6146,121.0601,1425576900
795,14.6131,121.0595,1425575820
795,14.6154,121.0584,1425575220
795,14.6156,121.0584,1425573480
795,14.6148,121.0601,1425573360
795,14.6137,121.0599,1425573300
795,14.5892,121.057,1425571860
795,14.5322,121.0526,1425561960
795,14.5417,121.0194,1425485280
795,14.5414,121.0189,1425484260
795,14.536,121.0466,1425447840
795,14.5452,121.044,1425447540
795,14.5494,121.0305,1425446940
795,14.6049,121.0522,1425445080
795,14.6135,121.0598,1425440580
795,14.6155,121.0586,1425440520
795,14.6148,121.0601,1425439920
795,14.6156,121.0582,1425415920
795,14.6139,121.0597,1425415560
795,14.6135,121.0598,1425413520
795,14.6155,121.0584,1425407880
795,14.6126,121.0593,1425407040
795,14.6133,121.0598,1425406980
795,14.608,121.0566,1425399540
795,14.5316,121.0519,1425395700
795,14.5317,121.0517,1425392580
795,14.5317,121.052,1425392400
795,14.6083,121.0565,1425359460
795,14.6146,121.0601,1425352680
795,14.6125,121.0595,1425323280
795,14.6139,121.0597,1425317220
795,14.5415,121.019,1425311520
795,14.6103,121.08,1425224340
795,14.6102,121.0799,1425224280
795,14.6156,121.0583,1425215400
795,13.7626,120.9272,1425186660
795,13.7626,120.9275,1425186600
795,13.7574,120.9245,1425183240
795,13.7572,120.9243,1425182940
795,13.7628,120.9277,1425179580
795,13.7629,120.933,1425154620
795,13.7626,120.9274,1425146700
795,13.763,120.9277,1425146340
795,13.7641,120.9293,1425129780
795,13.7629,120.9283,1425127500
795,13.7906,121.0615,1425112440
795,14.5341,121.0527,1425015360
795,14.6072,121.0561,1425012360
795,14.6129,121.0593,1424979720
795,14.6128,121.0594,1424922480
795,14.5321,121.0526,1424859840
795,14.5942,121.0046,1424798340
795,14.6148,121.0601,1424766360
795,14.6155,121.0584,1424761920
795,14.614,121.0597,1424757780
795,14.6149,121.0602,1424757060
795,14.6138,121.0599,1424757000
795,14.614,121.0597,1424755260
795,14.6128,121.0594,1424755140
795,14.6138,121.0599,1424754540
795,14.6148,121.0601,1424753640
795,14.6156,121.0583,1424753580
795,14.5321,121.0525,1424669220
795,14.6147,121.0601,1424620200
795,14.6148,121.0601,1424619480
795,14.517,120.9933,1424608500
795,14.0732,120.6249,1424549460
795,14.0732,120.6249,1424549160
795,14.0734,120.6248,1424544900
795,14.0734,120.6249,1424542680
795,14.0733,120.6249,1424541660
795,14.0733,120.6251,1424520960
795,14.0728,120.6322,1424514300
795,14.5375,121.0011,1424499720
795,14.5369,121.0011,1424499600
795,14.6137,121.0602,1424464860
795,14.6131,121.0597,1424462700
795,14.5709,121.0468,1424449020
795,14.5386,121.0197,1424447220
795,14.5508,121.0274,1424409120
795,14.6125,121.0594,1424373780
795,14.5511,121.0263,1424373660
795,14.5514,121.0272,1424357880
795,14.5321,121.0526,1424349000
795,14.5323,121.0528,1424329380
795,14.5323,121.0528,1424329320
795,14.6152,121.0589,1424318040
795,14.6133,121.0599,1424286240
795,14.6128,121.0594,1424279280
795,14.6139,121.0599,1424279280
795,14.6136,121.0599,1424202780
795,14.5318,121.0518,1424160060
795,14.6075,121.057,1424062620
795,14.6155,121.0584,1424059080
795,14.6141,121.0597,1424058780
795,14.6147,121.0601,1424037600
795,14.6144,121.06,1424035800
795,14.6139,121.0598,1424035800
795,14.4758,121.0,1424009160
795,14.4846,120.9936,1424005620
795,14.6128,121.0594,1423994400
795,14.6147,121.0604,1423990140
795,14.6137,121.06,1423988580
795,14.6147,121.0604,1423982280
795,14.6147,121.0604,1423981500
795,14.6135,121.06,1423980600
795,14.6137,121.0601,1423948920
795,14.6137,121.06,1423948800
795,14.6134,121.06,1423948680
795,14.6147,121.0604,1423934820
795,14.6147,121.0603,1423913460
795,14.6147,121.0604,1423866840
795,14.5498,121.03,1423845840
795,14.6137,121.06,1423761600
795,14.6064,121.0521,1423759500
795,14.5318,121.0519,1423739460
795,14.5318,121.052,1423737660
795,14.5317,121.052,1423737360
795,14.5524,121.0302,1423718460
795,14.6147,121.0604,1423713420
795,14.6137,121.06,1423713240
795,14.5719,121.0311,1423674780
795,14.5415,121.0189,1423670880
795,14.5316,121.052,1423647060
795,14.5321,121.0526,1423637760
795,14.5323,121.0527,1423637640
795,14.5322,121.0526,1423637520
795,14.5318,121.0526,1423636920
795,14.5322,121.0527,1423636500
795,14.5317,121.052,1423634940
795,14.5317,121.052,1423634940
795,14.6141,121.0602,1423507020
795,14.6137,121.06,1423506720
795,14.5318,121.052,1423489800
795,14.6147,121.0603,1423420320
795,14.6221,121.053,1423415340
795,14.6147,121.0603,1423400880
795,14.6147,121.0604,1423400640
795,14.6147,121.0603,1423392000
795,14.6147,121.0604,1423388280
795,14.6147,121.0604,1423350360
795,14.5717,121.0304,1423331820
795,14.5718,121.0311,1423331520
795,14.5717,121.0313,1423324020
795,14.6145,121.0603,1423308060
795,14.6147,121.0602,1423305660
795,14.6135,121.06,1423305240
795,14.6148,121.0604,1423302420
795,14.6128,121.0597,1423301640
795,14.6137,121.06,1423294200
795,14.6147,121.0604,1423258440
795,14.6147,121.0604,1423106880
795,14.5323,121.0527,1423030860
795,14.5322,121.0527,1423030860
795,14.5488,121.0314,1423026300
795,14.6077,121.0563,1423024500
795,14.6147,121.0604,1422986880
795,14.6147,121.0604,1422984000
795,14.618,121.0527,1422982920
795,14.6188,121.0521,1422982680
795,14.5413,121.0185,1422978840
795,14.5407,121.0187,1422978480
795,14.6077,121.0553,1422938160
795,14.6147,121.0604,1422933420
795,14.6147,121.0604,1422903000
795,14.5313,121.0532,1422860700
795,14.6137,121.06,1422850440
795,14.6133,121.0599,1422850320
795,14.6133,121.0599,1422847260
795,14.6147,121.0604,1422821160
795,14.6145,121.0603,1422804180
795,14.6147,121.0604,1422797700
795,14.6137,121.06,1422794340
795,14.6137,121.06,1422794220
795,14.6137,121.06,1422792600
795,14.6147,121.0604,1422790740
795,14.6147,121.0604,1422790560
795,14.6137,121.06,1422785220
795,14.6131,121.0598,1422744000
795,14.5844,121.0573,1422720840
795,14.5846,121.0578,1422716340
795,14.5846,121.0573,1422715500
795,14.5845,121.0573,1422714900
795,14.5855,121.0572,1422713220
795,14.6222,121.0432,1422686280
795,14.6137,121.06,1422647580
795,14.6132,121.0599,1422640860
795,14.5317,121.052,1422618600
795,14.5513,121.0271,1422595740
795,14.5588,120.9842,1422552960
795,14.6149,121.0618,1422551220
795,14.5414,121.0188,1422548040
795,14.6075,121.0566,1422506700
795,14.5523,121.0305,1422421200
795,14.5523,121.0301,1422421140
795,14.6131,121.0593,1422379620
795,14.6128,121.0594,1422379320
795,14.542,121.0197,1422374640
795,14.6075,121.057,1422333300
795,14.6075,121.057,1422333240
795,14.6076,121.0567,1422332760
795,14.6125,121.0595,1422332160
795,14.6156,121.0584,1422330120
795,14.6127,121.0594,1422329940
795,14.6123,121.0596,1422211740
795,14.6154,121.0617,1422203220
795,14.6157,121.0617,1422203160
795,14.6127,121.0594,1422131520
795,14.6127,121.0594,1422118680
795,14.615,121.0571,1422109860
795,14.615,121.057,1422107640
795,14.586,121.0638,1422045180
795,14.5415,121.0189,1421857440
795,14.6073,121.0565,1421815800
795,14.5318,121.052,1421738040
795,14.535,121.0514,1421733060
795,14.5748,120.989,1421682480
795,14.5586,120.9844,1421679120
795,14.6103,121.0551,1421668860
795,14.6154,121.0598,1421666460
795,14.6154,121.0599,1421665980
795,14.6151,121.057,1421665740
795,14.6151,121.057,1421665620
795,14.615,121.057,1421664660
795,14.6151,121.057,1421664120
795,14.6154,121.0599,1421660340
795,14.6154,121.0599,1421660220
795,14.6154,121.0599,1421660220
795,14.6154,121.0599,1421660100
795,14.6151,121.057,1421656500
795,14.6151,121.0572,1421656440
795,14.6148,121.0606,1421618520
795,14.6151,121.0572,1421616180
795,14.6167,121.0571,1421570580
795,14.6167,121.0571,1421567340
795,14.6167,121.0571,1421567340
795,14.6167,121.0571,1421566920
795,14.6168,121.0572,1421566740
795,14.6167,121.0571,1421565780
795,14.6168,121.0572,1421565780
795,14.6168,121.0572,1421564340
795,14.6147,121.0604,1421515080
795,14.6147,121.0605,1421495880
795,14.6147,121.0603,1421495820
795,14.6223,121.0535,1421494080
795,14.6223,121.0535,1421494020
795,14.6147,121.0605,1421441760
795,14.6147,121.0605,1421440500
795,14.6586,120.9847,1421431320
795,14.6078,121.0783,1421419380
795,14.5948,121.0588,1421383380
795,14.6147,121.0605,1421337120
795,14.5343,121.0513,1421331480
795,14.5347,121.0522,1421331240
795,14.59,121.057,1421296680
795,14.6152,121.0576,1421295840
795,14.5385,121.0471,1421249940
795,14.5318,121.052,1421219520
795,14.6147,121.0604,1421177160
795,14.6147,121.0604,1421177100
795,14.6147,121.0604,1421177040
795,14.6147,121.0604,1421176560
795,14.5483,121.0267,1421169780
795,14.5455,121.0237,1421169300
795,14.5109,121.012,1421166360
795,14.5106,121.0119,1421166180
795,14.6128,121.0594,1421142900
795,14.6144,121.0573,1421117280
795,14.6392,121.0744,1421090040
795,14.5356,121.0466,1421076240
795,14.6147,121.0604,1421034900
795,14.6156,121.0584,1421004180
795,14.6147,121.0604,1420938120
795,14.615,121.063,1420937520
795,14.6343,121.0341,1420920900
795,14.576,121.0641,1420911960
795,14.5844,121.0568,1420886100
795,14.5419,121.0189,1420822320
795,14.5414,121.0188,1420822080
795,14.6119,121.0558,1420778640
795,14.6147,121.0604,1420775640
795,14.6147,121.0605,1420750680
795,14.6147,121.0604,1420750560
795,14.6147,121.0604,1420750500
795,14.6147,121.0604,1420745340
795,14.6204,121.0559,1420737720
795,14.5347,121.051,1420694160
795,14.6147,121.0604,1420688520
795,14.6147,121.0604,1420654680
795,14.6147,121.0604,1420653780
795,14.6192,121.0521,1420653240
795,14.5413,121.0187,1420647900
795,14.5485,121.0274,1420607040
795,14.6186,121.0524,1420563600
795,14.5414,121.0188,1420560720
795,14.6075,121.057,1420520880
795,14.6147,121.0604,1420516380
795,14.6147,121.0604,1420489680
795,14.6147,121.0604,1420489260
795,14.5321,121.0527,1420436880
795,14.6145,121.0609,1420433040
795,14.6147,121.0604,1420399260
795,14.6147,121.0604,1420398360
795,14.5208,121.0132,1420385460
795,14.6124,121.0595,1420371180
795,14.614,121.0588,1420323960
795,14.6147,121.0604,1420313460
795,14.6147,121.0604,1420313040
795,14.6146,121.061,1420300200
795,14.6123,121.0595,1420282200
795,14.6156,121.0584,1420277340
795,14.613,121.0593,1420277220
795,14.6156,121.0583,1420277100
795,14.6135,121.0591,1420269000
795,14.6147,121.0605,1420267260
795,14.6147,121.0604,1420266720
795,14.6147,121.0604,1420263300
795,14.6153,121.0599,1420223640
795,14.6154,121.0599,1420223580
795,14.6147,121.0604,1420215480
795,14.5318,121.052,1420177320
795,14.6149,121.0593,1420172760
795,14.6147,121.0605,1420144500
795,14.6147,121.0604,1420142520
795,14.6147,121.0604,1420142460
795,14.6147,121.0604,1420128900
795,14.6147,121.0604,1420128060
795,14.6147,121.0604,1420128000
795,14.6147,121.0604,1420127760
795,14.6147,121.0604,1420127700
795,14.6147,121.0603,1420127640
795,14.6147,121.0604,1420127520
795,14.6147,121.0604,1420127460
795,14.6147,121.0604,1420127400
795,14.6147,121.0604,1420127340
795,14.6147,121.0605,1420126980
795,14.6152,121.0576,1420125960
795,14.6147,121.0594,1420125780
795,14.6148,121.0606,1420125780
795,14.5894,121.1183,1420116780
795,14.5923,121.1278,1420115880
795,14.6147,121.0604,1420111080
795,14.6147,121.0604,1420110960
795,14.6147,121.0605,1420110900
795,14.6147,121.0604,1420104360
795,14.6156,121.0583,1420077540
795,14.6156,121.0583,1420067340
795,14.6156,121.0583,1420066020
795,14.612,121.0594,1420064520
795,14.6146,121.0606,1420056360
795,14.6147,121.0604,1420055460
795,14.6152,121.0583,1420044120
795,14.6147,121.0604,1420043940
795,14.6147,121.0605,1420034400
795,14.5317,121.0519,1420017660
795,14.5525,121.0302,1420002000
795,14.6147,121.0604,1419998460
795,14.6147,121.0604,1419960300
795,14.6147,121.0604,1419959760
795,14.5733,121.0477,1419915240
795,14.6035,121.0583,1419914820
795,14.6147,121.0605,1419913140
795,14.6147,121.0604,1419883740
795,14.6147,121.0605,1419880980
795,14.5639,121.0766,1419875040
795,14.5317,121.052,1419844920
795,14.6147,121.0604,1419826860
795,14.6147,121.0604,1419770160
795,14.6147,121.0604,1419762840
795,14.6147,121.0604,1419733860
795,14.6147,121.0604,1419733800
795,14.6008,121.0616,1419714060
795,14.6147,121.0604,1419685860
795,14.6147,121.0604,1419685800
795,14.6147,121.0605,1419616500
795,14.5729,121.0449,1419614100
795,14.6157,121.0619,1419601260
795,14.6147,121.0604,1419591000
795,14.6147,121.0604,1419589620
795,14.6147,121.0604,1419582600
795,14.6147,121.0604,1419487380
795,14.6156,121.0582,1419471120
795,14.6156,121.0583,1419466260
795,14.6156,121.0583,1419466200
795,14.6128,121.0594,1419463680
795,14.6157,121.0583,1419462540
795,14.6156,121.0583,1419460440
795,14.6156,121.0583,1419459840
795,14.6156,121.0583,1419459840
795,14.6149,121.0586,1419459360
795,14.6181,121.0584,1419431880
795,14.6147,121.0605,1419430140
795,14.5523,121.0301,1419397680
795,14.5641,121.0445,1419397020
795,14.5832,121.055,1419396000
795,14.6147,121.0604,1419363060
795,14.6081,121.0559,1419309060
795,14.6078,121.0562,1419308880
795,14.6147,121.0605,1419307560
795,14.6147,121.0604,1419305160
795,14.5415,121.019,1419264480
795,14.5415,121.019,1419264360
795,14.5415,121.019,1419264120
795,14.5346,121.0384,1419261900
795,14.535,121.0461,1419261780
795,14.5474,121.038,1419224700
795,14.606,121.0569,1419222120
795,14.6147,121.0604,1419220920
795,14.6147,121.0604,1419220260
795,14.6147,121.0604,1419219300
795,14.6147,121.0604,1419219000
795,14.6147,121.0605,1419180060
795,14.5862,121.0823,1419176220
795,14.5846,121.084,1419168120
795,14.5853,121.083,1419157620
795,14.5862,121.0823,1419147540
795,14.6147,121.0604,1419106800
795,14.6147,121.0604,1419103080
795,14.6119,121.0541,1419006180
795,14.5447,121.023,1419004620
795,14.5342,121.0524,1418967180
795,14.5424,121.0468,1418966820
795,14.6147,121.0604,1418946780
795,14.1753,120.9173,1418937840
795,14.1152,120.962,1418936340
795,14.1893,121.0143,1418932860
795,14.3108,121.0725,1418931120
795,14.6054,121.0574,1418926500
795,14.545,121.0163,1418919780
795,14.5484,121.0323,1418879580
795,14.6147,121.0604,1418833320
795,14.6147,121.0604,1418833260
795,14.592,121.0097,1418828280
795,14.6147,121.0604,1418826180
795,14.6147,121.0604,1418824500
795,14.6147,121.0604,1418790960
795,14.6147,121.0604,1418671200
795,14.6147,121.0604,1418577660
795,14.5855,121.0826,1418576940
795,14.6147,121.0604,1418571540
795,14.6147,121.0605,1418570580
795,14.6147,121.0604,1418565480
795,14.6147,121.0605,1418557980
795,14.6147,121.0604,1418508660
795,14.6147,121.0604,1418506860
795,14.6147,121.0604,1418504640
795,14.6147,121.0604,1418499360
795,14.6147,121.0605,1418488500
795,14.5495,121.0473,1418401320
795,14.5497,121.0474,1418398080
795,14.5318,121.0521,1418376780
795,14.5318,121.0519,1418370540
795,14.5471,121.0463,1418312940
795,14.6143,121.0622,1418236020
795,14.5883,121.0639,1418233260
795,14.5345,121.0488,1418229840
795,14.5346,121.051,1418228760
795,14.6076,121.057,1418187180
795,14.6147,121.0604,1418183940
795,14.5891,121.0572,1418144880
795,14.5313,121.0565,1418100660
795,14.5365,121.0521,1418066760
795,14.5377,121.0519,1418060040
795,14.5347,121.0526,1418047020
795,14.6147,121.0604,1418040900
795,14.6147,121.0603,1418035380
795,14.6147,121.0604,1417954080
795,14.6147,121.0604,1417953720
795,14.6154,121.0593,1417947420
795,14.6165,121.057,1417897500
795,14.6049,121.1662,1417813920
795,14.6051,121.1662,1417813740
795,14.605,121.1662,1417813680
795,14.6049,121.1664,1417781460
795,14.605,121.1662,1417781400
795,14.605,121.1661,1417761360
795,14.6172,121.0597,1417756320
795,14.5624,121.0276,1417705740
795,14.5547,121.0465,1417700820
795,14.5348,121.0509,1417665480
795,14.6147,121.0605,1417658580
795,14.6147,121.0604,1417632600
795,14.6147,121.0604,1417548120
795,14.6147,121.0604,1417546980
795,14.6147,121.0604,1417546740
795,14.6156,121.0616,1417542480
795,14.5892,121.0582,1417529220
795,14.5317,121.0519,1417515660
795,14.5403,121.0549,1417490700
795,14.5732,121.0719,1417490100
795,14.6142,121.06,1417488960
795,14.6147,121.0604,1417459800
795,14.5318,121.052,1417405020
795,14.6144,121.0607,1417402620
795,14.6147,121.0604,1417363740
795,14.6147,121.0604,1417362180
795,14.6164,121.0529,1417351320
795,14.6559,121.0306,1417345560
795,15.3457,121.035,1417336560
795,15.3108,120.949,1417280820
795,15.3075,120.9456,1417253280
795,14.6238,121.0495,1417227900
795,14.5562,121.0243,1417205820
795,14.5568,121.0241,1417195260
795,14.5524,121.0255,1417193400
795,14.5318,121.052,1417155780
795,14.5523,121.0315,1417146180
795,14.6186,121.0515,1417143300
795,14.5524,121.0301,1417059900
795,14.558,121.0391,1417059420
795,14.6147,121.0604,1417020060
795,14.5728,121.0474,1417012740
795,14.5411,121.0186,1417011000
795,14.552,121.0295,1416973320
795,14.5485,121.0274,1416973020
795,14.6147,121.0604,1416937140
795,14.6147,121.0604,1416937140
795,14.6147,121.0604,1416933360
795,14.6147,121.0603,1416931560
795,14.6147,121.0603,1416931500
795,14.6147,121.0605,1416930300
795,14.5458,121.0424,1416889080
795,14.6147,121.0604,1416738060
795,14.6147,121.0604,1416731640
795,14.6147,121.0604,1416724380
795,14.6187,121.0719,1416687840
795,14.6153,121.062,1416671760
795,14.6187,121.0571,1416669600
795,14.6221,121.053,1416658680
795,14.6147,121.0604,1416641280
795,14.6147,121.0604,1416576840
795,14.591,121.0901,1416575760
795,14.6147,121.0604,1416518460
795,14.6147,121.0604,1416515220
795,14.6156,121.0616,1416506100
795,14.5495,121.0302,1416490980
795,14.5664,121.0704,1416453180
795,14.6143,121.0602,1416451980
795,14.6147,121.0604,1416421200
795,14.6147,121.0604,1416413820
795,14.6145,121.0604,1416411780
795,14.6187,121.0543,1416409740
795,14.5343,121.0526,1416392700
795,14.5639,121.0766,1416384360
795,14.6147,121.0604,1416363420
795,14.6147,121.0604,1416362700
795,14.5576,121.0122,1416331380
795,14.6147,121.0604,1416324120
795,14.5918,121.0582,1416321000
795,14.5881,121.057,1416321000
795,14.6147,121.0604,1416252420
795,14.6147,121.0605,1416251280
795,14.6135,121.0592,1416242700
795,14.6156,121.0583,1416239040
795,14.5322,121.0517,1416230460
795,14.5318,121.052,1416203400
795,14.6141,121.0613,1416193800
795,14.6147,121.0605,1416176280
795,14.6147,121.0605,1416176220
795,14.6183,121.0516,1416174180
795,14.6204,121.0504,1416174120
795,16.4057,120.6023,1416152100
795,16.4057,120.6026,1416151020
795,16.4103,120.6003,1416147660
795,16.4102,120.6003,1416147600
795,16.4103,120.6003,1416140820
795,16.4103,120.6003,1416140760
795,16.4103,120.6004,1416140220
795,16.4102,120.6003,1416138840
795,16.4103,120.6002,1416134520
795,16.4103,120.6003,1416134460
795,16.4103,120.6003,1416126840
795,16.4551,120.5854,1416121620
795,16.4453,120.5911,1416118440
795,16.4103,120.6003,1416074460
795,16.4089,120.5994,1416072180
795,16.4104,120.6003,1416055440
795,16.4103,120.6003,1416053460
795,16.4027,120.5994,1416052080
795,16.422,120.6257,1416044820
795,16.4222,120.6259,1416044820
795,16.4196,120.6279,1416042960
795,16.3987,120.6173,1416035880
795,16.4004,120.6167,1416035340
795,16.4293,120.5764,1416033660
795,16.4108,120.5947,1416027660
795,16.4128,120.5917,1416025740
795,16.4102,120.5991,1416021360
795,16.4103,120.6003,1416015720
795,16.4057,120.6023,1416013860
795,14.6242,121.0484,1415991060
795,14.6147,121.0604,1415979840
795,14.6147,121.0604,1415979480
795,14.6147,121.0604,1415978340
795,14.6147,121.0604,1415977800
795,14.5342,121.0518,1415954460
795,14.558,121.039,1415935200
795,14.5728,121.0455,1415934960
795,14.6147,121.0605,1415929800
795,14.6147,121.0604,1415906460
795,14.6147,121.0604,1415906040
795,14.6147,121.0604,1415901360
795,14.6147,121.0604,1415901360
795,14.6147,121.0604,1415900100
795,14.6147,121.0604,1415900040
795,14.6147,121.0604,1415899860
795,14.6147,121.0604,1415899020
795,14.6147,121.0604,1415898960
795,14.5318,121.052,1415871720
795,14.5409,121.0471,1415850720
795,14.6147,121.0604,1415740560
795,14.6147,121.0604,1415738820
795,14.5342,121.0527,1415738040
795,14.6152,121.0617,1415737620
795,14.5318,121.0519,1415694540
795,14.6147,121.0605,1415672160
795,14.6147,121.0604,1415647500
795,14.6147,121.0605,1415647080
795,14.6147,121.0604,1415567400
795,14.6147,121.0604,1415566200
795,14.6147,121.0604,1415563500
795,14.6139,121.0591,1415544660
795,14.5832,121.0572,1415530080
795,14.6147,121.0604,1415476680
795,14.6563,121.0288,1415456460
795,14.5565,121.0238,1415429160
795,14.5489,121.0279,1415423220
795,14.6192,121.058,1415420940
795,14.6147,121.0604,1415393220
795,14.6147,121.0604,1415393220
795,14.6147,121.0604,1415392860
795,14.6196,121.0519,1415328840
795,14.6147,121.0604,1415301000
795,14.6147,121.0604,1415300940
795,14.6147,121.0604,1415214420
795,14.6147,121.0604,1415209260
795,14.6147,121.0604,1415209080
795,14.6147,121.0604,1415208960
795,14.6147,121.0604,1415207520
795,14.5318,121.0521,1415169420
795,14.6147,121.0605,1415153280
795,14.6147,121.0604,1415123040
795,14.6147,121.0604,1415122440
795,14.6176,121.0552,1415112420
795,14.5316,121.0519,1415074500
795,14.5352,121.0515,1415072760
795,14.5503,121.0281,1415071980
795,14.6147,121.0604,1415039220
795,14.6192,121.0566,1415029020
795,14.6143,121.0603,1415028300
795,14.5317,121.0519,1415003820
795,14.532,121.0515,1415003700
795,14.6147,121.0604,1414981560
795,14.6147,121.0604,1414980480
795,14.6147,121.0604,1414959840
795,14.6147,121.0604,1414922340
795,14.6147,121.0604,1414917720
795,14.6147,121.0605,1414905180
795,14.6147,121.0604,1414879320
795,14.6147,121.0604,1414879260
795,14.6156,121.0616,1414863840
795,14.6156,121.0616,1414852560
795,14.6156,121.0616,1414852440
795,14.6156,121.0616,1414852260
795,14.6156,121.0616,1414852140
795,14.6156,121.0616,1414851540
795,14.6156,121.0616,1414851480
795,14.6225,121.0533,1414849200
795,14.6218,121.053,1414848960
795,14.6218,121.0528,1414848000
795,14.6147,121.0604,1414844340
795,14.6152,121.0617,1414841760
795,14.6147,121.0605,1414825320
795,14.6147,121.0605,1414823760
795,14.6146,121.0606,1414773960
795,14.6147,121.0604,1414720140
795,14.6147,121.0604,1414685700
795,14.6147,121.0604,1414598940
795,14.5317,121.0519,1414560000
795,14.6147,121.0605,1414517880
795,14.6147,121.0604,1414512420
795,14.6147,121.0604,1414511940
795,14.6147,121.0604,1414511580
795,14.6147,121.0605,1414511460
795,14.6147,121.0604,1414510980
795,14.5318,121.052,1414493640
795,14.6147,121.0604,1414464480
795,14.6195,121.052,1414378260
795,14.6147,121.0604,1414375440
795,14.6148,121.0605,1414351260
795,14.6147,121.0604,1414342260
795,14.5862,121.0823,1414342140
795,14.5843,121.0834,1414327380
795,14.5862,121.0823,1414324140
795,14.6155,121.0472,1414322160
795,14.6222,121.0432,1414308480
795,14.6225,121.052,1414306200
795,14.6228,121.0528,1414305960
795,14.6147,121.0604,1414304280
795,14.6327,121.0348,1414261080
795,14.6327,121.0346,1414261020
795,14.6329,121.0347,1414260000
795,14.6329,121.0347,1414245240
795,14.5912,121.0597,1414226880
795,14.6147,121.0605,1414220400
795,14.6147,121.0604,1414173840
795,14.6147,121.0604,1414173480
795,14.6146,121.0604,1414085040
795,14.6146,121.0605,1414076340
795,14.5318,121.0522,1414049280
795,14.5318,121.052,1414049220
795,14.5318,121.0524,1414049160
795,14.6147,121.0604,1414000620
795,14.6147,121.0605,1413992160
795,14.5318,121.0524,1413976980
795,14.5318,121.052,1413974580
795,14.5317,121.0518,1413974520
795,14.5317,121.0518,1413974520
795,14.5317,121.0522,1413960780
795,14.5318,121.0522,1413960660
795,14.6146,121.0604,1413942660
795,14.6146,121.0605,1413915780
795,14.5426,121.0466,1413862080
795,14.5523,121.0301,1413861540
795,14.5324,121.0525,1413811500
795,14.6147,121.0606,1413728220
795,14.6569,120.9882,1413720060
795,14.6556,121.03,1413714540
795,14.6146,121.0605,1413709560
795,14.6146,121.0605,1413709440
795,14.616,121.0604,1413703500
795,14.5862,121.0823,1413702300
795,14.6146,121.0605,1413653940
795,14.6392,121.0744,1413632460
795,14.6206,121.0546,1413626040
795,14.6146,121.0605,1413614100
795,14.6146,121.0605,1413477480
795,14.5318,121.0523,1413435180
795,14.5318,121.0522,1413435000
795,14.5318,121.0522,1413435000
795,14.6183,121.0516,1413428160
795,14.6146,121.0605,1413397860
795,14.6146,121.0605,1413396660
795,14.6146,121.0605,1413386280
795,14.6185,121.0523,1413383340
795,14.6111,121.0554,1413343440
795,14.6143,121.0606,1413341940
795,14.6146,121.0605,1413338640
795,14.6146,121.0605,1413302640
795,14.6146,121.0605,1413127320
795,14.6146,121.0605,1413126780
795,14.6146,121.0605,1413120060
795,14.6187,121.0719,1413058980
795,14.6496,121.0745,1413050340
795,14.6497,121.0748,1413050280
795,14.6196,121.0726,1413040500
795,14.6146,121.0605,1413017820
795,14.6146,121.0605,1413009780
795,14.6146,121.0605,1412886420
795,14.6152,121.061,1412867220
795,14.6153,121.0596,1412867100
795,14.6159,121.0559,1412866740
795,14.6167,121.0555,1412865840
795,14.5804,121.0563,1412823480
795,14.6146,121.0605,1412800800
795,14.6146,121.0605,1412800680
795,14.6156,121.0616,1412796780
795,14.6156,121.0616,1412790720
795,14.6156,121.0616,1412782200
795,14.532,121.0524,1412742900
795,14.6209,121.0561,1412736780
795,14.5317,121.0517,1412662020
795,14.5318,121.0516,1412656920
795,14.6025,121.0792,1412652900
795,14.6132,121.0535,1412651940
795,14.6151,121.0529,1412651880
795,14.6146,121.0605,1412620740
795,14.6154,121.0616,1412617680
795,14.6146,121.0605,1412580900
795,14.6147,121.0606,1412577600
795,14.6146,121.0605,1412530260
795,14.6146,121.0605,1412526780
795,14.6146,121.0605,1412525700
795,14.6196,121.0726,1412510340
795,14.6146,121.0605,1412437860
795,14.6146,121.0605,1412436180
795,14.6146,121.0605,1412434860
795,14.6146,121.0605,1412433720
795,14.6147,121.0606,1412432220
795,14.6147,121.0606,1412431440
795,14.6134,121.0626,1412425200
795,14.6154,121.057,1412421960
795,14.6146,121.0605,1412417820
795,14.6146,121.0605,1412398260
795,14.6146,121.0605,1412358360
795,14.6146,121.0605,1412358300
795,14.6146,121.0605,1412358180
795,14.5317,121.0517,1412335200
795,14.6146,121.0605,1412269860
795,14.5357,121.0472,1412256840
795,14.532,121.052,1412250960
795,14.5317,121.052,1412248740
795,14.5318,121.0521,1412232660
795,14.5319,121.0522,1412232600
795,14.5317,121.0522,1412229540
795,14.6146,121.0605,1412188380
795,14.6146,121.0605,1412127720
795,14.6146,121.0605,1412091180
795,14.5319,121.0524,1412047800
795,14.6146,121.0605,1412013120
795,14.6146,121.0605,1412012880
795,14.6166,121.061,1412001900
795,14.5317,121.0517,1411971180
795,14.5317,121.052,1411966620
795,14.6146,121.0605,1411957320
795,14.6146,121.0605,1411917600
795,14.6146,121.0605,1411906920
795,14.6146,121.0605,1411893660
795,14.6146,121.0605,1411893540
795,14.6146,121.0605,1411893240
795,14.6146,121.0605,1411892940
795,14.6146,121.0605,1411892940
795,14.6146,121.0605,1411892760
795,14.6146,121.0605,1411892700
795,14.6147,121.0606,1411885620
795,14.6147,121.0606,1411885560
795,14.6146,121.0605,1411844760
795,14.6146,121.0605,1411844760
795,14.6147,121.0606,1411842420
795,14.6146,121.0605,1411825920
795,14.6146,121.0605,1411814220
795,14.6146,121.0605,1411813680
795,14.6146,121.0605,1411809660
795,14.6146,121.0605,1411802340
795,14.6146,121.0605,1411762020
795,14.6146,121.0605,1411759920
795,14.6146,121.0605,1411756740
795,14.5498,121.056,1411739760
795,14.6146,121.0605,1411696380
795,14.6146,121.0605,1411670100
795,14.6146,121.0605,1411669500
795,14.6147,121.0606,1411666380
795,14.6193,121.0519,1411656180
795,14.5494,121.0283,1411653240
795,14.5514,121.0285,1411652580
795,14.5347,121.0527,1411651320
795,14.5505,121.0291,1411615140
795,14.6141,121.0597,1411570020
795,14.5317,121.0516,1411533840
795,14.6146,121.0605,1411523820
795,14.6146,121.0605,1411490340
795,14.5317,121.0516,1411467120
795,14.6146,121.0605,1411400100
795,14.6146,121.0605,1411397880
795,14.5318,121.0524,1411360020
795,14.5348,121.0512,1411359360
795,14.6146,121.0605,1411315860
795,14.6147,121.0606,1411305120
795,14.6343,121.0335,1411250880
795,14.6334,121.0305,1411248240
795,14.6343,121.034,1411237920
795,14.5837,121.0558,1411225080
795,14.5855,121.0572,1411218300
795,14.6146,121.0605,1411176300
795,14.5472,121.0362,1411123260
795,14.5324,121.0519,1411122720
795,14.5322,121.0529,1411118640
795,14.5314,121.0513,1411105500
795,14.5314,121.0513,1411105440
795,14.532,121.0519,1411102980
795,14.5339,121.0522,1411102380
795,14.5348,121.0527,1411102380
795,14.5358,121.0467,1411102260
795,14.5425,121.0418,1411102200
795,14.5367,121.0469,1411102140
795,14.5448,121.0447,1411102020
795,14.5479,121.0428,1411102020
795,14.5475,121.0388,1411101960
795,14.5495,121.03,1411101840
795,14.5523,121.0318,1411101720
795,14.5523,121.0301,1411101720
795,14.5522,121.0301,1411101540
795,14.5669,121.0471,1411100520
795,14.6127,121.0542,1411099620
795,14.6146,121.0605,1411066920
795,14.6146,121.0605,1411066920
795,14.5474,121.0395,1411051080
795,14.5316,121.0516,1411027440
795,14.5348,121.052,1411014720
795,14.5497,121.0301,1411013820
795,14.5817,121.0553,1411012740
795,14.6146,121.0606,1411007040
795,14.6146,121.0605,1410980460
795,14.6221,121.053,1410969960
795,14.5316,121.0515,1410933960
795,14.6146,121.0605,1410888300
795,14.6146,121.0605,1410888240
795,14.5316,121.0516,1410765060
795,14.5317,121.0517,1410761760
795,14.5317,121.0516,1410760320
795,14.6146,121.0605,1410748680
795,14.6146,121.0605,1410724260
795,14.6147,121.0606,1410716340
795,14.6147,121.0606,1410716280
795,14.6147,121.0606,1410714660
795,14.6146,121.0605,1410713880
795,14.6204,121.057,1410712260
795,14.6195,121.054,1410712200
795,14.6212,121.0516,1410710280
795,14.6146,121.0605,1410704640
795,14.6146,121.0605,1410704340
795,14.6146,121.0605,1410703200
795,14.6146,121.0605,1410700740
795,14.6145,121.0605,1410698340
795,14.2638,121.0746,1410691620
795,14.095,120.9151,1410684000
795,14.1208,120.9633,1410621780
795,14.1178,120.9599,1410618240
795,14.1176,120.9594,1410618180
795,14.1152,120.962,1410610320
795,14.0991,120.9236,1410602460
795,14.0991,120.9236,1410601680
795,14.541,121.0551,1410596040
795,14.5365,121.052,1410595980
795,14.5839,121.0552,1410585720
795,14.6159,121.0593,1410539460
795,14.5318,121.0518,1410513840
795,14.5317,121.0518,1410504660
795,14.5317,121.0518,1410504600
795,14.532,121.0518,1410498480
795,14.5564,121.024,1410456300
795,14.5319,121.0517,1410427920
795,14.5319,121.0517,1410427860
795,14.6146,121.0605,1410401280
795,14.5318,121.0513,1410342600
795,14.5317,121.0518,1410332460
795,14.6129,121.054,1410320100
795,14.5319,121.0523,1410256560
795,14.5318,121.0519,1410255300
795,14.5318,121.0515,1410254640
795,14.5316,121.0516,1410252000
795,14.6146,121.0605,1410191820
795,14.6146,121.0605,1410191460
795,14.5489,121.0279,1410188340
795,14.5316,121.0516,1410178080
795,14.5321,121.0512,1410153180
795,14.5319,121.0519,1410151200
795,14.5318,121.0521,1410151080
795,14.5318,121.0518,1410151080
795,14.5574,121.0399,1410149880
795,14.5558,121.0346,1410149880
795,14.6146,121.0605,1410104700
795,14.6146,121.0604,1410094080
795,14.6146,121.0605,1410093180
795,14.6146,121.0605,1410085440
795,14.5963,121.059,1410027660
795,14.578,121.0511,1409932200
795,14.5322,121.0516,1409924280
795,14.5839,121.0778,1409842860
795,14.5399,121.0563,1409840400
795,14.5318,121.0518,1409805180
795,14.6146,121.0606,1409767800
795,14.5493,121.0276,1409755860
795,14.6146,121.0605,1409685720
795,14.6146,121.0605,1409685540
795,14.6146,121.0605,1409674860
795,14.6147,121.0606,1409674800
795,14.5318,121.0518,1409633280
795,14.6146,121.0605,1409595240
795,14.6143,121.0622,1409595120
795,14.5593,121.0402,1409586720
795,14.5461,121.0254,1409584200
795,14.5329,121.0506,1409575320
795,14.5317,121.0517,1409572800
795,14.5316,121.0517,1409571480
795,14.5328,121.0507,1409564220
795,14.5317,121.0515,1409547600
795,14.6146,121.0605,1409518440
795,14.6146,121.0605,1409517900
795,14.6146,121.0605,1409481600
795,14.6146,121.0605,1409420340
795,14.6147,121.0606,1409407140
795,14.6146,121.062,1409382720
795,14.6147,121.0606,1409377980
795,14.6146,121.0605,1409339820
795,14.6143,121.0622,1409336760
795,14.6147,121.0573,1409333160
795,14.5744,121.0489,1409331300
795,14.5492,121.0283,1409326860
795,14.5425,121.0205,1409325060
795,14.5316,121.0515,1409301360
795,14.5322,121.0515,1409300400
795,14.5394,121.0192,1409237340
795,14.5318,121.052,1409201400
795,14.5655,121.045,1409196300
795,14.6695,121.1085,1409164800
795,14.6146,121.0605,1409143860
795,14.6146,121.0605,1409133480
795,14.6146,121.0605,1409106780
795,14.6146,121.0605,1409070540
795,14.6146,121.0605,1409053260
795,14.6146,121.0605,1409050800
795,14.6146,121.0605,1409043480
795,14.6146,121.0605,1409002320
795,14.6146,121.0605,1408983420
795,14.6147,121.0606,1408976220
795,14.6146,121.0605,1408954440
795,14.6146,121.0605,1408911360
795,14.6146,121.0605,1408910220
795,14.6146,121.0605,1408909440
795,14.6146,121.0605,1408909320
795,14.6146,121.0605,1408908780
795,14.6146,121.0605,1408907700
795,14.6146,121.0605,1408906560
795,14.6146,121.0605,1408905420
795,14.6146,121.0605,1408886280
795,14.6146,121.0605,1408835280
795,14.6146,121.0605,1408834860
795,14.6146,121.0605,1408822440
795,14.6197,121.0566,1408802580
795,14.6147,121.0606,1408801440
795,14.6147,121.0606,1408798140
795,14.6146,121.0605,1408797780
795,14.6146,121.0605,1408795800
795,14.6146,121.0605,1408794420
795,14.6146,121.0605,1408789140
795,14.6146,121.0605,1408788180
795,14.6146,121.0605,1408758480
795,14.6146,121.0605,1408748280
795,14.6146,121.0605,1408748160
795,14.6146,121.0605,1408746120
795,14.5678,120.9932,1408737000
795,14.6053,120.982,1408721700
795,14.6146,121.0605,1408713360
795,14.6146,121.0604,1408648020
795,14.6146,121.0605,1408634340
795,14.6147,121.0606,1408616880
795,14.6146,121.0605,1408612440
795,14.6146,121.0605,1408612200
795,14.6146,121.0604,1408542540
795,14.6146,121.0605,1408535160
795,14.6146,121.0605,1408532040
795,14.6191,121.0569,1408520640
795,20.4452,121.9676,1408520340
795,14.6146,121.0605,1408479360
795,14.6146,121.0604,1408472040
795,14.6146,121.0605,1408471620
795,14.6146,121.0605,1408471620
795,14.6146,121.0604,1408471440
795,14.6128,121.0576,1408465200
795,14.6021,121.0511,1408446060
795,14.6006,121.0594,1408445460
795,14.6146,121.0604,1408433100
795,14.6146,121.0604,1408396920
795,14.6156,121.0616,1408388880
795,14.5492,121.0549,1408372920
795,14.5405,121.0472,1408372440
795,14.5346,121.0497,1408370880
795,14.6146,121.0606,1408354860
795,14.6749,121.0666,1408320780
795,14.6146,121.0605,1408320240
795,14.6145,121.0605,1408319460
795,14.6146,121.0605,1408318200
795,14.6146,121.0605,1408302300
795,14.6145,121.0605,1408300080
795,14.6146,121.0605,1408289100
795,14.6146,121.0604,1408288920
795,14.6146,121.0604,1408281360
795,14.6146,121.0605,1408261500
795,14.6146,121.0604,1408215300
795,14.6145,121.0605,1408188420
795,14.6146,121.0605,1408187160
795,14.5637,121.0446,1408173420
795,14.4733,120.9921,1408160820
795,14.5537,121.0213,1408156620
795,14.6031,121.0585,1408155960
795,14.6146,121.0605,1408152180
795,14.6146,121.0605,1408152120
795,14.6146,121.0605,1408124640
795,14.6146,121.0604,1408124160
795,14.6146,121.0604,1408123980
795,14.6146,121.0605,1408120380
795,14.6145,121.0605,1408113420
795,14.6146,121.0605,1408052220
795,14.6146,121.0604,1408043040
795,14.6146,121.0604,1408020300
795,14.6146,121.0605,1408012860
795,14.6145,121.0605,1408009680
795,14.6145,121.0605,1407963780
795,14.6145,121.0605,1407961980
795,14.6145,121.0605,1407951120
795,14.6146,121.0604,1407947700
795,14.6146,121.0605,1407947580
795,14.6226,121.0526,1407827400
795,14.6156,121.0616,1407786360
795,14.6156,121.0617,1407784800
795,14.6156,121.0614,1407783300
795,14.6146,121.0604,1407775860
795,14.5639,121.0766,1407715860
795,14.6147,121.0606,1407698700
795,14.6147,121.0605,1407698340
795,14.6146,121.0604,1407698280
795,14.6146,121.0603,1407698100
795,14.6146,121.0604,1407696060
795,14.6146,121.0604,1407696000
795,14.6146,121.0604,1407695880
795,14.6146,121.0604,1407695280
795,14.6146,121.0603,1407687660
795,14.6146,121.0603,1407687480
795,14.6146,121.0603,1407687120
795,14.6147,121.0605,1407686760
795,14.6146,121.0604,1407686220
795,14.6146,121.0603,1407685680
795,14.6148,121.0607,1407685080
795,14.6146,121.0603,1407683160
795,14.6146,121.0603,1407681900
795,14.6146,121.0604,1407607500
795,14.6146,121.0604,1407584340
795,14.6146,121.0603,1407542220
795,14.6146,121.0604,1407523260
795,14.6148,121.0606,1407514980
795,14.5999,121.0594,1407502980
795,14.6147,121.0605,1407494700
795,14.6145,121.0604,1407494640
795,14.6146,121.0604,1407494580
795,14.6146,121.0604,1407494280
795,14.6146,121.0604,1407493860
795,14.6146,121.0604,1407493320
795,14.6146,121.0604,1407493020
795,14.6148,121.0606,1407488100
795,14.6146,121.0603,1407445560
795,14.6146,121.0604,1407443220
795,14.6146,121.0604,1407442080
795,14.6146,121.0604,1407441900
795,14.6147,121.0605,1407441240
795,14.6146,121.0604,1407435000
795,14.6146,121.0604,1407434580
795,14.6148,121.0606,1407429480
795,14.6147,121.0606,1407408840
795,14.6147,121.0605,1407403680
795,14.6154,121.057,1407401760
795,14.6146,121.0603,1407400800
795,14.6146,121.0604,1407398820
795,14.6147,121.06,1407363900
795,14.6154,121.0571,1407351660
795,14.6146,121.0603,1407350700
795,14.6146,121.0604,1407345480
795,14.6147,121.0606,1407311400
795,14.6146,121.0604,1407277440
795,14.6146,121.0604,1407277440
795,14.6146,121.0604,1407277140
795,14.6146,121.0604,1407272700
795,14.6147,121.0605,1407268200
795,14.6146,121.0604,1407259980
795,14.6148,121.0607,1407250500
795,14.6146,121.0604,1407191640
795,14.6154,121.057,1407182460
795,14.6154,121.057,1407181500
795,14.6146,121.0602,1407157920
795,14.6146,121.0604,1407103860
795,14.6146,121.0604,1407098820
795,14.6148,121.0607,1407089760
795,14.6146,121.0603,1407080160
795,14.6146,121.0605,1407060720
795,14.6154,121.057,1407023040
795,14.6146,121.0604,1407021900
795,14.6222,121.0532,1407013800
795,14.6221,121.0531,1407013620
795,14.6221,121.053,1407004620
795,14.6177,121.0559,1407003960
795,14.6129,121.0594,1407003060
795,14.6145,121.0588,1406995680
795,14.6038,121.0167,1406974860
795,14.6186,121.0578,1406962380
795,14.6147,121.0605,1406928480
795,14.6148,121.0607,1406928300
795,14.6156,121.0583,1406905380
795,14.6137,121.0591,1406902260
795,14.6128,121.0594,1406897880
795,14.6136,121.0591,1406895060
795,14.6129,121.0594,1406894100
795,14.6128,121.0594,1406893980
795,14.6156,121.0583,1406893500
795,14.6156,121.0583,1406893500
795,14.6128,121.0594,1406892660
795,14.6184,121.0564,1406884560
795,14.6185,121.0555,1406884080
795,14.6181,121.0559,1406821680
795,14.5792,121.0525,1406820060
795,14.5737,121.0286,1406815620
795,14.5732,121.0282,1406814360
795,14.5732,121.0282,1406814180
795,14.5732,121.0282,1406814060
795,14.6128,121.0576,1406804700
795,14.6146,121.0604,1406799120
795,14.6146,121.0603,1406795400
795,14.6146,121.0604,1406761980
795,14.6147,121.0605,1406757180
795,14.6148,121.0606,1406731980
795,14.6148,121.0607,1406726640
795,14.6146,121.0604,1406726040
795,14.6146,121.0604,1406725920
795,14.6146,121.0604,1406725380
795,14.6147,121.0605,1406724960
795,14.6147,121.06,1406716740
795,14.6146,121.0604,1406665080
795,14.6147,121.0605,1406661360
795,14.6147,121.0605,1406658900
795,14.6146,121.0604,1406657940
795,14.6146,121.0604,1406657640
795,14.6146,121.0604,1406657580
795,14.6146,121.0604,1406656500
795,14.6146,121.0604,1406656320
795,14.6147,121.0605,1406655720
795,14.6147,121.0605,1406653680
795,14.6344,121.034,1406635440
795,14.6147,121.0605,1406592540
795,14.6146,121.0604,1406589420
795,14.6147,121.0605,1406589180
795,14.6146,121.0604,1406576580
795,14.6146,121.0604,1406576460
795,14.6146,121.0604,1406575380
795,14.6146,121.0604,1406574120
795,14.6146,121.0604,1406555160
795,14.6146,121.0603,1406549400
795,14.6146,121.0604,1406544900
795,14.6146,121.0604,1406544780
795,14.6146,121.0604,1406482200
795,14.6749,121.0666,1406480940
795,14.6148,121.0606,1406480340
795,14.6147,121.0605,1406478960
795,14.6146,121.0604,1406478540
795,14.6145,121.0604,1406478420
795,14.6146,121.0604,1406475240
795,14.6146,121.0604,1406462580
795,14.6146,121.0604,1406395200
795,14.6148,121.0607,1406395140
795,14.6148,121.0607,1406395080
795,14.6146,121.0604,1406394360
795,14.6147,121.0605,1406392920
795,14.6146,121.0604,1406385000
795,14.6145,121.0605,1406380620
795,14.6147,121.0605,1406380440
795,14.6147,121.0605,1406380380
795,14.6146,121.0604,1406380200
795,14.6145,121.0605,1406379780
795,14.6146,121.0604,1406376660
795,14.6146,121.0604,1406341800
795,14.6148,121.0606,1406339160
795,14.6147,121.0605,1406336760
795,14.6147,121.0605,1406293380
795,14.6143,121.0622,1406226480
795,14.6129,121.0593,1406220780
795,14.6145,121.0607,1406197980
795,14.6147,121.0605,1406189820
795,14.6147,121.0605,1406189760
795,14.6154,121.057,1406149200
795,14.6154,121.057,1406148960
795,14.6154,121.057,1406148960
795,14.6154,121.057,1406148780
795,14.6154,121.057,1406148480
795,14.6154,121.057,1406146980
795,14.6154,121.057,1406146740
795,14.6147,121.0605,1406145000
795,14.6148,121.0607,1406144760
795,14.6148,121.0607,1406144640
795,14.6146,121.0604,1406143800
795,14.6146,121.0604,1406143680
795,14.6146,121.0604,1406127300
795,14.6154,121.057,1406119140
795,14.6144,121.0605,1406032980
795,14.6154,121.057,1405967880
795,14.6154,121.057,1405927500
795,14.6147,121.0605,1405894140
795,14.6147,121.0605,1405887120
795,14.6147,121.0605,1405883760
795,14.6154,121.0571,1405881780
795,14.6146,121.0603,1405880280
795,14.6147,121.0605,1405876260
795,14.6146,121.0604,1405873680
795,14.6147,121.0605,1405867800
795,14.6148,121.0606,1405867620
795,14.6146,121.0604,1405867080
795,14.6147,121.0605,1405867020
795,14.6147,121.0605,1405865280
795,14.6146,121.0604,1405864440
795,14.6147,121.0605,1405861920
795,14.6146,121.0604,1405858920
795,14.6147,121.0605,1405808100
795,14.6146,121.0603,1405798260
795,14.6146,121.0604,1405796520
795,14.6146,121.0604,1405793700
795,14.6146,121.0604,1405793340
795,14.6148,121.0607,1405793220
795,14.6148,121.0607,1405793040
795,14.6146,121.0604,1405792860
795,14.6146,121.0604,1405789080
795,14.6147,121.0605,1405788900
795,14.6146,121.0603,1405788180
795,14.6147,121.0605,1405785000
795,14.6146,121.0604,1405784520
795,14.606,121.0369,1405775040
795,14.6088,121.0464,1405772820
795,14.6146,121.0604,1405759980
795,14.6148,121.0606,1405754520
795,14.6084,121.0299,1405717860
795,14.6147,121.0605,1405702200
795,14.6145,121.0603,1405693560
795,14.6133,121.0625,1405675560
795,14.6146,121.0604,1405635840
795,14.6086,121.0301,1405630080
795,14.6086,121.0301,1405630020
795,14.6085,121.03,1405629300
795,14.6145,121.0607,1405621200
795,14.6154,121.0587,1405618560
795,14.6154,121.057,1405618320
795,14.6154,121.057,1405618200
795,14.6086,121.0301,1405543800
795,14.6066,121.0301,1405539480
795,14.6139,121.054,1405537740
795,14.6147,121.0605,1405536420
795,14.621,121.0547,1405525500
795,14.6147,121.0605,1405509660
795,14.6138,121.0615,1405507140
795,14.6147,121.0605,1405506900
795,14.6154,121.057,1405505820
795,14.6154,121.057,1405505640
795,14.6154,121.057,1405503900
795,14.6154,121.057,1405500960
795,14.6154,121.057,1405500900
795,14.6146,121.0604,1405463760
795,14.6146,121.0604,1405463760
795,14.6147,121.0605,1405455960
795,14.6146,121.0604,1405450680
795,14.6147,121.0605,1405383120
795,14.6146,121.0604,1405341900
795,14.6147,121.0605,1405279140
795,14.6148,121.0606,1405278480
795,14.6147,121.0605,1405274160
795,14.6147,121.0605,1405272420
795,14.6147,121.0605,1405270860
795,14.6146,121.0604,1405264980
795,14.6147,121.0605,1405264020
795,14.6146,121.0604,1405263780
795,14.6146,121.0603,1405263660
795,14.6147,121.0605,1405263600
795,14.6148,121.0606,1405262460
795,14.6154,121.057,1405260720
795,14.6146,121.0604,1405257780
795,14.6146,121.0604,1405239480
795,14.6146,121.0603,1405239480
795,14.6146,121.0603,1405208520
795,14.6154,121.057,1405208460
795,14.6146,121.0606,1405202760
795,14.6147,121.0607,1405202700
795,14.6147,121.0605,1405179900
795,14.6146,121.0604,1405094280
795,14.6154,121.057,1405094100
795,14.6146,121.0604,1405079580
795,14.6146,121.0604,1404990840
795,14.6154,121.0587,1404920400
795,14.6147,121.0605,1404914520
795,14.6149,121.06,1404904920
795,14.6154,121.0571,1404891840
795,14.6146,121.0604,1404890700
795,14.6147,121.0605,1404858720
795,14.6147,121.0605,1404858540
795,14.6146,121.0604,1404845700
795,14.6154,121.057,1404821820
795,14.6146,121.0604,1404806340
795,14.6146,121.0604,1404766260
795,14.6147,121.0605,1404765960
795,14.6146,121.0604,1404765540
795,14.6148,121.0606,1404737100
795,14.6146,121.0604,1404729240
795,14.6146,121.0604,1404723840
795,14.6146,121.0604,1404680580
795,14.6073,121.0639,1404600780
795,14.6146,121.0601,1404510720
795,14.6147,121.0605,1404509340
795,14.6146,121.0604,1404507480
795,14.6146,121.0604,1404494640
795,14.6328,121.0349,1404476460
795,14.6329,121.0347,1404475560
795,14.6146,121.0604,1404456900
795,14.6154,121.0591,1404417120
795,14.6154,121.057,1404406920
795,14.6147,121.0605,1404403200
795,14.6147,121.0605,1404352740
795,14.6146,121.0604,1404327480
795,14.6146,121.0604,1404327180
795,14.6146,121.0604,1404327180
795,14.6148,121.0606,1404317940
795,14.6154,121.057,1404304380
795,14.6154,121.0588,1404301440
795,14.6146,121.0604,1404291300
795,14.6147,121.0605,1404250800
795,14.6154,121.0571,1404246900
795,14.6148,121.0606,1404239820
795,14.6146,121.0604,1404233640
795,14.6153,121.0568,1404233160
795,14.615,121.0602,1404231420
795,14.6146,121.0604,1404209460
795,14.6147,121.0605,1404208260
795,14.6147,121.0605,1404205860
795,14.6147,121.0605,1404204660
795,14.6147,121.0605,1404204480
795,14.6146,121.0604,1404159480
795,14.6146,121.0605,1404158940
795,14.6145,121.0605,1404158700
795,14.6147,121.0605,1404155040
795,14.6147,121.0605,1404145260
795,14.6147,121.0605,1404141540
795,14.6565,121.0303,1404127140
795,14.6565,121.0304,1404127080
795,14.6577,121.0295,1404125160
795,14.6576,121.0296,1404121080
795,14.6565,121.0303,1404120900
795,14.6146,121.0603,1404085200
795,14.6562,121.0317,1404053520
795,14.6565,121.0303,1404044700
795,14.6149,121.059,1404030900
795,14.6147,121.0605,1403985960
795,14.6147,121.0606,1403979360
795,14.6148,121.0606,1403976600
795,14.6148,121.0606,1403954640
795,14.6153,121.0575,1403948460
795,14.6147,121.0605,1403930340
795,14.6186,121.0722,1403923380
795,14.6196,121.0638,1403917500
795,14.6091,121.0808,1403903880
795,14.6091,121.0809,1403903160
795,14.6091,121.0806,1403900040
795,14.6147,121.0605,1403883900
795,14.6147,121.0605,1403881200
795,14.6148,121.0606,1403869500
795,14.6147,121.0605,1403867880
795,14.6147,121.0605,1403858700
795,14.6146,121.0603,1403858280
795,14.6147,121.0605,1403813460
795,14.6146,121.0604,1403799120
795,14.5853,121.0561,1403784900
795,14.6124,121.0614,1403776560
795,14.6146,121.0603,1403762820
795,14.6154,121.0572,1403716740
795,14.6147,121.0605,1403716620
795,14.6146,121.0606,1403715900
795,14.6146,121.0603,1403713620
795,14.6147,121.0605,1403711760
795,14.6146,121.0604,1403651640
795,14.6146,121.0604,1403630340
795,14.6147,121.0605,1403627820
795,14.6146,121.0604,1403613900
795,14.6146,121.0604,1403612940
795,14.6147,121.0605,1403612640
795,14.6148,121.0607,1403612340
795,14.6147,121.0605,1403611020
795,14.6146,121.0604,1403524500
795,14.6147,121.0605,1403447640
795,14.6148,121.0607,1403446380
795,14.6147,121.0605,1403412000
795,14.6146,121.0604,1403376960
795,14.6185,121.0524,1403375640
795,14.6529,121.0335,1403361660
795,14.5458,121.0242,1403358720
795,14.5347,121.0489,1403355120
795,14.5347,121.0495,1403320140
795,14.6146,121.0604,1403291940
795,14.5512,121.0269,1403285160
795,14.5494,121.0302,1403285100
795,14.5473,121.0465,1403284740
795,14.5344,121.0495,1403284020
795,14.5345,121.0494,1403257200
795,14.5348,121.0494,1403257140
795,14.5347,121.0494,1403256060
795,14.6148,121.0607,1403200260
795,14.6147,121.0605,1403194320
795,14.6239,121.0491,1403190720
795,14.6325,121.0452,1403190660
795,14.5347,121.0495,1403146800
795,14.6148,121.0604,1403139780
795,14.6047,121.0368,1403075400
795,14.5347,121.0495,1403060460
795,14.6146,121.0604,1403036160
795,14.6147,121.0605,1403029320
795,14.6147,121.0605,1403024880
795,14.6154,121.0573,1403022780
795,14.615,121.0596,1403022600
795,14.6147,121.0605,1403019240
795,14.6154,121.0577,1403008020
795,14.6146,121.0604,1402940160
795,14.6146,121.0604,1402939860
795,14.6147,121.0606,1402937400
795,14.6147,121.0606,1402937340
795,14.6146,121.0604,1402930200
795,14.6146,121.0603,1402922640
795,14.6146,121.0604,1402907880
795,14.6146,121.0604,1402907880
795,14.6146,121.0604,1402862880
795,14.6084,121.0806,1402852020
795,14.6087,121.0808,1402849980
795,14.6102,121.0799,1402846260
795,14.6154,121.057,1402767120
795,14.6147,121.0605,1402765380
795,14.6147,121.0605,1402753080
795,14.5346,121.0495,1402739340
795,14.5346,121.0495,1402728600
795,14.5346,121.0495,1402717740
795,14.5346,121.0495,1402716180
795,14.6147,121.0605,1402680660
795,14.6146,121.0604,1402680060
795,14.6146,121.0604,1402679580
795,14.6222,121.0531,1402669380
795,14.5849,121.0559,1402664460
795,14.5394,121.054,1402628760
795,14.6033,121.0791,1402627500
795,14.5639,121.0766,1402592820
795,14.6154,121.057,1402586340
795,14.5346,121.0495,1402544400
795,14.6146,121.0604,1402502160
795,14.6146,121.0604,1402452060
795,14.6146,121.0604,1402418100
795,14.6146,121.0605,1402407780
795,14.5347,121.0495,1402387080
795,14.6146,121.0604,1402343340
795,14.6146,121.0604,1402343280
795,14.654,121.0347,1402337100
795,14.6537,121.0337,1402322880
795,14.6532,121.0338,1402321200
795,14.6529,121.0335,1402318740
795,14.6146,121.0604,1402311540
795,14.6146,121.0604,1402302000
795,14.6146,121.0605,1402299060
795,14.6146,121.0605,1402299060
795,14.6147,121.0606,1402298580
795,14.6146,121.0605,1402291740
795,14.6146,121.0605,1402264200
795,14.6146,121.0605,1402263300
795,14.6146,121.0605,1402260780
795,14.6146,121.0605,1402257360
795,14.6146,121.0605,1402229520
795,14.6146,121.0606,1402168680
795,14.6159,121.0593,1402155300
795,14.6146,121.0605,1402150800
795,14.5346,121.0495,1402138440
795,14.5374,121.0522,1402132380
795,14.5347,121.0495,1402111080
795,14.6145,121.0605,1402087200
795,14.6143,121.0622,1402086720
795,14.5567,121.0235,1402080120
795,14.5566,121.0243,1402075500
795,14.5566,121.0243,1402075080
795,14.5566,121.0242,1402074960
795,14.5566,121.0243,1402074720
795,14.5565,121.0241,1402070400
795,14.5499,121.0304,1402065420
795,14.5345,121.0493,1402063860
795,14.532,121.0525,1402044840
795,14.532,121.0524,1402042740
795,14.5485,121.0264,1402041840
795,14.6146,121.0606,1401993540
795,14.6146,121.0605,1401989340
795,14.5346,121.0495,1401954960
795,14.5346,121.0495,1401947880
795,14.6107,121.0551,1401936000
795,14.6146,121.0606,1401935100
795,14.6146,121.0605,1401902700
795,14.6146,121.0605,1401902100
795,14.6145,121.0606,1401902040
795,14.5346,121.0506,1401871500
795,14.5477,121.0544,1401849900
795,14.6147,121.0606,1401790500
795,14.6146,121.0605,1401786780
795,14.6147,121.0606,1401778500
795,14.5353,121.0471,1401716580
795,14.5345,121.049,1401716220
795,14.6146,121.0605,1401653700
795,14.6146,121.0605,1401653640
795,14.6146,121.0605,1401650880
795,14.6146,121.0605,1401648660
795,14.6146,121.0605,1401640740
795,14.6146,121.0605,1401639540
795,14.6146,121.0605,1401632100
795,14.6146,121.0605,1401629640
795,14.6146,121.0605,1401622200
795,14.6146,121.0605,1401619560
795,14.6146,121.0606,1401611100
795,14.6146,121.0605,1401610200
795,14.6146,121.0605,1401605460
795,14.6146,121.0605,1401604920
795,14.6147,121.0606,1401554640
795,14.6146,121.0606,1401553080
795,14.6146,121.0605,1401547620
795,14.6146,121.0605,1401544740
795,14.5313,121.0254,1401538500
795,14.5354,121.0467,1401538260
795,14.5355,121.0469,1401538200
795,14.5349,121.0487,1401520200
795,14.6135,121.0583,1401502320
795,14.6146,121.0605,1401460500
795,14.6147,121.0606,1401459480
795,14.5674,121.046,1401454440
795,14.5346,121.0495,1401448860
795,14.5346,121.0495,1401448500
795,14.5346,121.0495,1401444780
795,14.6146,121.0605,1401387420
795,14.6146,121.0606,1401384900
795,14.5348,121.0487,1401365160
795,14.5347,121.0498,1401364980
795,14.5345,121.0494,1401346920
795,14.5346,121.0495,1401346260
795,14.5346,121.0495,1401345540
795,14.5346,121.0495,1401345480
795,14.5346,121.0495,1401343320
795,14.5346,121.0495,1401343140
795,14.5346,121.0495,1401343080
795,14.5346,121.0495,1401343020
795,14.5346,121.0495,1401334560
795,14.5346,121.0495,1401334500
795,14.6146,121.0606,1401327360
795,14.6147,121.0606,1401304440
795,14.6145,121.0606,1401300600
795,14.5346,121.0495,1401278340
795,14.536,121.052,1401267360
795,14.6318,121.0328,1401229560
795,14.6298,121.034,1401216240
795,14.6147,121.0535,1401214800
795,14.6146,121.0605,1401203040
795,14.5375,121.0522,1401186240
795,14.5345,121.0494,1401174840
795,14.5346,121.0495,1401168420
795,14.5346,121.0495,1401167400
795,14.5346,121.0495,1401167340
795,14.5347,121.0495,1401160440
795,14.5346,121.0495,1401160320
795,14.6147,121.0606,1401126120
795,14.6146,121.0605,1401125280
795,14.6146,121.0605,1401123360
795,15.7624,121.568,1401079560
795,15.7624,121.5679,1401060300
795,15.7624,121.5679,1401059640
795,15.7624,121.5675,1400985960
795,15.7624,121.5679,1400931840
795,15.7877,121.1922,1400923860
795,15.4963,120.913,1400919660
795,15.1676,120.6107,1400913360
795,14.6158,121.0739,1400903160
795,14.6146,121.0605,1400877420
795,14.6146,121.0605,1400866860
795,14.622,121.053,1400858160
795,14.5346,121.0495,1400846040
795,14.5346,121.0495,1400829600
795,14.5346,121.0495,1400828580
795,14.5351,121.0486,1400827800
795,14.5346,121.0495,1400827320
795,14.6146,121.0605,1400809920
795,14.6146,121.0605,1400776920
795,14.6146,121.0606,1400767980
795,14.6184,121.0523,1400763180
795,14.5346,121.0495,1400737260
795,14.5471,121.0538,1400726520
795,14.6146,121.0606,1400688600
795,14.5346,121.0495,1400662200
795,14.5346,121.0495,1400649240
795,14.6146,121.0606,1400611380
795,14.6146,121.0605,1400608800
795,14.6146,121.0605,1400605740
795,14.6145,121.0606,1400603460
795,14.6146,121.0605,1400603400
795,14.6146,121.0605,1400602920
795,14.6146,121.0606,1400594700
795,14.6231,121.0279,1400589300
795,14.6222,121.0238,1400586600
795,14.6221,121.0238,1400582820
795,14.6222,121.0238,1400582820
795,14.6221,121.0238,1400581440
795,14.6223,121.0234,1400577540
795,14.6223,121.0233,1400575140
795,14.6146,121.0605,1400572920
795,14.6146,121.0605,1400530440
795,14.6146,121.0605,1400489460
795,14.6147,121.0606,1400488200
795,14.6146,121.0605,1400485380
795,14.6146,121.0605,1400450460
795,14.6158,121.0619,1400442480
795,14.6341,121.038,1400435280
795,14.6337,121.0374,1400430780
795,14.6337,121.0375,1400430660
795,14.6337,121.0373,1400429940
795,14.6337,121.0373,1400429760
795,14.6337,121.0373,1400429700
795,14.634,121.0373,1400429280
795,14.6337,121.0373,1400428500
795,14.6145,121.0606,1400425680
795,14.6146,121.0606,1400423640
795,14.6146,121.0605,1400422680
795,14.6146,121.0605,1400413500
795,14.6146,121.0605,1400404500
795,14.6146,121.0606,1400404200
795,14.6145,121.0605,1400402340
795,14.551,121.0222,1400333100
795,14.5509,121.0219,1400332080
795,14.5512,121.0217,1400327400
795,14.5599,121.0161,1400326500
795,14.6,121.0163,1400324820
795,14.622,121.0239,1400315040
795,14.622,121.0238,1400314320
795,14.606,120.9718,1400310780
795,14.6223,121.0236,1400304180
795,14.6212,121.0228,1400300580
795,14.5479,121.0258,1400298900
795,14.5509,121.0218,1400296380
795,14.5521,121.0243,1400262780
795,14.552,121.0208,1400261400
795,14.5518,121.0219,1400261100
795,14.5512,121.0219,1400260740
795,14.5508,121.0221,1400260200
795,14.5507,121.0218,1400255460
795,14.5512,121.0219,1400254980
795,14.5508,121.022,1400254920
795,14.5412,121.0187,1400244960
795,14.5411,121.019,1400244900
795,14.5347,121.0495,1400218740
795,14.5476,121.046,1400209320
795,14.6153,121.0606,1400206260
795,14.6145,121.0606,1400174700
795,14.6146,121.0605,1400165040
795,14.6146,121.0605,1400165040
795,14.5346,121.0495,1400140980
795,14.5346,121.0495,1400140500
795,14.5346,121.0495,1400140200
795,14.5346,121.0494,1400138400
795,14.5346,121.0494,1400138340
795,14.5347,121.0495,1400135700
795,14.5346,121.0495,1400135700
795,14.5346,121.0495,1400134500
795,14.5346,121.0495,1400133000
795,14.5346,121.0495,1400130540
795,14.5347,121.0495,1400123040
795,14.6146,121.0605,1400081640
795,14.6146,121.0605,1400076780
795,14.6186,121.0524,1400073540
795,14.6146,121.0605,1400003640
795,14.6146,121.0605,1400001780
795,14.6146,121.0605,1400000160
795,14.6146,121.0606,1399999740
795,14.6146,121.0605,1399999560
795,14.6146,121.0605,1399999320
795,14.6146,121.0605,1399986720
795,14.5537,121.0334,1399984320
795,14.6143,121.0622,1399932840
795,14.5872,121.1175,1399926300
795,14.5923,121.1275,1399926240
795,14.6146,121.0606,1399915800
795,14.6147,121.0606,1399914120
795,14.6147,121.0606,1399912860
795,14.6147,121.0606,1399912800
795,14.6146,121.0604,1399890960
795,14.6146,121.0605,1399890900
795,14.6146,121.0605,1399868880
795,20.448,121.9698,1399854360
795,14.6146,121.0605,1399844940
795,14.6146,121.0605,1399844820
795,14.6146,121.0605,1399842540
795,14.6146,121.0605,1399841160
795,14.6147,121.0606,1399840920
795,14.6146,121.0605,1399840680
795,14.6146,121.0605,1399839900
795,14.6146,121.0605,1399839420
795,14.6146,121.0605,1399834740
795,14.6146,121.0605,1399834500
795,14.6146,121.0605,1399825620
795,14.6146,121.0605,1399818060
795,14.6146,121.0606,1399817460
795,14.6146,121.0605,1399814700
795,14.6146,121.0605,1399804440
795,14.6147,121.0606,1399804260
795,14.6146,121.0606,1399742580
795,14.6192,121.0574,1399741800
795,14.6595,121.0698,1399737420
795,14.6794,121.1467,1399730640
795,14.6775,121.1557,1399727880
795,14.6775,121.1557,1399727760
795,14.6775,121.1557,1399717260
795,14.6776,121.1474,1399716960
795,14.6146,121.0605,1399666980
795,14.6147,121.0606,1399659300
795,14.5347,121.0484,1399637220
795,14.5346,121.0495,1399625040
795,14.5346,121.0495,1399624320
795,14.6146,121.0605,1399566120
795,14.6146,121.0605,1399566060
795,14.6198,121.0509,1399553100
795,14.5348,121.0496,1399543680
795,14.5346,121.0495,1399541580
795,14.5347,121.0495,1399518480
795,14.6146,121.0605,1399514700
795,14.6145,121.0606,1399513260
795,14.6145,121.0605,1399513140
795,14.6146,121.0605,1399467840
795,14.6146,121.0605,1399466400
795,14.5425,121.0471,1399457760
795,14.5346,121.0495,1399456680
795,14.5324,121.0524,1399445940
795,14.532,121.0524,1399444740
795,14.5846,121.0558,1399439340
795,14.6146,121.0605,1399395780
795,14.6146,121.0605,1399387320
795,14.6147,121.0606,1399321380
795,14.6146,121.0605,1399319520
795,14.6146,121.0606,1399318380
795,14.6137,121.0665,1399317840
795,14.6269,121.0837,1399303140
795,14.6147,121.0606,1399290780
795,20.448,121.9698,1399277700
795,14.6146,121.0605,1399272480
795,14.6146,121.0605,1399271220
795,14.6146,121.0605,1399270740
795,14.6147,121.0606,1399270440
795,14.6146,121.0605,1399270260
795,14.6146,121.0605,1399264140
795,14.6146,121.0605,1399215660
795,14.6146,121.0605,1399214100
795,14.6007,121.0617,1399208520
795,14.6003,121.0616,1399189740
795,14.6003,121.0616,1399189680
795,14.6005,121.0617,1399189560
795,14.6073,121.0639,1399145100
795,14.6146,121.0605,1399127880
795,14.5346,121.0495,1399118640
795,14.5346,121.0495,1399095960
795,14.6146,121.0605,1399082220
795,14.5346,121.0495,1399025760
795,14.5346,121.0495,1399008720
795,14.5346,121.0495,1399006320
795,14.5346,121.0495,1399004040
795,14.5347,121.0495,1398999540
795,14.6154,121.057,1398995580
795,14.6146,121.0606,1398961920
795,14.6146,121.0605,1398958200
795,14.6146,121.0605,1398956400
795,14.5326,121.0229,1398946440
795,14.5272,121.0295,1398946260
795,14.5346,121.0495,1398932340
795,14.6124,121.0623,1398912120
795,14.6146,121.0605,1398879540
795,14.6146,121.0605,1398874620
795,14.6145,121.0606,1398796020
795,14.6197,121.0567,1398775020
795,14.6146,121.0605,1398756900
795,14.6146,121.0605,1398750060
795,14.6145,121.0606,1398749100
795,14.6146,121.0605,1398707460
795,14.6146,121.0605,1398705000
795,14.6073,121.0639,1398681420
795,14.6146,121.0605,1398674460
795,14.6146,121.0605,1398670200
795,14.6146,121.0605,1398629460
795,14.6146,121.0606,1398629280
795,14.6146,121.0605,1398628320
795,14.6146,121.0605,1398628140
795,14.6146,121.0605,1398627720
795,13.7536,121.0434,1398613140
795,13.7537,121.043,1398611460
795,13.5068,120.9045,1398570000
795,13.5035,120.9056,1398553500
795,13.5064,120.9041,1398530580
795,13.5072,120.9048,1398525840
795,13.5061,120.9044,1398522720
795,13.5035,120.9055,1398521160
795,13.5077,120.9052,1398516180
795,13.7537,121.043,1398506160
795,14.6317,121.0448,1398496200
795,14.632,121.0448,1398489900
795,14.6147,121.0606,1398485880
795,14.6147,121.0606,1398485760
795,20.4485,121.9699,1398446580
795,14.6146,121.0605,1398438840
795,14.6146,121.0606,1398438600
795,14.6146,121.0605,1398433560
795,14.5346,121.0489,1398428280
795,14.5346,121.0495,1398418620
795,14.5346,121.0495,1398416580
795,14.5346,121.0495,1398402960
795,14.6146,121.0605,1398389220
795,14.6146,121.0605,1398361380
795,14.6146,121.0605,1398361320
795,14.6146,121.0605,1398350940
795,14.5544,121.0342,1398343440
795,14.5346,121.0508,1398341340
795,14.5345,121.0507,1398341220
795,14.5347,121.0496,1398340920
795,14.5346,121.0495,1398340740
795,14.5347,121.0495,1398340440
795,14.5346,121.0495,1398340440
795,14.5347,121.0495,1398340320
795,14.5346,121.0495,1398319800
795,14.5346,121.0495,1398319800
795,14.6146,121.0605,1398282600
795,14.6147,121.0606,1398282120
795,14.6146,121.0605,1398280200
795,14.6158,121.0583,1398278760
795,14.5374,121.0019,1398243480
795,14.5549,120.982,1398241620
795,14.6146,121.0606,1398226500
795,14.6146,121.0606,1398226440
795,14.5832,121.0572,1398171300
795,14.5291,121.0258,1398168960
795,14.5346,121.0494,1398138900
795,14.6146,121.0606,1398101940
795,14.6102,121.0799,1398093900
795,14.5343,121.048,1398056160
795,14.5343,121.048,1398056100
795,14.5347,121.0495,1398048720
795,14.5571,121.0622,1398047820
795,14.6142,121.0537,1398047100
795,14.6146,121.0605,1398021480
795,14.6146,121.0605,1397997900
795,14.6146,121.0606,1397986800
795,14.6146,121.0605,1397984460
795,14.6146,121.0606,1397975580
795,14.6145,121.0605,1397974140
795,14.6146,121.0605,1397974020
795,14.6145,121.0605,1397931540
795,14.6146,121.0605,1397925180
795,14.6146,121.0605,1397920380
795,14.6146,121.0606,1397919660
795,14.6146,121.0605,1397828160
795,14.6145,121.0605,1397826120
795,14.5346,121.0495,1397822760
795,14.5346,121.0495,1397810520
795,14.5346,121.0495,1397810100
795,14.5347,121.0495,1397789760
795,14.6145,121.0606,1397752920
795,14.6145,121.0606,1397752920
795,14.6145,121.0606,1397752800
795,14.6145,121.0605,1397752680
795,14.6146,121.0605,1397745300
795,14.5714,121.0467,1397702700
795,14.6145,121.0605,1397674140
795,14.6145,121.0605,1397674080
795,14.6146,121.0605,1397663520
795,14.6145,121.0606,1397640780
795,14.5639,121.0766,1397632140
795,14.6146,121.0605,1397630580
795,14.6146,121.0606,1397588220
795,14.6146,121.0606,1397586780
795,14.6145,121.0605,1397572320
795,14.6145,121.0605,1397572320
795,14.6146,121.0605,1397571900
795,14.6145,121.0605,1397571480
795,14.6146,121.0605,1397570580
795,14.6145,121.0605,1397569260
795,14.6145,121.0606,1397569140
795,14.6145,121.0605,1397569080
795,14.6145,121.0606,1397568000
795,14.6145,121.0606,1397567760
795,14.6145,121.0605,1397524560
795,14.6146,121.0605,1397493720
795,14.6145,121.0605,1397493660
795,14.6146,121.0605,1397481000
795,14.6146,121.0605,1397458320
795,14.6146,121.0605,1397431020
795,14.6211,121.0636,1397422680
795,14.5967,121.0582,1397418780
795,14.5893,121.0386,1397417280
795,14.6016,121.0655,1397410140
795,14.6016,121.0656,1397409420
795,14.6145,121.0605,1397396580
795,14.6146,121.0605,1397387100
795,14.6145,121.0605,1397386080
795,14.6146,121.0606,1397382240
795,14.6145,121.0606,1397376360
795,14.6145,121.0605,1397332260
795,14.6392,121.0744,1397323440
795,14.6468,121.0599,1397322000
795,14.6458,121.0588,1397321940
795,14.6145,121.0606,1397315160
795,14.6145,121.0606,1397314740
795,14.6145,121.0605,1397314560
795,14.6145,121.0606,1397313120
795,14.5523,121.0301,1397307000
795,14.5348,121.0496,1397304060
795,14.5344,121.0494,1397286900
795,14.6145,121.0606,1397243700
795,14.6145,121.0605,1397243580
795,14.6145,121.0605,1397243520
795,14.5523,121.0301,1397221020
795,14.5346,121.0495,1397188800
795,14.6108,121.0549,1397182680
795,14.6115,121.0545,1397182680
795,14.6146,121.0605,1397178780
795,14.6146,121.0605,1397153820
795,14.6145,121.0605,1397153760
795,14.6145,121.0605,1397153340
795,14.6145,121.0606,1397147460
795,14.6145,121.0605,1397144280
795,14.6145,121.0605,1397144280
795,14.6145,121.0605,1397144040
795,14.6145,121.0605,1397139960
795,14.6146,121.0605,1397139000
795,14.5346,121.0495,1397123880
795,14.5347,121.0495,1397121960
795,14.5346,121.0495,1397121840
795,14.5347,121.0494,1397114760
795,14.5348,121.0495,1397114700
795,14.535,121.0508,1397111160
795,14.5346,121.0495,1397102220
795,14.5347,121.0495,1397098860
795,14.6146,121.0605,1397062380
795,14.6146,121.0605,1397056740
795,14.6194,121.051,1397048580
795,14.588,121.0568,1397047740
795,14.5346,121.0495,1397041800
795,14.6146,121.0605,1397006940
795,14.6146,121.0605,1397006400
795,14.6146,121.0605,1396973580
795,14.6146,121.0605,1396966920
795,14.6146,121.0605,1396966740
795,14.6146,121.0605,1396964640
795,14.5977,121.0596,1396962540
795,14.586,121.0562,1396962360
795,14.5812,121.0539,1396962300
795,14.5347,121.0506,1396959000
795,14.5346,121.0495,1396954500
795,14.5346,121.0495,1396952880
795,14.5346,121.0495,1396935360
795,14.5346,121.0495,1396926960
795,14.6146,121.0604,1396920720
795,14.6146,121.0604,1396918920
795,14.6146,121.0604,1396918860
795,14.6146,121.0604,1396918860
795,14.6146,121.0604,1396895160
795,14.6146,121.0604,1396895100
795,14.6146,121.0604,1396894680
795,14.6146,121.0604,1396894380
795,14.6146,121.0604,1396893240
795,14.6146,121.0604,1396890300
795,14.6146,121.0604,1396890300
795,14.6146,121.0604,1396890060
795,14.6129,121.0594,1396882200
795,14.6133,121.0593,1396881540
795,14.6146,121.0604,1396878000
795,14.6146,121.0604,1396876620
795,14.6146,121.0604,1396873020
795,14.6394,121.0474,1396856040
795,14.6146,121.0604,1396853340
795,14.6146,121.0604,1396853160
795,14.6146,121.0604,1396850700
795,14.6146,121.0604,1396850580
795,14.6146,121.0604,1396850520
795,14.6146,121.0604,1396850220
795,14.6146,121.0604,1396850160
795,14.6146,121.0604,1396830420
795,20.4172,121.948,1396830000
795,14.6146,121.0604,1396820520
795,14.6145,121.0605,1396814580
795,14.6146,121.0605,1396797480
795,14.6146,121.0605,1396795980
795,14.6146,121.0605,1396790520
795,14.6146,121.0604,1396788600
795,14.6146,121.0604,1396782000
795,14.6146,121.0604,1396781820
795,14.6146,121.0604,1396776420
795,14.6147,121.0603,1396770420
795,14.6146,121.0604,1396768380
795,14.6146,121.0604,1396729320
795,14.6146,121.0604,1396728540
795,14.6146,121.0604,1396728360
795,14.6147,121.0614,1396709520
795,14.5347,121.0495,1396672860
795,14.5346,121.0495,1396666800
795,14.5473,121.0545,1396665780
795,14.6146,121.0605,1396632720
795,14.6146,121.0604,1396628640
795,14.6146,121.0604,1396619580
795,14.5346,121.0495,1396587000
795,14.5346,121.0495,1396584300
795,14.6151,121.0589,1396574040
795,14.6146,121.0605,1396545120
795,14.6146,121.0605,1396545060
795,14.6147,121.0606,1396544700
795,14.6146,121.0604,1396542720
795,14.6146,121.0603,1396540140
795,14.6146,121.0604,1396537560
795,14.6129,121.0594,1396528440
795,14.6129,121.0594,1396528380
795,14.6146,121.0605,1396522920
795,14.6146,121.0605,1396522740
795,14.6146,121.0605,1396522620
795,14.6146,121.0604,1396522320
795,14.6148,121.0564,1396521180
795,14.6182,121.0541,1396520880
795,14.6191,121.0533,1396520580
795,14.6078,121.0561,1396520040
795,14.5753,121.0494,1396519620
795,14.561,121.0419,1396519380
795,14.5598,121.0229,1396515660
795,14.5603,121.0256,1396509600
795,14.5609,121.0254,1396506780
795,14.5609,121.0254,1396506660
795,14.6146,121.0605,1396461360
795,14.6146,121.0604,1396445940
795,14.5347,121.0491,1396422540
795,14.535,121.0492,1396422300
795,14.5346,121.0429,1396421280
795,14.5347,121.0495,1396418760
795,14.5346,121.0495,1396418400
795,14.5346,121.0495,1396418220
795,14.5346,121.0495,1396417980
795,14.5346,121.0495,1396417560
795,14.5346,121.0495,1396416420
795,14.5346,121.0495,1396414620
795,14.5347,121.0495,1396413060
795,14.5347,121.0495,1396412160
795,14.5347,121.0495,1396409580
795,14.535,121.0476,1396407360
795,14.5473,121.0483,1396406880
795,14.6146,121.0604,1396402380
795,14.6146,121.0604,1396402200
795,14.6146,121.0604,1396401420
795,14.6146,121.0604,1396401000
795,14.6147,121.0606,1396360860
795,14.6147,121.0605,1396359600
795,14.6146,121.0604,1396359480
795,14.5474,121.047,1396354800
795,14.5346,121.0495,1396353840
795,14.5347,121.0495,1396352160
795,14.5346,121.0495,1396347060
795,14.5346,121.0495,1396340520
795,14.5346,121.0495,1396331340
795,14.5346,121.0495,1396320540
795,14.6146,121.0604,1396315620
795,14.6147,121.0605,1396314120
795,14.6146,121.0604,1396291980
795,14.6146,121.0604,1396251540
795,20.4494,121.9695,1396224480
795,14.6146,121.0604,1396193640
795,14.6146,121.0604,1396188300
795,14.6146,121.0604,1396186800
795,14.6146,121.0605,1396184460
795,14.6146,121.0604,1396171260
795,14.6146,121.0604,1396170840
795,14.6148,121.0599,1396166100
795,14.6146,121.0604,1396124880
795,14.6146,121.0604,1396109460
795,14.6152,121.057,1396107720
795,14.6145,121.0604,1396106220
795,14.6152,121.057,1396104180
795,14.6152,121.057,1396103640
795,14.6147,121.0605,1396102260
795,14.5346,121.0495,1396091220
795,14.6147,121.0601,1396057020
795,14.6146,121.0604,1396055940
795,14.6146,121.0604,1396055820
795,14.6146,121.0605,1396028400
795,14.6146,121.0605,1396027860
795,14.6147,121.0605,1396024020
795,14.6146,121.0604,1396018620
795,14.6146,121.0604,1396012500
795,14.6185,121.0523,1396011600
795,14.604,121.0581,1396011060
795,14.5554,121.0357,1396010340
795,14.5489,121.0279,1396010220
795,20.4516,121.964,1395994380
795,14.5346,121.0495,1395988560
795,14.5345,121.0495,1395988200
795,14.6146,121.0604,1395968640
795,14.6146,121.0605,1395939300
795,14.6146,121.0604,1395937020
795,14.6146,121.0604,1395934200
795,14.6146,121.0605,1395928920
795,14.6146,121.0604,1395928260
795,14.6186,121.0526,1395927540
795,14.5489,121.0279,1395924360
795,14.6146,121.0604,1395884400
795,14.6146,121.0604,1395855600
795,14.6146,121.0604,1395847800
795,14.5489,121.0279,1395837600
795,14.6146,121.0604,1395817560
795,14.5346,121.0495,1395812640
795,14.5479,121.0503,1395802200
795,14.6146,121.0604,1395797700
795,14.6146,121.0604,1395767520
795,14.6146,121.0604,1395767460
795,14.6153,121.0574,1395763260
795,14.6154,121.0573,1395761040
795,14.6146,121.0604,1395760800
795,14.6146,121.0604,1395759240
795,14.6012,121.0507,1395738060
795,14.603,121.0512,1395734280
795,14.603,121.0512,1395733140
795,14.603,121.0512,1395727200
795,14.6031,121.0511,1395727080
795,14.603,121.0512,1395726660
795,14.6109,121.0555,1395725700
795,14.6146,121.0604,1395721680
795,14.6146,121.0604,1395714420
795,14.6146,121.0605,1395687720
795,14.6146,121.0604,1395680640
795,14.6146,121.0604,1395680460
795,14.6146,121.0604,1395680340
795,14.6146,121.0605,1395680040
795,14.6146,121.0604,1395676920
795,14.6147,121.0606,1395674880
795,14.6146,121.0604,1395667080
795,14.6146,121.0604,1395667020
795,14.6151,121.0574,1395598920
795,14.6146,121.0604,1395597480
795,14.6146,121.0604,1395586320
795,14.6146,121.0605,1395570420
795,14.6146,121.0605,1395570300
795,14.6146,121.0605,1395569520
795,14.6146,121.0604,1395569280
795,14.6146,121.0605,1395561780
795,14.6146,121.0604,1395535560
795,14.5626,121.0111,1395534180
795,14.5626,121.0111,1395534000
795,14.5637,121.0121,1395527400
795,14.5635,121.0122,1395516360
795,14.5625,121.0112,1395515880
795,14.5877,121.0454,1395499320
795,14.5347,121.0495,1395483120
795,14.5346,121.0495,1395481260
795,14.5346,121.0495,1395480420
795,14.5347,121.0495,1395463140
