80,36.5489,31.9999,1375523400
80,51.0237,0.5044,1367785740
80,51.0237,0.5044,1367782980
80,51.1207,0.1894,1367589360
80,51.1205,0.1897,1367106480
80,51.1205,0.1897,1366386780
80,51.0629,0.3307,1366114260
80,50.3588,5.1431,1365769140
80,50.3471,5.1529,1365721740
80,50.3497,5.1549,1365721320
80,50.3118,5.133,1365705660
80,50.3385,4.7934,1365699240
80,50.4136,5.0827,1365614340
80,50.347,5.1517,1365538080
80,50.3588,5.1431,1365537720
80,50.2642,5.0518,1365532020
80,50.2628,5.0523,1365525600
80,51.1207,0.1894,1364941620
80,51.1207,0.1894,1364930580
80,51.1207,0.1894,1364061000
80,51.1207,0.1894,1362960540
80,50.9862,0.6101,1362515760
80,51.1204,0.1895,1361385780
80,50.777,0.9088,1361306460
80,50.777,0.9088,1361304780
80,51.0803,0.3153,1360979280
80,51.0287,0.3952,1360882800
80,51.0287,0.3952,1360882620
80,51.0287,0.3952,1360881420
80,51.0287,0.3953,1360789380
80,51.0285,0.3952,1360789140
80,51.0238,0.5082,1360720560
80,51.0239,0.5082,1360720080
80,51.0287,0.3952,1360611600
80,51.0287,0.3952,1360611600
80,51.1204,0.1893,1360468380
80,51.1207,0.1894,1360459980
80,51.0288,0.3949,1360453260
80,51.0287,0.3952,1360442520
80,51.0287,0.3952,1360166160
80,51.0287,0.3952,1360165500
80,51.0286,0.3952,1360087320
80,51.0615,0.3253,1360074180
80,51.1207,0.1894,1360025280
80,51.0663,0.3189,1359907260
80,51.0285,0.3948,1359859980
80,51.0287,0.3952,1359859920
80,51.0287,0.3952,1359850440
80,51.0672,0.3213,1359838620
80,51.0287,0.3952,1359744060
80,51.0287,0.3952,1359744060
80,51.0631,0.3278,1359647520
80,51.0631,0.3279,1359647460
80,51.0287,0.3952,1359604260
80,51.0287,0.3952,1359603780
80,51.0287,0.3951,1359603540
80,51.0287,0.3952,1359603060
80,51.0286,0.3952,1359602940
80,51.0287,0.3952,1359602460
80,51.0682,0.3215,1359597960
80,51.0681,0.3216,1359597840
80,51.0681,0.3216,1359597780
80,51.0287,0.3952,1359478740
80,51.0287,0.3952,1359471900
80,51.0287,0.3952,1359471840
80,51.0287,0.3952,1359304380
80,51.0288,0.3953,1359304260
80,51.0287,0.3953,1359304140
80,51.0288,0.3953,1359304140
80,51.0284,0.3952,1359139740
80,51.0287,0.3952,1359072480
80,51.0639,0.3273,1359046620
80,51.0635,0.3273,1359046440
80,51.0639,0.3273,1359046440
80,51.064,0.3272,1359046380
80,51.0287,0.3951,1358871120
80,51.0286,0.3954,1358654100
80,51.0287,0.3952,1358653980
80,51.0287,0.3952,1358532300
80,51.0286,0.3951,1358527380
80,51.0286,0.395,1358383800
80,51.0287,0.3952,1358383500
80,51.065,0.3214,1358366940
80,51.0649,0.3223,1358366820
80,51.0642,0.3235,1358366760
80,51.0625,0.3295,1358365620
80,51.0625,0.3297,1358365560
80,51.0631,0.3284,1358364480
80,51.0589,0.33,1358204040
80,51.0625,0.333,1358194200
80,51.0625,0.3333,1358194140
80,51.1204,0.1892,1358016420
80,51.1207,0.1894,1358016360
80,51.0287,0.3952,1358006940
80,51.0287,0.3952,1358006820
80,51.0281,0.3952,1357782600
80,51.0286,0.3952,1357782540
80,51.0287,0.3951,1357782000
80,51.0617,0.3291,1357762320
80,51.0618,0.329,1357762200
80,51.0616,0.3291,1357762080
80,51.0616,0.3292,1357761960
80,51.0286,0.3951,1357669860
80,51.0287,0.3952,1357669800
80,51.0632,0.3293,1357581480
80,51.0287,0.3952,1357522620
80,51.0633,0.3298,1357483680
80,51.0287,0.3953,1357481640
80,51.0286,0.3953,1357446720
80,51.0286,0.395,1357446540
80,51.0283,0.3955,1357446240
80,51.0287,0.3952,1357446120
80,51.1207,0.1898,1357443180
80,51.1204,0.1893,1357436280
80,51.0287,0.3952,1357413060
80,51.0287,0.3952,1357407360
80,51.0288,0.3952,1357407240
80,51.0286,0.3952,1357352280
80,50.777,0.9088,1357326720
80,50.777,0.9088,1357324560
80,50.777,0.9088,1357324500
80,50.777,0.9088,1357323780
80,51.0286,0.3949,1357258740
80,51.0285,0.395,1357258620
80,51.0285,0.395,1357258500
80,51.0285,0.3952,1357258440
80,51.0634,0.3297,1357247940
80,51.0616,0.3293,1357223100
80,51.1204,0.1893,1357176180
80,51.0634,0.3297,1357153920
80,51.0634,0.3296,1357134660
80,51.0611,0.3273,1357133460
80,51.0287,0.3952,1356998640
80,51.0286,0.3952,1356998640
80,51.0633,0.3292,1356963840
80,51.0633,0.3293,1356963720
80,51.0634,0.3293,1356962700
80,51.0287,0.3952,1356911040
80,51.0286,0.3952,1356817740
80,51.029,0.3953,1356745500
80,51.0286,0.3952,1356745500
80,51.0685,0.3597,1356667560
80,51.0685,0.3597,1356667500
80,51.0287,0.3952,1356575640
80,51.0287,0.3952,1356464400
80,51.0288,0.3954,1356451560
80,51.0286,0.3951,1356406680
80,51.0579,0.3294,1356355020
80,51.0287,0.3951,1356148020
80,51.0285,0.3953,1356147780
80,51.0285,0.3952,1356147660
80,51.0285,0.3952,1356147480
80,51.0287,0.3952,1356147360
80,51.0286,0.3951,1356147300
80,51.0286,0.3953,1355934120
80,51.0613,0.332,1355930880
80,51.0614,0.3321,1355930820
80,51.0287,0.3952,1355879580
80,51.0287,0.3952,1355879400
80,51.0287,0.3952,1355879280
80,51.0286,0.3951,1355879160
80,51.0286,0.3947,1355782620
80,51.0286,0.3951,1355707380
80,51.0294,0.3942,1355706240
80,51.0287,0.3951,1355706120
80,51.0288,0.3954,1355621280
80,51.0288,0.3954,1355607480
80,51.0286,0.3951,1355607120
80,52.2052,0.1445,1355592960
80,52.2051,0.1444,1355592840
80,51.0284,0.395,1355538600
80,51.0286,0.3951,1355538180
80,51.0287,0.3951,1355532000
80,51.0286,0.3951,1355453460
80,51.0632,0.3293,1355421540
80,51.0634,0.3294,1355421120
80,51.0285,0.395,1355345160
80,51.0288,0.3953,1355338380
80,51.0286,0.3951,1355338200
80,51.0286,0.3954,1355330400
80,51.0286,0.3954,1355330340
80,51.0286,0.3952,1355284740
80,51.0288,0.3949,1355284260
80,51.0286,0.3951,1355283900
80,51.0286,0.3951,1355283720
80,51.0287,0.3951,1355283480
80,51.0284,0.395,1355283000
80,51.0287,0.3952,1355282880
80,51.0287,0.3951,1355282580
80,51.0287,0.3951,1355281560
80,51.0287,0.3952,1355281260
80,51.0287,0.3952,1355281260
80,51.0283,0.3952,1355197860
80,51.0283,0.3952,1355197680
80,51.0287,0.3952,1355197620
80,51.0632,0.328,1355175900
80,51.0633,0.3278,1355175780
80,51.0287,0.3952,1355099640
80,51.0288,0.3954,1355019480
80,51.0286,0.3951,1355019420
80,51.0285,0.3951,1355019180
80,51.0288,0.3954,1355019120
80,51.0285,0.395,1355016480
80,51.0287,0.3952,1355016240
80,51.0286,0.3951,1355016180
80,51.0286,0.3951,1355016060
80,51.0286,0.3949,1355015940
80,51.0286,0.3949,1355015760
80,51.0286,0.3949,1355015700
80,51.0285,0.3953,1355015580
80,51.0287,0.3951,1355015460
80,51.0287,0.3951,1355015280
80,51.0288,0.3952,1354938180
80,51.0287,0.3953,1354935840
80,51.0287,0.3952,1354902720
80,51.0634,0.3297,1354836360
80,51.059,0.3298,1354800900
80,51.0286,0.3951,1354743420
80,51.0287,0.395,1354736700
80,51.0287,0.395,1354736580
80,51.0287,0.395,1354736520
80,51.0286,0.3951,1354677540
80,51.0622,0.3286,1354661760
80,51.0284,0.395,1354589640
80,51.0287,0.3952,1354589580
80,51.0285,0.3951,1354585680
80,51.0287,0.3952,1354584780
80,51.0284,0.3951,1354453260
80,51.4381,0.2706,1354212180
80,51.4382,0.2722,1354110360
80,51.4393,0.272,1354107780
80,51.0287,0.3951,1353963720
80,51.0285,0.3951,1353962760
80,51.0285,0.3951,1353962520
80,51.0287,0.3952,1353882000
80,51.0287,0.3952,1353881880
80,51.0633,0.3315,1353790560
80,51.063,0.3295,1353764700
80,51.0635,0.3293,1353764640
80,51.063,0.3279,1353693480
80,51.0283,0.3953,1353623580
80,51.0287,0.3952,1353611640
80,51.0286,0.3952,1353553140
80,51.0286,0.3952,1353552960
80,51.0287,0.3952,1353552840
80,51.0286,0.3952,1353552720
80,51.0287,0.3952,1353552660
80,51.0285,0.3952,1353552540
80,51.0678,0.3218,1353549600
80,51.0288,0.3952,1353459720
80,51.0547,0.3452,1353452400
80,51.0284,0.3952,1353363840
80,51.0287,0.3952,1353362520
80,51.0287,0.3951,1353336480
80,51.0286,0.3951,1353263100
80,51.1203,0.1891,1353211380
80,51.1208,0.1884,1353202860
80,51.1207,0.1894,1353201360
80,51.1206,0.1895,1353201120
80,51.0633,0.3294,1353177360
80,51.0287,0.3949,1353158220
80,51.0287,0.3952,1353158160
80,51.0286,0.3951,1353124560
80,51.0287,0.3952,1353121680
80,51.0287,0.3951,1353117600
80,51.0285,0.3953,1353117360
80,51.0286,0.3952,1353117060
80,51.0665,0.3239,1353084960
80,51.0664,0.3233,1353084900
80,51.0285,0.3949,1353034440
80,51.0285,0.3949,1353034380
80,51.0287,0.3952,1353034080
80,51.0288,0.3952,1352950260
80,51.0681,0.3215,1352945040
80,51.0287,0.3953,1352917500
80,51.0287,0.3952,1352865180
80,51.0287,0.3951,1352862180
80,51.0287,0.3952,1352861340
80,51.0287,0.3952,1352861280
80,51.029,0.3952,1352859720
80,51.0287,0.3952,1352855340
80,51.0287,0.3952,1352735220
80,51.0288,0.3953,1352734980
80,51.0288,0.3952,1352656140
80,51.0287,0.3952,1352651100
80,51.0288,0.3953,1352606940
80,51.0286,0.3952,1352604540
80,51.0285,0.3949,1352604300
80,51.0285,0.3949,1352604240
80,51.0287,0.3952,1352604240
80,51.0285,0.3952,1352604180
80,51.0287,0.3952,1352517960
80,51.0287,0.3952,1352517360
80,51.0287,0.3952,1352517180
80,51.0288,0.3952,1352511540
80,51.0596,0.3289,1352491200
80,51.0632,0.3319,1352473800
80,51.0284,0.395,1352404140
80,51.0286,0.3947,1352400960
80,51.0287,0.3952,1352311440
80,51.0598,0.3303,1352303580
80,51.0601,0.3306,1352303520
80,51.0286,0.3952,1352234040
80,51.0287,0.3952,1352229480
80,51.0287,0.3951,1352229300
80,51.0287,0.3952,1352127780
80,51.0288,0.3952,1352067000
80,51.0287,0.3952,1352045820
80,51.0286,0.3947,1352045340
80,51.0286,0.3952,1351997700
80,51.0287,0.3951,1351995660
80,51.0287,0.3952,1351995540
80,51.0289,0.395,1351911600
80,51.0287,0.3952,1351911540
80,51.0633,0.3295,1351873200
80,51.0614,0.3254,1351869600
80,51.0614,0.3254,1351869240
80,51.4971,0.1774,1351789920
80,51.2425,0.1637,1351781580
80,51.0287,0.3952,1351734480
80,51.1204,0.1894,1351710660
80,51.0285,0.3953,1351655520
80,51.0283,0.3952,1351655400
80,51.0284,0.3951,1351655340
80,51.0284,0.3952,1351655220
80,51.0286,0.395,1351655160
80,51.0287,0.3953,1351633500
80,51.0287,0.395,1351632600
80,52.1995,0.1395,1351540920
80,51.0287,0.3952,1351466220
80,51.0287,0.3952,1351465920
80,51.0288,0.3951,1351463580
80,51.0288,0.3951,1351462800
80,51.0289,0.3953,1351459080
80,51.0287,0.3952,1351392180
80,51.0286,0.395,1351384680
80,51.0287,0.3952,1351380960
80,51.0285,0.3953,1351378560
80,51.0288,0.3952,1351378200
80,51.0288,0.3954,1351377840
80,51.0287,0.3952,1351370640
80,51.4032,0.3374,1351361400
80,51.4032,0.3374,1351361280
80,51.4061,0.3376,1351361220
80,51.4038,0.3433,1351352940
80,51.0283,0.3951,1351344180
80,51.0287,0.3952,1351306980
80,51.0287,0.3952,1351306920
80,51.0287,0.3952,1351306740
80,51.0287,0.395,1351306680
80,51.0286,0.3948,1351303260
80,51.0286,0.3951,1351280520
80,51.0286,0.3951,1351280160
80,51.0287,0.395,1351274700
80,51.0287,0.3952,1351273680
80,51.0285,0.395,1351273080
80,51.0285,0.3953,1351272960
80,51.0288,0.3952,1351272840
80,51.0285,0.3951,1351266180
80,51.0285,0.3951,1351266000
80,51.0285,0.3951,1351266000
80,51.0285,0.3951,1351265940
80,51.0287,0.3952,1351265820
80,51.0287,0.3952,1351265760
80,51.0285,0.3951,1351265700
80,51.0285,0.3949,1351202280
80,51.0287,0.3952,1351201500
80,51.0284,0.3951,1351201080
80,51.0287,0.3952,1351200900
80,51.0286,0.3948,1351200780
80,51.0287,0.3952,1351200540
80,51.0165,0.4529,1351178340
80,51.0165,0.4529,1351178280
80,51.0287,0.3952,1351166460
80,51.0287,0.3951,1351035120
80,51.0287,0.3952,1351034340
80,51.0287,0.3952,1351034220
80,51.0287,0.3951,1351034100
80,51.0287,0.3952,1350950580
80,51.0287,0.3952,1350924240
80,51.0286,0.3952,1350906540
80,51.0287,0.3952,1350861180
80,51.0287,0.3952,1350853800
80,51.0287,0.3952,1350853500
80,51.0287,0.3953,1350770880
80,51.0288,0.3946,1350770760
80,51.0288,0.3946,1350770640
80,51.0287,0.3948,1350770520
80,51.0287,0.3948,1350769680
80,51.0602,0.3282,1350748200
80,51.0603,0.3282,1350748200
80,51.0606,0.3299,1350735480
80,51.0586,0.3301,1350735300
80,51.0582,0.3293,1350735180
80,51.0581,0.3287,1350735120
80,51.058,0.3281,1350735120
80,51.0287,0.3952,1350698700
80,51.0288,0.395,1350698520
80,51.0287,0.3953,1350695820
80,51.0287,0.3952,1350643500
80,51.0287,0.3952,1350643440
80,51.0596,0.329,1350601800
80,51.0685,0.3021,1350586680
80,51.0577,0.3276,1350585900
80,51.0287,0.3952,1350525420
80,51.0602,0.3304,1350475560
80,51.0288,0.3954,1350439440
80,51.0286,0.3949,1350438420
80,51.0286,0.3951,1350438360
80,51.0284,0.3948,1350437940
80,51.0283,0.3953,1350436980
80,51.0287,0.3952,1350436800
80,51.0286,0.3951,1350436740
80,51.0286,0.3951,1350436440
80,51.0283,0.3954,1350436260
80,51.0288,0.3953,1350436200
80,51.0287,0.3952,1350432780
80,51.0287,0.3952,1350432720
80,51.0287,0.3952,1350432720
80,51.0286,0.395,1350266580
80,51.0287,0.3952,1350266520
80,51.0288,0.3953,1350262020
80,51.0287,0.3952,1350254940
80,51.0287,0.3952,1350254460
80,51.0288,0.3952,1350249840
80,51.0287,0.3952,1350249600
80,51.0285,0.3951,1350248880
80,51.0291,0.3948,1350248640
80,51.0291,0.3948,1350248580
80,51.029,0.3909,1350248460
80,51.067,0.3502,1350146940
80,51.0669,0.3503,1350146760
80,51.0669,0.3503,1350146640
80,51.0699,0.3117,1350140040
80,51.0285,0.3951,1350007800
80,51.0285,0.3951,1350007620
80,51.0285,0.3951,1350007500
80,51.0285,0.3951,1350007320
80,51.0285,0.3951,1350007320
80,51.0586,0.3296,1349956920
80,51.0579,0.3287,1349956860
80,51.0287,0.3952,1349811420
80,51.0288,0.3954,1349744820
80,51.0287,0.3949,1349744820
80,51.0286,0.3952,1349744760
80,51.0287,0.3952,1349743740
80,51.0285,0.3949,1349743500
80,51.0285,0.3951,1349743380
80,51.0286,0.3953,1349743320
80,51.0287,0.3952,1349651880
80,51.061,0.3271,1349447640
80,51.0603,0.3285,1349447520
80,51.0583,0.3296,1349438640
80,51.3808,0.1243,1346355300
80,50.9324,0.3894,1345345140
80,51.0625,0.3298,1344792180
80,51.5123,0.1235,1344091380
80,51.0287,0.3952,1341711360
80,51.0287,0.3952,1341710880
80,51.0287,0.3953,1341710820
80,51.0287,0.3952,1341709200
80,51.0287,0.3952,1341709020
80,51.0287,0.3951,1341707700
80,51.0284,0.395,1341700200
80,51.0288,0.395,1341625440
80,51.0287,0.3952,1341625200
80,51.0287,0.3953,1341625140
80,51.0286,0.3952,1341540660
80,51.0286,0.395,1341540420
80,51.0286,0.395,1341540300
80,51.0285,0.3948,1341540060
80,51.0295,0.395,1341539940
80,51.0286,0.3948,1341539400
80,51.0286,0.3953,1341539280
80,51.0287,0.3953,1341537000
80,51.0287,0.3952,1341536700
80,51.0288,0.3953,1341533460
80,51.0288,0.3953,1341437400
80,51.0634,0.3321,1341425160
80,51.0287,0.3952,1341425160
80,51.0285,0.3951,1341280380
80,51.0287,0.3952,1341280200
80,51.0285,0.3952,1341280080
80,51.0288,0.3949,1341279960
80,51.0285,0.3952,1341279780
80,51.0285,0.3948,1341279300
80,51.0287,0.3948,1341279240
80,51.0287,0.3952,1341279120
80,51.0286,0.3949,1341276900
80,51.0287,0.3952,1341276720
80,51.0285,0.395,1341184800
80,51.0286,0.3951,1341184740
80,51.0285,0.3949,1341181560
80,51.0284,0.3948,1341181500
80,51.0284,0.3951,1341181380
80,51.0284,0.395,1341181140
80,51.0285,0.3952,1341181080
80,51.0284,0.3948,1341180480
80,51.0285,0.3951,1341180300
80,51.0284,0.3949,1341180180
80,51.1234,0.1879,1341156360
80,51.0285,0.3951,1341097260
