802,14.6515,121.0425,1427131680
802,14.5572,121.0165,1427038980
802,13.2311,123.5505,1425810360
802,13.2342,123.535,1425745620
802,14.5481,120.997,1421427840
802,14.6,120.967,1420224360
802,14.5237,120.9813,1419960360
802,14.1031,120.933,1419701700
802,14.6515,121.0425,1417364640
802,14.6515,121.0425,1416991020
802,13.6219,123.1955,1416829560
802,14.5519,121.0496,1407761280
802,14.572,121.031,1407601320
802,37.5698,126.9757,1400960040
802,37.5615,126.9053,1400868480
802,35.1156,129.0426,1400819940
802,35.0993,129.0313,1399914840
802,35.1571,129.0601,1399822680
