811,41.0684,28.9721,1427728560
811,41.0685,28.9722,1427672340
811,41.0684,28.9721,1427670180
811,41.0685,28.9722,1427665680
811,41.0685,28.9721,1427662140
811,41.0747,29.0427,1427649360
811,41.0747,29.0427,1427646060
811,41.0747,29.0427,1427644440
811,41.0747,29.0427,1427597340
811,41.0747,29.0427,1427502060
811,41.0685,28.9722,1427428080
811,41.064,28.9759,1427420160
811,41.0747,29.0428,1427412360
811,41.0685,28.9722,1427382300
811,41.0685,28.9722,1427237220
811,41.0685,28.9721,1427234520
811,41.0765,29.0431,1427229300
811,41.0792,29.0478,1427226720
811,41.0747,29.0427,1427223180
811,41.0749,29.0426,1427214900
811,41.0747,29.0427,1427214780
811,41.0748,29.0427,1427214300
811,41.0684,28.9721,1427172780
811,41.0685,28.9722,1427170620
811,41.0685,28.9722,1427164320
811,41.0685,28.9722,1427164140
811,41.0685,28.9722,1427164080
811,41.0685,28.9722,1427163360
811,41.0685,28.9723,1427154060
811,40.9833,29.0399,1427147040
811,41.0685,28.9721,1427130420
811,40.9796,29.0788,1427083260
811,41.0684,28.9721,1427010660
811,41.0684,28.9721,1427003820
811,41.0684,28.9722,1427001600
811,41.0685,28.9722,1426917240
811,41.0685,28.9722,1426910640
811,41.0747,29.0427,1426898400
811,41.0685,28.9722,1426824840
811,41.0748,29.0427,1426729920
811,41.0684,28.9721,1426653960
811,41.0685,28.9722,1426646700
811,41.0684,28.9721,1426526760
811,41.0685,28.9722,1426456320
811,41.0747,29.0426,1426445880
811,41.0747,29.0427,1426429320
811,41.0747,29.0426,1426377000
811,41.0685,28.9722,1426342800
811,41.0685,28.9722,1426314900
811,41.0155,28.959,1426312500
811,41.0749,29.0426,1426309620
811,41.0747,29.0427,1426304820
811,41.0684,28.9722,1426220100
811,41.0685,28.9722,1426219980
811,41.0753,29.0429,1426210560
811,41.0755,29.0429,1426203840
811,41.0755,29.0429,1426203540
811,41.058,29.0102,1426183320
811,41.0685,28.9722,1426125960
811,41.0776,29.0106,1426111800
811,41.0747,29.0429,1426098660
811,41.0686,28.9722,1426050300
811,41.0685,28.9722,1426037580
811,41.0686,28.9722,1426028880
811,41.0748,29.0429,1426013280
811,41.0748,29.0429,1425999540
811,41.0685,28.9722,1425956340
811,41.0685,28.9722,1425955920
811,41.0747,29.0428,1425928920
811,41.0748,29.0428,1425927180
811,41.0685,28.9722,1425875880
811,41.0685,28.9723,1425874440
811,41.0685,28.9723,1425874200
811,41.0686,28.9723,1425874140
811,41.0685,28.9723,1425874020
811,41.0685,28.9723,1425873960
811,41.0685,28.9722,1425872400
811,41.0685,28.9722,1425872160
811,41.0685,28.9722,1425871980
811,41.0685,28.9722,1425870540
811,41.0686,28.9722,1425870300
811,41.0407,29.039,1425868320
811,40.9952,29.0509,1425867720
811,40.9874,29.0364,1425851820
811,40.9877,29.0369,1425849480
811,40.9877,29.0369,1425849000
811,40.9801,29.039,1425842580
811,40.9929,29.1053,1425596640
811,40.9925,29.105,1425595980
811,41.0142,28.9752,1424971860
811,41.0142,28.9752,1424970720
811,40.9872,29.0364,1424736960
811,40.9877,29.0369,1424732820
811,40.9892,29.0327,1424730780
811,41.0449,29.0348,1424721840
811,41.0134,28.6539,1424124360
811,40.9914,28.8462,1423649820
811,40.9784,28.8177,1423643940
811,40.9888,29.0332,1423357800
811,41.1055,29.0223,1423070100
811,40.9777,28.8719,1422987180
811,40.9381,29.3248,1422482280
811,40.9857,29.0997,1422452880
811,40.1833,25.9167,1422398160
811,40.9789,28.8183,1421919120
811,40.9786,28.8171,1421918100
811,40.9075,29.3158,1421658780
811,41.0411,29.007,1421438820
811,41.1208,28.9996,1421172360
811,41.0688,28.9925,1421101260
811,40.9932,29.1064,1421017320
811,41.0754,29.0438,1420659660
811,40.9789,28.8712,1420562400
811,41.0599,28.9873,1420476840
811,40.9761,29.0413,1420350660
811,41.04,29.0055,1420318140
811,41.0754,29.0438,1420290660
811,41.0757,29.043,1420256760
811,41.0685,28.9721,1419978180
811,41.0467,28.9923,1419960480
811,41.0023,28.9346,1419805380
811,40.9682,29.0657,1419739740
811,40.9877,29.0369,1419717060
811,41.0565,28.9616,1419637080
811,41.106,29.0221,1419542520
811,41.0684,28.9722,1419264720
811,41.0422,28.9868,1419191520
811,41.0685,28.9721,1418710260
811,40.9711,28.7994,1418683320
811,41.0685,28.9722,1418616720
811,41.0684,28.9722,1418606280
811,41.02,28.9731,1418603100
811,41.0685,28.9722,1418596620
811,41.0747,29.0427,1418518560
811,41.0684,28.9721,1418356320
811,41.0686,28.9722,1418352600
811,41.0686,28.9722,1418346600
811,41.0686,28.9722,1418340480
811,41.0686,28.9722,1418339940
811,41.0751,29.0427,1418304780
811,41.0685,28.9722,1418259120
811,41.103,29.0214,1418231340
811,41.0747,29.0426,1418179980
811,41.0747,29.0426,1418179560
811,41.0748,29.0427,1418174460
811,41.0685,28.9721,1418051580
811,41.0748,29.0427,1418000820
811,41.0749,29.0427,1417988520
811,41.0686,28.9723,1417922760
811,41.0748,29.0427,1417910220
811,41.0684,28.9721,1417844460
811,41.0749,29.0427,1417815000
811,41.0684,28.9721,1417755240
811,41.0749,29.0427,1417643880
811,41.0696,28.9804,1417625940
811,41.0685,28.9722,1417535280
811,41.0685,28.9722,1417493700
811,41.0228,28.975,1417479420
811,41.0685,28.9722,1417474500
811,41.0685,28.9722,1417453920
811,41.0686,28.9723,1417448700
811,41.0685,28.9722,1417447920
811,41.0748,29.0427,1417406640
811,40.9869,29.0363,1417391820
811,40.9867,29.0364,1417391700
811,40.9879,29.0368,1417385520
811,41.0684,28.9721,1417322640
811,41.0685,28.9722,1417322160
811,41.0685,28.9722,1417322100
811,41.0757,29.043,1417296900
811,41.0669,28.9805,1417142700
811,41.0659,29.0126,1417142280
811,41.0541,29.0093,1417141980
811,41.0686,28.9722,1417100280
811,41.0669,28.9916,1417055820
811,41.03,28.9741,1417045800
811,41.077,29.045,1417011780
811,41.077,29.045,1417009620
811,41.0689,28.9714,1416713400
811,41.0045,28.9401,1416494940
811,40.8161,29.302,1415746560
811,41.055,28.9886,1415362260
811,41.0392,28.9382,1415226420
811,40.9879,29.0448,1414993440
811,40.9989,29.0572,1414990980
811,40.9769,29.041,1414984800
811,40.9801,29.0391,1414975620
811,40.9802,29.0391,1414971720
811,41.0752,29.0428,1414936320
811,41.0685,28.9721,1414895280
811,41.0752,29.0428,1414863660
811,40.9273,29.3123,1414806660
811,41.0752,29.0428,1414763280
811,41.0748,29.0427,1414418280
811,40.9518,29.2154,1414248480
811,40.9802,29.0391,1413661980
811,40.9853,29.0336,1413653820
811,41.0145,29.0145,1413632460
811,37.0345,27.4226,1413566100
811,37.0353,27.4318,1413565860
811,37.0402,27.4215,1413491640
811,37.0279,27.3782,1413490440
811,37.0521,27.2569,1413419580
811,37.0542,27.2355,1413405480
811,37.0449,27.3802,1413380280
811,37.0542,27.2354,1413332280
811,37.0542,27.2354,1413320880
811,37.0279,27.3759,1413311100
811,37.0279,27.3782,1413308220
811,37.0344,27.43,1413301740
811,37.0345,27.4226,1413289860
811,37.036,27.4318,1413235620
811,40.9075,29.3158,1413225420
811,41.0644,28.989,1413205320
811,41.0667,28.997,1412790660
811,41.0754,29.0438,1412721720
811,40.9879,29.0368,1412472360
811,41.0856,29.0116,1412255220
811,41.1069,29.0228,1412182800
811,41.0757,29.0431,1412024700
811,41.0836,29.0523,1410886200
811,40.9768,29.0413,1410729180
811,40.9766,29.0398,1410728220
811,40.9905,29.0291,1410722100
811,41.0272,28.9374,1409696700
811,40.9879,29.0368,1408996980
811,41.0183,28.9726,1408892340
811,41.0246,28.9784,1408558200
811,41.0321,28.9783,1408042800
811,40.8744,29.1268,1407967140
811,40.8746,29.131,1407794220
811,40.8573,29.112,1407775200
811,40.9521,29.0937,1407771180
811,41.0683,28.9685,1407695220
811,41.0917,29.0049,1406953140
811,41.0792,29.0478,1406859000
811,41.1001,29.0655,1406585940
811,40.6906,31.3642,1405630680
811,40.7334,31.609,1405625280
811,40.7305,31.6031,1405620000
811,40.6906,31.3642,1405610160
811,40.6906,31.3641,1405607640
811,40.6928,30.2653,1405594800
811,40.9883,29.1927,1405591380
811,41.0685,28.972,1405459140
811,40.9793,29.0389,1405420500
811,41.1043,29.0236,1405308660
811,41.1015,29.0226,1405308360
811,41.1045,29.023,1405285500
811,41.1043,29.0236,1405283760
811,40.9773,29.0413,1405025760
811,41.0535,28.9883,1404924060
811,41.0757,29.0431,1404433020
811,41.0494,28.9815,1404247620
811,41.0772,29.0434,1404036240
811,41.0383,28.9869,1403744040
811,41.0675,29.0451,1403559000
811,41.0539,28.9872,1403391300
811,41.0675,29.0451,1403294100
811,41.0757,29.0438,1402862760
811,41.0365,28.9875,1402749180
811,41.0772,29.0434,1402667760
811,40.8811,29.069,1402500840
811,41.0707,28.997,1402341300
811,41.0513,28.9866,1402275540
811,41.0435,29.004,1402144920
811,41.0159,28.9735,1401991860
811,41.0684,28.972,1401832200
811,41.0473,29.0247,1401727320
811,41.0436,29.0042,1401563340
811,41.0429,29.0066,1401562860
811,41.0792,29.0478,1401476760
811,41.0366,28.9849,1401472620
811,41.0669,28.9692,1401451740
811,41.0685,28.9722,1401227760
811,41.0264,28.9022,1401150660
811,40.9075,29.3158,1401147720
811,41.2574,36.5553,1401137100
811,41.1315,37.2876,1401133500
811,41.1388,37.288,1401123180
811,41.1308,37.2864,1401118140
811,41.1285,37.2855,1401102000
811,41.2371,36.5391,1401097920
811,41.2574,36.5553,1401096480
811,40.9075,29.3158,1401090180
811,40.9084,29.315,1401089760
811,41.0409,28.985,1401081780
811,41.0673,29.0429,1400986380
811,41.0756,29.043,1400894100
811,41.0757,29.0431,1400790360
811,40.9681,29.0525,1400718300
811,41.0639,28.9878,1400700300
811,41.0643,28.9842,1400691180
811,40.9625,28.825,1400668860
811,41.0268,28.9583,1400632920
811,40.9575,28.8237,1400614380
811,40.9888,28.7699,1400611680
811,41.0757,29.0431,1400511660
811,41.0685,28.9722,1400210340
811,41.0201,28.9732,1400191500
811,41.0675,29.0444,1400121360
811,41.0675,29.0159,1400003040
811,41.0481,28.9931,1399990020
811,41.0652,28.9735,1399948380
811,40.9877,29.0369,1399845060
811,40.9872,29.035,1399844880
811,40.9866,29.0385,1399835520
811,41.0449,29.0348,1399832760
811,41.0792,29.0478,1399813800
811,41.0772,29.0434,1399767660
811,41.0792,29.0478,1399653060
811,41.0201,28.9732,1399648440
811,41.0286,28.9744,1399645440
811,41.0314,28.975,1399642800
811,41.0757,29.0431,1399548000
811,41.064,28.9877,1399477980
811,41.0416,29.0077,1399313100
811,41.0505,29.0085,1399246500
811,41.0757,29.0439,1399231380
811,41.0757,29.0439,1399227360
811,41.0772,29.0437,1399169700
811,41.0508,29.0059,1398828360
811,41.0772,29.0434,1398807900
811,40.9644,29.0732,1398647100
811,40.9744,29.0461,1398641040
811,40.9769,29.0413,1398627840
811,40.9774,29.0414,1398622260
811,41.0449,29.0348,1398619620
811,41.0334,28.977,1398482220
811,41.0876,29.0568,1398302940
811,41.0246,28.9783,1398110280
811,41.0772,29.0434,1398018900
811,40.9909,29.1035,1398008820
811,41.1054,29.0228,1397906580
811,41.0684,28.9721,1397884620
811,41.0281,28.9718,1397698920
811,41.0698,28.9734,1397681820
811,41.0771,29.0439,1397675160
811,41.0676,28.9925,1397498400
811,40.9873,29.0347,1397431500
811,40.9877,29.0369,1397421780
811,41.0772,29.0434,1397416980
811,41.0757,29.0431,1397410140
811,41.0772,29.0434,1397399040
811,41.0772,29.0434,1397358420
811,41.0313,28.9754,1397266260
811,41.0868,29.0231,1396905000
811,41.0869,29.024,1396903920
811,40.9873,29.0347,1396818060
811,40.9873,29.0347,1396817040
811,40.9854,29.0337,1396813560
811,41.0449,29.0348,1396808820
811,41.0772,29.0434,1396806780
811,40.9518,29.2156,1396793100
811,41.0772,29.0434,1396725720
811,41.0669,29.0167,1396637460
811,41.0698,28.9734,1396561560
811,40.9885,28.9193,1396436220
811,41.0818,29.0362,1396433280
811,40.9877,29.0369,1396309020
811,40.9877,29.0369,1396306440
811,40.9877,29.0369,1396302960
811,41.0449,29.0348,1396301820
811,41.0772,29.0434,1396280400
811,41.0757,29.0431,1396185540
811,41.0772,29.0434,1396182360
811,41.0685,28.9688,1396178640
811,40.9928,29.1033,1396050060
811,41.0449,29.0348,1396040700
811,41.0781,29.0369,1396015980
811,41.0772,29.0434,1395698400
811,41.0757,29.0431,1395618780
811,41.0755,29.0437,1395578640
811,41.0781,29.0369,1395515340
811,41.0781,29.0369,1395515040
811,41.0757,29.0431,1395434100
811,41.0772,29.0434,1395428820
811,41.0757,29.0431,1395345240
811,41.0913,29.0616,1395297360
811,41.0792,29.0478,1395272340
811,41.0381,28.9971,1395255900
811,41.0362,28.9472,1395254580
811,41.067,28.9877,1395177240
811,40.9873,29.0347,1395017340
811,40.9877,29.0369,1395006720
811,40.9877,29.0369,1395005160
811,41.0772,29.0434,1394969280
811,41.0772,29.0434,1394882220
811,40.9902,29.0279,1394862120
811,40.9902,29.0279,1394859420
811,40.9902,29.0279,1394847300
811,41.0449,29.0348,1394844120
811,41.0449,29.0348,1394843580
811,41.0757,29.0431,1394749080
811,41.0772,29.0434,1394746080
811,41.076,29.0132,1394738100
811,41.0757,29.0431,1394662860
811,41.0552,28.963,1394646960
811,41.0552,28.963,1394637600
811,41.0552,28.963,1394573160
811,41.0757,29.0431,1394560260
811,41.0449,29.0348,1394512500
811,41.0698,28.9734,1394484360
811,41.0687,28.9711,1394427660
811,41.0757,29.0431,1394407320
811,41.0757,29.0431,1394394780
811,41.0757,29.0431,1394232420
811,41.0651,28.9736,1394210040
811,41.0757,29.0431,1394136960
811,41.0772,29.0434,1394136660
811,41.0673,28.9802,1394133540
811,41.07,29.0016,1394062140
811,41.0697,29.0014,1394058900
811,41.0792,29.0478,1394022180
811,41.0383,28.9869,1394002740
811,41.0698,28.9734,1393953180
811,40.9947,29.1076,1393894500
811,40.9877,29.1045,1393884780
811,40.9877,29.1045,1393884300
811,41.0227,28.9666,1393873980
811,41.034,28.9781,1393863060
811,41.0757,29.0431,1393767660
811,41.0665,28.9956,1393706460
811,41.0781,29.0369,1393587240
811,41.0772,29.0434,1393586640
811,41.0698,28.9734,1393537200
811,41.0646,28.9926,1393533600
811,41.0771,29.0441,1393501080
811,41.0757,29.0431,1393465860
811,41.0757,29.0431,1393450980
811,41.0771,29.0441,1393439220
811,41.0152,28.9757,1393351020
811,41.0665,28.9956,1393282560
811,41.0698,28.9734,1393258740
811,41.0792,29.0478,1393173300
811,41.0757,29.0431,1393122060
811,41.0757,29.0431,1393113720
811,41.0361,28.9816,1393053900
811,41.0355,28.9819,1393043700
811,41.0355,28.9819,1393039260
811,41.0757,29.0431,1393008420
811,41.0431,28.9933,1393005600
811,41.0772,29.0434,1392918000
811,41.0263,28.9741,1392913800
811,41.0772,29.0434,1392843900
811,41.0698,28.9734,1392832320
811,41.0772,29.0434,1392754920
811,41.0201,28.9732,1392672720
811,41.0505,28.9923,1392669300
811,41.0514,28.9916,1392668280
