835,51.5385,2.4174,1398488760
835,51.4934,2.4749,1397595300
835,51.4656,2.5222,1397526000
835,51.5385,2.4175,1397136660
835,51.5385,2.4174,1397085360
835,51.5385,2.4175,1397085240
835,51.5385,2.4174,1397085120
835,51.5385,2.4174,1397085060
835,51.4883,3.1786,1396876980
835,51.4582,2.5914,1396122540
835,51.5385,2.4174,1396016040
835,51.5385,2.4174,1395984780
835,51.5385,2.4174,1395984600
835,51.5385,2.4174,1395984360
835,51.5385,2.4174,1395984180
835,51.5386,2.4174,1395983940
835,51.5386,2.4175,1395983640
835,51.5385,2.4173,1395983520
835,51.5385,2.4174,1395983040
835,51.5385,2.4173,1395982800
835,51.5385,2.4174,1395982560
835,51.5386,2.4174,1395982440
835,51.5386,2.4175,1395607560
835,51.4525,2.4696,1395370500
835,51.5392,2.4155,1394654040
835,51.5386,2.4173,1394642940
835,51.5386,2.4175,1394642820
835,51.4492,2.5939,1394488620
835,51.4492,2.594,1394488500
835,51.4492,2.5937,1394485680
835,51.4491,2.5941,1394481180
835,51.5384,2.4173,1394465580
835,51.479,3.1748,1393799760
835,51.5386,2.4174,1393190160
835,51.5386,2.4175,1391910300
835,51.4654,2.5222,1391809200
835,51.465,2.5226,1391808840
835,51.465,2.5326,1391728260
835,51.5386,2.4174,1391402880
835,51.494,3.177,1391264760
835,51.5406,2.4309,1391128440
835,51.4491,2.5946,1390591860
835,51.5256,2.5961,1390428000
835,51.5385,2.4173,1390414200
835,51.4941,3.1768,1390181520
835,51.494,3.1769,1390162740
835,51.494,3.1769,1390162680
835,51.494,3.1769,1390162440
835,51.494,3.1769,1390162380
835,51.4941,3.1769,1390161720
835,51.494,3.1769,1390159080
835,51.4656,2.5223,1389906000
835,51.5525,2.4678,1389619140
835,51.5386,2.4176,1389556560
835,51.5386,2.4174,1389556320
835,51.5386,2.4174,1389556260
835,51.5386,2.4176,1389556080
835,51.5386,2.4177,1389555960
835,51.5385,2.4174,1389555840
835,51.4482,2.4947,1389466260
835,51.5385,2.4174,1389304500
835,51.451,2.467,1389207060
835,51.5386,2.4175,1388875980
835,51.5386,2.4175,1388793540
835,51.5387,2.4175,1388770200
835,51.4462,2.5142,1388634660
835,51.4428,2.5012,1388633760
835,52.9229,1.4718,1388356680
835,52.9157,1.4563,1388280120
835,51.5358,2.4562,1366152780
835,51.5,2.5155,1364218140
835,51.4505,2.596,1363158360
835,51.5094,2.4893,1361998860
835,51.4936,3.1778,1359739380
835,51.7547,0.2345,1358863080
835,51.4486,2.5729,1358038320
835,51.4488,2.5729,1357421520
835,51.4491,2.5728,1354147320
835,3.1707,101.6673,1352808360
835,2.7402,101.7203,1352730780
835,6.24,106.8263,1352676420
835,6.24,106.8263,1352674740
835,6.24,106.8263,1352662800
835,6.24,106.8263,1352650800
835,7.7976,110.3798,1352450940
835,7.7826,110.3735,1352408280
835,8.7273,115.1812,1352311140
835,3.1602,101.6611,1351874100
835,24.4274,54.6463,1351822920
835,51.4598,0.447,1351783320
835,51.5481,2.413,1346884440
835,51.4596,2.5899,1336522860
835,51.4955,2.5287,1336417140
835,51.3904,2.3885,1333407720
835,51.4543,2.6022,1331426520
835,51.4927,3.1803,1330111140
835,51.5229,2.5464,1330034160
835,51.5561,2.6756,1329321420
835,51.5386,2.4174,1321127100
835,51.4932,3.1775,1320695580
835,51.4919,3.1784,1320694920
835,51.492,3.1787,1320694860
835,51.4921,3.1792,1320694140
835,51.4921,3.1783,1320694080
835,51.449,2.5941,1320564900
835,51.5385,2.4174,1320543540
835,51.5386,2.4174,1320440880
835,51.536,2.4556,1320348360
835,51.4652,2.533,1320095940
835,51.465,2.533,1320093600
835,51.5385,2.4174,1320004620
835,51.5386,2.4174,1320004620
835,51.5361,2.4555,1319943660
835,51.5391,2.4171,1319882940
835,51.526,2.4734,1319881860
835,51.497,2.491,1319881800
835,51.5025,2.5078,1319881560
835,51.4929,2.5385,1319881320
835,52.9469,1.2789,1319835900
835,51.0689,1.2947,1319819940
835,50.9115,1.3978,1319816100
835,50.9088,1.4047,1319765460
835,50.9087,1.4048,1319760540
835,50.912,1.3982,1319752380
835,50.86,2.92,1319730540
835,51.4015,2.5526,1319650200
835,51.5386,2.4174,1319607540
835,53.9242,1.3761,1319521920
835,55.9678,3.1694,1319345820
835,56.0046,3.7359,1319298240
835,55.8565,4.2737,1319250540
835,51.3503,0.6576,1318654680
835,51.581,2.7837,1318539180
835,51.5385,2.4175,1318263480
835,51.3588,2.5005,1318187160
835,51.446,2.6042,1317796740
835,51.449,2.5944,1317790200
835,51.5386,2.4174,1317568860
835,51.5385,2.4175,1317146340
835,51.5386,2.4174,1317144180
835,51.5402,2.4233,1316627340
835,51.5385,2.4173,1316562480
835,51.5385,2.4173,1316452020
835,51.5387,2.4175,1316449860
835,51.5387,2.4175,1316449860
835,51.5385,2.4176,1315852680
835,51.5385,2.4173,1315771500
835,51.5468,0.1039,1315697820
835,51.5468,0.1041,1315697760
835,53.4192,2.1147,1315585260
835,53.5425,2.2189,1315507140
835,54.9746,1.5624,1315463460
835,54.9636,1.5605,1315463400
835,54.9679,1.6093,1315433340
835,55.3509,3.5041,1315411320
835,55.8579,4.2599,1315362480
835,55.8119,4.2478,1315332240
835,55.7199,3.9487,1315331040
835,55.7199,3.9487,1315331040
835,52.397,2.055,1315263600
835,50.7241,1.8635,1315187700
835,51.4542,2.5185,1315089720
835,51.467,2.5083,1315071180
835,51.4614,2.5097,1315069920
835,51.4555,2.4838,1315003440
835,51.4484,2.4947,1315001640
835,51.4647,2.5902,1314907380
835,51.468,2.5919,1314907260
835,51.4696,2.594,1314907260
835,51.5387,2.4174,1314891060
835,51.4758,2.5204,1313984640
835,51.4758,2.5204,1313984520
835,51.4758,2.5204,1313984460
835,51.4759,2.5201,1313983980
835,51.4954,2.5288,1313874480
835,55.8646,4.4275,1313803680
835,55.8786,4.436,1313802060
835,55.938,4.7314,1313696220
835,55.951,4.8496,1313684220
835,55.951,4.8496,1313683920
835,55.9538,4.8313,1313682900
835,55.9013,4.3935,1313629020
835,55.9031,4.3933,1313628960
835,51.3862,2.7108,1313435340
