842,39.2728,71.9777,1392607860
842,33.6419,70.8867,1385265960
842,33.4327,70.6283,1382649000
842,33.66,70.8906,1375251660
842,47.3306,122.6064,1367442480
842,47.2957,122.576,1367375520
842,47.296,122.5759,1367190600
842,47.3439,122.6272,1356683880
842,47.3438,122.6271,1356683700
842,47.344,122.6273,1356682980
842,47.3439,122.627,1356682800
842,47.3439,122.6272,1356682320
842,47.3439,122.6272,1356610860
842,47.3436,122.6272,1356608460
842,47.3437,122.6272,1356608340
842,47.3437,122.6272,1356608280
842,47.3438,122.627,1356581400
842,47.3439,122.6272,1356572460
842,47.3438,122.6269,1356571920
842,47.3439,122.627,1356519480
842,47.3438,122.6271,1356481920
842,47.344,122.6273,1356472560
842,47.3439,122.6272,1356353940
842,47.3439,122.6272,1356353880
842,47.344,122.6272,1356266820
842,47.344,122.6273,1356261960
842,47.3438,122.6271,1356211740
842,47.3437,122.6266,1356158160
842,47.3436,122.627,1356158040
842,47.3438,122.627,1356157980
842,47.3437,122.627,1356156480
842,47.3438,122.627,1356146760
842,47.3312,122.6056,1356125700
842,47.3438,122.6269,1356087000
842,47.3437,122.6271,1356002700
842,47.3437,122.6271,1356002460
842,47.3439,122.6272,1355976000
842,47.3439,122.627,1355917560
842,47.3439,122.6271,1355916840
842,47.3435,122.627,1355874780
842,47.3437,122.6266,1355860380
842,47.3434,122.6274,1355823240
842,47.3438,122.6271,1355816640
842,47.343,122.6477,1355810700
842,47.3438,122.6269,1355803320
842,47.3438,122.6269,1355803320
842,47.3435,122.6269,1355790360
842,47.3439,122.627,1355784120
842,47.3439,122.6272,1355780760
842,47.3439,122.6268,1355780640
842,47.3437,122.627,1355749500
842,47.6007,122.334,1355744640
842,47.3439,122.6268,1355702400
842,47.3438,122.6269,1355696580
842,47.3438,122.6269,1355696460
842,47.3438,122.6269,1355656920
842,47.3437,122.6269,1355567100
842,47.3306,122.6065,1355528040
842,47.331,122.6054,1355527020
842,47.3437,122.627,1355483340
842,47.3437,122.6269,1355480580
842,47.3439,122.627,1355477880
842,47.3438,122.627,1355467260
842,47.3307,122.6066,1355358780
842,47.3438,122.627,1355311860
842,47.3306,122.6066,1355269920
842,47.3309,122.6055,1355265720
842,47.3536,122.6005,1355206860
842,47.331,122.6056,1355181660
842,47.3311,122.6056,1355181060
842,47.3437,122.6269,1355089080
842,47.3439,122.627,1355060880
842,47.3439,122.627,1355060880
842,47.3436,122.6269,1355006820
842,47.3438,122.6271,1355003100
842,47.3438,122.6271,1354969680
842,47.3439,122.6271,1354969560
842,47.3437,122.627,1354969260
842,47.3437,122.627,1354969200
842,47.3437,122.6271,1354937760
842,47.3438,122.627,1354592160
842,47.3305,122.6062,1354578060
842,47.3438,122.6271,1354533900
842,47.344,122.6271,1354492500
842,47.3311,122.6054,1354317180
842,47.3311,122.6054,1354317180
842,47.2306,122.598,1354259520
842,47.2306,122.598,1354258380
842,47.2305,122.598,1354256220
842,47.2306,122.598,1354256220
842,47.2306,122.598,1354251120
842,47.2306,122.598,1354250580
842,47.2307,122.5981,1354250460
842,47.2306,122.598,1354249020
842,47.331,122.6054,1354229340
842,47.2306,122.598,1354099380
842,47.3309,122.6055,1354057200
842,47.2306,122.5979,1353992880
842,47.2306,122.598,1353992760
842,47.2306,122.598,1353991440
842,47.2306,122.598,1353991020
842,47.2306,122.598,1353990840
842,47.2307,122.5981,1353990660
842,47.2304,122.5979,1353929700
842,47.2306,122.598,1353929700
842,47.2307,122.598,1353882120
842,47.2306,122.598,1353756300
842,47.2306,122.5981,1353672180
842,47.244,122.5655,1353566220
842,47.2306,122.598,1353565620
842,47.2306,122.598,1353549480
842,47.2306,122.598,1353549360
842,47.3306,122.6064,1353537300
842,47.3023,122.5764,1353472440
842,47.2306,122.598,1353441780
842,47.2307,122.598,1353384120
842,47.2334,122.5936,1353384060
842,47.2307,122.5978,1353053460
842,47.2306,122.5981,1353053460
842,47.2307,122.598,1352976060
842,47.2306,122.5981,1352804940
842,47.2306,122.5981,1352670480
842,47.331,122.6055,1352504100
842,47.2306,122.598,1352443500
842,47.2172,122.533,1352440860
842,47.3313,122.6069,1352407500
842,47.2305,122.5983,1352370120
842,47.2306,122.598,1352260500
842,47.2306,122.5981,1352192040
842,47.2306,122.598,1352183700
842,47.2306,122.5979,1352183460
842,47.2304,122.5976,1352183280
842,47.2307,122.5982,1352183220
842,47.2306,122.598,1352180400
842,47.2307,122.598,1352180400
842,47.2305,122.598,1352180280
842,47.2306,122.598,1352180220
842,47.2306,122.5981,1352180160
842,47.2306,122.598,1352179980
842,47.2307,122.598,1352178600
842,47.2308,122.5982,1352178540
842,47.2305,122.598,1352177520
842,47.2306,122.5981,1352176920
842,47.2306,122.598,1352077080
842,47.2305,122.5978,1352074980
842,47.2306,122.598,1351653180
842,47.2306,122.598,1351375260
842,47.2306,122.598,1351340760
842,47.3316,122.6062,1351296120
842,47.3306,122.6065,1351284000
842,47.3311,122.6055,1351201140
842,47.2305,122.5982,1351159140
842,47.3308,122.605,1351035060
842,47.3312,122.6055,1351028820
842,47.3306,122.6064,1351026420
842,47.2306,122.598,1350986040
842,47.3537,122.6005,1350968340
842,47.3537,122.6005,1350966900
842,47.2306,122.598,1350865380
842,47.2306,122.598,1350860700
842,47.2303,122.5975,1350733080
842,47.3306,122.6064,1350342120
842,47.2306,122.598,1350036180
842,47.3537,122.6005,1350017040
842,47.3537,122.6005,1350017040
842,47.3537,122.6005,1350016980
842,47.3537,122.6005,1350015840
842,47.2308,122.5979,1350011220
842,47.2306,122.598,1350011220
842,47.3207,122.588,1349939340
842,47.3205,122.5876,1349939280
842,47.3205,122.5876,1349939160
842,47.2307,122.5981,1349924040
842,47.2307,122.5982,1349924040
842,47.2306,122.598,1349923980
842,47.2306,122.598,1349898240
842,47.2306,122.598,1349861640
842,47.2306,122.598,1349855820
842,47.2306,122.598,1349838840
842,47.2306,122.598,1349837880
842,47.3306,122.6064,1349824380
842,47.3308,122.6068,1349824320
842,47.3537,122.6005,1349754720
842,33.6159,70.9003,1338155160
842,33.6159,70.9004,1338153840
842,33.616,70.9003,1338127200
842,33.616,70.9005,1338120000
842,33.6161,70.9006,1338112740
842,33.616,70.9003,1338111600
842,33.616,70.9002,1338110820
842,33.616,70.9003,1338110100
842,33.6161,70.9004,1338080940
842,33.6159,70.9004,1338066600
842,33.6161,70.9004,1338060840
842,33.616,70.9002,1338060120
842,33.616,70.9003,1338058740
842,33.616,70.9004,1338057960
842,33.6159,70.9004,1338020100
842,33.6159,70.9003,1338018660
842,33.6159,70.9004,1338018600
842,33.616,70.9003,1338018480
842,33.6159,70.9003,1338018420
842,33.6159,70.9004,1338018420
842,33.6159,70.9003,1338017520
842,33.616,70.9004,1338016500
842,33.4329,70.6286,1338011700
842,33.4336,70.6279,1338006840
842,33.4333,70.6283,1338006120
842,33.433,70.6284,1338003420
842,33.433,70.6283,1338003420
842,33.4341,70.6275,1338001620
842,33.4314,70.6298,1338001440
842,33.4328,70.6293,1337997300
842,33.4342,70.6284,1337995020
842,33.433,70.6286,1337979420
842,33.4339,70.628,1337977080
842,33.6159,70.9002,1337548200
842,33.6519,70.8906,1337297100
842,33.652,70.8907,1337293860
842,33.652,70.8904,1337290020
842,33.652,70.8906,1337279040
842,33.6159,70.9003,1337236920
842,33.4297,70.6599,1337227740
842,33.4196,70.5986,1337224500
842,33.4194,70.5986,1337221920
842,33.6159,70.9004,1336462380
842,33.4964,70.7472,1336449420
842,33.6161,70.9001,1336447980
842,33.6522,70.8907,1336439820
842,33.652,70.8905,1336437180
842,33.616,70.9004,1336382160
842,33.6159,70.9001,1336377000
842,33.616,70.9003,1336375920
842,33.616,70.9003,1336375020
842,33.616,70.9003,1336374720
842,33.6159,70.9006,1336374600
842,33.616,70.9002,1336373460
842,33.616,70.9003,1336372920
842,33.616,70.9003,1336372860
842,33.616,70.9003,1336372860
842,33.6159,70.9004,1336372380
842,33.616,70.9004,1336372320
842,33.6158,70.9003,1336371900
842,33.6159,70.9004,1336371900
842,33.616,70.9004,1336371840
842,33.6158,70.9002,1336371720
842,33.6159,70.9003,1336371600
842,33.6161,70.9008,1336370400
842,33.616,70.9003,1336357920
842,33.6159,70.9002,1336354920
842,33.6161,70.9003,1336354380
842,33.616,70.9004,1336348800
842,33.6159,70.9004,1336348260
842,33.616,70.9004,1336343100
842,33.6161,70.9003,1336277580
842,33.6062,70.9024,1336251660
842,33.606,70.9026,1336240020
842,33.6061,70.9024,1336215720
842,33.6062,70.9025,1336196160
842,33.6095,70.9043,1336185240
842,33.6519,70.8907,1336152060
842,33.616,70.9004,1336148160
842,33.6159,70.9004,1336120320
842,33.6159,70.9004,1336120140
842,33.6159,70.9004,1336114860
842,33.6159,70.9006,1336113060
842,33.6158,70.9003,1336032000
842,33.652,70.8906,1335994740
842,33.652,70.8906,1335994560
842,33.6521,70.8906,1335993420
842,33.6521,70.8906,1335993360
842,33.652,70.8906,1335983820
842,33.6519,70.8907,1335983700
842,33.6159,70.9002,1335977280
842,33.616,70.9004,1335954600
842,33.616,70.9004,1335949020
842,32.9995,71.5483,1335921120
842,32.9995,71.5483,1335921000
842,32.9713,71.5308,1335873120
842,32.9531,71.545,1335852240
842,33.046,71.6224,1335827040
842,35.7461,71.6744,1329624900
842,39.2826,72.2259,1329599160
842,39.2697,71.971,1329544800
842,39.2694,71.9713,1329517740
842,39.2692,71.9717,1329517620
842,39.2625,71.9731,1329361500
842,39.2639,71.9717,1329302220
842,39.269,71.9714,1329301680
842,39.2694,71.9712,1329299400
842,39.2694,71.9709,1329297480
842,39.2816,71.9831,1329260280
842,39.2744,71.977,1329189360
842,39.2645,71.9714,1328917500
842,39.2707,71.9728,1328827860
842,39.2843,72.2268,1328757540
842,39.2895,72.2188,1328749560
842,39.2895,72.2188,1328749440
842,39.2978,72.097,1328681580
842,39.2979,72.0971,1328680860
842,39.27,71.9714,1328559780
842,39.2752,71.9769,1328509740
842,39.0769,72.4346,1328486100
842,38.7383,72.594,1328483400
842,38.7383,72.594,1328467320
842,38.7386,72.5938,1328431380
842,38.7387,72.5938,1328417460
842,37.6321,72.2802,1328406780
842,35.5363,71.6912,1328390520
842,34.243,70.7965,1328381460
842,33.6159,70.9002,1328346660
842,33.6164,70.9002,1328346000
842,33.6162,70.9003,1328341920
842,33.616,70.9004,1328331900
842,33.6161,70.9003,1328330940
842,33.6161,70.9003,1328255640
842,33.6161,70.9002,1328254860
842,33.0095,71.5517,1328150760
842,33.0092,71.5515,1327793520
842,33.0091,71.5516,1327704960
842,33.009,71.5517,1327704480
842,33.0065,71.5505,1327649100
842,33.0097,71.5521,1327646460
842,33.0094,71.5514,1327634640
842,33.0094,71.5515,1327555200
842,33.0093,71.5516,1327553940
842,33.0094,71.5513,1327553520
842,33.0097,71.5516,1327478280
842,33.0095,71.5516,1327465260
842,33.0094,71.5516,1327451640
842,33.0051,71.5509,1327440840
842,33.0093,71.5516,1327405320
842,32.9722,71.5435,1327390260
842,33.0097,71.5511,1327388820
842,33.003,71.5501,1327366680
842,33.0031,71.5503,1327365240
842,33.0093,71.5513,1327285500
842,33.0091,71.5517,1327279980
842,33.0033,71.5504,1327274040
842,33.0098,71.552,1327262340
842,33.0093,71.5517,1327215900
842,33.0037,71.5504,1327197780
842,33.6063,70.9024,1327174920
842,33.6061,70.9024,1327169760
842,33.4028,70.5786,1327105800
842,33.4019,70.5787,1327099140
842,33.6161,70.9002,1326258660
842,33.6163,70.9002,1326229740
842,33.6161,70.9007,1326177840
842,33.6159,70.9005,1326096120
842,33.6159,70.9001,1326070500
842,33.6161,70.9003,1326060900
842,33.616,70.9004,1326011580
842,33.616,70.9004,1325997540
842,33.6159,70.9005,1325984700
842,33.6159,70.9005,1325984520
842,33.6159,70.9006,1325983320
842,33.616,70.9005,1325979660
842,33.616,70.9003,1325965620
842,33.616,70.9002,1325917200
842,33.6161,70.9002,1325917080
842,33.6161,70.9005,1325892780
842,33.6162,70.9002,1325849580
842,33.6158,70.9002,1325848740
842,33.6159,70.9005,1325840520
842,33.6159,70.9002,1325822460
842,33.616,70.9003,1325818020
842,33.6159,70.9006,1325795400
842,33.6161,70.9003,1325756340
842,33.6161,70.9003,1325754960
842,33.6162,70.9002,1325748300
842,33.6162,70.9006,1325746920
842,33.6159,70.9003,1325742540
842,33.616,70.9004,1325740740
842,33.616,70.9003,1325739000
842,33.616,70.9004,1325734740
842,33.6158,70.9007,1325732040
842,33.616,70.9005,1325731800
842,33.6156,70.9005,1325727960
842,33.616,70.9008,1325723760
842,33.6156,70.9003,1325717640
842,33.616,70.9007,1325711820
842,33.6164,70.9001,1325682060
842,33.6163,70.9001,1325681160
842,33.6159,70.9003,1325680740
842,33.616,70.9003,1325674020
842,33.6161,70.9001,1325671500
842,33.6159,70.9003,1325670720
842,33.6164,70.9001,1325668680
842,33.6161,70.9002,1325662020
842,33.6061,70.9025,1325648040
842,33.616,70.9003,1325578320
842,33.616,70.9003,1325578320
842,33.6163,70.9002,1325578140
842,33.6159,70.9006,1325555700
842,33.6159,70.9002,1325486700
842,33.616,70.9003,1325453940
842,33.616,70.9002,1325445780
842,33.616,70.9004,1325430120
842,33.6159,70.9006,1325401320
842,33.616,70.9003,1325378160
842,33.6161,70.9003,1325289720
842,33.6465,70.826,1325223240
842,33.6466,70.8258,1325210760
842,33.6466,70.826,1325196720
842,33.6161,70.9003,1325152020
842,33.6161,70.9003,1325151600
842,33.6163,70.9001,1325150940
842,33.6161,70.9003,1325150400
842,33.616,70.9007,1325149440
842,33.616,70.9005,1325149320
842,33.6161,70.9003,1325148300
842,33.616,70.9003,1325148180
842,33.6161,70.9012,1325148000
842,33.6159,70.9005,1325143740
842,33.6159,70.9003,1325143620
842,33.6159,70.9003,1325143320
842,33.6159,70.9004,1325143260
842,33.6159,70.9003,1325143200
842,33.616,70.8999,1325143020
842,33.6161,70.8998,1325143020
842,33.6159,70.9002,1325142780
842,33.616,70.9008,1325112600
842,33.6159,70.9008,1325110740
842,33.6161,70.9003,1325066460
842,33.6158,70.9002,1325058720
842,33.6161,70.9003,1325050320
842,33.7002,70.8811,1325030640
842,33.6161,70.9003,1325025420
842,33.4796,70.7522,1325017320
