860,24.4463,54.4388,1427307180
860,24.4745,54.3743,1427296140
860,24.4589,54.3424,1427059800
860,24.4462,54.4391,1426703040
860,24.4779,54.371,1426604340
860,24.4671,54.3797,1426433520
860,24.4011,54.4741,1426204140
860,24.4852,54.3577,1425736080
860,24.5012,54.3699,1425218220
860,24.4516,54.3334,1424902080
860,24.4416,54.4202,1424552160
860,24.4819,54.3561,1424042520
860,24.4819,54.3561,1424040900
860,24.4819,54.3561,1424038440
860,24.4819,54.3561,1424037840
860,24.4819,54.3561,1424037660
860,24.4819,54.3561,1424037420
860,24.4819,54.3561,1424037120
860,24.4819,54.3561,1424036820
860,24.4819,54.3561,1424036640
860,24.404,54.5811,1423429380
860,24.502,54.3706,1422991860
860,24.4464,54.439,1422192840
860,24.4656,54.3753,1421661900
860,24.43,54.4645,1420981500
860,29.3616,47.97,1420327260
860,29.1822,48.1163,1420289880
860,29.2667,47.9927,1420215360
860,29.3741,47.9723,1420161720
860,29.3741,47.9723,1420160760
860,29.3741,47.9723,1420160580
860,29.3741,47.9723,1420160460
860,29.3741,47.9723,1420160340
860,29.3741,47.9723,1420160100
860,24.4916,54.364,1419342540
860,4.0987,73.3983,1417648500
860,4.0987,73.3983,1417620300
860,4.0987,73.3983,1417542720
860,4.0987,73.3983,1417511160
860,4.0987,73.3983,1417444740
860,4.0987,73.3983,1417369380
860,24.6094,54.801,1416593580
860,24.4467,54.437,1415970240
860,24.4468,54.4376,1415966940
860,24.4319,54.4353,1415800440
860,24.4353,54.4348,1415622660
860,24.5342,54.4189,1415486160
860,24.5342,54.4189,1415476200
860,24.5342,54.4189,1415472900
860,24.4735,54.3415,1414254780
860,24.6697,54.7624,1413997860
860,24.4599,54.3857,1413820440
860,24.4582,54.384,1413553080
860,25.508,56.3651,1412444880
860,25.508,56.3651,1412444760
860,25.508,56.3651,1412348040
860,25.508,56.3651,1412336040
860,25.508,56.3651,1412319420
860,24.4693,54.3368,1411936500
860,24.4139,54.4447,1398713340
860,24.4599,54.3855,1398340800
860,24.4615,54.3789,1397871780
860,24.487,54.3587,1396112220
860,24.4873,54.3581,1396110900
860,24.4283,54.4371,1395961800
860,25.1929,55.2792,1395845880
860,24.4587,54.3219,1394931300
860,24.4599,54.3855,1394725020
860,24.5388,54.4244,1394368380
860,24.4421,54.4495,1394280060
860,24.4421,54.4495,1394275860
860,24.4653,54.3474,1393449540
860,24.482,54.3559,1393182360
860,24.4631,54.3315,1391614740
860,24.4338,54.4338,1391439600
860,24.4735,54.3408,1391278140
860,24.4884,54.3531,1391273160
860,24.5009,54.3701,1390949640
860,24.4614,54.3296,1390824000
