864,50.9309,5.3323,1412112900
864,51.5128,0.1866,1411961460
864,51.5086,0.1871,1411909860
864,51.514,0.1414,1411878300
864,50.9309,5.3365,1411521480
864,50.8704,5.5191,1407642840
864,47.2384,12.1083,1406924280
864,47.2384,12.1083,1406924040
864,47.2384,12.1083,1406923860
864,47.2384,12.1083,1406923740
864,47.2068,12.1716,1406763720
864,47.2486,12.1208,1406686140
864,47.2241,12.0314,1406581860
864,47.2486,12.1208,1406486040
864,51.0052,5.5328,1401144240
864,51.0052,5.5328,1401141720
864,51.005,5.5331,1400943360
864,51.005,5.5331,1400943120
864,51.005,5.5331,1400941920
864,50.898,5.5129,1400201280
864,51.2311,4.4414,1398998460
864,51.2311,4.4414,1398988560
864,51.2311,4.4414,1398982020
864,50.9304,5.3693,1397342820
864,50.8912,4.2991,1395854940
864,50.9635,5.4105,1394387580
864,50.9308,5.3324,1392851760
864,50.9308,5.3324,1392845160
864,50.9308,5.3324,1390946760
864,50.9308,5.3324,1390946580
864,50.931,5.337,1388430900
864,50.9264,5.3423,1388349300
864,50.9264,5.3423,1388239380
864,50.9264,5.3423,1388077140
864,50.9321,5.3439,1385169780
864,50.9262,5.3423,1384297020
864,50.8978,4.4828,1383496620
864,50.8978,4.4828,1382810760
864,51.0267,3.6917,1382294880
864,50.9338,5.3434,1381681620
864,50.93,5.6883,1381626060
864,50.93,5.6883,1381626000
864,51.005,5.5329,1379278920
864,50.1145,8.6813,1379117700
864,50.1145,8.6816,1379117220
864,50.1145,8.6816,1379116380
864,50.1145,8.6813,1379116140
864,50.1145,8.6813,1379116020
864,50.1145,8.6834,1379115540
864,50.1145,8.6816,1379102760
864,50.1118,8.7135,1379094060
864,50.8978,4.4828,1378861740
864,50.7528,5.3018,1376746440
864,51.0396,4.4947,1375027320
864,52.5031,13.3295,1374463260
864,52.5031,13.3295,1374461040
864,52.5031,13.3295,1374453780
864,52.5031,13.3295,1374453420
864,52.5163,13.3777,1374427860
864,52.5071,13.3844,1374420240
864,52.5275,13.4061,1374354480
864,52.5232,13.4033,1374348840
864,52.5232,13.4033,1374341520
864,52.5232,13.4033,1374340980
864,52.5232,13.4033,1374340440
864,52.5232,13.4033,1374340200
864,52.5232,13.4033,1374340080
864,52.5232,13.4033,1374339360
864,52.4987,13.3336,1374284460
864,52.5038,13.3376,1374269460
864,52.5023,13.3387,1374269220
864,52.4987,13.3336,1374253980
864,50.8783,4.6997,1374008400
864,51.2295,2.9079,1373989500
864,51.2295,2.9079,1373987760
864,50.9851,4.1363,1372006740
864,50.9851,4.1363,1372004100
864,50.9856,5.2004,1371307320
864,50.8811,3.4274,1370181720
864,51.2309,4.4418,1368665520
864,51.2309,4.4418,1368664440
864,51.2309,4.4418,1368656880
864,50.9653,5.4959,1368158460
864,50.8953,4.3331,1368137280
864,50.9019,4.333,1368131580
864,50.7708,5.4623,1367711940
864,51.0564,3.7224,1367429400
864,51.054,3.7221,1367425500
864,51.0547,3.722,1367425140
864,50.8955,4.3381,1366766460
864,51.0214,3.6875,1364579760
864,50.9083,5.5218,1363463400
864,51.2168,4.3999,1362846480
864,51.2168,4.4001,1362844140
864,51.217,4.4055,1362843900
864,50.8978,4.4828,1362246600
864,50.8462,4.3529,1360462020
864,50.8462,4.3529,1360460100
864,50.8492,4.3475,1360453140
864,51.9218,4.4765,1359232800
864,51.9218,4.4765,1359232680
864,51.9253,4.4679,1359230760
864,51.9158,4.4721,1359230580
864,51.9158,4.4721,1359230460
864,51.9158,4.4721,1359229860
864,50.898,5.5129,1358204220
864,50.965,4.496,1358117880
864,50.965,4.496,1358114820
864,50.9014,4.336,1358105760
864,50.9308,5.3396,1357965120
864,51.7362,3.8955,1356462240
864,51.7362,3.8955,1356457920
864,51.7362,3.8955,1356457500
864,51.7362,3.8955,1356451920
864,50.9325,5.3444,1355023260
864,50.9325,5.3444,1355020680
864,50.9275,5.3363,1355009460
864,50.8703,5.5177,1354995600
864,50.8861,5.529,1354917420
864,50.9304,5.3704,1354832220
864,51.0076,5.4883,1354802880
864,51.2309,4.4418,1354752360
864,51.0862,4.5412,1354459980
864,51.1286,4.5792,1354392120
864,51.005,5.5333,1354243920
864,51.0076,5.4883,1353939360
864,50.9364,6.9631,1353857400
864,50.9315,6.9544,1353819120
864,50.9361,6.9578,1353810900
864,51.2118,6.7822,1353798840
864,51.2118,6.7822,1353798780
864,50.9401,6.9572,1353798600
864,50.9389,6.9563,1353798480
864,50.9392,6.9562,1353798360
864,50.9383,6.9566,1353798120
864,50.9317,6.9545,1353798060
864,50.9317,6.9545,1353797760
864,50.9317,6.9545,1353797640
864,50.9317,6.9545,1353797580
864,50.898,5.5129,1353706620
864,50.8978,4.4829,1353197640
864,51.1284,4.575,1353185220
864,51.1284,4.575,1353184800
864,50.8492,5.692,1353021840
864,50.8601,5.6999,1353017100
864,50.93,5.6883,1352070780
864,50.9308,5.3396,1351740480
864,51.0259,3.6926,1350848580
864,51.0259,3.6926,1350843060
864,51.0263,3.6916,1350843000
864,51.0259,3.6926,1350839100
864,51.0259,3.6926,1350838260
864,51.0259,3.6926,1350833340
864,51.0258,3.6907,1350832860
864,50.7765,6.0833,1350752940
864,51.2169,4.4206,1350162660
864,50.8978,4.4828,1349627340
864,51.0862,4.5412,1349618220
864,51.2226,4.5021,1349539020
864,51.0066,5.4874,1349347920
864,51.0076,5.4883,1349266320
864,51.0065,5.4874,1349092860
864,50.7708,5.4623,1348954500
864,48.8604,2.3502,1347984120
864,48.8597,2.3541,1347984060
864,48.8588,2.3484,1347983280
864,48.8597,2.3541,1347981360
864,48.876,2.3447,1347930960
864,48.877,2.3466,1347930840
864,48.8755,2.345,1347906540
864,50.898,5.5129,1347201060
864,50.8784,4.7066,1347154860
864,50.8792,4.7009,1347135900
864,50.9307,5.3395,1346557020
864,50.9294,5.3375,1346511300
864,50.898,5.5129,1346440080
864,51.0596,4.3636,1346020200
864,51.0596,4.3636,1346019960
864,51.2295,2.9079,1346011680
864,51.2322,2.922,1346005140
864,51.2296,2.9197,1346002440
864,51.2306,2.911,1345998240
864,51.2295,2.9079,1345993800
864,50.9307,5.3395,1345855800
864,50.9565,5.2789,1345853100
864,50.9565,5.2789,1345851720
864,51.0076,5.4883,1345833660
864,51.0076,5.4883,1345479780
864,50.8155,5.1876,1345338300
864,50.8155,5.1876,1345336740
864,50.8153,5.1874,1345331640
864,50.8153,5.1874,1345329480
864,50.9904,5.7002,1345316880
864,50.9904,5.7002,1345310160
864,50.898,5.5193,1345160280
864,50.8953,4.3331,1345076640
864,50.8949,4.3414,1345069740
864,50.8979,4.3326,1345068840
864,50.9652,5.4993,1344993120
864,50.9652,5.4993,1344991860
864,51.0064,5.4873,1344945840
864,51.2129,5.2574,1344786720
864,51.2128,5.2574,1344717900
864,51.2128,5.2574,1344710820
864,51.2106,5.2571,1344698400
864,50.898,5.5129,1344624180
864,51.0079,5.4893,1344512040
864,51.0053,5.5316,1344466320
864,51.0053,5.5316,1344464700
864,51.0079,5.4894,1344356760
864,51.0076,5.4883,1344250500
864,50.8984,5.5191,1344106740
864,50.8972,5.5251,1344102420
864,50.898,5.5129,1344098760
864,50.93,5.3687,1344048420
864,50.93,5.3687,1344040920
864,51.0297,4.4875,1344023700
864,50.898,5.5129,1343997240
864,50.8456,5.4862,1343956200
864,50.8984,5.5191,1343953260
864,50.8701,5.5176,1343839800
864,50.9815,5.4914,1343758680
864,50.9815,5.4914,1343753160
864,51.0396,4.4947,1343582880
864,51.0396,4.4947,1343576640
864,51.0396,4.4947,1343570040
864,51.0396,4.4947,1343568840
864,51.0396,4.4947,1343556960
864,51.0862,4.5412,1343490540
864,50.8888,5.9776,1343345100
864,50.8895,5.9767,1343343660
864,50.8894,5.9761,1343343540
864,51.1286,4.5792,1343317080
864,51.0957,4.4949,1343305140
864,50.8973,4.4847,1343129100
864,40.6976,74.1753,1343091900
864,40.6897,74.1794,1343080500
864,25.795,80.2758,1343065260
864,24.5465,81.7975,1343011980
864,24.5465,81.7975,1343006700
864,24.5586,81.8047,1343006580
864,24.5561,81.803,1343005260
864,24.5551,81.8017,1343002740
864,24.5553,81.8023,1343002440
864,24.556,81.7951,1343001360
864,24.5578,81.8052,1343000400
864,24.5592,81.8051,1343000100
864,24.5564,81.8031,1342999920
864,24.5591,81.8054,1342999080
864,24.5551,81.78,1342996140
864,24.7732,80.9344,1342990320
864,24.8092,80.833,1342989660
864,24.997,80.5384,1342988340
864,25.1664,80.3788,1342986480
864,25.7877,80.1297,1342942920
864,25.7905,80.1321,1342941060
864,25.7905,80.1371,1342939080
864,25.7806,80.1308,1342936680
864,25.8045,80.1254,1342918800
864,25.7907,80.1281,1342910280
864,25.7763,80.1327,1342910160
864,25.7763,80.1327,1342909920
864,25.7812,80.188,1342904940
864,25.7505,80.238,1342903620
864,25.785,80.1319,1342848840
864,25.7905,80.1321,1342844700
864,25.7905,80.1321,1342844280
864,25.7905,80.1321,1342844100
864,25.7905,80.1401,1342840560
864,25.7905,80.1404,1342840500
864,25.7905,80.1371,1342840140
864,25.7905,80.1371,1342839360
864,25.7852,80.1321,1342837380
864,25.7852,80.1321,1342837140
864,25.7826,80.1373,1342835820
864,25.7489,80.247,1342833300
864,25.7449,80.2469,1342833300
864,25.7856,80.1894,1342826940
864,26.007,80.2153,1342826100
864,25.9579,80.2388,1342825860
864,27.6046,80.8256,1342816860
864,28.3058,81.4393,1342808520
864,28.3309,81.5157,1342770180
864,28.3298,81.5157,1342768380
864,28.3309,81.5157,1342767600
864,28.3308,81.5158,1342765980
864,28.3315,81.5158,1342765560
864,28.3314,81.5156,1342765440
864,28.3338,81.5126,1342763640
864,28.3324,81.515,1342761660
864,28.3308,81.5158,1342759800
864,28.3058,81.4393,1342750620
864,28.3061,81.4345,1342748220
864,28.4453,81.3944,1342744800
864,28.4461,81.3957,1342741800
864,28.4458,81.3951,1342738200
864,27.9711,82.8298,1342645800
864,27.9676,82.5672,1342642260
864,28.4739,81.4672,1342585980
864,28.4727,81.4732,1342562220
864,28.4711,81.4695,1342558200
864,28.47,81.4712,1342558140
864,28.4696,81.4728,1342554960
864,28.4729,81.4715,1342554900
864,28.4731,81.4726,1342554240
864,28.4728,81.4697,1342554180
864,28.4723,81.4681,1342553700
864,28.4739,81.4627,1342552920
864,28.3127,81.4384,1342549800
864,28.3338,81.5126,1342508880
864,28.3308,81.5158,1342507320
864,28.3181,81.469,1342472820
864,28.4598,81.4687,1342414680
864,28.447,81.3967,1342403940
864,28.4461,81.3965,1342403820
864,28.4459,81.3935,1342400760
864,28.4453,81.3944,1342388040
864,28.4458,81.3951,1342387740
864,29.2108,81.0228,1342310760
864,29.1901,81.066,1342305480
864,29.1865,81.0724,1342301640
864,29.1877,81.0714,1342297680
864,28.3058,81.4393,1342290960
864,28.3025,81.4594,1342230060
864,28.3711,81.5151,1342226040
864,28.3711,81.5177,1342222800
864,28.3697,81.5189,1342221960
864,28.3701,81.5199,1342220040
864,28.3713,81.5229,1342219320
864,28.3713,81.5165,1342216020
864,28.3714,81.5159,1342213080
864,28.3714,81.5159,1342212840
864,28.372,81.5147,1342211700
864,28.3061,81.4345,1342150500
864,28.3049,81.4409,1342147320
864,28.3058,81.4393,1342143120
864,28.3046,81.4599,1342085280
864,28.4183,81.5812,1342073580
864,28.4195,81.5812,1342054620
864,28.4194,81.5812,1342054260
864,28.4169,81.5812,1342053840
864,28.4183,81.5835,1342053600
864,28.4195,81.5846,1342044720
864,28.4196,81.5825,1342044540
864,28.4198,81.5807,1342042260
864,28.4187,81.5793,1342038420
864,28.4188,81.5813,1342033380
864,28.4154,81.5803,1342029360
864,28.3025,81.4594,1341983700
864,28.3049,81.4409,1341983640
864,28.3058,81.4393,1341957420
864,28.4107,81.4048,1341955680
864,28.4149,81.4052,1341952080
864,28.3131,81.4354,1341900120
864,28.3498,81.4879,1341870540
864,28.3189,81.47,1341867960
864,28.3181,81.469,1341861360
864,28.4099,81.4628,1341783780
864,28.3677,81.5021,1341775140
864,28.3175,81.4408,1341732240
864,28.3025,81.4594,1341719220
864,28.3872,81.4923,1341692100
864,28.3882,81.4913,1341691980
864,28.387,81.4924,1341691320
864,28.3868,81.4926,1341691260
864,28.3864,81.4937,1341691140
864,28.3061,81.4352,1341640620
864,28.4309,81.3084,1341627180
864,40.6897,74.1794,1341607080
864,50.8978,4.4828,1341567840
864,50.8668,5.5215,1341021660
864,50.898,5.5129,1339724040
864,50.898,5.5129,1339619340
864,50.8814,3.4272,1339342500
864,51.0862,4.5412,1339283580
864,50.898,5.5129,1339100940
864,50.93,5.3687,1338686700
864,50.898,5.5129,1338669780
864,50.898,5.5129,1338514140
864,50.898,5.5129,1338430680
864,51.0076,5.4883,1338404340
864,50.898,5.5129,1338344220
864,50.8984,5.5189,1338323700
864,50.898,5.5129,1338238500
864,50.9932,5.3679,1338216300
864,50.8984,5.5191,1338185700
864,50.9827,5.4893,1338135420
864,50.9818,5.4902,1337815320
864,50.9826,5.4907,1337813220
864,50.8983,5.5191,1337805480
864,50.9301,4.8584,1337604360
864,51.1346,5.6104,1337535060
864,51.1346,5.6104,1337527740
864,51.1346,5.6104,1337527560
864,51.1423,5.6186,1337525280
864,51.131,4.5696,1337368260
864,51.0397,4.4933,1337360220
864,50.8983,5.5191,1337302020
864,50.9036,5.6666,1337295060
864,50.9036,5.6666,1337291580
864,50.9031,5.6784,1337290680
864,50.8153,5.6665,1337280000
864,50.8191,5.6564,1337279940
864,50.932,5.3431,1337227140
864,50.9322,5.3424,1337226660
864,50.9322,5.3425,1337220240
864,50.9304,5.3693,1337208480
864,51.0076,5.4883,1337182740
864,51.008,5.4871,1337182080
864,51.008,5.4871,1337173980
864,51.0075,5.4882,1337095980
864,51.0075,5.4882,1337095860
864,51.0076,5.4883,1337084100
864,51.0076,5.4883,1337083620
864,50.8983,5.5191,1336957560
864,50.7962,6.1035,1336878060
864,50.7962,6.1035,1336877940
864,50.7962,6.1033,1336876920
864,50.7765,6.0833,1336873020
864,50.9085,5.5223,1336787220
864,50.9083,5.5218,1336787100
864,51.0076,5.4883,1336060620
864,50.8983,5.5191,1335881580
864,50.8981,5.519,1335879540
864,50.9308,5.337,1335834000
864,50.9796,4.8519,1335714840
864,50.9309,5.3369,1335661980
864,50.9309,5.3369,1335659520
864,50.9308,5.337,1335657720
864,50.9316,5.3359,1335657600
864,50.9083,5.5218,1335654840
864,50.9654,5.4792,1335642240
864,50.9083,5.5218,1335579840
864,50.898,5.5129,1335570060
864,50.9075,5.4284,1335565920
864,50.8981,5.519,1335562560
864,50.9815,5.4914,1335391740
864,50.9817,5.4916,1335391500
864,50.9654,5.5042,1335389580
864,50.9652,5.5034,1335387960
864,50.9814,5.4926,1335383580
864,51.0076,5.4883,1335291660
864,51.0075,5.4892,1335281580
864,50.898,5.5129,1335124560
864,51.13,4.5738,1335062400
864,51.13,4.5738,1335062280
864,51.13,4.5738,1335061680
864,51.13,4.5738,1335061500
864,51.13,4.5738,1335060600
864,51.13,4.5738,1335060360
864,51.13,4.5738,1335060000
864,51.13,4.5738,1335059820
864,51.13,4.5738,1335059280
864,51.13,4.5738,1335058020
864,51.1443,4.5738,1335051240
864,51.1443,4.5738,1335051000
864,51.1443,4.5738,1335050280
864,51.1443,4.5738,1335049860
864,51.1443,4.5738,1335049740
864,51.1442,4.5737,1335049020
864,51.0841,4.5448,1335040440
864,51.1286,4.5792,1335020040
864,51.1437,4.575,1335019260
864,51.1593,4.6006,1335014340
864,51.1593,4.5999,1335013800
864,50.9085,5.5222,1334971680
864,50.9085,5.5223,1334968920
864,50.9083,5.5218,1334968860
864,51.009,5.4861,1334943360
864,50.9085,5.5222,1334867880
864,50.898,5.5129,1334545680
864,50.7808,5.4633,1334444220
864,50.9085,5.5223,1334367180
864,50.9083,5.5218,1334367120
864,50.7697,5.4873,1333980300
864,50.8993,5.5241,1333927260
864,50.9308,5.337,1333850820
864,50.9187,5.5251,1333577520
864,51.0076,5.4883,1333459260
864,51.009,5.4861,1333450680
864,50.909,5.4194,1333231200
864,51.1628,4.6757,1333149240
864,51.1611,4.6701,1333149240
864,51.0125,5.496,1333136580
864,51.009,5.4861,1333017960
864,50.8701,5.5176,1332700740
864,50.9274,5.3363,1332627060
864,50.9274,5.3363,1332627000
864,50.9275,5.3363,1332626460
864,51.1695,5.1068,1332599640
864,51.219,4.4209,1332090420
864,51.2169,4.4206,1332088020
864,51.2203,4.399,1332084840
864,51.2191,4.3947,1332078900
864,51.2302,4.442,1331941860
864,51.0072,5.4869,1331035020
864,50.8817,5.6109,1330825980
864,50.9205,5.691,1330787880
864,51.0076,5.4883,1330516620
864,50.7884,5.3903,1329626520
864,50.8699,5.5131,1329006420
864,50.8983,5.5192,1328217780
864,51.0075,5.4892,1328187900
864,50.8981,5.519,1328057340
864,50.8984,5.5198,1328054940
864,51.0075,5.4892,1328035500
864,51.0075,5.4892,1328027100
864,51.0075,5.4892,1327925700
864,50.9393,5.3096,1327794780
864,50.8151,5.1833,1327769460
864,50.8777,5.5122,1327761300
864,51.0075,5.4892,1327349040
864,50.965,4.496,1327265700
864,50.9002,4.3377,1327249920
864,50.9024,5.5287,1327116480
864,51.1001,4.5265,1326496260
864,50.8983,5.5192,1326326280
864,50.7952,5.5009,1325962260
864,50.8672,5.5216,1325376780
864,50.9315,5.3962,1325191920
864,50.8983,5.5192,1325106120
864,50.8984,5.5182,1324832940
864,50.8981,5.5185,1324781100
864,50.9645,5.4752,1323982560
864,51.0075,5.4892,1323801120
864,50.8895,5.9767,1323541020
864,51.0075,5.4892,1323172080
864,50.9065,5.4291,1322969280
864,50.9065,5.4291,1322968980
864,50.9065,5.4291,1322967480
864,50.9075,5.4287,1322963100
864,50.9301,5.3376,1322939700
864,50.9307,5.3377,1322937600
864,50.898,4.4833,1322484840
864,50.9911,5.3642,1322264460
864,50.7808,5.4633,1321824780
864,50.9322,5.3432,1321668660
864,50.9324,5.3441,1321664520
864,51.0015,4.6615,1321129560
864,51.0031,4.6619,1321116420
864,51.0015,4.6615,1321115880
864,51.0015,4.6615,1321043280
864,51.0015,4.6615,1321032420
864,51.0015,4.6615,1321031160
864,51.0015,4.6615,1321019340
864,51.0021,4.6616,1321016160
864,50.9292,5.3701,1320715260
864,50.9292,5.3701,1320709560
864,50.9304,5.3693,1320709080
864,50.9023,5.4678,1320539400
864,51.0734,4.345,1320455580
864,50.8983,5.5192,1320289860
864,50.8379,5.3592,1320114780
864,50.8983,5.5192,1320097920
864,50.9803,4.9782,1320009120
864,50.9449,5.2675,1319989860
864,50.9425,5.2929,1319988660
864,50.9284,5.3335,1319985660
864,50.8983,5.5192,1319925780
864,51.2201,4.4143,1319909760
864,51.217,4.4008,1319906460
864,51.2183,4.408,1319904960
864,51.2182,4.4078,1319902920
864,50.986,4.9696,1319894940
864,50.8981,5.5185,1319597100
864,50.9085,5.5223,1319501520
864,50.9083,5.5218,1319499840
864,50.8851,5.5083,1319492700
864,51.0261,3.6921,1319387880
864,51.0269,3.6919,1319381280
864,51.1442,4.5737,1319322240
864,50.8851,5.5083,1319283420
864,50.9817,5.4916,1318891500
864,50.9209,5.3843,1318771140
864,50.9296,5.3686,1318458540
864,50.9304,5.3693,1318458180
864,52.3739,4.8942,1318182600
864,52.3664,4.8991,1318124220
864,52.3787,4.8998,1318102620
864,50.851,5.691,1317939840
864,50.9308,5.3324,1317754260
864,51.1858,5.0093,1317568380
864,50.8981,5.5185,1317522960
864,50.9388,5.2966,1317493740
864,50.9284,5.3398,1317432840
864,51.2168,4.4208,1316969160
864,51.1913,4.3993,1316963760
864,50.9088,5.5195,1316471940
864,50.8444,5.3152,1316308200
864,51.2661,4.6424,1316280060
864,50.851,5.691,1316128740
864,50.9057,5.5229,1315614420
864,50.8983,5.519,1315443540
864,50.8936,5.539,1315362180
864,50.9402,5.4525,1315062060
864,50.8981,5.5191,1315004400
864,50.9939,5.5357,1314545880
864,50.9006,5.5254,1314391500
864,50.8983,5.5192,1314230040
864,51.3151,3.123,1313767140
864,50.8981,5.5181,1313362980
864,51.0944,4.3845,1313246280
864,51.0881,4.3789,1313185200
864,51.1442,4.5737,1312668600
864,50.8981,5.5192,1312601280
864,50.9404,5.6797,1311959940
864,50.9404,5.6797,1311959940
864,50.9019,5.526,1311948420
864,50.8981,5.5181,1311899580
864,50.9019,5.526,1311874260
864,50.9019,5.526,1311874260
864,50.9019,5.526,1311808980
864,50.9019,5.526,1311808440
864,50.9304,5.3704,1311805080
864,50.9817,5.4918,1311705840
864,50.9315,5.3962,1311691920
864,50.9315,5.3962,1311690780
864,50.8981,5.5181,1311646920
864,50.8981,5.5181,1311552420
864,50.9304,5.3704,1311544920
864,50.9304,5.3704,1311530100
864,50.8981,5.5181,1311518880
864,51.0045,5.3623,1311471300
864,51.0045,5.3623,1311468060
864,51.0045,5.3623,1311463080
864,50.9019,5.526,1311460680
864,50.8981,5.5181,1311427680
864,50.8981,5.5181,1311353640
864,48.8429,2.3024,1310924880
864,50.9019,5.526,1310832660
864,51.0947,4.5119,1310771640
864,50.8981,5.5181,1310759040
864,50.8981,5.5181,1310736360
864,50.8981,5.5181,1310736360
864,50.8981,5.5181,1310675820
864,50.9404,5.6797,1310664540
864,50.9019,5.526,1310599080
864,50.9304,5.3704,1310321220
864,50.9019,5.526,1310172600
864,50.9019,5.526,1310170260
864,50.9083,5.5212,1310089080
864,50.9083,5.5212,1309905480
864,50.9083,5.5212,1309830120
864,50.8704,5.5172,1309823280
864,50.9083,5.5212,1309793100
864,50.9083,5.5212,1309793100
864,50.8989,5.5256,1309541580
864,50.9083,5.5212,1309482720
