871,40.5876,89.4772,1427524680
871,40.1466,89.3459,1427428800
871,40.6968,89.5945,1427068620
871,40.5876,89.4772,1426318380
871,40.7786,89.6215,1425947460
871,40.6383,89.5082,1424998920
871,40.6965,89.5942,1424561820
871,40.692,89.5943,1424507160
871,40.692,89.5943,1424330700
871,40.7786,89.6215,1423720140
871,40.7409,89.6292,1422754500
871,40.7066,89.5936,1422041940
871,40.6375,89.508,1421804700
871,40.6921,89.5938,1420965540
871,40.7318,89.6123,1420943700
871,40.7416,89.6345,1420613580
871,40.7283,89.6173,1419120120
871,40.6847,89.579,1418970180
871,40.6968,89.5944,1418546940
871,40.7958,89.6266,1418113620
871,40.6386,89.5082,1416372540
871,41.9298,87.7085,1416278700
871,41.9264,87.7068,1416270240
871,40.6968,89.5944,1416190560
871,40.6385,89.5081,1415825040
871,40.7065,89.5936,1415389500
871,40.6384,89.5081,1415221260
871,40.6385,89.5081,1415151900
871,40.6385,89.5081,1415151720
871,40.6386,89.5081,1415134740
871,40.6386,89.5081,1415134440
871,40.6386,89.5081,1415134140
871,41.8688,88.097,1414312680
871,41.8688,88.097,1414305420
871,41.8977,87.6243,1414277040
871,41.8954,87.9625,1414215540
871,40.6385,89.5082,1413939180
871,40.7924,89.674,1413592140
871,40.7416,89.6345,1413565080
871,40.7439,89.6119,1413524100
871,40.7239,89.6069,1413454560
871,40.6384,89.5082,1413413460
871,40.6384,89.5082,1413330060
871,40.6384,89.5081,1413329160
871,40.6382,89.5082,1412904060
871,40.7238,89.6071,1411817040
871,40.7303,89.6124,1411773840
871,40.724,89.6076,1411451220
871,40.7238,89.6069,1411451160
871,40.7238,89.607,1411296480
871,40.7237,89.6071,1411271040
871,40.7238,89.6074,1411270860
871,40.6093,89.4627,1411234500
871,40.7239,89.6074,1411228140
871,40.7241,89.6074,1411107660
871,40.7239,89.6073,1411099380
871,40.7238,89.6073,1411099260
871,40.6386,89.5082,1411087860
871,40.6385,89.5082,1411087320
871,40.6386,89.5082,1411087140
871,40.7397,89.6341,1411082940
871,40.6386,89.5082,1411073700
871,40.7597,89.6442,1411020780
871,40.6386,89.5081,1410985260
871,40.7239,89.6073,1410898440
871,40.724,89.6073,1410897840
871,40.7238,89.6071,1410891360
871,40.6961,89.5912,1410844740
871,40.6385,89.5083,1410826440
871,40.6382,89.5082,1410726360
871,40.7299,89.6123,1410546720
871,40.724,89.6076,1410545340
871,40.6386,89.5082,1410486840
871,40.6384,89.5082,1410486300
871,40.6384,89.5082,1410485880
871,40.6384,89.5082,1410485700
871,40.6384,89.5083,1410462540
871,40.7238,89.6073,1410458400
871,40.7416,89.6345,1410454560
871,40.6385,89.508,1410383220
871,40.724,89.6074,1410378000
871,40.7241,89.6074,1410370020
871,40.6385,89.5083,1410296940
871,40.6387,89.5083,1410050460
871,40.6382,89.5082,1410050400
871,40.6386,89.5082,1410050160
871,40.6387,89.5083,1410043800
871,40.7787,89.6215,1409884620
871,40.7239,89.6073,1409851380
871,40.6386,89.5082,1409796660
871,40.6386,89.5083,1409796540
871,40.6386,89.5082,1409795640
871,40.6386,89.5082,1409795520
871,40.6386,89.5082,1409795340
871,40.6967,89.5409,1409783700
871,40.7239,89.6069,1409739120
871,40.6386,89.5082,1409704260
871,40.6386,89.5082,1409704140
871,40.6385,89.5082,1409703960
871,40.6386,89.5082,1409703780
871,40.6386,89.5082,1409703660
871,40.6386,89.5082,1409703600
871,40.7235,89.6078,1409636400
871,40.7238,89.6075,1409632860
871,40.6997,89.6128,1409600100
871,40.7236,89.6066,1409471580
871,40.724,89.6073,1409387520
871,40.7242,89.6073,1409368020
871,40.724,89.6075,1409367600
871,40.724,89.6074,1409367420
871,40.724,89.6075,1409353620
871,40.724,89.6075,1409353140
871,40.724,89.6074,1409353020
871,40.724,89.6075,1409352780
871,40.724,89.6075,1409352600
871,40.7234,89.6082,1409352480
871,40.724,89.6074,1409110140
871,40.7239,89.6074,1409109960
871,40.6385,89.5081,1409097360
871,40.6385,89.5081,1409097180
871,40.7238,89.6071,1408759020
871,40.724,89.6073,1408756800
871,40.7788,89.6217,1408581720
871,40.7239,89.6074,1408554720
871,40.7239,89.6076,1408517820
871,40.707,89.6084,1408506780
871,40.7238,89.6074,1408502820
871,40.724,89.6074,1408434300
871,40.7239,89.6073,1408432620
871,40.6385,89.5084,1408406340
871,40.7239,89.6073,1408387320
871,40.7239,89.6074,1408385040
871,40.7238,89.607,1408181160
871,40.7237,89.6075,1408180680
871,40.7237,89.6071,1408179780
871,40.818,89.6292,1408144380
871,40.8175,89.6286,1408127580
871,40.7324,89.6147,1408126500
871,40.1493,89.3448,1408079100
871,40.1469,89.3447,1408077480
871,40.8177,89.6279,1408057980
871,40.8179,89.6278,1408047720
871,40.7239,89.6073,1407815280
871,40.6386,89.508,1407806760
871,40.6386,89.5081,1407800880
871,40.7284,89.6173,1407741180
871,40.7239,89.6073,1407710700
871,40.7406,89.629,1407566100
871,40.7407,89.6291,1407565140
871,40.7238,89.6074,1407539160
871,40.7239,89.607,1407518940
871,40.7238,89.6072,1407517740
871,40.7236,89.6072,1407491340
871,40.6385,89.5081,1407286800
871,40.6384,89.5081,1407285480
871,40.6385,89.5082,1407284400
871,40.6383,89.5082,1407283320
871,40.7239,89.6073,1407260340
871,40.8169,89.7811,1407187320
871,40.7239,89.6071,1407113880
871,40.8122,92.2739,1407003600
871,40.8112,92.2741,1406965200
871,40.7239,89.6073,1406827260
871,40.7241,89.6073,1406743020
871,40.7239,89.6069,1406694420
871,40.7239,89.6072,1406691000
871,40.6383,89.508,1406688780
871,40.7239,89.6072,1406605260
871,40.7241,89.6074,1406365500
871,40.6382,89.5082,1406359020
871,40.6753,89.5776,1406337360
871,40.7239,89.6075,1406334540
871,40.724,89.6073,1406332380
871,40.724,89.6074,1406238720
871,40.6383,89.5082,1406183580
871,40.6386,89.5081,1406072280
871,40.7238,89.6073,1406048880
871,40.6386,89.5083,1406007960
871,40.6386,89.5081,1405981740
871,40.6386,89.5081,1405981500
871,40.6382,89.5082,1405885200
871,40.6384,89.5081,1405803540
871,40.7239,89.6073,1405617960
871,40.6385,89.5082,1405557420
871,40.7239,89.6071,1404982500
871,40.6385,89.5082,1404959820
871,40.6384,89.5083,1404870240
871,40.6428,89.4816,1404463200
871,40.6384,89.5081,1404339900
871,40.7239,89.6075,1404199020
871,40.7239,89.6075,1404198900
871,40.724,89.6072,1404198780
871,33.8734,78.5036,1403929140
871,33.8684,78.507,1403913720
871,33.8231,78.6854,1403842020
871,33.8727,78.5011,1403831220
871,33.9279,78.4988,1403801280
871,33.8684,78.4994,1403730480
871,33.873,78.5011,1403685120
871,33.8729,78.501,1403683500
871,33.873,78.5011,1403669100
871,33.873,78.5011,1403668800
871,33.8734,78.5008,1403668080
871,33.8684,78.507,1403581380
871,33.8656,78.6458,1403547060
871,33.8684,78.507,1403480100
871,33.8684,78.507,1403479860
871,33.8665,78.5066,1403422140
871,40.7238,89.6072,1403028720
871,40.7239,89.6073,1403028480
871,40.724,89.6073,1402975740
871,40.724,89.6072,1402974360
871,40.7238,89.6072,1402973640
871,40.7238,89.6072,1402973520
871,40.724,89.6072,1402631520
871,40.742,89.6047,1402550880
871,40.6388,89.5078,1402516020
871,40.6382,89.5082,1402450500
871,40.6385,89.5079,1402434720
871,40.664,89.5748,1402292400
871,40.6968,89.5944,1402208160
871,40.7239,89.6071,1402133820
871,40.724,89.6072,1401947340
871,40.7443,89.6296,1401925380
871,40.724,89.6072,1401852360
871,40.6382,89.5081,1401834360
871,40.6382,89.5081,1401834300
871,40.6382,89.5081,1401833100
871,40.7239,89.6075,1401771180
871,40.7239,89.6074,1401567180
871,40.724,89.6074,1401565320
871,40.6385,89.5088,1401395340
871,40.7239,89.6073,1400746560
871,40.7416,89.6345,1400260440
871,40.6384,89.5082,1400183340
871,40.7501,89.6358,1399787940
871,40.7316,89.6069,1399769760
871,40.7279,89.6071,1399689780
871,40.6384,89.5082,1399582680
871,40.6384,89.5083,1399581900
871,40.6384,89.5083,1399581600
871,40.6384,89.5083,1399581540
871,40.6384,89.5083,1399435080
871,40.6384,89.5079,1398816300
871,40.6384,89.5083,1398813240
871,40.6384,89.5083,1398813180
871,40.3728,89.5473,1398575520
871,40.7241,89.6074,1398408120
871,40.6092,89.4631,1398209580
871,40.7361,89.555,1398040560
871,40.6382,89.5082,1396671540
871,40.7239,89.6075,1396595820
871,39.0875,84.5202,1396551840
871,39.0948,84.4972,1396495140
871,39.0858,84.7832,1396483200
871,40.7299,89.6123,1396116600
871,40.6856,89.599,1395477420
871,40.6925,89.5942,1395471600
871,40.7416,89.6345,1395329580
871,40.6385,89.5083,1395093480
871,40.6385,89.5082,1394834400
871,40.8083,89.6137,1393744980
871,40.8083,89.6137,1393743240
871,40.6385,89.5083,1393374900
871,40.724,89.6072,1393145340
871,40.724,89.6072,1393145280
871,40.7238,89.6069,1393145160
871,40.7317,89.5793,1393041120
871,40.7324,89.6147,1392234240
871,40.7958,89.6268,1392191340
871,40.744,89.6119,1392100680
871,40.7787,89.6219,1391573220
871,40.6385,89.5083,1391545920
871,40.6208,89.4699,1391036880
871,40.6385,89.5084,1391025840
871,40.7237,89.6069,1390895520
871,40.6386,89.5083,1390432380
871,40.6387,89.5081,1390356660
871,40.7958,89.6268,1390281240
871,40.7403,89.6351,1390234800
871,40.6385,89.5082,1389137880
871,40.7403,89.6351,1389089220
871,40.6267,89.5161,1388954520
871,40.6385,89.5082,1388717040
871,40.6384,89.5085,1388458260
871,40.6385,89.5083,1388441280
871,40.6385,89.5082,1387955700
871,40.6386,89.5084,1387853940
871,40.6739,89.5404,1387763520
871,40.6386,89.5083,1387408020
871,40.7379,89.6211,1387257000
871,40.6384,89.5086,1386731340
871,40.6384,89.5086,1386731340
871,40.6384,89.5086,1386731280
871,40.7296,89.5879,1386287160
871,40.7239,89.6077,1385462880
871,40.7238,89.6107,1385436840
871,40.7242,89.6067,1385108100
871,40.6384,89.5083,1384919400
871,40.7263,89.6026,1384755000
871,40.6396,89.5368,1384506000
871,40.6384,89.5082,1384472880
871,40.6384,89.5083,1384379580
871,40.7379,89.6211,1384237200
871,40.6385,89.5083,1383773220
871,38.4897,90.3544,1383363000
871,40.7786,89.6216,1382046840
871,40.6849,89.5794,1381989060
871,40.6385,89.5082,1380857700
871,40.6385,89.5082,1379462880
871,40.6385,89.5082,1379462580
871,40.6385,89.5082,1379381160
871,40.6385,89.5082,1379018100
871,40.7315,89.612,1377890160
871,40.7299,89.6124,1377283740
871,40.724,89.6074,1376270880
871,41.0306,89.6291,1376114220
871,40.7324,89.6147,1375227540
871,40.6585,89.5713,1374458400
871,40.6968,89.5944,1373570880
871,40.6897,89.5868,1373015340
871,40.7279,89.6076,1372829100
871,40.7401,89.6087,1371675060
871,40.7379,89.6211,1371537240
871,33.8715,78.508,1371264660
871,33.8662,78.5066,1371104580
871,33.8686,78.6335,1371071760
871,33.8715,78.508,1371026040
871,33.8715,78.508,1370919840
871,33.8715,78.508,1370914800
871,40.6384,89.5083,1370572860
871,40.6871,89.5984,1370502540
871,40.7379,89.6211,1370050020
871,40.6385,89.5082,1369944120
871,40.4781,88.9961,1368084240
871,40.6929,89.5897,1367883840
871,41.1115,89.3561,1367139000
871,41.1115,89.3561,1367138580
871,41.1115,89.3561,1367138400
871,41.0829,89.458,1367028660
871,40.7238,89.6107,1366677300
871,40.6385,89.5082,1364501940
871,40.6094,89.4627,1364334660
871,40.6385,89.5082,1363911780
871,40.6385,89.5082,1363813740
871,40.6387,89.5079,1363741500
871,40.6968,89.5944,1363308900
871,40.6094,89.4628,1363131840
871,40.7241,89.6072,1362855180
871,41.9026,87.6287,1362211620
871,40.7449,89.609,1360966620
871,40.7397,89.5732,1360912140
871,40.6291,89.4638,1360708800
871,40.6919,89.5935,1358748420
871,40.4806,88.9524,1357976700
871,40.7404,89.6025,1357424580
871,40.5921,89.4648,1355301420
871,40.6208,89.4699,1355268900
871,40.6385,89.5082,1355081400
