889,40.4512,79.9349,1415080500
889,40.4512,79.9349,1415079240
889,40.5205,79.9581,1415049900
889,40.4511,79.935,1414478640
889,40.5205,79.9581,1414457100
889,40.5207,79.958,1414453320
889,40.5418,80.0084,1414190220
889,40.5207,79.958,1413932640
889,40.5208,79.9581,1413887700
889,40.5206,79.9581,1413771240
889,40.5418,80.0086,1413664800
889,40.451,79.9349,1413602880
889,40.5207,79.958,1413505920
889,40.4411,79.9622,1413469320
889,40.5207,79.9579,1413450300
889,40.5206,79.9581,1413450180
889,40.5207,79.9582,1413317280
889,40.5463,80.0058,1413262200
889,40.4512,79.935,1413257040
889,40.4513,79.9351,1413256200
889,40.5419,80.0085,1413226800
889,40.4556,79.9314,1413177420
889,40.5207,79.9582,1413027480
889,40.5671,80.0126,1412976360
889,40.5207,79.9582,1412877960
889,40.5205,79.9581,1412848920
889,40.5204,79.958,1412848620
889,40.5204,79.9581,1412847600
889,40.5206,79.9581,1412814480
889,40.5417,80.0086,1412801700
889,40.4556,79.9315,1412571420
889,40.4584,79.9508,1412497260
889,40.5461,80.0091,1412462340
889,40.5207,79.958,1412238360
889,40.5207,79.9581,1412237880
889,40.5454,80.0081,1412198520
889,40.5507,80.0212,1412150580
889,40.5428,80.0083,1412114460
889,40.4511,79.9338,1411979160
889,40.4511,79.9338,1411979100
889,40.5207,79.9582,1411938000
889,40.5206,79.958,1411780140
889,40.5207,79.9582,1411778460
889,40.5208,79.9582,1411777860
889,40.5207,79.9581,1411763820
889,40.5207,79.9582,1411635360
889,40.5207,79.9582,1411631880
889,40.5207,79.9582,1411626780
889,40.4392,79.959,1411606020
889,40.4414,79.959,1411605360
889,40.542,80.0085,1411594560
889,40.5004,79.9432,1411422060
889,40.5005,79.9436,1411420260
889,40.4451,79.9491,1409893380
889,40.55,80.0204,1407316380
889,40.55,80.0204,1405068300
889,40.55,80.0204,1405068300
889,40.5206,79.9581,1404528120
889,39.2001,75.52,1403554560
889,39.1895,75.5348,1403436720
889,39.2001,75.52,1403393520
889,39.1895,75.5348,1403344920
889,40.7969,73.9242,1403327760
889,39.1895,75.5348,1403250660
889,40.6302,80.0618,1401111060
889,40.5349,79.9577,1401069600
889,40.535,79.9578,1401060960
889,40.4335,79.958,1400891160
889,40.5307,80.0104,1400549940
889,40.5205,79.958,1400468040
889,40.5205,79.9581,1400372700
889,40.5046,80.0105,1400361900
889,40.4333,79.9582,1400188860
889,40.4334,79.9582,1400185740
889,40.4336,79.9581,1400184420
889,40.4334,79.9582,1400183880
889,40.4336,79.9582,1400148240
889,40.5499,80.0202,1400139660
889,40.5499,80.02,1400136240
889,40.4418,79.9589,1400111820
889,40.4334,79.9582,1400072160
889,40.4334,79.9582,1400070720
889,40.4483,80.0044,1400029680
889,40.4485,80.0044,1400025720
889,40.5209,79.9582,1400019120
889,40.5451,80.0072,1399855200
889,40.5497,80.0203,1399805820
889,40.55,80.0204,1399790880
889,40.5207,79.9583,1399755660
889,40.5206,79.9581,1399754400
889,40.5207,79.9582,1399725540
889,40.4336,79.9582,1399671000
889,40.4333,79.9582,1399625700
889,40.4398,79.99,1399620240
889,40.4388,79.9913,1399609920
889,40.4333,79.9583,1399604100
889,40.4331,79.9583,1399599660
889,40.5116,79.9479,1399543200
889,40.5118,79.9484,1399542360
889,40.4708,79.9602,1399533840
889,40.5206,79.9581,1399500660
889,40.5206,79.9581,1399466040
889,40.4337,79.9582,1399321440
889,40.4336,79.9582,1399237800
889,40.4333,79.9584,1399237200
889,40.4336,79.9582,1399202640
889,40.4397,79.9896,1399163280
889,40.4397,79.9896,1399156980
889,40.4397,79.9896,1399145820
889,40.5207,79.9583,1399109880
889,40.5206,79.9582,1399109040
889,40.5897,80.0184,1399068900
889,40.4583,79.9507,1399001760
889,40.4486,80.0044,1398988560
889,40.4332,79.9583,1398975120
889,40.5602,80.0236,1398971820
889,40.5207,79.9583,1398914040
889,40.5207,79.9582,1398912720
889,40.5205,79.9581,1398847860
889,40.5603,80.0238,1398841980
889,40.4376,80.0022,1398828660
889,40.4332,79.9584,1398798240
889,40.4332,79.9584,1398797520
889,40.4336,79.9584,1398762420
889,40.5627,80.0262,1398753000
889,40.5206,79.958,1398742260
889,40.5207,79.9582,1398741600
889,40.4331,79.9584,1398724680
889,40.4331,79.9583,1398723960
889,40.438,80.0009,1398716700
889,40.55,80.0204,1398649500
889,40.5207,79.9582,1398633180
889,40.5204,79.9582,1398628260
889,40.5207,79.9581,1398556860
889,40.4335,79.9582,1398505920
889,40.4332,79.9584,1398496740
889,40.4411,80.0011,1398495900
889,40.4411,80.0011,1398495000
889,40.4411,80.0011,1398488220
889,40.4411,80.001,1398487080
889,40.4337,79.9584,1398470820
889,40.6055,80.007,1398455940
889,40.4336,79.9582,1398413220
889,40.4397,80.0003,1398369840
889,40.4335,79.9581,1398330960
889,40.5207,79.9583,1398315540
889,40.4379,80.001,1398294420
889,40.438,80.001,1398290040
889,40.4332,79.9584,1398199500
889,40.4392,79.9999,1398190200
889,40.4329,79.9584,1398147720
889,40.4336,79.9581,1398136920
889,40.4331,79.9584,1398130320
889,40.433,79.9583,1398125460
889,40.4331,79.9583,1398120960
889,40.5206,79.9582,1398057780
889,40.55,80.0204,1398045840
889,40.55,80.0204,1398043980
889,40.55,80.0204,1398030960
889,40.4336,79.9581,1397985720
889,40.4337,79.9583,1397983440
889,40.4336,79.9583,1397982780
889,40.4285,79.9781,1397980680
889,40.4288,79.985,1397975280
889,40.5628,80.0263,1397955660
889,40.4287,79.9823,1397897880
889,40.4288,79.9823,1397888520
889,40.4335,79.9583,1397856720
889,40.5627,80.0262,1397854560
889,40.4332,79.9584,1397815260
889,40.6465,80.2263,1397808720
889,40.6465,80.2263,1397808060
889,40.4483,80.0043,1397776560
889,40.4331,79.9583,1397759760
889,40.4417,79.9592,1397686560
889,40.5207,79.9581,1397682960
889,40.5501,80.0205,1397640660
889,40.438,80.0026,1397620500
889,40.4397,80.0006,1397614500
889,40.4403,80.0002,1397608860
889,40.4484,80.0044,1397594760
889,40.4384,80.0016,1397591160
889,40.4392,80.0,1397588100
889,40.439,80.0002,1397587680
889,40.4362,79.9674,1397582220
889,40.4333,79.9585,1397552460
889,40.5208,79.9583,1397538960
889,40.5207,79.9582,1397531520
889,40.4484,80.0043,1397522220
889,40.4332,79.9583,1397512860
889,40.5499,80.0203,1397453400
889,40.55,80.0205,1397433540
889,40.55,80.0204,1397426220
889,40.4336,79.9582,1397414880
889,40.4333,79.9585,1397383680
889,40.452,79.9827,1397378820
889,40.4492,79.9868,1397376300
889,40.4491,79.987,1397366700
889,40.4379,80.001,1397357520
889,40.4384,80.0019,1397341260
889,40.4386,80.0017,1397332740
889,40.4336,79.9582,1397303760
889,40.4336,79.9584,1397292420
889,40.4332,79.9583,1397289600
889,40.4335,79.9581,1397286900
889,40.6049,80.0072,1397279160
889,40.6049,80.0072,1397277240
889,40.6049,80.0071,1397276580
889,40.6049,80.0072,1397275260
889,40.5357,79.9715,1397271780
889,40.5206,79.9581,1397266020
889,40.4332,79.9583,1397258220
889,40.4336,79.9582,1397255520
889,40.4332,79.9583,1397253300
889,40.4336,79.9582,1397249940
889,40.4336,79.9578,1397248860
889,40.4406,79.9567,1397212140
889,40.4288,79.9646,1397200200
889,40.4288,79.985,1397194680
889,40.4332,79.9583,1397187960
889,40.5628,80.0263,1397181600
889,40.563,80.026,1397179260
889,40.4334,79.9584,1397119260
889,40.4245,79.9928,1397097660
889,40.4386,80.0025,1397083920
889,40.4386,80.0024,1397083740
889,40.4387,80.0024,1397080920
889,40.4378,80.0023,1397075160
889,40.4336,79.9584,1397029020
889,40.5208,79.958,1397021160
889,40.5208,79.9582,1397019360
889,40.4484,80.0043,1396994940
889,40.4484,80.0044,1396994520
889,40.4486,80.0043,1396993740
889,40.4484,80.0044,1396991700
889,40.4486,80.004,1396987980
889,40.4397,80.0003,1396982580
889,40.4365,79.9626,1396977180
889,40.4337,79.9582,1396946700
889,40.4332,79.9584,1396923840
889,40.4335,79.9583,1396909920
889,40.4335,79.9579,1396899660
889,40.4338,79.9583,1396829280
889,40.5535,80.0163,1396825920
889,40.5206,79.9577,1396815360
889,40.5209,79.9585,1396811820
889,40.4333,79.9584,1396746480
889,40.4486,80.0044,1396740360
889,40.4483,80.0039,1396685100
889,40.446,80.0119,1396684980
889,40.4459,80.0118,1396681080
889,40.4336,79.9581,1396662600
889,40.4484,80.0044,1396658580
889,40.4484,80.0045,1396658340
889,40.4485,80.0044,1396657860
889,40.4486,80.0044,1396656540
889,40.4338,79.9585,1396607340
889,40.55,80.0203,1396594320
889,40.55,80.0204,1396581300
889,40.4486,80.0045,1396562940
889,40.436,79.962,1396550700
889,40.4361,79.962,1396550580
889,40.4337,79.9581,1396522920
889,40.4406,79.9584,1396505520
889,40.4385,80.0024,1396477320
889,40.4374,80.0026,1396474680
889,40.4376,80.0025,1396474200
889,40.434,79.9926,1396407780
889,40.4336,79.9581,1396405680
889,40.4963,80.0122,1396397340
889,40.4481,80.0043,1396390080
889,40.4334,79.9584,1396340760
889,40.4624,79.9503,1396331580
889,40.4624,79.9503,1396330680
889,40.4488,80.0022,1396300800
889,40.4336,79.9584,1396288440
889,40.4288,79.9827,1396177080
889,40.451,79.9338,1396160880
889,40.4381,80.0008,1396137300
889,40.6247,79.9423,1396124820
889,40.6248,79.9421,1396122360
889,40.5207,79.9582,1396114080
889,40.5206,79.958,1396091340
889,40.4025,79.9195,1396075620
889,40.5207,79.9581,1396066920
889,40.4336,79.9581,1396055520
889,40.55,80.0204,1396049520
889,40.4333,79.9583,1396030080
889,40.4385,79.9888,1395995820
889,40.4397,79.9896,1395983940
889,40.4397,79.9894,1395980700
889,40.4336,79.9586,1395908880
889,40.4337,79.9583,1395907860
889,40.4339,79.9575,1395907320
889,40.4334,79.9581,1395905820
889,40.4387,80.0017,1395876900
889,40.4387,80.0018,1395876660
889,40.4387,80.0018,1395875820
889,40.4386,80.0024,1395872460
889,40.4329,79.9582,1395824340
889,40.4336,79.9582,1395810120
889,40.4335,79.9582,1395737760
889,40.4337,79.9582,1395735180
889,40.4333,79.9585,1395733620
889,40.4413,80.0016,1395702480
889,40.438,80.0021,1395694800
889,40.55,80.0204,1395652980
889,40.5205,79.958,1395634980
889,40.5438,79.9797,1395620520
889,40.5207,79.9582,1395612660
889,40.5207,79.9583,1395611280
889,40.5207,79.9583,1395537300
889,40.4524,80.1679,1395525180
889,40.4272,79.987,1395383700
889,40.4288,79.985,1395379440
889,40.5207,79.9582,1395345660
889,40.4336,79.9581,1395338220
889,40.5206,79.9582,1395307500
889,40.4386,80.0017,1395303060
889,40.438,80.0011,1395298800
889,40.4381,80.001,1395296460
889,40.5207,79.9581,1395292200
889,40.5207,79.9581,1395291720
889,40.5206,79.9582,1395287220
889,40.5207,79.9583,1395285600
889,40.4382,80.0013,1395272940
889,40.5207,79.9582,1395226020
889,40.5207,79.9583,1395124140
889,40.5207,79.9581,1395044160
889,40.5207,79.9582,1395031020
889,40.5204,79.958,1394945580
889,40.5501,80.0204,1394920380
889,40.5206,79.9581,1394873940
889,40.5207,79.9583,1394862660
889,40.5207,79.9582,1394861040
889,40.5206,79.9581,1394851320
889,40.55,80.0205,1394826480
889,40.5207,79.9581,1394786460
889,40.4395,79.9894,1394697900
889,40.4395,79.9894,1394697300
889,40.4387,80.0016,1394667780
889,40.5206,79.9581,1394614560
889,40.4511,79.935,1394604780
889,40.4338,79.9582,1394576940
889,40.4336,79.9582,1394568420
889,40.446,80.0122,1394560800
889,40.4337,79.9582,1394497860
889,40.4336,79.9582,1394454000
889,40.4366,79.9543,1394282580
889,40.5628,80.0263,1394242440
889,40.5206,79.958,1394083800
889,40.5206,79.9581,1394079360
889,40.55,80.0204,1393995000
889,40.4334,79.9584,1393979220
889,40.539,79.9621,1393973280
889,40.5208,79.9583,1393928700
889,40.5206,79.9581,1393927560
889,40.5205,79.9581,1393905540
889,40.5628,80.0263,1393892580
889,40.5628,80.0263,1393892100
889,40.4335,79.9583,1393887900
889,40.4336,79.9582,1393846680
889,40.5496,80.0192,1393729620
889,40.5501,80.0205,1393635900
889,40.5205,79.9581,1393554000
889,40.4401,80.0005,1393529040
889,40.5501,80.0205,1393486500
889,40.5501,80.0205,1393486320
889,40.5501,80.0204,1393483560
889,40.4336,79.9585,1393472040
889,40.4336,79.9583,1393460280
889,40.4335,79.9582,1393457040
889,40.4335,79.9581,1393363080
889,40.4498,79.9874,1393317960
889,40.4501,79.9868,1393314240
889,40.4337,79.9582,1393305660
889,40.4359,79.965,1393276920
889,40.55,80.0204,1393214100
889,40.4335,79.9584,1393209960
889,40.436,79.9578,1393109100
889,40.5206,79.958,1393059660
889,40.5206,79.9581,1393058520
889,40.4336,79.9582,1392987420
889,40.4335,79.9582,1392987120
889,40.5497,80.0205,1392981780
889,40.4339,79.994,1392943260
889,40.4482,80.0041,1392930000
889,40.4337,79.9582,1392890040
889,40.4387,80.0025,1392853980
889,40.4387,80.0025,1392853680
889,40.4336,79.9584,1392849120
889,40.4337,79.9582,1392841440
889,40.0077,83.0251,1392801480
889,40.0068,83.0267,1392791700
889,40.0642,80.9962,1392774900
889,40.4484,80.0044,1392763740
889,40.4485,80.0042,1392759060
889,40.5206,79.9582,1392702480
889,40.4382,80.0012,1392687300
889,40.4335,79.9581,1392666480
889,40.4334,79.9583,1392636240
889,40.4335,79.9583,1392614040
889,40.4233,79.9973,1392607860
889,40.4233,79.9973,1392602400
889,40.4233,79.9973,1392591900
889,40.55,80.0205,1392551100
889,40.5501,80.0202,1392548880
889,40.4332,79.9582,1392503400
889,40.5207,79.9581,1392435840
889,40.5501,80.0205,1392412800
889,40.4484,80.0045,1392324360
889,40.4386,80.0015,1392268620
889,40.4362,79.9587,1392264360
889,40.5206,79.9581,1392189420
889,40.4333,79.9583,1392177060
889,40.4337,79.9583,1392175500
889,40.4485,80.0044,1392165480
889,40.4486,80.0043,1392165240
889,40.4485,80.0042,1392162000
889,40.438,80.0012,1392143940
889,40.436,79.964,1392142020
889,40.4337,79.9582,1392112920
889,40.4334,79.9582,1392106920
889,40.4336,79.958,1392102600
889,40.4337,79.9582,1392089220
889,40.4361,79.9625,1392066420
889,40.5206,79.9581,1392024240
889,40.5206,79.9581,1392019080
889,40.5207,79.958,1392016860
889,40.5207,79.9582,1392014280
889,40.5207,79.958,1392012900
889,40.5206,79.9581,1392012480
889,40.5207,79.9581,1392012300
889,40.5207,79.9581,1392012120
889,40.5206,79.9581,1391998800
889,40.5206,79.9581,1391984520
889,40.5206,79.9581,1391981580
889,40.4288,79.9828,1391980440
889,40.4288,79.9859,1391974980
889,40.4336,79.9579,1391974440
889,40.4358,79.9573,1391925180
889,40.5376,80.0107,1391922480
889,40.5497,80.0193,1391905920
889,40.5206,79.9581,1391890020
889,40.5532,80.0194,1391838000
889,40.4335,79.9583,1391826540
889,40.4334,79.9582,1391824800
889,40.4335,79.9581,1391824620
889,40.4335,79.9584,1391813460
889,40.4337,79.9582,1391806560
889,40.55,80.0204,1391752620
889,40.55,80.0204,1391752560
889,40.5499,80.0205,1391751660
889,40.55,80.0204,1391749440
889,40.4485,80.0043,1391726160
889,40.4392,80.0003,1391719620
889,40.4336,79.9581,1391687520
889,40.4336,79.9585,1391686680
889,40.4334,79.9582,1391676420
889,40.4335,79.958,1391675940
889,40.5206,79.9581,1391665200
889,40.4335,79.9583,1391650320
889,40.4334,79.9582,1391645700
889,40.4363,79.9624,1391644980
889,40.4377,80.0022,1391635500
889,40.4362,79.9229,1391594220
889,40.438,80.0027,1391576400
889,40.4485,80.0045,1391551680
889,40.4485,80.0044,1391550240
889,40.4332,79.9583,1391509680
889,40.4336,79.9582,1391505240
889,40.4411,79.9577,1391494380
889,40.4338,79.9583,1391485320
889,40.4381,80.0022,1391463360
889,40.5751,80.0258,1391292480
889,40.5206,79.9581,1391289540
889,40.5206,79.9579,1391289300
889,40.5206,79.9581,1391286300
889,40.5206,79.9581,1391286000
889,40.4806,79.9721,1391236020
889,40.55,80.0204,1391205780
889,40.4492,79.9868,1391155320
889,40.4491,79.9869,1391153580
889,40.4492,79.9868,1391152140
889,40.4491,79.987,1391149680
889,40.5628,80.0263,1391140260
889,40.5628,80.0263,1391139840
889,40.4337,79.9582,1391134320
889,40.4486,80.0044,1391127060
889,40.4485,80.0043,1391124480
889,40.4485,80.0043,1391120100
889,40.4486,80.0043,1391117760
889,40.4336,79.9581,1390944900
889,40.4335,79.9585,1390909320
889,40.4335,79.9584,1390908480
889,40.5628,80.0263,1390898580
889,40.5628,80.0263,1390897980
889,40.4335,79.9585,1390886280
889,40.4337,79.9583,1390886160
889,40.4382,80.0011,1390881720
889,40.4485,80.0044,1390878960
889,40.5207,79.9582,1390851120
889,40.5206,79.9581,1390815720
889,40.5206,79.9581,1390813980
889,40.5206,79.9581,1390811040
889,40.5206,79.9581,1390809000
889,40.5206,79.9581,1390808820
889,40.5206,79.9581,1390807200
889,40.5206,79.9581,1390806480
889,40.5206,79.9581,1390806240
889,40.5206,79.9581,1390805580
889,40.5206,79.9581,1390803360
889,40.5206,79.9581,1390802760
889,40.5206,79.9581,1390800780
889,40.4334,79.9583,1390711380
889,40.4289,79.9867,1390636980
889,40.5195,80.005,1390633080
889,40.55,80.0205,1390600500
889,40.55,80.0205,1390597620
889,40.6141,79.9473,1390526100
889,40.6246,79.9423,1390524000
889,40.4334,79.9583,1390467180
889,40.4568,79.9156,1390454820
889,40.4334,79.9583,1390383900
889,40.4336,79.9582,1390383660
889,40.5628,80.0263,1390371720
889,40.439,80.0001,1390335960
889,40.4394,80.0001,1390334520
889,40.4386,80.0025,1390261020
889,40.4385,80.0025,1390259160
889,40.5206,79.9582,1390204620
889,40.5495,80.019,1390169340
889,40.5206,79.9581,1390076520
889,40.5206,79.9581,1390037220
889,40.5207,79.9581,1390036680
889,40.5206,79.958,1390015080
889,40.4397,80.0013,1389906660
889,40.4339,79.9581,1389837840
889,40.4386,80.0018,1389827040
889,40.4335,79.9583,1389781020
889,40.438,80.0013,1389752040
889,40.438,80.0017,1389732900
889,40.4373,80.0027,1389725820
889,40.4333,79.9582,1389607680
889,40.4336,79.9588,1389607260
889,40.4333,79.9582,1389593220
889,40.5206,79.958,1389530880
889,40.5202,79.958,1389418200
889,40.6247,79.9421,1389329160
889,40.6247,79.9422,1389319020
889,40.6247,79.9422,1389318660
889,40.6245,79.9425,1389313740
889,40.5206,79.9581,1389228360
889,40.5206,79.9581,1389228240
889,40.5206,79.9581,1389227460
889,40.5206,79.9581,1389155520
889,40.5206,79.9581,1389093180
889,40.5207,79.9581,1389092280
889,40.55,80.0204,1389006600
889,40.5207,79.9581,1388971140
889,40.5206,79.9581,1388885940
889,40.5206,79.9582,1388882940
889,40.5206,79.9582,1388869320
889,40.4708,79.96,1388832660
889,40.4513,79.9336,1388824200
889,40.5206,79.9581,1388709420
889,40.5207,79.9582,1388673540
889,40.5206,79.9582,1388627040
889,40.5206,79.958,1388624040
889,40.5206,79.9581,1388622360
889,40.5206,79.9581,1388618700
889,40.5497,80.0205,1388557500
889,40.5206,79.9581,1388535060
889,40.5206,79.958,1388534700
889,40.4351,79.9866,1388525820
889,40.5207,79.9581,1388491740
889,40.528,80.0071,1388458380
889,40.5206,79.9581,1388365560
889,40.5207,79.9581,1388323620
889,40.5206,79.9578,1388322360
889,40.4289,79.9864,1388308320
889,40.5207,79.9584,1388287260
889,40.5206,79.9582,1388281860
889,40.5206,79.9582,1388269920
889,40.5497,80.0204,1388203980
889,40.5206,79.9582,1388196000
889,40.5206,79.9581,1388112900
889,40.5206,79.9581,1388103420
889,40.5206,79.9581,1388103000
889,40.549,80.0209,1388062320
889,40.5739,79.9564,1388026200
889,40.5206,79.9582,1388013060
889,40.5207,79.9581,1387964400
889,40.5206,79.9581,1387963140
889,40.5729,79.9635,1387948320
889,40.5205,79.9581,1387944000
889,40.5206,79.9581,1387937340
889,40.5205,79.9581,1387928700
889,40.5499,80.0204,1387846500
889,40.5206,79.9582,1387769040
889,40.5206,79.9582,1387765560
889,40.5206,79.9581,1387750080
889,40.5497,80.0204,1387715160
889,40.499,79.941,1387630740
889,40.5427,80.0083,1387589760
889,40.5501,80.0205,1387537260
889,40.5267,80.0074,1387498740
889,40.5206,79.9579,1387495920
889,40.4296,79.7867,1387490340
889,40.4299,79.7882,1387486980
889,40.5206,79.9581,1387374000
889,40.5207,79.9581,1387322340
889,40.5206,79.9581,1387321140
889,40.5206,79.9581,1387319940
889,40.5535,80.0162,1387234680
889,40.5207,79.9581,1387166520
889,40.5206,79.958,1387112460
889,40.4486,80.0044,1387018140
889,40.4461,80.0126,1387011600
889,40.446,80.0121,1387010280
889,40.446,80.0121,1387007640
889,40.5206,79.9581,1386994620
889,40.4485,80.0051,1386897240
889,40.4371,80.0035,1386891540
889,40.4372,80.003,1386891300
889,40.52,79.9568,1386882360
889,40.5206,79.9581,1386880380
889,40.5206,79.9581,1386835440
889,40.5206,79.9581,1386831420
889,40.5206,79.9581,1386830580
889,40.5206,79.9581,1386805500
889,40.5206,79.9581,1386801840
889,40.5206,79.9579,1386788880
889,40.5206,79.9581,1386753180
889,40.5206,79.9582,1386752040
889,40.5207,79.9581,1386751680
889,40.5207,79.9581,1386751560
889,40.5206,79.9581,1386749100
889,40.5206,79.9582,1386739080
889,40.5628,80.0263,1386728520
889,40.5206,79.9581,1386711600
889,40.5205,79.9581,1386666300
889,40.5206,79.9581,1386650400
889,40.5628,80.0263,1386630060
889,40.5206,79.9581,1386580500
889,40.5206,79.9581,1386467580
889,40.5206,79.9581,1386463140
889,40.55,80.0204,1386365280
889,40.5206,79.9582,1386320640
889,40.5207,79.9582,1386319560
889,40.55,80.0204,1386298920
889,40.4381,80.0013,1386202980
889,40.4375,80.0029,1386106080
889,40.4375,80.0024,1386105720
889,40.4382,80.0013,1386104400
889,40.5206,79.9581,1386055440
889,40.5206,79.9581,1386041520
889,40.4394,80.0008,1386018840
889,40.5501,80.0203,1385974140
889,40.5501,80.0204,1385973720
889,40.5207,79.9581,1385966340
889,40.5206,79.9582,1385958960
889,40.55,80.0204,1385937000
889,40.55,80.0204,1385933400
889,40.428,79.9806,1385899560
889,40.5207,79.9581,1385875800
889,40.5206,79.9582,1385838300
889,40.5206,79.9581,1385814300
889,40.5206,79.958,1385767560
889,40.5737,79.9574,1385683380
889,40.5734,79.9563,1385683200
889,40.5206,79.9581,1385558460
889,40.55,80.0204,1385553180
889,40.5206,79.9582,1385513040
889,40.5206,79.9581,1385502900
889,40.5206,79.9581,1385502240
889,40.5501,80.0203,1385370780
889,40.5499,80.0205,1385365860
889,40.55,80.0205,1385359440
889,39.9905,83.0461,1385245560
889,39.9697,83.0098,1385192520
889,40.5206,79.9581,1385154780
889,40.5207,79.9581,1385079600
889,40.4288,79.9824,1385023680
889,40.4288,79.9824,1385017140
889,40.438,80.0014,1384993440
889,40.4381,80.0014,1384992960
889,40.4393,80.0006,1384981980
889,40.4393,80.0005,1384981740
889,40.4393,80.0005,1384981020
889,40.4385,80.0015,1384893540
889,40.5206,79.9581,1384852860
889,40.4378,80.0024,1384815240
889,40.4393,80.0007,1384814220
889,40.5206,79.9581,1384763940
889,41.8816,87.6468,1384697940
889,41.947,87.6424,1384696800
889,41.9467,87.6559,1384693320
889,41.946,87.6555,1384688580
889,41.9459,87.6554,1384685580
889,41.881,87.6472,1384669020
889,41.9399,87.6557,1384665240
889,41.9136,87.6541,1384644840
889,41.9464,87.6556,1384590900
889,41.9464,87.6556,1384587180
889,41.8809,87.6472,1384567260
889,41.5354,87.5163,1384558020
889,41.5354,87.5163,1384557600
889,41.5354,87.5162,1384556220
889,40.4411,79.962,1383841800
889,40.448,80.0044,1383732600
889,40.5207,80.0764,1382681160
889,40.4519,79.9836,1373236560
889,40.4461,80.0126,1372231320
889,40.4461,80.0126,1372227120
889,40.4461,80.0126,1372224180
889,40.4096,79.9143,1371879300
