892,23.6877,46.6537,1421749500
892,23.6877,46.6539,1421748720
892,23.6877,46.6538,1421748480
892,23.6877,46.6539,1421748360
892,23.6877,46.6537,1421748060
892,23.6877,46.6537,1421747940
892,23.6877,46.6537,1421747880
892,23.6881,46.654,1421714340
892,23.6881,46.6525,1421713800
892,23.6926,46.6764,1421713680
892,23.6926,46.6765,1421713620
892,23.6926,46.6763,1421713560
892,23.6893,46.659,1421713560
892,23.6881,46.6523,1421713500
892,23.6881,46.6523,1421713500
892,23.6877,46.6537,1421712240
892,23.6877,46.6539,1421653560
892,23.6877,46.6537,1421648040
892,23.6877,46.6537,1421648040
892,23.6877,46.6537,1421648040
892,23.6877,46.6537,1421647440
892,23.6877,46.6537,1421647380
892,23.6882,46.6524,1421446380
892,23.6881,46.6523,1421402280
892,23.6882,46.6524,1421394180
892,23.6881,46.6522,1421270400
892,23.6878,46.6539,1421193900
892,23.6565,46.7087,1421143800
892,23.6565,46.7087,1421143800
892,23.6565,46.7087,1421143740
892,23.6565,46.7087,1421143380
892,23.6926,46.6607,1406678220
892,23.6924,46.6607,1406678100
892,23.6922,46.6605,1406678100
892,23.688,46.6537,1406628660
892,23.6878,46.6535,1406628060
892,23.688,46.6537,1406628000
892,23.6879,46.6537,1406628000
892,23.6879,46.6537,1406627940
892,23.688,46.6537,1406627520
892,23.6876,46.6525,1406627220
892,23.6876,46.6523,1406625420
892,23.6876,46.6523,1406625360
892,23.688,46.6541,1406613840
892,23.688,46.6541,1406613000
892,23.6879,46.6537,1406455260
892,23.688,46.6551,1406412840
892,23.6854,46.6526,1406412780
892,23.688,46.6537,1406317380
892,23.6885,46.6544,1406316960
892,23.688,46.6537,1406316840
892,23.688,46.6541,1406171820
892,23.688,46.6541,1406095680
892,23.6878,46.6539,1406095560
892,23.6878,46.6539,1406095560
892,23.6878,46.6539,1406095500
892,23.6878,46.6539,1406095500
892,23.6634,46.6845,1406082660
892,23.6582,46.7017,1406082120
892,23.6868,46.6535,1406003400
892,23.688,46.6541,1405737180
892,23.6879,46.6541,1405662780
892,23.6876,46.6523,1405662780
892,23.688,46.6796,1405641840
892,23.6917,46.6777,1405641660
892,23.694,46.68,1405641660
892,23.6854,46.6526,1405634640
892,23.6853,46.6526,1405634520
892,23.6854,46.6526,1405634460
892,23.6856,46.6526,1405634400
892,23.6738,46.6868,1405620600
892,23.6876,46.6523,1405578420
892,23.6876,46.6523,1405576860
892,23.688,46.6541,1405575420
892,23.688,46.6541,1405574640
892,23.688,46.6541,1405573740
892,23.688,46.6541,1405573680
892,23.688,46.6541,1405573620
892,23.6879,46.6541,1405573560
892,23.688,46.6541,1405564680
892,23.6752,46.6887,1405528860
892,23.6751,46.6876,1405528860
892,23.6753,46.6851,1405528020
892,23.6741,46.6884,1405528020
892,23.688,46.6541,1405489080
892,23.6879,46.6541,1405474620
892,23.6929,46.6602,1405457040
892,23.688,46.6541,1405409220
892,23.688,46.6541,1405409160
892,23.688,46.6541,1405409160
892,23.6878,46.6539,1405409100
892,23.6878,46.6539,1405408740
892,23.6905,46.6533,1405383900
892,23.6741,46.6884,1405356240
892,23.6741,46.6884,1405356120
892,23.6741,46.6884,1405353300
892,23.6741,46.6884,1405353240
892,23.6752,46.6886,1405350540
892,23.6934,46.6777,1405348500
892,23.6877,46.6537,1405327920
892,23.6878,46.654,1405327860
892,23.6878,46.654,1405327860
892,23.688,46.6541,1405327440
892,23.6879,46.654,1405327380
892,23.6879,46.654,1405327380
892,23.6878,46.6538,1404982560
892,23.6879,46.6536,1404981600
892,23.6876,46.6537,1404696000
892,23.688,46.6536,1404680700
892,23.6879,46.6536,1404680640
892,23.6876,46.6537,1404675060
892,23.6876,46.6537,1404675000
892,23.6879,46.6538,1404640980
892,23.6877,46.6537,1404537060
892,23.6877,46.6537,1404537060
892,23.6878,46.6535,1404193080
892,23.6878,46.6535,1404029640
892,23.6904,46.6551,1403955000
892,23.6876,46.6523,1403955000
892,23.6877,46.6524,1403858880
892,23.6883,46.653,1403858880
892,23.6905,46.6553,1403858820
892,23.6876,46.6523,1403858820
892,23.6876,46.6523,1403858760
892,23.6876,46.6523,1403858760
892,23.6877,46.6537,1403684880
892,23.6584,46.7019,1403663640
892,23.6584,46.7019,1403663640
892,23.657,46.7008,1403663580
892,23.6876,46.6523,1403172420
892,23.6876,46.6523,1403172240
892,23.6876,46.6523,1403171580
892,23.6876,46.6523,1403171460
892,23.6876,46.6523,1403162940
892,23.6876,46.6523,1402563720
892,23.6571,46.7038,1400034240
892,23.6614,46.7051,1400033880
892,23.6956,46.6687,1399915320
892,23.6954,46.669,1399915140
892,23.6957,46.6685,1399915020
892,23.6956,46.6687,1399914900
892,23.6904,46.6548,1399850100
892,23.6873,46.6548,1399649640
892,23.6905,46.6558,1399649400
892,23.6931,46.6719,1399648980
892,23.6627,46.6912,1399593720
892,23.6889,46.6566,1399562760
892,23.6904,46.6571,1399562760
892,23.6926,46.6587,1399562700
892,23.6924,46.6648,1399562340
892,23.6944,46.6653,1399562280
892,23.6944,46.6654,1399562280
892,23.6873,46.6522,1399544820
892,23.6873,46.6522,1399512600
892,23.6873,46.6522,1399511520
892,23.6873,46.6522,1399488900
892,23.6923,46.6585,1399387560
892,23.6877,46.654,1399220820
892,23.6877,46.6535,1399184400
892,23.6877,46.6535,1399174980
892,23.6871,46.6525,1399106880
892,23.6871,46.6525,1399106700
892,23.6871,46.6525,1399106520
892,23.6871,46.6525,1399105380
892,23.6871,46.6525,1399104900
892,23.6871,46.6525,1399104900
892,23.6871,46.6525,1399104780
892,23.6871,46.6526,1399101720
892,23.6914,46.6562,1399068900
892,23.687,46.6526,1398645360
892,23.6878,46.6538,1398500820
892,23.687,46.6526,1398498300
892,23.687,46.6526,1398400140
892,23.6947,46.6707,1398357480
892,23.6948,46.6707,1398357420
892,23.6955,46.6698,1398357300
892,23.6925,46.6723,1398357240
892,23.6944,46.6708,1398357060
892,23.6945,46.6707,1398357060
892,23.6945,46.6707,1398356880
892,23.6962,46.6698,1398356820
892,23.6946,46.6707,1398356760
892,23.6946,46.6707,1398356700
892,23.6946,46.6707,1398356700
892,23.6942,46.6715,1398356640
892,23.6877,46.6536,1398330420
892,23.687,46.6526,1398329820
892,23.687,46.6526,1398329820
892,23.6887,46.6538,1397529300
892,23.6869,46.6527,1397528880
892,23.6869,46.6527,1397528820
892,23.6869,46.6527,1397464500
892,23.6869,46.6527,1397464440
892,23.6869,46.6527,1397464380
892,23.6868,46.6525,1397347740
892,23.6868,46.6525,1397347740
892,23.6868,46.6525,1397328480
892,23.6863,46.6526,1397280120
892,23.6864,46.6527,1397279820
892,23.6782,46.6831,1397260500
892,23.6797,46.6857,1397260320
892,23.6868,46.6525,1397201460
892,23.6868,46.6525,1397201340
892,23.6905,46.6548,1397169840
892,23.6963,46.6692,1397143740
892,23.6869,46.6523,1396890120
892,23.6873,46.6504,1396890120
892,23.6868,46.6525,1396855020
892,23.6868,46.6524,1396816500
892,23.6795,46.6859,1396655400
892,23.6748,46.69,1396649220
892,23.686,46.6531,1396632420
892,23.6862,46.653,1396631760
892,23.686,46.6531,1396631640
892,23.686,46.6531,1396628880
892,23.6853,46.654,1396627140
892,23.6853,46.654,1396627140
892,23.6861,46.653,1396627080
892,23.6937,46.656,1396623300
892,23.686,46.6531,1396623240
892,23.686,46.6531,1396623240
892,23.686,46.6531,1396560060
892,23.686,46.6531,1396553640
892,23.686,46.6531,1396553460
892,23.686,46.6531,1396553340
892,23.686,46.6531,1396549500
892,23.686,46.6531,1396549440
892,23.6853,46.654,1396549260
892,23.6853,46.654,1396549020
892,23.6853,46.654,1396489980
892,23.6235,46.6954,1396485000
892,23.686,46.6531,1396315380
892,23.6862,46.653,1396308780
892,23.6853,46.6541,1396115040
892,23.6853,46.6541,1396114800
892,23.6859,46.6531,1395716220
892,23.6859,46.6531,1395586260
892,23.6859,46.6531,1395585960
892,23.6937,46.656,1395585900
892,23.6884,46.6689,1395326940
892,23.6957,46.6673,1395096540
892,23.6957,46.6673,1395096360
892,23.6957,46.6672,1395096300
892,23.6897,46.6546,1394910360
892,23.6859,46.6531,1394770560
892,23.6859,46.6531,1394694060
892,23.6859,46.6531,1394693880
892,23.6859,46.6531,1394584680
892,23.6859,46.6531,1394527680
892,23.6852,46.6541,1393826940
892,23.6859,46.6531,1393774380
892,23.6859,46.6531,1393750500
892,23.686,46.653,1393660440
892,23.6769,46.6822,1393634340
892,23.6769,46.6822,1393634340
892,23.6859,46.6531,1393614900
892,23.6859,46.6531,1393609200
892,23.6859,46.6531,1393578240
892,23.6879,46.6538,1388088540
892,23.6892,46.6532,1388085360
892,23.6892,46.6532,1388085300
892,23.6879,46.6541,1385590920
892,23.6854,46.6536,1385587080
892,23.6858,46.6531,1385587020
892,23.6851,46.6542,1385586900
892,23.6878,46.6541,1385581680
892,23.6851,46.6542,1385537100
892,23.6879,46.6541,1385536380
892,23.6879,46.6541,1385536380
892,23.6851,46.6542,1385536020
