902,25.4448,49.2682,1423464660
902,25.4448,49.2682,1423464660
902,25.4447,49.2682,1423464600
902,25.4448,49.2682,1423464540
902,25.445,49.2682,1423464480
902,25.4448,49.2682,1423464420
902,25.4449,49.2683,1423464360
902,25.4448,49.2682,1423464300
902,25.4448,49.2682,1423464060
902,25.4448,49.2682,1423463880
902,25.4448,49.2682,1423463880
902,25.4448,49.2682,1423463520
902,25.4448,49.2682,1423463040
902,25.4448,49.2682,1423462740
902,25.4448,49.2682,1423462140
902,25.4445,49.2682,1423457340
902,25.4448,49.2682,1423456980
902,25.4447,49.2683,1423456740
902,25.4446,49.2683,1423413120
902,25.4448,49.2681,1423364640
902,25.4448,49.2682,1423360200
902,25.4448,49.2682,1423360080
902,25.4433,49.2671,1423336500
902,25.4429,49.2668,1423336440
902,25.4434,49.2672,1423336440
902,25.4432,49.267,1423336380
902,25.4407,49.27,1423268400
902,25.4407,49.27,1423267980
902,25.4387,49.2689,1423258680
902,25.4389,49.269,1423245660
902,25.4388,49.2689,1423245600
902,25.4387,49.2689,1423245480
902,25.4448,49.2682,1423195740
902,25.4447,49.2684,1423195440
902,25.4447,49.2684,1423195440
902,25.4448,49.2683,1423193220
902,25.4448,49.2683,1423193160
902,25.4448,49.2682,1423193100
902,25.4448,49.2682,1423193040
902,25.4448,49.2682,1423192980
902,25.4448,49.2682,1423159200
902,25.4448,49.2682,1423159200
902,25.4448,49.2682,1423159140
902,25.4447,49.2683,1423155000
902,25.4446,49.2682,1423125540
902,25.4445,49.2682,1423125420
902,25.4447,49.2682,1423124400
902,25.4447,49.2682,1423123980
902,25.4447,49.2683,1423123800
902,25.4448,49.2683,1423123740
902,25.4447,49.2682,1423123320
902,25.4448,49.2682,1423104060
902,25.4396,49.2684,1423098600
902,25.4396,49.2685,1423098060
902,25.4396,49.2685,1423097820
902,25.4397,49.2683,1423094160
902,25.4388,49.2689,1423091400
902,25.4395,49.2692,1423089240
902,25.4395,49.2691,1423089240
902,25.4394,49.2692,1423089000
902,25.4448,49.2682,1423004580
902,25.4448,49.2682,1423004160
902,25.4448,49.2682,1423004100
902,25.4448,49.2682,1423004040
902,25.4448,49.2682,1423003980
902,25.4448,49.2682,1423003920
902,25.4448,49.2682,1423003920
902,25.4448,49.2682,1423003860
902,25.4395,49.2685,1422998880
902,25.4395,49.2685,1422998700
902,25.4394,49.2685,1422998640
902,25.4393,49.2685,1422997020
902,25.4447,49.2682,1422991500
902,25.4447,49.2682,1422991500
902,25.4448,49.2682,1422946680
902,25.4448,49.2682,1422928440
902,25.4448,49.2682,1422928380
902,25.4448,49.2682,1422928320
902,25.4447,49.2683,1422885780
902,25.4447,49.2682,1422880500
902,25.4446,49.2683,1422878880
902,25.4447,49.2682,1422878460
902,25.4447,49.2682,1422878400
902,25.4447,49.2683,1422878340
902,25.4447,49.2682,1422876180
902,25.4447,49.2681,1422876180
902,25.4448,49.2682,1422872940
902,25.4448,49.2682,1422871440
902,25.4448,49.2682,1422871380
902,25.4449,49.2682,1422871320
902,25.4449,49.2682,1422871320
902,25.4448,49.2682,1422871260
902,25.4448,49.2683,1422860340
902,25.4446,49.2683,1422860100
902,25.4446,49.2683,1422859860
902,25.4447,49.2683,1422859680
902,25.4449,49.2682,1422854520
902,25.4448,49.2682,1422853080
902,25.4448,49.2682,1422852720
902,25.4448,49.2681,1422852000
902,25.4448,49.2682,1422851520
902,25.4448,49.2682,1422851460
902,25.4448,49.2682,1422851460
902,25.4448,49.2682,1422851400
902,25.4448,49.2682,1422851340
902,25.4448,49.2682,1422850560
902,25.4448,49.2682,1422845040
902,25.4448,49.2682,1422835980
902,25.4448,49.2682,1422835980
902,25.4447,49.2682,1422835140
902,25.4447,49.2683,1422829020
902,25.4422,49.2605,1422733920
902,23.6223,46.6619,1422722640
902,23.6289,46.6585,1422722640
902,8.7451,63.9141,1422691500
902,8.745,63.914,1422691380
902,8.7452,63.9142,1422691320
902,8.7451,63.9144,1422691020
902,8.7452,63.9141,1422689100
902,8.7451,63.9141,1422687720
902,8.7452,63.9142,1422687480
902,8.7452,63.9142,1422620940
902,8.7452,63.9142,1422620040
902,8.7445,63.9136,1422616680
902,8.7452,63.9143,1422616620
902,8.7451,63.9141,1422616500
902,8.7451,63.9141,1422616440
902,8.7452,63.9142,1422616320
902,8.7452,63.9142,1422614280
902,8.7452,63.9142,1422614220
902,8.7452,63.9142,1422614160
902,8.7581,63.8887,1422594540
902,8.758,63.8887,1422594480
902,8.7452,63.9144,1422582720
902,8.7451,63.9141,1422582660
902,8.7453,63.9145,1422582540
902,8.7452,63.9142,1422578580
902,8.745,63.914,1422578580
902,8.745,63.914,1422578520
902,8.7451,63.9141,1422578460
902,8.745,63.9141,1422578280
902,8.7452,63.9141,1422578280
902,8.7451,63.9143,1422578160
902,8.7451,63.9141,1422578100
902,8.7452,63.9142,1422578100
902,8.7452,63.9142,1422578100
902,8.7451,63.914,1422577740
902,8.7452,63.9142,1422574020
902,8.7451,63.914,1422568320
902,8.7451,63.914,1422568260
902,8.7452,63.9141,1422538860
902,8.7451,63.9141,1422537120
902,8.7452,63.9143,1422536520
902,8.7452,63.9142,1422536280
902,8.7452,63.9142,1422536220
902,8.745,63.914,1422510540
902,8.7452,63.9142,1422510000
902,8.7452,63.9142,1422509820
902,8.7452,63.9142,1422507780
902,8.7452,63.9142,1422507780
902,8.7452,63.9143,1422507720
902,8.7452,63.9142,1422505020
902,8.7451,63.9141,1422503940
902,8.7449,63.9145,1422503880
902,8.7451,63.9142,1422503100
902,8.7451,63.9142,1422502980
902,8.7451,63.9142,1422502320
902,8.7451,63.9142,1422502320
902,8.7451,63.9142,1422502020
902,8.7452,63.9142,1422500580
902,8.7452,63.9142,1422500580
902,8.7452,63.9141,1422441600
902,8.7449,63.914,1422441480
902,8.7452,63.9142,1422441420
902,8.7451,63.9142,1422437880
902,8.7451,63.9142,1422437700
902,8.7451,63.9142,1422437700
902,8.7451,63.9142,1422437700
902,8.7452,63.9142,1422437640
902,8.7452,63.9142,1422437160
902,8.7452,63.9142,1422404700
902,8.7451,63.9143,1422403080
902,8.7452,63.9142,1422365580
902,8.7452,63.9142,1422365280
902,8.7452,63.9142,1422365220
902,8.745,63.9142,1422365160
902,8.7452,63.9142,1422365160
902,8.7452,63.9142,1422365100
902,8.7451,63.9141,1422360300
902,8.7452,63.9142,1422360300
902,8.7452,63.9143,1422360120
902,8.7452,63.9142,1422360120
902,8.7452,63.9142,1422356040
902,8.7452,63.9142,1422355860
902,8.7462,63.9123,1422346680
902,8.7449,63.914,1422345660
902,8.7451,63.9142,1422345660
902,8.7452,63.9142,1422344880
902,8.745,63.9139,1422337800
902,8.7451,63.9142,1422337740
902,8.7452,63.9142,1422337680
902,8.7452,63.9141,1422337560
902,8.7452,63.9142,1422337560
902,8.7451,63.9144,1422337380
902,8.7452,63.9141,1422337380
902,8.7452,63.9142,1422337320
902,8.7452,63.9142,1422337320
902,8.7452,63.9142,1422337140
902,8.7452,63.9142,1422333240
902,8.7452,63.9142,1422333240
902,8.7452,63.9142,1422326520
902,8.7451,63.9141,1422325380
902,8.7451,63.9141,1422325080
902,8.7451,63.9142,1422325020
902,8.745,63.9142,1422324600
902,8.7452,63.9142,1422324180
902,8.7451,63.9141,1422324000
902,8.7452,63.9142,1422323880
902,8.7452,63.9142,1422323820
902,8.7451,63.9142,1422319380
902,8.7451,63.9142,1422319200
902,8.7451,63.9142,1422319080
902,8.7451,63.9142,1422318300
902,8.745,63.9141,1422316920
902,8.7451,63.9142,1422268740
902,8.7453,63.9145,1422268500
902,8.7451,63.9142,1422268440
902,8.7451,63.9143,1422268140
902,8.7451,63.9142,1422267540
902,8.7451,63.9142,1422267480
902,8.7451,63.9142,1422267480
902,8.7451,63.9142,1422267300
902,8.7451,63.9142,1422267120
902,8.7451,63.9142,1422267060
902,8.7452,63.9142,1422267060
902,8.7453,63.9144,1422267000
902,8.7452,63.9142,1422266280
902,8.7452,63.9142,1422266280
902,8.7452,63.9142,1422266280
902,8.7452,63.9142,1422266280
902,8.7452,63.9142,1422181200
902,8.7452,63.9142,1422174660
902,8.7452,63.9142,1422171120
902,8.7452,63.9142,1422170340
902,8.7452,63.9142,1422169440
902,8.7452,63.9142,1422169200
902,8.7452,63.9142,1422169140
902,8.7452,63.9142,1422169140
902,8.7452,63.9142,1422168000
902,8.7452,63.9142,1422168000
902,8.7447,63.9141,1422167100
902,8.7449,63.9141,1422167040
902,8.7452,63.9142,1422166860
902,8.7451,63.9141,1422164820
902,8.7421,63.9034,1422143100
902,8.7633,63.8909,1422102420
902,8.7634,63.8912,1422102180
902,8.7632,63.8915,1422102180
902,8.7634,63.8908,1422102180
902,8.7631,63.8914,1422102120
902,8.7635,63.8912,1422091920
902,8.7452,63.9142,1422076980
902,8.7452,63.9142,1422076980
902,8.7452,63.9142,1422076620
902,8.745,63.9142,1422050520
902,8.7452,63.9142,1422050460
902,8.7452,63.9142,1422021840
902,8.7452,63.9142,1422021660
902,8.7451,63.9141,1422012780
902,8.7452,63.9142,1422012720
902,8.7451,63.9142,1422012600
902,8.7451,63.9141,1422012540
902,8.7451,63.9141,1422012480
902,8.7451,63.914,1422012420
902,8.7451,63.9142,1422012120
902,8.7451,63.914,1422012060
902,8.7452,63.9142,1422011640
902,8.7452,63.9142,1422011520
902,8.7452,63.9142,1422011520
902,8.7452,63.9142,1422011520
902,8.7452,63.9142,1422011340
902,8.745,63.9142,1422011340
902,8.7451,63.9142,1422011280
902,8.7451,63.9141,1422011220
902,8.7451,63.9141,1422011220
902,8.745,63.9141,1422011160
902,8.745,63.9141,1422011160
902,8.7451,63.9143,1422011160
902,8.7452,63.9142,1422011100
902,8.7452,63.9142,1422011100
902,8.7451,63.914,1422010980
902,8.7451,63.914,1422010920
902,8.7451,63.9142,1422010800
902,8.745,63.9144,1422010800
902,8.7451,63.9142,1422010740
902,8.7452,63.9142,1422010740
902,8.7452,63.9142,1422010680
902,8.7451,63.9141,1422010680
902,8.745,63.9141,1422010620
902,8.7452,63.9142,1422009660
902,8.745,63.9142,1422009300
902,8.745,63.9142,1422009300
902,8.745,63.9142,1422009240
902,8.7451,63.9142,1422009240
902,8.7451,63.9142,1422009240
902,8.7452,63.9142,1422003780
902,8.7452,63.9142,1422003420
902,8.7452,63.9142,1422003360
902,8.7451,63.9142,1422003360
902,8.7451,63.9142,1422003120
902,8.7451,63.9142,1422003060
902,8.7452,63.9143,1422003000
902,8.7452,63.9142,1422003000
902,8.7452,63.9142,1421999880
902,8.7452,63.9142,1421992080
902,8.743,63.9079,1421984940
902,8.7438,63.9126,1421984880
902,8.7438,63.9129,1421984820
902,8.7452,63.9142,1421980440
902,8.7451,63.9141,1421979960
902,8.7452,63.9142,1421977920
902,8.7451,63.9141,1421967900
902,8.7451,63.9142,1421967720
902,8.7451,63.9142,1421967660
902,8.7451,63.9142,1421967060
902,8.7452,63.9142,1421920020
902,8.745,63.9141,1421905740
902,8.7417,63.9021,1421838420
902,8.7467,63.9151,1421836560
902,8.7469,63.9151,1421836260
902,8.7463,63.915,1421836200
902,8.744,63.9144,1421835120
902,8.744,63.9144,1421835060
902,8.744,63.9144,1421835000
902,8.7634,63.8912,1421803200
902,8.7573,63.9057,1421801640
902,8.7452,63.9142,1421800200
902,8.7452,63.9142,1421798580
902,8.7451,63.914,1421765760
902,8.7453,63.9142,1421764740
902,8.7452,63.9142,1421760660
902,8.7452,63.9142,1421760600
902,8.7452,63.9143,1421760600
902,8.7452,63.9143,1421760480
902,8.7452,63.9142,1421760420
902,8.7452,63.9142,1421755560
902,8.7452,63.9142,1421754060
902,8.7452,63.9142,1421754000
902,8.745,63.9143,1421752260
902,8.7452,63.9142,1421751480
902,8.7452,63.9142,1421751420
902,8.7451,63.9143,1421751360
902,8.745,63.9142,1421751300
902,8.7452,63.9142,1421750820
902,8.7452,63.9142,1421749800
902,8.7452,63.9142,1421749740
902,8.7454,63.9141,1421744520
902,8.7452,63.9142,1421744280
902,8.7453,63.9142,1421741580
902,8.7452,63.9142,1421741280
902,8.7452,63.9142,1421741280
902,8.7452,63.9142,1421741280
902,8.7451,63.9141,1421740740
902,8.7452,63.9142,1421740680
902,8.7452,63.9142,1421740560
902,8.7451,63.9142,1421731860
902,8.7452,63.9142,1421726640
902,8.7451,63.9142,1421721900
902,8.745,63.9143,1421721900
902,8.7452,63.9142,1421721840
902,8.7452,63.9142,1421721720
902,8.7452,63.9142,1421721600
902,8.7452,63.9142,1421721600
902,8.7452,63.9142,1421717400
902,8.7446,63.9139,1421716200
902,8.7451,63.9141,1421704860
902,8.7452,63.9142,1421704500
902,8.7441,63.9135,1421656020
902,8.7451,63.9141,1421653200
902,8.7452,63.9142,1421651040
902,8.7451,63.9143,1421645160
902,8.7452,63.9142,1421645100
902,8.7457,63.9141,1421644620
902,8.7457,63.9141,1421644560
902,8.7451,63.9142,1421643360
902,8.7452,63.9142,1421643240
902,8.7452,63.9142,1421643180
902,8.7542,63.894,1421621940
902,8.7542,63.8939,1421621820
902,8.7541,63.894,1421621760
902,8.7542,63.894,1421621700
902,8.7551,63.902,1421615640
902,8.7551,63.902,1421615640
902,8.7527,63.9023,1421591820
902,8.7528,63.9022,1421591820
902,8.7551,63.902,1421590740
902,8.7551,63.902,1421590680
902,8.7551,63.902,1421590620
902,8.7452,63.9142,1421540940
902,8.7452,63.9142,1421540700
902,8.7452,63.9142,1421540700
902,8.7453,63.9144,1421540640
902,8.7452,63.9142,1421540580
902,8.7452,63.9142,1421485680
902,8.7451,63.914,1421479380
902,8.7452,63.9142,1421473800
902,8.7452,63.9142,1421473740
902,8.7452,63.9142,1421473740
902,8.7493,63.887,1421471340
902,8.745,63.9142,1421449440
902,8.745,63.9142,1421449440
902,8.7449,63.914,1421449380
902,8.7448,63.9146,1421449380
902,8.7451,63.9143,1421448840
902,8.7452,63.9142,1421399460
902,8.7452,63.9142,1421399400
902,8.7451,63.9142,1421399400
902,8.7452,63.9142,1421398860
902,8.7452,63.9142,1421397660
902,8.745,63.9141,1421397600
902,8.7452,63.9142,1421397540
902,8.745,63.9141,1421395860
902,8.7452,63.9142,1421395800
902,8.7451,63.9141,1421373300
902,8.7452,63.9142,1421370780
902,8.7539,63.9033,1421367960
902,8.7534,63.9028,1421366400
902,8.7547,63.9037,1421366340
902,8.7451,63.9141,1421327700
902,8.7452,63.9141,1421327040
902,8.7451,63.9141,1421327040
902,8.7452,63.9142,1421326800
902,8.7451,63.9141,1421326740
902,8.745,63.9143,1421235600
902,8.7452,63.9142,1421235000
902,8.745,63.9142,1421232660
902,8.7452,63.9142,1421232600
902,8.745,63.9141,1421232180
902,8.7451,63.9142,1421221620
902,8.7451,63.9142,1421187540
902,8.745,63.9141,1421153880
902,8.745,63.9141,1421149980
902,8.745,63.9141,1421149920
902,8.745,63.9141,1421149920
902,8.7451,63.9144,1421147280
902,8.7452,63.9142,1421147220
902,8.745,63.914,1421147100
902,8.7452,63.9142,1421146920
902,8.7454,63.914,1421146740
902,8.7452,63.9141,1421146680
902,8.7452,63.9142,1421146680
902,8.7451,63.9141,1421146620
902,8.7452,63.9142,1421146560
902,8.7451,63.9141,1421146500
902,8.7451,63.9141,1421146380
902,8.7451,63.9141,1421134080
902,8.745,63.9141,1421133900
902,8.7451,63.9142,1421133900
902,8.7451,63.9143,1421133540
902,8.7451,63.9142,1421131020
902,8.7431,63.9109,1421129700
902,8.7411,63.8965,1421129640
902,8.7408,63.8949,1421129520
902,8.7424,63.8947,1421129520
902,8.7452,63.9142,1421115480
902,8.7452,63.9142,1421115480
902,8.7451,63.9141,1421115360
902,8.7451,63.9142,1421115360
902,8.7452,63.9142,1421115300
902,8.7452,63.9142,1421115240
902,8.7452,63.9142,1421115180
902,8.7452,63.9142,1421114880
902,8.7451,63.9141,1421113920
902,8.7447,63.9152,1421113920
902,8.7451,63.9142,1421113680
902,8.7452,63.9141,1421113620
902,8.7452,63.9142,1421113200
902,8.7451,63.9142,1421113200
902,8.7451,63.9141,1421112900
902,8.7452,63.9142,1421112900
902,8.7452,63.9142,1421112720
902,8.7451,63.9141,1421112720
902,8.7451,63.9141,1421112660
902,8.7451,63.9141,1421112660
902,8.7452,63.9142,1421112600
902,8.7452,63.9142,1421112480
902,8.7452,63.9143,1421112180
902,8.7452,63.9142,1421110320
902,8.7452,63.9142,1421109780
902,8.7452,63.9145,1421109780
902,8.745,63.9141,1421105400
902,8.7452,63.9142,1421105340
902,8.745,63.9139,1421098800
902,8.745,63.9141,1421098620
902,8.7451,63.9142,1421098620
902,8.7451,63.914,1421098440
902,8.7451,63.9141,1421098380
902,8.7451,63.9142,1421097120
902,8.7451,63.9142,1421096940
902,8.7452,63.9145,1421096820
902,8.7451,63.9141,1421096820
902,8.7451,63.9141,1421096760
902,8.7451,63.9142,1421061480
902,8.7451,63.9142,1421051340
902,8.7451,63.9142,1421051220
902,8.7451,63.9142,1421051220
902,8.7453,63.9141,1421021820
902,8.7551,63.9021,1421013540
902,8.7551,63.9021,1421009280
902,8.755,63.9021,1421009100
902,8.7549,63.9021,1421009100
902,8.7547,63.9019,1421008980
902,8.7551,63.9021,1420981080
902,8.7551,63.9021,1420981020
902,8.7551,63.902,1420980960
902,8.7551,63.902,1420980960
902,8.7551,63.902,1420980900
902,8.7551,63.9021,1420980900
902,8.7551,63.9021,1420980840
902,8.7548,63.9022,1420970640
902,8.7549,63.902,1420970640
902,8.7548,63.9021,1420970580
902,8.7548,63.9021,1420970580
902,8.7549,63.902,1420970400
902,8.7547,63.902,1420968960
902,8.7549,63.902,1420968420
902,8.7548,63.9022,1420967220
902,8.7443,63.9127,1420956720
902,8.7451,63.9142,1420956600
902,8.7451,63.9142,1420956420
902,8.7452,63.9142,1420951620
902,8.7453,63.9145,1420951560
902,8.7451,63.9142,1420951260
902,8.7451,63.9143,1420937880
902,8.7452,63.9142,1420937400
902,8.7452,63.9142,1420937400
902,8.7452,63.9142,1420936800
902,8.7451,63.9141,1420936260
902,8.7452,63.9142,1420936200
902,8.7452,63.9143,1420933680
902,8.7451,63.9141,1420933620
902,8.7451,63.9141,1420933560
902,8.745,63.9141,1420933500
902,8.7451,63.9141,1420933500
902,8.7452,63.9142,1420927200
902,8.7451,63.9142,1420892520
902,8.7452,63.9142,1420892040
902,8.7451,63.9142,1420892040
902,8.7451,63.9142,1420889160
902,8.7451,63.9142,1420889100
902,8.7452,63.9142,1420888980
902,8.7452,63.9142,1420888560
902,8.7451,63.9142,1420888440
902,8.7451,63.9142,1420888380
902,8.7452,63.9142,1420888080
902,8.7452,63.9142,1420887960
902,8.7452,63.9141,1420887660
902,8.7451,63.9141,1420887600
902,8.7451,63.9142,1420887600
902,8.7451,63.9142,1420887540
902,8.7451,63.9141,1420887480
902,8.7451,63.9141,1420887180
902,8.7451,63.9141,1420887180
902,8.7452,63.914,1420887180
902,8.7452,63.9142,1420887120
902,8.745,63.9142,1420887000
902,8.7451,63.9141,1420886940
902,8.7451,63.9141,1420881600
902,8.7451,63.9141,1420881600
902,8.7451,63.9141,1420881540
902,8.7451,63.9142,1420881300
902,8.7451,63.9141,1420881240
902,8.7451,63.9142,1420881000
902,8.7452,63.9141,1420880940
902,8.7452,63.9142,1420880820
902,8.7451,63.9141,1420880760
902,8.7451,63.9142,1420876860
902,8.7453,63.9142,1420876860
902,8.7452,63.9142,1420876800
902,8.7452,63.9142,1420876620
902,8.7452,63.9142,1420876320
902,8.7452,63.9142,1420874640
902,8.7452,63.9142,1420874640
902,8.745,63.9143,1420873500
902,8.7452,63.9142,1420873140
902,8.7452,63.9142,1420873020
902,8.7452,63.9142,1420872780
902,8.7451,63.9142,1420861080
902,8.7448,63.9139,1420771980
902,8.7448,63.9139,1420771980
902,8.7452,63.9142,1420770960
902,8.7451,63.9142,1420770960
902,8.7452,63.9144,1420770120
902,8.7452,63.9144,1420770120
902,8.7452,63.914,1420770000
902,8.7452,63.9143,1420770000
902,8.7451,63.9142,1420769760
902,8.7451,63.914,1420769700
902,8.7452,63.9142,1420769640
902,8.7451,63.9142,1420769640
902,23.6279,46.6587,1420735500
902,25.535,49.1737,1420728300
902,25.5361,49.1737,1420727040
902,25.4449,49.2682,1420723500
902,25.4448,49.2682,1420723440
902,25.4448,49.2682,1420723380
902,25.4448,49.2682,1420723260
902,25.4447,49.2683,1420722300
902,25.4447,49.2681,1420722240
902,25.4445,49.2682,1420707420
902,25.4447,49.2682,1420707360
902,25.4447,49.2683,1420707360
902,25.4447,49.2683,1420707360
902,25.4448,49.2682,1420707120
902,25.4447,49.2684,1420707120
902,25.4448,49.2682,1420707060
902,25.4441,49.2687,1420707060
902,25.4449,49.2682,1420701060
902,25.4448,49.2682,1420700940
902,25.4448,49.2682,1420700880
902,25.4447,49.2682,1420687980
902,25.4447,49.2682,1420686060
902,25.4447,49.2682,1420686060
902,25.4405,49.2774,1420667100
902,25.4406,49.2775,1420665780
902,25.4405,49.2774,1420665780
902,25.4413,49.278,1420663200
902,25.4419,49.2683,1420662060
902,25.4448,49.2682,1420659720
902,25.4448,49.2682,1420659720
902,25.4447,49.2682,1420659300
902,25.4448,49.2682,1420659120
902,25.4447,49.2682,1420658820
902,25.4445,49.2683,1420658640
902,25.4447,49.2682,1420658460
902,25.4447,49.2682,1420658280
902,25.4448,49.2682,1420657440
902,25.4447,49.2682,1420656360
902,25.4447,49.2683,1420656180
902,25.4445,49.2683,1420655880
902,25.4447,49.2682,1420655820
902,25.4447,49.2683,1420655760
902,25.4447,49.2683,1420655700
902,25.4447,49.2683,1420655640
902,25.4448,49.2683,1420655580
902,25.4448,49.2682,1420654320
902,25.4448,49.2682,1420652640
902,25.4448,49.2682,1420652640
902,25.4448,49.2681,1420652580
902,25.4448,49.2682,1420623540
902,25.4448,49.2682,1420623480
902,25.4448,49.2682,1420616880
902,25.4447,49.2682,1420614480
902,25.4448,49.2682,1420612740
902,25.4448,49.2682,1420612680
902,25.4448,49.2682,1420612440
902,25.4448,49.2682,1420610340
902,25.4448,49.2682,1420610100
902,25.4447,49.2682,1420608300
902,25.4447,49.2682,1420607760
902,25.4447,49.2682,1420607760
902,25.4448,49.2682,1420607640
902,25.4447,49.2682,1420607640
902,25.4447,49.2682,1420604280
902,25.4447,49.2682,1420604280
902,25.4448,49.2682,1420604220
902,25.4447,49.2682,1420604100
902,25.4448,49.2682,1420598640
902,25.4448,49.2682,1420598640
902,25.4448,49.2682,1420598460
902,25.4448,49.2682,1420597140
902,25.4448,49.2682,1420595460
902,25.4448,49.2682,1420589580
902,25.4448,49.2682,1420588920
902,25.4448,49.2682,1420588800
902,25.4448,49.2682,1420567920
902,25.4448,49.2682,1420567920
902,25.4448,49.2682,1420567860
902,25.4448,49.2681,1420523220
902,25.4448,49.2916,1420519620
902,25.4448,49.2916,1420519620
902,25.4448,49.2916,1420519560
902,23.2604,51.1459,1420505760
902,23.2603,51.1461,1420448820
902,23.2603,51.1461,1420443420
902,23.2603,51.1461,1420442580
902,23.2602,51.1462,1420442220
902,23.2603,51.1461,1420442160
902,23.2602,51.1461,1420442040
902,23.2603,51.1461,1420441920
902,23.2603,51.146,1420366380
902,23.2603,51.1461,1420366200
902,23.2602,51.146,1420366140
902,23.2603,51.1461,1420366080
902,23.2602,51.146,1420365900
902,23.2603,51.146,1420365600
902,23.2603,51.1461,1420365420
902,23.2603,51.1461,1420365300
902,23.2601,51.146,1420365180
902,23.2602,51.146,1420364880
902,23.2602,51.1461,1420363380
902,23.2602,51.1461,1420363320
902,23.2601,51.1459,1420363200
902,23.2603,51.1461,1420355400
902,23.2603,51.1461,1420350420
902,23.2603,51.1461,1420350300
902,23.2603,51.146,1420350180
902,23.2603,51.1461,1420346460
902,23.2603,51.1461,1420346340
902,23.2603,51.146,1420330020
902,23.2603,51.1461,1420329960
902,23.2603,51.1461,1420329840
902,23.2605,51.1461,1420329780
902,23.2602,51.146,1420327260
902,23.2603,51.1461,1420325040
902,23.2603,51.146,1420325040
902,23.2595,51.1462,1420318380
902,23.2601,51.1462,1420318320
902,23.2603,51.1462,1420278060
902,23.2602,51.1461,1420250220
902,23.3239,51.2227,1420250100
902,23.2602,51.146,1420186740
902,23.2614,51.1441,1420186680
902,23.2606,51.1453,1420186620
902,23.2678,51.1446,1420186620
902,23.3239,51.2227,1420184820
902,23.2604,51.1459,1420163820
902,23.2604,51.1459,1420161120
902,23.2603,51.146,1420157220
902,23.266,51.1449,1420157100
902,23.3118,51.1238,1420149660
902,23.3119,51.124,1420148880
902,23.3117,51.1239,1420144260
902,23.3119,51.1238,1420142280
902,23.3118,51.1237,1420140300
902,23.2919,51.1475,1420133700
902,23.2854,51.1478,1420133700
902,23.2623,51.1424,1420103640
902,23.3239,51.2227,1420102320
902,23.2602,51.1461,1420098060
902,23.2602,51.1461,1420098000
902,23.2601,51.146,1420098000
902,23.3239,51.2227,1420097940
902,23.2602,51.1461,1420097760
902,23.3239,51.2226,1420097700
902,23.2601,51.146,1420097580
902,23.2601,51.1461,1420097520
902,23.2717,51.1371,1420095540
902,23.2602,51.1461,1420095060
902,23.2612,51.1436,1420095000
902,23.2602,51.146,1420088340
902,23.2603,51.1461,1420088340
902,23.2603,51.1461,1420087680
902,23.2602,51.1456,1420087680
902,23.324,51.2228,1420083420
902,23.3239,51.2227,1420083360
902,23.3238,51.2225,1420083180
902,23.2603,51.1461,1420081620
902,23.2625,51.1419,1420081500
902,23.3237,51.2226,1420081200
902,23.3242,51.2232,1420080960
902,23.3241,51.2231,1420080600
902,23.3238,51.2226,1420069380
902,23.3242,51.2231,1420065360
902,23.3239,51.2227,1420065180
902,23.2602,51.1461,1420061820
902,23.2596,51.1584,1420060020
902,23.26,51.1588,1420059300
902,23.26,51.1589,1420058520
902,23.26,51.1589,1420058280
902,23.2601,51.159,1420058160
902,23.2592,51.1583,1420057320
902,23.2676,51.1446,1420056000
902,23.2692,51.1403,1420053180
902,23.2601,51.1462,1420050480
902,23.2602,51.146,1420050360
902,23.2602,51.1461,1420050360
902,23.2602,51.1461,1420050300
902,23.2603,51.1461,1420050240
902,23.3239,51.2228,1420050180
902,23.2612,51.1445,1420023120
902,23.2602,51.1461,1420023060
902,23.2602,51.1461,1420023000
902,23.2603,51.146,1420022940
902,23.2602,51.146,1420013880
902,23.3242,51.2231,1420012620
902,23.2602,51.1459,1420011900
902,23.3239,51.2227,1420011180
902,23.3242,51.2231,1420010220
902,23.2603,51.146,1420007340
902,23.2581,51.1506,1420004040
902,23.2603,51.146,1420003380
902,23.2602,51.1461,1420001220
902,23.2603,51.1461,1420000860
902,23.2644,51.1451,1420000800
902,23.2603,51.1461,1420000800
902,23.2695,51.1439,1419993180
902,23.2617,51.1434,1419990240
902,23.2602,51.1461,1419990120
902,23.2602,51.1461,1419989400
902,23.3239,51.2227,1419989340
902,23.2604,51.1461,1419933120
902,23.2608,51.1469,1419933000
902,23.2601,51.1461,1419932280
902,23.2602,51.1461,1419932220
902,23.2602,51.1461,1419931800
902,23.2618,51.1433,1419931740
902,23.2603,51.1462,1419931680
902,23.2654,51.1565,1419931620
902,23.2603,51.1461,1419931320
902,23.2622,51.1426,1419931260
902,23.2603,51.146,1419931260
902,23.2603,51.146,1419931140
902,23.2612,51.1435,1419931080
902,23.2619,51.1432,1419931020
902,23.2602,51.1461,1419930960
902,23.2602,51.1462,1419930900
902,23.2645,51.1452,1419930660
902,23.2603,51.146,1419930600
902,23.2603,51.146,1419930540
902,23.2602,51.146,1419930480
902,23.2631,51.1455,1419930420
902,23.2603,51.146,1419930360
902,23.2602,51.1461,1419930300
902,23.2601,51.146,1419930180
902,23.2631,51.1455,1419930180
902,23.2639,51.1395,1419930120
902,23.2643,51.1457,1419929400
902,23.2602,51.146,1419928020
902,23.2658,51.1574,1419927660
902,23.2603,51.1461,1419924060
902,23.2603,51.1461,1419923940
902,23.2602,51.1461,1419923880
902,23.2602,51.1461,1419923880
902,23.2602,51.1461,1419923880
902,23.2602,51.1461,1419923820
902,23.3243,51.2233,1419923760
902,23.3239,51.2227,1419923640
902,23.3241,51.2231,1419922140
902,23.263,51.1392,1419922020
902,23.3238,51.2226,1419921720
902,23.2638,51.1398,1419906180
902,23.2602,51.1461,1419886260
902,23.2595,51.1462,1419886200
902,23.324,51.2228,1419885300
902,23.2602,51.1462,1419885060
902,23.2603,51.1461,1419885000
902,23.2603,51.1461,1419884640
902,23.2682,51.1445,1419881280
902,23.3239,51.2226,1419849420
902,23.2602,51.1461,1419847320
902,23.2595,51.1462,1419847320
902,23.2596,51.1462,1419847260
902,23.2596,51.1462,1419847200
902,23.2595,51.1462,1419847140
902,23.2602,51.1461,1419828540
902,23.2602,51.1461,1419828540
902,23.2603,51.146,1419828480
902,23.2601,51.1461,1419828480
902,23.3241,51.223,1419828420
902,23.3241,51.223,1419827220
902,23.324,51.2229,1419824940
902,23.2637,51.1398,1419824400
902,23.2613,51.1436,1419824280
902,23.2603,51.146,1419824040
902,23.2603,51.1462,1419823980
902,23.2689,51.1551,1419823140
902,23.2602,51.1461,1419822780
902,23.3238,51.2226,1419822720
902,23.3241,51.223,1419821460
902,23.2604,51.1459,1419819900
902,23.2601,51.1462,1419819840
902,23.3239,51.2227,1419819840
902,23.2603,51.1461,1419819360
902,23.2603,51.1461,1419818820
902,23.2603,51.1462,1419818700
902,23.2603,51.146,1419818700
902,23.2606,50.9795,1419695040
902,23.2607,50.9793,1419694980
902,23.2603,51.146,1419691740
902,23.264,51.1449,1419691680
902,23.26,51.1461,1419691680
902,23.2602,51.1461,1419664800
902,23.267,51.129,1419664200
902,23.2695,51.1227,1419663480
902,23.2602,51.1461,1419661800
902,23.2637,51.1374,1419661800
902,23.2603,51.1461,1419661200
902,23.2603,51.1461,1419661200
902,23.3238,51.2226,1419661140
902,23.2595,51.1462,1419659460
902,23.2595,51.1462,1419659100
902,23.2602,51.1461,1419658800
902,23.2602,51.1461,1419658740
902,23.2595,51.1462,1419658740
902,23.2602,51.1462,1419655020
902,23.2603,51.1461,1419653880
902,23.2603,51.1461,1419653880
902,23.2603,51.1461,1419653820
902,23.3239,51.2228,1419559500
902,23.3273,51.1677,1419556620
902,23.3331,51.168,1419556200
902,23.2602,51.1461,1419548520
902,23.2603,51.1462,1419548520
902,23.2617,51.1414,1419546960
902,23.2625,51.1389,1419546840
902,23.3239,51.2227,1419546840
902,23.2602,51.146,1419546240
902,23.2618,51.1409,1419534420
902,23.2602,51.1461,1419534360
902,23.2619,51.1425,1419534240
902,23.324,51.2229,1419438540
902,23.2627,51.1455,1419412560
902,23.2688,51.1444,1419412500
902,23.2602,51.1461,1419412080
902,23.2637,51.1454,1419411960
902,23.2604,51.146,1419411900
902,23.2628,51.1455,1419411840
902,23.2641,51.1453,1419411720
902,23.2624,51.1455,1419411600
902,23.2665,51.1448,1419411600
902,23.2674,51.128,1419283560
902,23.2604,51.1461,1419283200
902,23.2621,51.1417,1419282540
902,23.2652,51.1336,1419282420
902,23.2668,51.1251,1419232380
902,23.2602,51.1461,1419231660
902,23.2602,51.1461,1419231660
902,23.2602,51.1462,1419231540
902,23.2602,51.1461,1419231480
902,23.2609,51.1438,1419231420
902,23.2624,51.1394,1419231300
902,23.2602,51.1462,1419180480
902,23.2602,51.1462,1419180480
902,23.2628,51.1399,1419180420
902,23.2626,51.1419,1419146400
902,23.2645,51.1451,1419146400
902,25.4447,49.2682,1419068460
902,25.4448,49.2682,1419068100
902,25.4451,49.2693,1419067980
902,25.4447,49.2683,1419067800
902,25.4447,49.2685,1419067740
902,25.4447,49.2684,1419067740
902,25.4447,49.2683,1419067440
902,25.4448,49.2682,1419065460
902,25.4447,49.2683,1419022860
902,25.4448,49.2683,1419020220
902,25.4448,49.2683,1419020160
902,25.4448,49.2682,1419019560
902,25.4448,49.2682,1419015540
902,25.4448,49.2682,1419015480
902,25.4448,49.2682,1418979000
902,25.4448,49.2682,1418978820
902,25.4448,49.2682,1418978640
902,25.4446,49.2681,1418890380
902,25.4447,49.268,1418886720
902,25.4448,49.2682,1418883600
902,25.4447,49.2682,1418844720
902,25.4447,49.2682,1418844540
902,25.4448,49.2682,1418844420
902,25.4447,49.2682,1418844180
902,25.4447,49.2682,1418843820
902,25.4447,49.2682,1418843820
902,25.4448,49.2682,1418842560
902,25.4447,49.2682,1418814120
902,25.4448,49.2683,1418809320
902,25.4447,49.2682,1418809320
902,25.4448,49.2682,1418808120
902,25.4447,49.2682,1418807880
902,25.4448,49.2682,1418807760
902,25.4448,49.2682,1418807700
902,25.4447,49.2682,1418807640
902,25.4448,49.2682,1418807640
902,25.4448,49.2682,1418807520
902,25.4448,49.2682,1418807520
902,25.4448,49.2682,1418800320
902,25.4446,49.2683,1418788620
902,25.4395,49.2686,1418762940
902,25.4448,49.2684,1418759880
902,25.4448,49.2682,1418759760
902,25.4448,49.2682,1418759580
902,25.4441,49.2677,1418759400
902,25.4447,49.2683,1418757840
902,25.4447,49.2682,1418757780
902,25.4448,49.2681,1418756820
902,25.4448,49.2682,1418756220
902,25.4448,49.2682,1418756160
902,25.4447,49.2682,1418755680
902,25.4448,49.2682,1418755620
902,25.4448,49.2681,1418755620
902,25.4447,49.2681,1418755260
902,25.4395,49.2692,1418746560
902,25.4396,49.2693,1418746560
902,25.4396,49.2692,1418746500
902,25.4447,49.2682,1418721360
902,25.4446,49.2685,1418710860
902,25.4447,49.2682,1418638440
902,25.4448,49.2682,1418638380
902,25.4448,49.2682,1418628840
902,25.4448,49.2682,1418628840
902,25.4448,49.2682,1418628660
902,25.4448,49.2682,1418628000
902,25.4448,49.2682,1418627820
902,25.4447,49.2682,1418624100
902,25.4447,49.2682,1418623980
902,25.4448,49.2682,1418621220
902,25.4448,49.2682,1418621100
902,25.4448,49.2682,1418621100
902,25.4448,49.2682,1418618100
902,25.4448,49.2682,1418618100
902,25.4448,49.2682,1418617800
902,25.4447,49.2681,1418617800
902,25.4448,49.2682,1418617800
902,25.4448,49.2682,1418617740
902,25.4448,49.2681,1418617680
902,25.4448,49.2682,1418617500
902,25.4448,49.2682,1418617500
902,25.4458,49.2679,1418617440
902,25.4448,49.2682,1418617380
902,25.4355,49.2605,1418612280
902,25.441,49.2547,1418612280
902,25.442,49.2524,1418612040
902,25.442,49.2524,1418612040
902,25.4826,49.2216,1418611620
902,25.5244,49.1976,1418611380
902,23.3239,51.2227,1418596440
902,23.3236,51.1623,1418544780
902,23.3235,51.1623,1418543520
902,23.3236,51.1623,1418543220
902,23.3235,51.1624,1418543220
902,23.3236,51.1623,1418543160
902,23.259,51.1453,1418516700
902,23.2591,51.1453,1418512140
902,23.2592,51.1451,1418510400
902,23.259,51.1453,1418510340
902,23.259,51.1452,1418510160
902,23.2603,51.1463,1418496480
902,23.2602,51.1461,1418490900
902,23.2623,51.1407,1418490840
902,23.2602,51.1459,1418458260
902,23.2603,51.146,1418458080
902,23.2602,51.146,1418458080
902,23.2602,51.146,1418458020
902,23.2602,51.146,1418457120
902,23.2602,51.1459,1418457120
902,25.4447,49.2682,1418412780
902,25.4447,49.2682,1418412660
902,25.4447,49.2682,1418412600
902,25.4447,49.2682,1418412600
902,25.4447,49.2682,1418412060
902,25.4448,49.2682,1418407620
902,25.4448,49.2682,1418407560
902,25.4448,49.2682,1418404320
902,25.4447,49.2681,1418376720
902,25.4447,49.2682,1418376720
902,25.4447,49.2682,1418375160
902,25.4448,49.2682,1418373900
902,25.4448,49.2682,1418373060
902,25.4447,49.2681,1418372640
902,25.4447,49.2682,1418372580
902,25.4451,49.2682,1418372280
902,25.4448,49.2684,1418370900
902,25.4447,49.268,1418370900
902,25.4448,49.2682,1418370840
902,25.4778,49.2897,1418355420
902,25.4775,49.2899,1418355360
902,25.4773,49.2897,1418355300
902,25.4768,49.2911,1418355060
902,25.4767,49.2911,1418354940
902,25.4535,49.2653,1418354340
902,25.4459,49.268,1418353860
902,25.446,49.2682,1418353740
902,25.4448,49.2682,1418345880
902,25.4449,49.2682,1418326500
902,25.4445,49.2699,1418326500
902,25.4449,49.2682,1418286960
902,25.4447,49.2684,1418286960
902,25.4448,49.2682,1418286900
902,25.4449,49.2684,1418286540
902,25.4447,49.2682,1418286480
902,25.4447,49.2682,1418285880
902,25.4448,49.2682,1418285400
902,25.4448,49.2682,1418285340
902,25.4447,49.2682,1418285160
902,25.4448,49.2682,1418284500
902,25.4447,49.2682,1418282700
902,25.4385,49.2692,1418247120
902,25.4389,49.2691,1418247060
902,25.4446,49.2682,1418204460
902,25.4447,49.2684,1418204460
902,25.4447,49.2684,1418204400
902,25.4447,49.2682,1418204400
902,25.4394,49.2686,1418155920
902,25.4448,49.2682,1418141460
902,25.4447,49.2682,1418116560
902,25.4447,49.2683,1418116320
902,25.4394,49.2689,1418079840
902,25.4391,49.2687,1418073840
902,25.4391,49.2687,1418073780
902,25.439,49.2686,1418073720
902,25.4447,49.2682,1418066940
902,25.4446,49.2683,1418066880
902,25.4448,49.2682,1418066100
902,25.4448,49.2682,1418066040
902,25.4448,49.2682,1418066040
902,25.4447,49.2683,1418065860
902,25.4447,49.2682,1418065800
902,25.4446,49.2678,1418031420
902,25.4446,49.2678,1418031360
902,25.4448,49.2682,1418031000
902,25.4447,49.2682,1417944180
902,25.4448,49.2684,1417943340
902,25.4448,49.2682,1417943340
902,25.445,49.2685,1417942980
902,25.4448,49.2682,1417942920
902,25.4447,49.2682,1417942800
902,25.4448,49.2682,1417940880
902,25.4448,49.2682,1417937100
902,25.4448,49.2682,1417937040
902,25.4393,49.2693,1417909020
902,25.439,49.2693,1417909020
902,25.4448,49.2682,1417897200
902,25.4448,49.2682,1417897020
902,25.4448,49.2682,1417897020
902,25.4447,49.2682,1417814580
902,25.4448,49.2682,1417814460
902,25.4448,49.2682,1417814340
902,25.4448,49.2682,1417814220
902,25.4448,49.2685,1417813740
902,25.4448,49.2682,1417813740
902,25.4448,49.2682,1417813500
902,25.4448,49.2682,1417813440
902,25.4448,49.2681,1417813380
902,25.4448,49.2682,1417813260
902,25.4448,49.2682,1417813200
902,25.4448,49.2682,1417813140
902,25.4448,49.2682,1417812960
902,25.4447,49.2682,1417812840
902,25.4447,49.2682,1417809540
902,25.4447,49.2682,1417809480
902,25.4448,49.2682,1417809420
902,25.4448,49.2682,1417808880
902,25.4447,49.2682,1417805400
902,25.4447,49.2682,1417805280
902,25.4447,49.2682,1417805220
902,25.4447,49.2682,1417805220
902,25.4447,49.2682,1417805160
902,25.4447,49.2682,1417805100
902,25.4448,49.2682,1417805040
902,25.4447,49.2682,1417805040
902,25.4447,49.2682,1417804260
902,25.4447,49.2682,1417804200
902,25.4446,49.2682,1417804200
902,25.4447,49.2682,1417804140
902,25.4447,49.2683,1417769220
902,25.4447,49.2682,1417769220
902,25.4447,49.2682,1417769100
902,25.4446,49.2683,1417768980
902,25.4448,49.2682,1417755120
902,25.4448,49.2682,1417755060
902,25.4447,49.2682,1417754880
902,25.4447,49.2682,1417754520
902,25.4448,49.2682,1417754280
902,25.4389,49.2694,1417667880
902,25.4389,49.2694,1417667820
902,25.4389,49.2694,1417667760
902,25.4389,49.2694,1417667700
902,25.439,49.2694,1417667220
902,25.4388,49.2693,1417666800
902,25.4389,49.2694,1417666440
902,25.4389,49.2693,1417665960
902,25.4389,49.2694,1417665900
902,25.4389,49.2694,1417665900
902,25.4395,49.2692,1417644600
902,25.4394,49.2691,1417644540
902,25.4394,49.2691,1417644540
902,25.4394,49.2691,1417644480
902,25.4394,49.2691,1417644420
902,25.4448,49.2682,1417636140
902,25.4447,49.2682,1417594200
902,25.4447,49.2682,1417594020
902,25.4447,49.2682,1417593120
902,25.4447,49.2682,1417593060
902,25.4447,49.2682,1417593000
902,25.4448,49.2682,1417592940
902,25.4447,49.2682,1417592880
902,25.4447,49.2682,1417592820
902,25.4448,49.2682,1417592820
902,25.4448,49.2682,1417592820
902,25.4447,49.2682,1417592760
902,25.4448,49.2683,1417592760
902,25.4394,49.2685,1417552800
902,25.4394,49.2686,1417552620
902,25.4394,49.2686,1417552500
902,25.4448,49.2682,1417548480
902,25.4448,49.2682,1417509120
902,25.4447,49.2682,1417509060
902,25.4448,49.2682,1417508940
902,25.4448,49.2682,1417508880
902,25.4448,49.2682,1417508820
902,25.4448,49.2682,1417508760
902,25.4448,49.2682,1417508760
902,25.4448,49.2682,1417508700
902,25.4448,49.2682,1417508640
902,25.4448,49.2682,1417508580
902,25.4448,49.2682,1417508520
902,25.4448,49.2682,1417508520
902,25.4448,49.2682,1417508460
902,25.4448,49.2682,1417508400
902,25.4448,49.2682,1417508340
902,25.4448,49.2682,1417508340
902,25.4448,49.2682,1417508160
902,25.4448,49.2682,1417507980
902,25.4448,49.2682,1417507740
902,25.4448,49.2681,1417507740
902,25.4448,49.2682,1417507560
902,25.4448,49.2682,1417507500
902,25.4448,49.2682,1417507440
902,25.4448,49.2682,1417507140
902,25.4448,49.2682,1417507140
902,25.4448,49.2682,1417507080
902,25.4448,49.2682,1417507080
902,25.4458,49.2665,1417498800
902,25.4448,49.2682,1417427100
902,25.4447,49.2682,1417426020
902,25.4447,49.2683,1417425960
902,25.4447,49.2682,1417425840
902,25.4447,49.2682,1417425540
902,25.4446,49.2683,1417422420
902,25.4447,49.2682,1417421160
902,25.4449,49.2683,1417421100
902,25.4447,49.2682,1417421040
902,25.4447,49.2682,1417421040
902,25.4447,49.2683,1417420980
902,25.4448,49.2682,1417420920
902,25.4447,49.2684,1417420860
902,25.4447,49.2682,1417417200
902,25.4447,49.2682,1417416960
902,25.4447,49.2682,1417416900
902,25.4448,49.2682,1417412640
902,25.4447,49.2682,1417397400
902,25.4447,49.2682,1417392720
902,25.4448,49.2681,1417391520
902,25.4447,49.2683,1417391460
902,25.4446,49.2682,1417389000
902,25.4447,49.2683,1417388400
902,25.4385,49.2674,1417384980
902,25.4378,49.2662,1417383540
902,25.4379,49.2664,1417383360
902,25.4379,49.2663,1417382220
902,25.4379,49.2663,1417382160
902,25.438,49.2664,1417380840
902,25.438,49.2664,1417380840
902,25.4447,49.2682,1417378440
902,25.4447,49.2682,1417378380
902,25.4447,49.2682,1417378320
902,25.4448,49.2682,1417315920
902,25.4448,49.2682,1417315920
902,25.4389,49.2685,1417196160
902,25.4397,49.2691,1417193640
902,25.4397,49.2692,1417193340
902,25.4396,49.2692,1417192080
902,25.4399,49.2695,1417192080
902,25.4399,49.2695,1417191780
902,25.4447,49.2682,1417188480
902,25.4448,49.2682,1417111320
902,25.4448,49.2682,1417089180
902,25.4448,49.2682,1417081320
902,25.4448,49.2682,1417081260
902,25.4447,49.2682,1417078320
902,25.4447,49.2682,1417078140
902,25.4447,49.2682,1417078140
902,25.4447,49.2682,1417077360
902,25.4447,49.2683,1417077360
902,25.4447,49.2682,1417077060
902,25.4394,49.2688,1417051980
902,25.4395,49.2684,1417051680
902,25.4395,49.2684,1417051680
902,25.4395,49.2685,1417051500
902,25.4395,49.2684,1417051320
902,25.4394,49.2685,1417051260
902,25.4396,49.2684,1417051260
902,25.4394,49.2685,1417051200
902,25.4448,49.2682,1416979440
902,25.4448,49.2682,1416978300
902,25.4448,49.2682,1416972360
902,25.4447,49.2682,1416965280
902,25.4391,49.2688,1416956460
902,25.4395,49.2686,1416947160
902,25.4448,49.2682,1416943020
902,25.4448,49.2682,1416904860
902,25.4448,49.2682,1416904560
902,25.4448,49.2682,1416899400
902,25.4448,49.2682,1416883860
902,25.4448,49.2682,1416881220
902,25.4448,49.2682,1416881160
902,25.4448,49.2682,1416880920
902,25.4448,49.2682,1416880860
902,25.4394,49.2687,1416859980
902,25.4447,49.2683,1416857940
902,25.4447,49.2682,1416857940
902,25.4448,49.2682,1416857760
902,25.4448,49.2682,1416857700
902,25.4448,49.2683,1416819360
902,25.4448,49.2682,1416819240
902,25.4448,49.2682,1416819180
902,25.4448,49.2682,1416819120
902,25.4492,49.2512,1416769920
902,25.4494,49.2515,1416769320
902,25.4494,49.2515,1416769200
902,25.4448,49.2682,1416765840
902,25.4447,49.2682,1416731340
902,25.4447,49.2682,1416731340
902,25.4446,49.2683,1416731220
902,25.4448,49.2683,1416731100
902,25.4447,49.2682,1416731100
902,25.4447,49.2682,1416730620
902,25.4447,49.2683,1416730320
902,25.4447,49.2682,1416730260
902,25.4446,49.2681,1416730200
902,25.4448,49.2682,1416727560
902,25.4447,49.2681,1416651960
902,25.4447,49.2681,1416651840
902,25.4447,49.2682,1416651720
902,25.4447,49.2682,1416651660
902,25.4447,49.2682,1416651660
902,25.4448,49.2682,1416651660
902,25.4447,49.2681,1416651480
902,25.4447,49.2683,1416651420
902,25.4447,49.2682,1416628020
902,25.4447,49.2682,1416627960
902,25.4447,49.2682,1416474180
902,25.4447,49.2682,1416473460
902,25.4447,49.2682,1416471900
902,25.4446,49.2681,1416471600
902,25.4447,49.2682,1416471360
902,25.4395,49.2685,1416444540
902,25.4448,49.2682,1416356700
902,25.4394,49.2685,1416344940
902,25.4394,49.2682,1416343500
902,25.4394,49.2685,1416342720
902,25.4394,49.2685,1416342720
902,25.4447,49.2682,1416251880
902,25.4447,49.2682,1416251880
902,25.4506,49.2521,1416185340
902,25.4447,49.2682,1416162180
902,25.4448,49.2682,1416162180
902,25.4502,49.2515,1416092640
902,25.4396,49.2685,1416002820
902,25.4396,49.2685,1415999700
902,25.4396,49.2684,1415999640
902,25.4448,49.2682,1415993580
902,25.4465,49.2677,1415987580
902,25.4447,49.2682,1415955120
902,25.4447,49.2682,1415955120
902,25.4447,49.2682,1415955120
902,25.4448,49.2682,1415928300
902,25.4394,49.2686,1415915700
902,25.4394,49.2684,1415915580
902,25.4391,49.2688,1415915580
902,25.4394,49.2686,1415915520
902,25.4397,49.2684,1415915400
902,25.4394,49.2685,1415915280
902,25.4395,49.2685,1415915160
902,25.4395,49.2684,1415914140
902,25.4396,49.2684,1415914140
902,25.444,49.2685,1415909160
902,25.4448,49.2682,1415904300
902,25.4448,49.2682,1415904180
902,25.4448,49.2682,1415903880
902,25.4448,49.2682,1415903820
902,25.4448,49.2682,1415903700
902,25.4448,49.2682,1415903640
902,25.4448,49.2682,1415903580
902,25.4448,49.2682,1415903400
902,25.4448,49.2682,1415901660
902,25.4448,49.2682,1415901600
902,25.4448,49.2682,1415901540
902,25.4448,49.2682,1415900040
902,25.4448,49.2682,1415899860
902,25.4448,49.2682,1415899860
902,25.4448,49.2682,1415899800
902,25.4448,49.2682,1415899620
902,25.4448,49.2682,1415899620
902,25.4448,49.2682,1415899500
902,25.4448,49.2682,1415899320
902,25.4448,49.2682,1415899200
902,25.4448,49.2682,1415898960
902,25.4448,49.2682,1415898900
902,25.4448,49.2682,1415861040
902,25.4448,49.2682,1415860920
902,25.4448,49.2682,1415860440
902,25.4395,49.2692,1415831340
902,25.4395,49.2692,1415831280
902,25.4394,49.2693,1415831280
902,25.4448,49.2682,1415822340
902,25.4448,49.2682,1415822160
902,25.4448,49.2682,1415818800
902,25.4448,49.2682,1415818800
902,25.4448,49.2682,1415818680
902,25.4448,49.2682,1415818080
902,25.4448,49.2681,1415817960
902,25.4448,49.2682,1415817600
902,25.4448,49.2682,1415817600
902,25.4448,49.2682,1415817540
902,25.4448,49.2682,1415817420
902,25.4446,49.2682,1415809260
902,25.4446,49.2682,1415809260
902,25.4446,49.2683,1415809200
902,25.4445,49.2683,1415809200
902,25.4445,49.2683,1415809140
902,25.4448,49.2682,1415759400
902,25.4448,49.2682,1415759400
902,25.3832,49.2678,1415756940
902,25.3832,49.2678,1415756160
902,25.445,49.2681,1415744880
902,25.4457,49.266,1415743740
902,25.4457,49.266,1415743740
902,25.4457,49.266,1415743680
902,25.4457,49.266,1415743680
902,25.4457,49.266,1415743680
902,25.4447,49.2682,1415695320
902,25.4447,49.2682,1415695320
902,25.4447,49.2682,1415695140
902,25.4446,49.2682,1415695080
902,25.4447,49.2682,1415684820
902,25.4448,49.2682,1415684760
902,25.4448,49.2682,1415684580
902,25.4448,49.2682,1415684460
902,25.4448,49.2682,1415682660
902,25.4448,49.2682,1415682600
902,25.4447,49.2682,1415682540
902,25.4448,49.2682,1415682480
902,25.4448,49.2682,1415682300
902,25.4445,49.2683,1415682240
902,25.4448,49.2682,1415681820
902,25.4394,49.2691,1415655480
902,25.4447,49.2682,1415615220
902,25.4447,49.2681,1415615160
902,25.4447,49.2683,1415615160
902,25.445,49.2678,1415614920
902,25.445,49.2678,1415614860
902,25.4447,49.2682,1415614860
902,25.4447,49.2681,1415594400
902,25.4448,49.2682,1415594400
902,25.4447,49.2681,1415593920
902,25.4447,49.2683,1415593860
902,25.4447,49.2682,1415592180
902,25.4447,49.2682,1415591820
902,25.4448,49.2682,1415577240
902,25.4448,49.2682,1415574780
902,25.445,49.2682,1415574660
902,25.4448,49.2682,1415572500
902,25.4448,49.2682,1415572380
902,25.4448,49.2682,1415570400
902,25.4445,49.2682,1415511300
902,25.4448,49.2682,1415501340
902,25.4447,49.2682,1415500980
902,25.4447,49.2683,1415500800
902,25.4447,49.2682,1415500620
902,25.4447,49.2682,1415500620
902,25.4446,49.2682,1415500560
902,25.4447,49.2682,1415499060
902,25.4424,49.2706,1415484180
902,25.4447,49.2682,1415426160
902,25.4448,49.2682,1415425980
902,25.4447,49.2682,1415418060
902,25.4447,49.2682,1415418060
