912,25.7906,80.127,1368831180
912,25.5322,80.5112,1361134080
912,25.7909,80.2117,1357836660
912,25.7909,80.2117,1355588760
912,25.7601,80.4258,1355029740
912,25.7909,80.2117,1355027760
912,25.7909,80.2117,1354552260
912,25.7909,80.2117,1354378260
912,25.7792,80.2209,1331194860
912,24.6935,81.1879,1329698640
912,24.5622,81.7996,1329616200
912,24.9468,80.5991,1329526740
912,25.7943,80.1426,1328589660
912,25.7848,80.3363,1328505420
912,39.7602,86.1638,1328505240
912,25.7943,80.1426,1328157360
912,25.7943,80.1426,1327980480
912,25.7943,80.1426,1327380000
912,25.7943,80.1426,1326865440
912,25.7891,80.1401,1324254780
912,25.8389,80.1848,1322958900
912,25.8389,80.1848,1322958600
912,25.8012,80.1991,1322720820
912,25.7259,80.4449,1322586480
912,25.7257,80.4445,1322585880
912,25.7846,80.2763,1322546340
912,25.726,80.445,1322429700
912,25.7258,80.4449,1322390220
912,25.7259,80.445,1322377260
912,25.6842,80.4186,1322346420
912,25.7774,80.1879,1316582940
912,25.894,80.162,1315605240
912,25.7322,80.2601,1315552920
912,25.7319,80.2599,1315547760
912,25.7695,80.1904,1315117560
912,25.7992,80.2639,1314984420
912,25.795,80.2758,1314572160
912,25.7914,80.1903,1314529200
912,25.7619,80.189,1314517560
912,25.7619,80.189,1314511860
912,25.7882,80.1896,1314338220
912,25.7601,80.4258,1313970120
912,25.7898,80.1388,1313726820
912,25.7916,80.189,1313307060
912,25.7341,80.2878,1312330260
912,25.713,80.2611,1311550260
912,25.75,80.2486,1311023040
912,27.4988,81.4866,1310945760
912,25.6876,80.3813,1310533920
912,25.6704,80.4308,1310266380
912,25.8635,80.1936,1310166540
912,25.8392,80.1843,1310009940
912,27.4757,81.4737,1309735320
912,28.4316,81.4705,1309687140
