978,43.6453,79.396,1389341220
978,43.5045,79.6895,1373093640
978,43.6105,79.5547,1368317580
978,43.6495,79.5753,1368275160
978,43.6495,79.5754,1368275040
978,43.6496,79.5749,1368257820
978,40.6892,74.1764,1368033240
978,43.6314,79.3955,1368024780
978,43.6451,79.3959,1366075020
978,43.6497,79.5753,1364882340
978,43.6451,79.3959,1364526840
978,44.04,79.6638,1364030460
978,43.6472,79.4034,1363493760
978,43.6251,79.5686,1362957480
978,43.6496,79.5749,1362035160
978,43.6494,79.5753,1362034920
978,43.6463,79.3953,1362016500
978,43.6481,79.3899,1361187120
978,43.6457,79.3911,1359348720
978,43.6457,79.3911,1359348300
978,43.6457,79.3911,1359347280
978,43.6451,79.3959,1359166800
978,43.6451,79.3959,1359156240
978,43.6441,79.3963,1359081360
978,43.6451,79.3959,1358798040
978,43.6469,79.3745,1358581980
978,43.6469,79.4197,1358568480
978,43.6451,79.3959,1358392020
978,43.6451,79.3959,1357238700
978,43.6443,79.4005,1357019400
978,43.8449,79.5051,1356404580
978,43.6475,79.3882,1355383320
978,43.6475,79.3882,1355378100
978,43.6504,79.3848,1354952040
978,43.6561,79.382,1354941780
978,43.6531,79.3978,1354852380
978,43.726,79.4517,1354319160
978,43.6455,79.3963,1354266360
978,43.6441,79.3963,1353722880
978,43.6451,79.3959,1353628740
978,43.6451,79.3959,1353623040
978,43.6451,79.3959,1353035400
978,43.6375,79.4237,1352545500
978,43.6441,79.3963,1352509500
978,43.6441,79.3963,1352509440
978,43.6441,79.3963,1352427840
978,43.6559,79.4098,1348892280
978,43.6453,79.4101,1348719540
978,43.6467,79.4075,1348552920
978,43.6451,79.3959,1348540800
978,43.6429,79.4016,1347359940
978,43.6463,79.4083,1347175260
