6micfilms,35.07227707,106.72988892,1348560780
6micfilms,35.11268589,106.70160592,1350555840
6micfilms,35.07993866,106.73254298,1350837960
6micfilms,35.07993866,106.73254298,1349860800
6micfilms,35.08001186,106.73285974,1350531960
6micfilms,35.13138967,106.58680118,1353324240
6micfilms,35.63362045,106.03828187,1350484740
6micfilms,35.1507593,106.5939568,1353070440
6micfilms,35.07998737,106.73290581,1352783160
6micfilms,35.09013396,106.64540148,1353172140
6micfilms,35.09389339,106.73003197,1351067940
6micfilms,35.15524685,106.681031,1353108480
6micfilms,35.11799546,106.51682854,1350634020
6micfilms,35.15423947,106.68095868,1352316480
6micfilms,35.08001186,106.73285974,1350814560
6micfilms,35.07997869,106.73285974,1352318640
6micfilms,35.04861069,106.62417602,1351476420
6micfilms,34.04716,118.27156,1351865160
6micfilms,35.09394836,106.73504639,1351199580
6micfilms,35.08001186,106.73285974,1353328260
6micfilms,35.18080053,106.66849765,1352306640
6micfilms,35.09398993,106.61816178,1351080420
6micfilms,35.08005984,106.73286589,1352963280
6micfilms,35.15524685,106.681031,1351012140
6micfilms,35.0832306,106.65860521,1351100820
6micfilms,35.08075517,106.62803952,1352239860
6micfilms,35.24181626,106.67430639,1353320340
6micfilms,35.08394989,106.72936109,1350455880
6micfilms,35.101359,106.66582905,1351734300
6micfilms,35.15423947,106.68095868,1352716800
6micfilms,35.101359,106.66582905,1352966760
6micfilms,40.75163548,74.006613,1351065240
6micfilms,35.09013396,106.64540148,1353327000
6micfilms,35.080318,106.609772,1353006480
6micfilms,32.275177,106.7614975,1353308340
6micfilms,35.07991409,106.73294067,1351363980
6micfilms,35.09389339,106.73003197,1350470220
6micfilms,35.07996554,106.73314258,1348646100
6micfilms,35.08394989,106.72936109,1353317280
6micfilms,35.09013396,106.64540148,1353164400
6micfilms,35.08636004,106.65064931,1353288660
6micfilms,35.13809568,106.58863487,1353328560
6micfilms,35.08780597,106.58394432,1352218320
6micfilms,32.3311,106.81132,1350682020
6micfilms,35.09013396,106.64540148,1353327000
6micfilms,35.0832306,106.65860521,1350439620
6micfilms,35.1507593,106.5939568,1352919720
6micfilms,32.323696,106.77456,1351294860
6micfilms,35.08001186,106.73285974,1350663360
6micfilms,35.07994568,106.73301542,1348735800
6micfilms,35.07991409,106.73294067,1351092360
6micfilms,35.08564758,106.73313141,1349844120
6micfilms,35.07993866,106.73254298,1350286620
6micfilms,35.08003998,106.73284912,1353486720
6micfilms,35.07875061,106.73247528,1351191180
6micfilms,35.09389339,106.73003197,1350216420
6micfilms,35.07875061,106.73247528,1352873160
6micfilms,35.07997513,106.73297882,1350727260
6micfilms,35.08639089,106.65039848,1352270820
6micfilms,35.08001186,106.73285974,1352706360
6micfilms,35.09389339,106.73003197,1350899400
6micfilms,35.08394989,106.72936109,1352966940
6micfilms,35.11268589,106.70160592,1352750100
6micfilms,35.0832306,106.65860521,1352798520
6micfilms,35.09389339,106.73003197,1353132060
6micfilms,32.2751503,106.76153564,1350948660
6micfilms,33.50179994,111.9240904,1351335000
6micfilms,35.08819199,106.73342132,1349379960
6micfilms,35.09389339,106.73003197,1351067940
6micfilms,35.11268589,106.70160592,1352224860
6micfilms,35.11268589,106.70160592,1350986100
6micfilms,35.07993851,106.73295583,1349856060
6micfilms,35.08819199,106.73342132,1349396040
6micfilms,35.07875061,106.73247528,1351160100
6micfilms,35.101359,106.66582905,1351614000
6micfilms,35.1507628,106.5940046,1350303780
6micfilms,35.08006668,106.73287964,1351425060
6micfilms,35.08394989,106.72936109,1350560220
6micfilms,32.91339493,105.93929291,1352236080
6micfilms,35.09013396,106.64540148,1353164880
6micfilms,35.09389339,106.73003197,1350292500
6micfilms,35.0498848,106.61703491,1351357740
6micfilms,35.0832306,106.65860521,1352332080
6micfilms,35.07985687,106.73287201,1350202560
6micfilms,35.08819199,106.73342132,1348446780
6micfilms,35.08001186,106.73285974,1352186340
6micfilms,35.146641,106.592206,1350428100
6micfilms,35.08001186,106.73285974,1352123220
