_dom,45.53213227,122.69231511,1351110120
_dom,45.53206912,122.69229794,1351263720
_dom,45.5191452,122.6801147,1351444680
_dom,45.51990543,122.67461021,1347127020
_dom,45.52974292,122.69679109,1352223840
_dom,45.53075433,122.69872436,1352223720
_dom,45.5346272,122.7087917,1351481520
_dom,45.4658786,122.70431333,1342894080
_dom,45.53043,122.6806,1299590460
_dom,45.53291698,122.70966489,1351821540
_dom,45.53475978,122.70919342,1351481040
_dom,45.53462541,122.70922826,1347397320
_dom,45.53467883,122.70907388,1349555700
_dom,45.53462792,122.70923451,1351691400
_dom,45.5344343,122.7088935,1351514340
_dom,40.69475246,74.17401519,1347641940
_dom,45.5322054,122.69223786,1350508860
_dom,45.5190102,122.6800508,1351444740
_dom,45.51937921,122.67500204,1347140280
_dom,45.51524545,122.683594,1350307140
_dom,45.53454805,122.70907773,1347397380
_dom,45.52655459,122.67494649,1351997100
_dom,45.5194642,122.6745485,1347112680
_dom,45.51937921,122.67500204,1347126300
_dom,45.53451843,122.70911499,1351434900
_dom,45.53224792,122.68669812,1351193340
_dom,45.52794844,122.68481629,1296655680
_dom,45.51935226,122.6645699,1350603240
_dom,45.53448461,122.70910566,1351434840
