agnewfarms,33.76386833,84.40019703,1302515160
agnewfarms,33.762145,84.393317,1302438000
agnewfarms,38.74042739,77.07655907,1314013200
agnewfarms,38.80429971,77.06089497,1287751920
agnewfarms,37.56521,77.468158,1285945920
agnewfarms,29.75113498,95.35978604,1332239700
agnewfarms,39.17934561,76.67109489,1332049140
agnewfarms,38.91816667,77.22083333,1321530480
agnewfarms,33.757763,84.400943,1302518160
agnewfarms,38.81952222,77.00108292,1307627340
agnewfarms,38.74042739,77.07655907,1314964620
agnewfarms,33.76266956,84.40079975,1302517320
agnewfarms,40.76256859,73.98227692,1312313520
agnewfarms,33.757763,84.400943,1302516480
agnewfarms,37.55128,77.44215,1291475820
agnewfarms,33.758188,84.3959633,1302523320
agnewfarms,37.192084,80.272324,1286118720
agnewfarms,37.1317924,80.5764477,1286034960
agnewfarms,38.913867,78.101286,1290345480
agnewfarms,38.8530437,77.04231262,1332460620
agnewfarms,38.91797427,77.22080525,1321530000
agnewfarms,36.08590452,75.76987267,1286884920
agnewfarms,35.11504672,75.98670244,1286811720
agnewfarms,38.77270529,77.0818162,1324393920
agnewfarms,38.78048272,77.1514221,1286625960
agnewfarms,38.7831568,77.0173044,1290180120
agnewfarms,33.76296024,84.39461768,1302475740
agnewfarms,35.77158627,75.53718567,1286882640
agnewfarms,38.04407,78.76461,1285949880
agnewfarms,33.757763,84.400943,1302515940
agnewfarms,37.13623498,80.54849625,1285968240
agnewfarms,39.285085,76.614103,1299495480
agnewfarms,40.76173615,73.9840218,1312362660
agnewfarms,38.91828427,77.22238541,1321534020
agnewfarms,38.8053688,77.0399,1287083040
agnewfarms,33.757763,84.400943,1302517800
agnewfarms,38.924545,77.054898,1290516120
agnewfarms,37.1385576,80.5472008,1285957560
agnewfarms,38.917934,77.220704,1321528080
agnewfarms,37.13623498,80.54849625,1286022240
agnewfarms,35.266757,75.519875,1286874000
agnewfarms,38.77447019,77.17005014,1320422520
agnewfarms,38.74042739,77.07655907,1315305960
agnewfarms,38.831928,77.041551,1302423900
agnewfarms,38.898316,77.034449,1290087960
agnewfarms,40.7618,73.984948,1312449060
agnewfarms,36.71021382,76.23771697,1286660040
agnewfarms,33.76270199,84.39793968,1302516720
agnewfarms,33.757763,84.400943,1302691380
agnewfarms,38.907729,76.864433,1289854800
agnewfarms,38.924177,77.223362,1286530920
agnewfarms,33.757763,84.400943,1302690060
agnewfarms,38.7804439,77.1501133,1286625600
agnewfarms,33.757763,84.400943,1302691140
agnewfarms,39.19218542,76.6943121,1312279680
agnewfarms,33.758589,84.39854,1302452820
agnewfarms,39.28304934,76.60496222,1299577320
agnewfarms,38.889571,77.058309,1294935960
agnewfarms,38.74287092,77.08685875,1324503900
agnewfarms,33.757763,84.400943,1302514980
agnewfarms,39.285655,76.613378,1299495900
agnewfarms,38.955985,77.363057,1296736020
agnewfarms,33.76771,84.41806,1302709860
agnewfarms,29.751778,95.36028798,1332323340
agnewfarms,38.74042739,77.07655907,1315305960
agnewfarms,40.757229,73.986221,1312362660
agnewfarms,38.89505176,77.06795054,1326912480
agnewfarms,38.954452,77.360738,1296736740
agnewfarms,38.9193275,77.2189035,1286531700
agnewfarms,29.7517531,95.35980005,1332282900
agnewfarms,38.903226,77.023136,1311071460
agnewfarms,40.750689,73.992295,1312470660
agnewfarms,33.64063339,84.43508148,1302728040
agnewfarms,29.75210153,95.35828114,1332089760
agnewfarms,38.7420257,77.0559503,1287485880
agnewfarms,37.82313745,77.45674813,1285941900
agnewfarms,38.78406428,77.01489766,1323270840
agnewfarms,33.758589,84.39854,1302452400
agnewfarms,39.19366,76.86996,1312035300
agnewfarms,33.758589,84.39854,1302705780
agnewfarms,38.90114,77.032,1311860460
agnewfarms,38.80302884,77.06544399,1323946440
agnewfarms,38.74042739,77.07655907,1314738720
agnewfarms,33.7604475,84.401801,1302694020
agnewfarms,38.955353,77.358464,1305799200
agnewfarms,38.6737788,77.2540475,1285937040
agnewfarms,38.74042739,77.07655907,1314820380
agnewfarms,40.736433,74.159635,1312289400
agnewfarms,39.76429,104.85511,1299760740
agnewfarms,37.55128,77.44215,1291469040
agnewfarms,35.20747753,75.70249558,1286799420
agnewfarms,38.91888529,77.22036839,1290803700
agnewfarms,38.95990935,78.19519043,1290345780
agnewfarms,38.74042739,77.07655907,1315136820
agnewfarms,38.79655711,77.04893231,1320415860
agnewfarms,39.285655,76.613378,1299500400
agnewfarms,38.78433112,77.01561928,1322600040
agnewfarms,33.650108,84.440925,1302432000
agnewfarms,33.63831,84.432636,1332437820
agnewfarms,38.89694487,77.03324676,1326905880
agnewfarms,33.758589,84.39854,1302705480
agnewfarms,38.53022353,77.03589678,1312051440
agnewfarms,33.757763,84.400943,1302515760
agnewfarms,29.75130047,95.3595686,1332332280
agnewfarms,38.955985,77.363057,1296736380
agnewfarms,38.700534,77.21153513,1330519620
agnewfarms,40.76173615,73.9840218,1312380480
agnewfarms,33.758188,84.3959633,1302706680
agnewfarms,38.78202283,77.01634884,1332766920
agnewfarms,29.65284138,95.27636911,1332071220
agnewfarms,38.74042739,77.07655907,1314485640
agnewfarms,29.75210153,95.35828114,1332156060
agnewfarms,38.362035,76.99374797,1312052400
agnewfarms,38.918013,77.217607,1286534640
agnewfarms,33.757763,84.400943,1302689580
agnewfarms,38.29620148,77.50558376,1286131800
agnewfarms,33.76266956,84.40079975,1302516840
agnewfarms,38.955985,77.363057,1296736140
agnewfarms,33.757763,84.400943,1302524400
agnewfarms,40.7618,73.984948,1312380540
agnewfarms,33.758589,84.39854,1302707040
agnewfarms,38.8648267,77.0597682,1299251760
agnewfarms,38.772994,77.179937,1291568280
agnewfarms,38.71990728,77.12592512,1323464280
agnewfarms,38.91799777,77.22079248,1321528320
agnewfarms,37.54466239,77.4344945,1305979200
agnewfarms,38.74042739,77.07655907,1314043560
agnewfarms,38.955985,77.363057,1296735540
agnewfarms,38.897939,77.00614,1312276860
agnewfarms,38.90500078,77.02296031,1311073320
agnewfarms,38.78479946,77.01720715,1290165180
agnewfarms,33.64066911,84.43606853,1332432660
agnewfarms,38.907729,76.864433,1289864460
agnewfarms,38.961304,77.086197,1309337100
agnewfarms,38.80645678,77.06241846,1327271160
agnewfarms,38.955353,77.358464,1305820020
agnewfarms,38.72032106,77.12430775,1320183180
agnewfarms,39.285655,76.613378,1299498660
agnewfarms,38.740598,77.088057,1325961120
agnewfarms,37.140833,80.3538301,1286118420
agnewfarms,33.64066911,84.43606853,1332062400
agnewfarms,33.757763,84.400943,1302692700
agnewfarms,40.76256859,73.98227692,1312292880
agnewfarms,33.757763,84.400943,1302517320
agnewfarms,38.74042739,77.07655907,1315738080
agnewfarms,33.758589,84.39854,1302453300
agnewfarms,38.80517551,77.04711646,1333544880
agnewfarms,38.7200994,77.1220687,1310768640
agnewfarms,38.700806,77.211482,1325249160
agnewfarms,38.74042739,77.07655907,1315580460
agnewfarms,38.74042739,77.07655907,1315693260
agnewfarms,39.285655,76.613378,1299498900
agnewfarms,38.954452,77.360738,1296745800
agnewfarms,38.81746092,77.04082,1317739800
agnewfarms,37.535788,77.4455,1291485840
agnewfarms,33.757763,84.400943,1302524280
agnewfarms,38.850905,77.016821,1302423720
agnewfarms,38.72032106,77.12430775,1313186160
agnewfarms,38.898014,77.006292,1312487520
agnewfarms,39.285655,76.613378,1299498240
agnewfarms,33.758589,84.39854,1302608520
agnewfarms,33.757763,84.400943,1302690240
agnewfarms,38.83290491,77.2364831,1313227140
agnewfarms,38.075345,78.979395,1285951920
agnewfarms,38.83290491,77.2364831,1313173680
agnewfarms,38.8159557,77.2507109,1313056620
agnewfarms,33.757763,84.400943,1302690600
agnewfarms,38.80645981,77.0621494,1327271220
agnewfarms,38.73298,77.10011,1325182260
agnewfarms,33.758985,84.39219,1302709260
agnewfarms,38.74042739,77.07655907,1315514040
agnewfarms,33.64063339,84.43508148,1302431640
agnewfarms,38.9014394,77.03573327,1311846600
agnewfarms,38.83290491,77.2364831,1313056440
agnewfarms,33.757763,84.400943,1302519180
