agoldfisher,37.792882,122.399763,1352843100
agoldfisher,37.5501122,121.9976072,1346642940
agoldfisher,37.9071117,122.0681071,1351471920
agoldfisher,37.5474944,122.0002353,1346035800
agoldfisher,37.5598327,122.0100483,1351018920
agoldfisher,37.55099,121.9960551,1351903260
agoldfisher,40.76712454,73.96548913,1333637280
agoldfisher,37.7932269,122.399677,1352844000
agoldfisher,37.5507099,121.9968299,1346933940
agoldfisher,37.446544,122.161185,1349394660
agoldfisher,37.55003437,121.99589264,1352213580
agoldfisher,37.791681,122.410547,1350597660
agoldfisher,37.551277,121.9961169,1347060900
agoldfisher,37.71152616,122.162549,1351269420
agoldfisher,37.5512809,121.9961179,1346439000
agoldfisher,37.786036,122.4015636,1346192700
agoldfisher,37.784023,122.4038997,1352338620
agoldfisher,37.7877196,122.4088352,1349795940
agoldfisher,37.55255825,122.048266,1351204500
agoldfisher,37.44278248,122.16259947,1351196280
agoldfisher,37.7919292,122.4117525,1350506880
agoldfisher,37.5512809,121.9961179,1346198640
agoldfisher,37.78856759,122.4128333,1350510180
agoldfisher,37.5506807,121.9969057,1345685940
agoldfisher,37.7917957,122.4117391,1350507000
agoldfisher,37.7811126,122.4119452,1347584520
agoldfisher,37.79401631,122.4023509,1349217840
agoldfisher,38.351146,122.3293146,1351881240
agoldfisher,37.77912722,122.39254475,1353027360
agoldfisher,37.5512809,121.9961179,1346336820
agoldfisher,37.7877196,122.4088352,1349796240
agoldfisher,37.4422294,122.1577633,1351194660
agoldfisher,37.5513153,121.9960954,1345683120
agoldfisher,37.4402478,122.1585227,1347643560
agoldfisher,37.551277,121.9961169,1346945460
agoldfisher,37.911003,122.0669743,1351471860
agoldfisher,37.5501429,121.997543,1346945040
agoldfisher,37.786036,122.4015636,1353017160
agoldfisher,37.56822212,122.02548981,1348580040
agoldfisher,37.5652034,122.3175862,1350496800
agoldfisher,37.7879406,122.397959,1347580260
agoldfisher,37.5480426,121.9927426,1351916040
agoldfisher,37.7851458,122.4000199,1346194200
agoldfisher,37.7917957,122.4117391,1350509340
agoldfisher,37.534905,121.998362,1349201040
agoldfisher,37.5500463,121.997716,1345685880
agoldfisher,37.56822212,122.02548981,1350754080
agoldfisher,37.56243165,122.009025,1348848720
agoldfisher,37.79524436,122.40279937,1346962800
agoldfisher,37.7831645,122.4028748,1352414220
agoldfisher,37.7087755,122.1641079,1351270200
agoldfisher,37.7842492,122.4043249,1352321460
agoldfisher,37.4441337,122.1626308,1347384540
agoldfisher,37.795577,122.40271628,1352335200
agoldfisher,37.7881575,122.402618,1346105340
agoldfisher,37.4183486,122.2156443,1350950700
agoldfisher,37.7086831,122.1642619,1351269960
agoldfisher,37.5343562,122.0096809,1347664860
agoldfisher,37.5484003,121.9945662,1346198640
agoldfisher,37.4668972,122.188159,1347315900
agoldfisher,37.7987394,122.3892264,1345596300
agoldfisher,37.4440534,122.1628187,1346176140
agoldfisher,37.4179034,122.2147265,1346274240
agoldfisher,37.34166459,121.911618,1349623860
agoldfisher,37.78425734,122.4068141,1349794440
agoldfisher,37.55007554,121.9959618,1352687820
agoldfisher,37.791749,122.410461,1350592920
agoldfisher,37.42950397,122.12268502,1352928000
agoldfisher,37.78816617,122.40166426,1346188140
agoldfisher,37.5509873,121.9960423,1351360500
agoldfisher,37.5499507,121.99601914,1349236920
agoldfisher,37.534905,121.998362,1348253040
agoldfisher,37.76654,122.430311,1348797540
agoldfisher,37.55002714,121.9959994,1353040380
agoldfisher,37.56822212,122.02548981,1346409600
agoldfisher,37.544158,121.987491,1346451120
agoldfisher,37.5501122,121.9976072,1346640480
agoldfisher,37.48283062,121.92199697,1349554800
agoldfisher,37.55004438,121.99592801,1352686440
agoldfisher,37.78435061,122.40381002,1349821020
agoldfisher,37.791266,122.398739,1352829540
agoldfisher,37.5343562,122.0096809,1347662460
agoldfisher,37.48309414,121.92154434,1348951020
agoldfisher,37.34080766,121.90640961,1349623680
agoldfisher,37.77912722,122.39254475,1353027900
agoldfisher,37.5507243,121.9961245,1349746260
agoldfisher,37.54980434,121.99597724,1352239560
agoldfisher,38.489166,122.451986,1351892100
agoldfisher,37.5070403,121.9512355,1346430240
agoldfisher,37.787995,122.399875,1349122980
agoldfisher,37.5512602,121.9961011,1347627120
agoldfisher,37.5512809,121.9961179,1346198700
agoldfisher,37.790112,122.405597,1348775280
agoldfisher,37.55255825,122.048266,1347485940
agoldfisher,37.551277,121.9961169,1347073980
agoldfisher,37.7876208,122.4095015,1349795700
agoldfisher,37.54993009,121.99610569,1353040260
agoldfisher,37.9516735,122.0583283,1351464180
agoldfisher,37.551289,121.9961256,1345757940
agoldfisher,37.4399295,122.1582024,1347643500
agoldfisher,37.54998239,121.99599818,1350866040
agoldfisher,37.551176,121.9961431,1352986620
agoldfisher,37.4194,122.212294,1346275860
agoldfisher,37.56822212,122.02548981,1347362100
agoldfisher,37.5500463,121.997716,1345732500
agoldfisher,37.7087755,122.1641079,1351269840
agoldfisher,37.78028047,122.39153624,1349992800
agoldfisher,37.7876208,122.4095015,1349796420
agoldfisher,37.5512809,121.9961179,1346268780
agoldfisher,37.4179034,122.2147265,1346274180
agoldfisher,37.5507868,121.9959841,1352858340
agoldfisher,37.778515,122.394324,1348663380
agoldfisher,37.419433,122.212249,1350945840
agoldfisher,37.44284637,122.16247311,1351193940
agoldfisher,37.7917986,122.4117368,1350585660
agoldfisher,37.551289,121.9961256,1345931580
agoldfisher,37.5578989,121.9915501,1349274180
agoldfisher,37.442118,122.161582,1349292600
agoldfisher,37.7819591,122.4076505,1353036960
agoldfisher,37.7932309,122.3887373,1350783840
agoldfisher,37.5507099,121.9968299,1347129900
agoldfisher,37.5453435,121.9870937,1346359200
agoldfisher,37.78803,122.40743,1349795040
agoldfisher,37.5343562,122.0096809,1347662820
agoldfisher,37.5581187,121.9913735,1345646340
agoldfisher,37.551289,121.9961256,1345856640
agoldfisher,37.7846283,122.4051672,1352337960
agoldfisher,37.5511814,121.9961397,1352689500
agoldfisher,37.78428278,122.40226507,1352316180
agoldfisher,37.78097671,122.39088078,1353026880
agoldfisher,37.5512809,121.9961179,1346683920
agoldfisher,37.445596,122.16268,1346169840
agoldfisher,37.32967933,121.88878298,1349468460
agoldfisher,37.5512809,121.9961179,1346638320
agoldfisher,37.4194,122.212294,1346274420
agoldfisher,37.5512809,121.9961179,1346198760
agoldfisher,37.32994892,121.88929368,1349468820
agoldfisher,37.33198382,121.8905053,1349622060
agoldfisher,37.5512602,121.9961011,1347312720
agoldfisher,37.7876019,122.409451,1349795520
agoldfisher,37.54987998,121.99582966,1352858520
agoldfisher,37.56822212,122.02548981,1350128580
agoldfisher,37.5512809,121.9961179,1346638560
agoldfisher,37.5501122,121.9976072,1346642160
agoldfisher,37.5512809,121.9961179,1346199420
agoldfisher,37.78239613,122.40943138,1347584880
agoldfisher,37.446787,122.160541,1349383140
agoldfisher,37.4440534,122.1628187,1346176020
agoldfisher,37.55009041,121.99595417,1350239280
agoldfisher,37.55505904,121.982009,1348842900
agoldfisher,37.5103523,121.9618376,1346418240
agoldfisher,37.55722216,122.00197045,1352162100
agoldfisher,37.7849527,122.404934,1352337900
agoldfisher,37.54995932,121.99606899,1348861980
agoldfisher,37.7876208,122.4095015,1349795220
agoldfisher,37.788711,122.404098,1349118720
agoldfisher,37.79401631,122.4023509,1349230440
agoldfisher,37.544158,121.987491,1350175020
agoldfisher,38.3524871,122.3301738,1351877880
agoldfisher,37.57045372,122.06093698,1351864200
agoldfisher,37.54995328,121.99579478,1349236500
agoldfisher,37.5512602,121.9961011,1347768900
agoldfisher,37.5343562,122.0096809,1347662340
agoldfisher,37.551277,121.9961169,1347098940
agoldfisher,37.551277,121.9961169,1347013800
agoldfisher,37.5512602,121.9961011,1347312780
agoldfisher,37.77908661,122.392378,1353026520
agoldfisher,37.78911579,122.40852535,1350505140
agoldfisher,37.48283062,121.92199697,1348334100
agoldfisher,37.5500463,121.997716,1345683780
agoldfisher,37.7087755,122.1641079,1351269900
agoldfisher,37.5507852,121.9959846,1352689080
agoldfisher,37.5501986,121.9974356,1347590700
agoldfisher,37.55006676,121.99588035,1351724160
agoldfisher,37.793276,122.399711,1352415900
agoldfisher,37.551277,121.9961169,1346946000
agoldfisher,37.5507817,121.9959859,1352244900
agoldfisher,37.56339748,122.00840877,1353072900
agoldfisher,37.550186,121.972766,1352236740
agoldfisher,37.5512809,121.9961179,1346641500
agoldfisher,37.5576779,122.0071107,1346419860
agoldfisher,37.76654,122.430311,1348789260
agoldfisher,37.4194,122.212294,1347650940
agoldfisher,37.7877196,122.4088352,1349795340
agoldfisher,38.3498048,122.3284554,1351878840
agoldfisher,37.549724,121.976536,1352388660
agoldfisher,37.551277,121.9961169,1347022320
agoldfisher,37.4448082,122.1614778,1347383100
agoldfisher,37.33198382,121.8905053,1349612040
agoldfisher,37.5512809,121.9961179,1346247120
agoldfisher,37.544158,121.987491,1347148260
agoldfisher,37.56822212,122.02548981,1349367660
agoldfisher,37.5652034,122.3175862,1350487080
agoldfisher,37.57737743,122.012733,1350238620
agoldfisher,37.44283559,122.16253326,1349297820
agoldfisher,37.7932269,122.399677,1352844060
agoldfisher,37.5512084,121.9961,1351036740
agoldfisher,37.56810266,122.02557406,1352732040
agoldfisher,37.53902793,122.0112635,1348094040
agoldfisher,37.5353821,121.998979,1345843200
agoldfisher,37.55025566,122.02767849,1348693860
agoldfisher,37.5512809,121.9961179,1346247000
agoldfisher,37.4448082,122.1614778,1347387540
agoldfisher,37.55705788,122.00197823,1352161260
agoldfisher,37.8068246,122.4134126,1346101260
agoldfisher,37.5581187,121.9913735,1345650600
agoldfisher,37.3365511,121.8912024,1349622720
agoldfisher,37.5489272,121.9938738,1353085980
agoldfisher,37.80865659,122.40930319,1346089080
agoldfisher,37.54996135,121.99581222,1351628700
agoldfisher,37.5512809,121.9961179,1346640360
agoldfisher,37.5100439,121.9619226,1346159460
agoldfisher,37.54991455,121.99592808,1349735700
agoldfisher,37.55827595,122.00746304,1353072420
agoldfisher,37.5501429,121.997543,1347232560
agoldfisher,37.551277,121.9961169,1346933940
agoldfisher,37.4183486,122.2156443,1350953280
agoldfisher,37.551289,121.9961256,1346040960
agoldfisher,37.36794145,122.01862983,1344649920
agoldfisher,37.5512809,121.9961179,1346640180
agoldfisher,37.5475443,121.9930456,1346199000
agoldfisher,37.3315082,121.8889976,1349620680
agoldfisher,37.94697261,122.06050873,1351462500
agoldfisher,37.78428278,122.40226507,1352411520
agoldfisher,37.54987975,121.99589601,1349236680
agoldfisher,37.45281122,122.14004303,1350683340
agoldfisher,37.5512809,121.9961179,1346285940
agoldfisher,37.78473218,122.40250111,1349110860
agoldfisher,37.5466883,121.9915252,1346199000
agoldfisher,37.69364879,121.9289048,1350089280
agoldfisher,37.5501122,121.9976072,1346199000
agoldfisher,37.7850227,122.399939,1346088540
agoldfisher,37.5453435,121.9870937,1346359380
agoldfisher,37.55143043,121.99707736,1353075000
agoldfisher,37.5353679,121.998956,1346165460
agoldfisher,37.54985462,121.99598458,1349259480
agoldfisher,37.4603944,122.139832,1352928300
agoldfisher,37.78428278,122.40226507,1352414340
agoldfisher,37.786036,122.4015636,1353014160
agoldfisher,37.79778051,122.3957634,1349111760
agoldfisher,37.5474944,122.0002353,1346035320
agoldfisher,37.551277,121.9961169,1347233460
agoldfisher,37.7919292,122.4117525,1350496740
agoldfisher,37.42117154,122.20432281,1345575720
agoldfisher,37.54996275,121.99600209,1351725060
agoldfisher,37.5512809,121.9961179,1346348160
agoldfisher,37.69506124,121.92873716,1350087000
agoldfisher,37.5767423,121.8832978,1351473300
agoldfisher,37.7840287,122.3924788,1346195700
agoldfisher,37.791531,122.412214,1350498180
agoldfisher,37.57737743,122.012733,1352730240
agoldfisher,37.5511775,121.9961476,1352859180
agoldfisher,37.551277,121.9961169,1347060900
agoldfisher,37.5390282,122.01178788,1351292400
agoldfisher,37.7849876,122.404875,1349806140
agoldfisher,37.5353712,121.9987791,1346163180
agoldfisher,37.442118,122.161582,1347647160
agoldfisher,37.55013162,121.99586546,1350263040
agoldfisher,37.5507932,121.9959802,1353075840
agoldfisher,37.551277,121.9961169,1347032940
agoldfisher,37.534905,121.998362,1346332800
agoldfisher,37.5343562,122.0096809,1347664080
agoldfisher,37.5501122,121.9976072,1346337240
agoldfisher,37.5976013,121.8686073,1351473180
agoldfisher,37.5501122,121.9976072,1346642700
agoldfisher,37.55337577,121.99806852,1352807520
agoldfisher,37.551289,121.9961256,1346081100
agoldfisher,37.5747475,122.028556,1351528860
agoldfisher,37.551289,121.9961256,1346038080
agoldfisher,37.55434657,121.98053962,1352507880
agoldfisher,37.421214,122.212609,1352910240
agoldfisher,37.5480607,121.9927394,1351901580
agoldfisher,37.5500519,121.99627488,1353040500
agoldfisher,37.442118,122.161582,1351192740
agoldfisher,37.5453435,121.9870937,1346359740
agoldfisher,37.5512023,121.9960954,1351385100
agoldfisher,37.5353712,121.9987791,1346162100
agoldfisher,37.5353679,121.998956,1346161380
agoldfisher,37.5512809,121.9961179,1346268840
agoldfisher,37.5512809,121.9961179,1346287860
agoldfisher,37.55015903,121.99583646,1350263040
agoldfisher,37.77029,122.43607,1347498780
agoldfisher,37.5506903,121.9968912,1345931280
agoldfisher,37.550795,121.9965597,1348014960
agoldfisher,37.5500916,121.9976568,1346024880
agoldfisher,37.55004014,121.99587253,1352686080
agoldfisher,37.5048918,121.9541877,1346429700
agoldfisher,37.7917957,122.4117391,1350506940
agoldfisher,37.544158,121.987491,1350174240
agoldfisher,37.5580898,121.9914062,1346856900
agoldfisher,37.534905,121.998362,1350073020
agoldfisher,37.7877691,122.4085021,1349794740
agoldfisher,37.5605971,122.0094037,1346419800
agoldfisher,37.32562693,121.94461584,1351608000
agoldfisher,37.5512386,121.9961075,1349971800
agoldfisher,37.32412535,121.94740534,1351616700
agoldfisher,37.5578292,122.0332814,1347314580
agoldfisher,37.51055962,121.951233,1346161680
agoldfisher,37.4827909,121.9249743,1347732120
agoldfisher,37.55966949,121.97077544,1346510640
agoldfisher,37.767484,122.406558,1350511320
agoldfisher,37.56243165,122.009025,1349454180
agoldfisher,37.55000777,121.995939,1349826900
agoldfisher,37.7876208,122.4095015,1349794980
agoldfisher,37.7876208,122.4095015,1349796120
agoldfisher,37.5085456,121.9569299,1346429640
agoldfisher,37.551277,121.9961169,1347128760
agoldfisher,37.78473218,122.40250111,1352477760
agoldfisher,37.5497602,121.99587766,1349237160
agoldfisher,37.55324817,122.007209,1348857060
agoldfisher,37.7917986,122.4117368,1350585720
agoldfisher,37.550186,121.972766,1352821260
agoldfisher,37.5483395,121.9916283,1347061200
agoldfisher,37.551277,121.9961169,1347099000
agoldfisher,37.5511775,121.9961476,1352858400
agoldfisher,37.79729728,122.39536643,1353027960
agoldfisher,37.78527484,122.4004814,1345601640
agoldfisher,37.56822212,122.02548981,1351170000
agoldfisher,37.551277,121.9961169,1346982420
agoldfisher,37.76987839,122.4118576,1351811640
agoldfisher,38.489166,122.451986,1351888800
agoldfisher,37.4194,122.212294,1350957300
agoldfisher,37.5474944,122.0002353,1346037540
agoldfisher,37.54988322,121.99578536,1350153120
agoldfisher,37.795135,122.403022,1346958300
agoldfisher,37.78872344,122.40069878,1352415240
agoldfisher,37.9516735,122.0583283,1351466220
agoldfisher,37.5343562,122.0096809,1347662520
agoldfisher,37.5506966,121.9968625,1346639520
agoldfisher,37.5499025,121.99592208,1349236380
agoldfisher,37.54997304,121.99596038,1351634220
agoldfisher,37.551277,121.9961169,1347129000
agoldfisher,37.5353597,121.9987887,1345842360
agoldfisher,37.5500916,121.9976568,1345931520
agoldfisher,37.94569717,122.06156015,1348357680
agoldfisher,37.793276,122.399711,1352842740
agoldfisher,37.5512602,121.9961011,1347305340
agoldfisher,37.3365511,121.8912024,1349622660
agoldfisher,37.56243165,122.009025,1352226900
agoldfisher,37.7877196,122.4088352,1349796600
agoldfisher,37.5353712,121.9987791,1346161440
agoldfisher,38.34206925,122.32475476,1351875840
agoldfisher,37.767484,122.406558,1350519600
agoldfisher,37.5512125,121.9960952,1350643800
agoldfisher,37.5493186,121.9931244,1347013980
agoldfisher,37.54991337,121.99631266,1352213940
agoldfisher,37.7925557,122.4084791,1350593280
agoldfisher,37.5501442,121.9962188,1352084580
agoldfisher,37.48283062,121.92199697,1351346460
agoldfisher,37.54996652,121.99612982,1349825640
agoldfisher,37.5598532,121.9925475,1345646220
agoldfisher,37.76987839,122.4118576,1348613760
agoldfisher,37.78886603,122.39882754,1347674160
agoldfisher,37.54907921,121.98683576,1351546140
agoldfisher,37.5507817,121.9959859,1352244780
agoldfisher,37.5343562,122.0096809,1347662700
agoldfisher,37.5630329,122.00429416,1353073200
agoldfisher,37.56822212,122.02548981,1348928820
agoldfisher,37.78384129,122.40562833,1353036900
agoldfisher,37.54991034,121.99589231,1352225400
agoldfisher,37.5512809,121.9961179,1346288040
agoldfisher,37.76654,122.430311,1348780440
agoldfisher,37.7849527,122.404934,1352337780
agoldfisher,37.5501122,121.9976072,1346349360
agoldfisher,37.5512084,121.9961,1351033140
agoldfisher,37.7931522,122.3997592,1352844300
agoldfisher,37.4182543,122.2152463,1350953880
agoldfisher,37.55006153,121.99595244,1350352860
agoldfisher,37.48283062,121.92199697,1347734160
agoldfisher,37.792297,122.399453,1351182000
agoldfisher,37.791749,122.410461,1350564480
agoldfisher,37.48283062,121.92199697,1350161160
agoldfisher,37.5105162,121.9590378,1346429760
agoldfisher,37.46222132,122.20045567,1347316260
agoldfisher,37.5512809,121.9961179,1346643840
agoldfisher,37.5477199,121.9999099,1351215180
agoldfisher,37.78571539,122.40340349,1352415000
agoldfisher,37.5578989,121.9915501,1349274180
agoldfisher,37.4801956,122.15111173,1346786040
agoldfisher,37.5511976,121.9961268,1351946880
agoldfisher,37.55000636,121.9962194,1348858320
agoldfisher,37.54992843,121.99593115,1349735640
agoldfisher,37.7922486,122.40844,1350499500
agoldfisher,37.7820808,122.3939126,1347574440
agoldfisher,37.785087,122.403171,1349119200
agoldfisher,38.3498048,122.3284554,1351881780
agoldfisher,37.5506966,121.9968625,1346116260
agoldfisher,37.79478782,122.39455104,1353034980
agoldfisher,37.7842471,122.4072768,1349804400
agoldfisher,37.55007015,121.99597662,1352168400
agoldfisher,37.5512809,121.9961179,1346116380
agoldfisher,37.55007371,121.99601106,1350869520
agoldfisher,37.602035,122.06539843,1349633940
agoldfisher,37.784776,122.4024409,1346194680
agoldfisher,37.6790601,121.9137951,1351472880
