ambde,39.45389013,75.68919182,1349019900
ambde,39.626862,75.74528152,1344030360
ambde,39.602566,75.746523,1346520000
ambde,39.52196552,75.73133421,1343751420
ambde,39.44965,75.71912,1348601640
ambde,39.4497115,75.7179451,1345296900
ambde,39.18952663,75.5400348,1348330380
ambde,39.44115362,75.73431262,1351968780
ambde,39.52196552,75.73133421,1343495820
ambde,39.63052644,75.66317181,1352546640
ambde,39.60039772,75.74905872,1345998900
ambde,39.53632849,75.71335261,1344169680
ambde,39.12777088,75.53198881,1347729660
ambde,39.52196552,75.73133421,1346937600
ambde,39.44952682,75.7177645,1345297020
ambde,39.533734,75.7171151,1348213260
ambde,39.60039772,75.74905872,1353261900
ambde,39.641452,75.62581658,1353010860
ambde,39.83355349,75.54134846,1347043680
ambde,39.60039772,75.74905872,1343576340
ambde,39.366817,75.65525187,1345907580
ambde,39.53374639,75.71705106,1348261140
ambde,39.649294,75.62168689,1345833660
ambde,39.44115362,75.73302927,1352659140
ambde,39.51357365,75.712388,1344848940
ambde,39.4541,75.68826,1347639420
ambde,39.45003,75.70534,1351969800
ambde,39.64103895,75.62428952,1344538740
ambde,39.51357365,75.712388,1347208680
ambde,39.66927049,75.59847147,1346180040
ambde,39.72836704,75.65115273,1344023940
ambde,39.53384123,75.71670951,1348472460
ambde,39.53468767,75.71951367,1348363440
ambde,39.459915,75.71820612,1351959720
ambde,39.52629709,75.81109285,1344727560
ambde,39.459915,75.71820612,1351969020
ambde,39.53405956,75.71709292,1348438380
ambde,39.66927049,75.59847147,1343934540
ambde,39.44965,75.71912,1348132680
ambde,39.602566,75.746523,1346606640
ambde,39.4499801,75.70355237,1347639840
ambde,39.66945844,75.59833383,1353441300
ambde,39.45389013,75.68919182,1347733020
ambde,39.7298,75.60518,1347484860
ambde,39.60039772,75.74905872,1345400700
ambde,39.52196552,75.73133421,1344091380
ambde,39.44572646,75.73774808,1345911600
ambde,39.15936457,75.51106151,1348320480
ambde,39.649294,75.62168689,1353096840
ambde,39.64178479,75.6262511,1345195860
ambde,39.44965,75.71912,1345295880
ambde,39.793607,75.547422,1348858380
ambde,39.53632849,75.71335261,1348403580
ambde,39.601835,75.74631497,1346523000
ambde,39.53386638,75.71719104,1348438500
ambde,39.53374868,75.71712712,1348265820
ambde,39.53407572,75.71708789,1348349160
ambde,39.52196552,75.73133421,1346874360
ambde,27.69864,83.8046,1345331700
ambde,39.81001256,75.54880812,1348652400
ambde,39.533899,75.71710056,1348434660
ambde,39.44838926,75.7282877,1348132260
ambde,39.12777088,75.53198881,1347729660
ambde,39.649294,75.62168689,1346954040
ambde,39.4562791,75.71238299,1344100920
ambde,39.51357365,75.712388,1347208680
ambde,39.439524,75.73476,1351968840
ambde,39.51357365,75.712388,1343639160
ambde,39.53404145,75.71709578,1348350660
ambde,39.5337987,75.71720575,1348648020
ambde,39.30624442,75.60931455,1353175800
ambde,37.77029,122.43607,1352246820
ambde,39.45723735,75.70836518,1344089400
ambde,39.32937473,75.6242952,1348312920
ambde,39.194121,75.546611,1347635760
ambde,39.5359609,75.71157408,1352640240
ambde,39.459915,75.71820612,1345905780
ambde,39.51357365,75.712388,1353158040
ambde,39.45529995,75.72758911,1347872880
ambde,39.5246259,75.728405,1346613420
ambde,39.81001256,75.54880812,1345023720
ambde,39.64178479,75.6262511,1352044140
ambde,39.53396045,75.71698973,1348181100
ambde,39.4556093,75.72734492,1346875140
ambde,39.60341469,75.7468559,1346926740
ambde,39.53416891,75.7170411,1348359180
ambde,39.52196552,75.73133421,1345312260
ambde,39.45529995,75.72758911,1348217280
ambde,39.64136239,75.62507374,1347304140
ambde,39.45341008,75.73573224,1343737080
ambde,39.60039772,75.74905872,1346587440
ambde,39.53364105,75.71716235,1348690140
ambde,39.44965,75.71912,1345299360
ambde,39.649294,75.62168689,1348168080
ambde,39.13550738,75.54187138,1353165060
ambde,39.736757,75.72343219,1344027240
ambde,39.458173,75.71790074,1344083160
ambde,43.02867796,83.73374392,1346796540
ambde,39.8332165,75.54028498,1346354580
ambde,39.67810279,75.59062069,1344883920
ambde,39.51357365,75.712388,1352714220
ambde,40.6568503,75.4076528,1345639200
ambde,39.459915,75.71820612,1345902720
ambde,39.53379575,75.71709938,1348309860
ambde,40.02921421,75.61970342,1348146480
ambde,39.53394801,75.71689677,1348519200
ambde,39.126452,75.532407,1353167520
ambde,39.53414991,75.71682196,1348731660
ambde,39.60039772,75.74905872,1352556060
ambde,39.60039772,75.74905872,1347210480
ambde,39.44572646,75.73774808,1346611860
ambde,39.69463133,75.65331459,1350826500
ambde,39.649294,75.62168689,1345058160
ambde,39.45147796,75.72387514,1344791160
ambde,39.51357365,75.712388,1348649220
ambde,39.53468767,75.71951367,1348363440
ambde,39.53468767,75.71951367,1350680640
ambde,39.601835,75.74631497,1345999200
ambde,39.649294,75.62168689,1344626640
ambde,39.649294,75.62168689,1350414600
ambde,39.71475339,75.62879023,1344884220
ambde,40.03137791,75.59772468,1345730820
ambde,39.53468767,75.71951367,1345491240
ambde,39.51250582,75.71120492,1347047460
ambde,39.649294,75.62168689,1348685640
ambde,39.52196552,75.73133421,1343485440
ambde,39.437906,75.70807268,1353177960
ambde,39.53468767,75.71951367,1345332840
ambde,39.69474071,75.59838563,1352198220
ambde,39.53405061,75.71709762,1348437720
ambde,39.64103895,75.62428952,1352062380
ambde,39.44578591,75.73748119,1351433100
ambde,39.53407688,75.71708564,1348356840
ambde,39.45843724,75.72180232,1345294800
ambde,39.46649932,75.72072331,1348478940
ambde,39.68234116,75.75412357,1348775040
ambde,39.15936457,75.51106151,1348322940
ambde,39.45309485,75.68052292,1348338360
ambde,39.53392148,75.71708691,1348402500
ambde,38.8936,77.01458,1346890860
ambde,39.53387681,75.71703,1348434240
ambde,39.53632849,75.71335261,1346587620
ambde,39.53383553,75.71714121,1348349340
ambde,39.45389013,75.68919182,1347639360
ambde,39.53405885,75.717092,1348349100
ambde,39.735136,75.555487,1346949360
ambde,39.60039772,75.74905872,1348421340
ambde,39.51357365,75.712388,1349083380
ambde,39.12777088,75.53198881,1347634800
ambde,39.511439,75.711613,1343484660
ambde,39.53403255,75.7169235,1348559640
ambde,39.45071942,75.72570374,1346881560
ambde,39.51357365,75.712388,1345108380
ambde,39.649294,75.62168689,1345229400
ambde,39.6211119,75.64197335,1353357000
ambde,39.649294,75.62168689,1348859280
ambde,39.12777088,75.53198881,1353171240
ambde,39.15205324,75.52702546,1348314960
ambde,39.50041043,75.64920651,1351278660
ambde,39.44965,75.71912,1351952760
ambde,39.434222,75.655783,1347726180
ambde,39.64103895,75.62428952,1351191900
ambde,39.64103895,75.62428952,1347303120
ambde,39.73938911,75.54679429,1352248080
ambde,39.52196552,75.73133421,1346425980
ambde,39.45003,75.70534,1351969800
ambde,39.53468767,75.71951367,1350595500
ambde,39.60252182,75.75022292,1346932560
ambde,39.52196552,75.73133421,1343490180
