artocalypse,33.678042,117.918847,1302436020
artocalypse,33.676348,117.91963,1276897800
artocalypse,33.68652821,117.39132464,1301346000
artocalypse,33.70315297,117.88452387,1302016500
artocalypse,33.622347,117.941595,1272501360
artocalypse,33.496394,112.114338,1268801340
artocalypse,33.66813974,118.01752925,1310235120
artocalypse,33.67644,117.919474,1273182240
artocalypse,33.615817,117.874503,1302182460
artocalypse,34.870457,111.758397,1268953980
artocalypse,34.120204,117.166569,1289561280
artocalypse,33.609812,117.92986,1294708920
artocalypse,34.10642017,117.2953607,1315684200
artocalypse,33.676789,117.920849,1283549280
artocalypse,33.657738,118.000686,1272160140
artocalypse,33.676246,117.919283,1269565200
artocalypse,33.985783,117.324634,1285470360
artocalypse,33.668707,118.019141,1272835980
artocalypse,33.710305,117.946186,1304988720
artocalypse,34.10625959,117.53705082,1331162280
artocalypse,33.617188,117.914108,1267733460
artocalypse,34.105509,117.289629,1287496560
artocalypse,33.676789,117.920849,1320594360
artocalypse,33.98143709,117.372891,1326595920
artocalypse,33.686739,117.919294,1271248980
artocalypse,33.676303,117.919646,1267590120
artocalypse,33.6766,117.91928,1274220120
artocalypse,33.6167437,117.8780648,1302279240
artocalypse,33.67627,117.91934,1270287360
artocalypse,33.608409,117.920276,1319144100
artocalypse,33.676319,117.919454,1274219400
artocalypse,33.677009,117.920786,1276743060
artocalypse,33.628779,117.906265,1283551740
artocalypse,33.812052,117.918778,1268017560
artocalypse,33.676343,117.919405,1271908620
artocalypse,34.13347094,117.24266916,1331776320
artocalypse,33.673286,117.921967,1276211100
artocalypse,33.925383,116.813218,1269124080
artocalypse,33.615847,117.87534,1282583640
artocalypse,33.71036983,117.94590398,1283567340
artocalypse,33.436074,111.998332,1305323760
artocalypse,44.8105576,124.06193393,1283016960
artocalypse,33.676701,117.91904,1270526940
artocalypse,33.615195,117.874438,1271513400
artocalypse,34.03796448,117.06918597,1290703500
artocalypse,33.810135,117.836771,1284160380
artocalypse,33.649767,117.955657,1278123120
artocalypse,33.67682248,117.920861462,1284176160
artocalypse,34.707585,111.895541,1268884800
artocalypse,33.4354525,112.00475693,1283202780
artocalypse,34.2509074,117.1890664,1315063020
artocalypse,33.676511,117.921061,1271982840
artocalypse,33.67676991,117.92092851,1284079740
artocalypse,33.985783,117.324634,1285014180
artocalypse,33.676287,117.919604,1268702880
artocalypse,34.120685,117.16685,1320117120
artocalypse,33.676905,117.91903,1274228400
artocalypse,33.676982,117.919041,1274153280
artocalypse,33.676289,117.919032,1268364120
artocalypse,34.11712862,117.15996601,1330366860
artocalypse,33.676159,117.919168,1267407060
artocalypse,33.84297403,118.00020218,1318433280
artocalypse,33.676687,117.921053,1272110220
artocalypse,33.94657298,118.40836549,1327773300
artocalypse,33.676812,117.920886,1277644980
artocalypse,34.39170092,119.52112198,1299863640
artocalypse,33.66591,117.902063,1311909300
artocalypse,37.7855,122.411,1289741280
artocalypse,33.615419,117.874428,1272489300
artocalypse,33.676516,117.919026,1274020320
artocalypse,33.98541488,117.32453459,1317585720
artocalypse,34.11224,117.533808,1321035360
artocalypse,33.61561998,117.87514687,1285117800
artocalypse,37.8195864,122.4785325,1282865040
artocalypse,33.659667,117.884727,1304375760
artocalypse,47.44370463,122.3026371,1283183220
artocalypse,33.676304,117.919645,1267814700
artocalypse,47.454896,122.294002,1283117760
artocalypse,33.707031,117.920236,1310734500
artocalypse,34.10469418,117.53760599,1347239460
artocalypse,34.120204,117.166569,1301274120
artocalypse,33.55806159,117.66898155,1278976380
artocalypse,41.9860254,124.2047297,1282948620
artocalypse,34.053944,118.462302,1284898560
artocalypse,33.614262,117.873318,1270332540
artocalypse,37.80004752,122.4340799,1282864020
artocalypse,33.67956837,117.86175728,1283213100
artocalypse,33.7547799,117.496231,1286888940
artocalypse,33.676234,117.919276,1269565860
artocalypse,33.5519737,117.7774339,1282610700
artocalypse,33.676746,117.920826,1267406880
artocalypse,33.641556,117.918197,1270516380
artocalypse,33.617188,117.914108,1267639260
artocalypse,33.659558,117.884464,1304809200
artocalypse,33.85171529,117.99753875,1300647420
artocalypse,34.137478,117.586072,1270413180
artocalypse,33.6152324,117.87539881,1283523120
artocalypse,33.617188,117.914108,1267724160
artocalypse,33.69167,117.92089,1270080360
artocalypse,44.8105502,124.06193017,1283017080
artocalypse,33.615277,117.874541,1270319820
artocalypse,33.61221587,117.87140736,1317935580
artocalypse,33.680836,117.919862,1317055500
artocalypse,33.76131291,118.19152971,1316289780
artocalypse,33.67676991,117.92092851,1284079800
artocalypse,33.676238,117.919478,1269219060
artocalypse,33.380831,117.576216,1276525680
artocalypse,33.676858,117.921146,1272580740
artocalypse,33.676241,117.91922,1268620920
artocalypse,33.792372,117.50521,1269730560
artocalypse,33.574506,117.723424,1284421140
artocalypse,35.362468,119.339958,1282843260
artocalypse,33.6433,117.934,1300846260
artocalypse,33.676294,117.919573,1270688340
artocalypse,33.676364,117.919399,1271821920
artocalypse,33.614581,117.875211,1273250940
artocalypse,22.88989486,109.90220547,1305912120
artocalypse,33.676298,117.919575,1271891520
artocalypse,33.615114,117.874463,1271880660
artocalypse,33.615704,117.874314,1299619020
artocalypse,35.19299395,119.14529218,1282842120
artocalypse,33.697742,117.74224,1271458800
artocalypse,33.681016,117.917897,1278629700
artocalypse,33.81085269,117.92106628,1283289720
artocalypse,34.26080897,116.85274445,1283703900
artocalypse,33.67427,117.919509,1276742460
artocalypse,33.689907,117.88371,1271554440
artocalypse,33.67668816,117.92103898,1318588440
artocalypse,32.74786823,97.09321976,1297035180
artocalypse,33.71058225,117.94595718,1283565960
artocalypse,33.676756,117.920913,1277692860
artocalypse,33.72244298,117.95415938,1307905500
artocalypse,33.71053933,117.946043,1283567820
artocalypse,34.747181,112.016044,1269008280
artocalypse,33.676312,117.919531,1271732880
artocalypse,33.98277,117.34018028,1307849580
artocalypse,46.188727,123.850637,1283093820
artocalypse,33.676232,117.919244,1268614860
artocalypse,33.61528,117.874542,1271869980
artocalypse,33.615273,117.874539,1273932060
artocalypse,22.88989486,109.90220547,1305689580
artocalypse,33.6156,117.93,1284266640
artocalypse,33.676699,117.921071,1272777780
artocalypse,33.67686,117.920876,1270680660
artocalypse,33.676789,117.920849,1301406720
artocalypse,33.676581,117.919333,1273790100
artocalypse,33.676297,117.919588,1271891520
artocalypse,33.67692814,117.92078772,1317436080
artocalypse,33.676722,117.919007,1271559300
artocalypse,33.678064,117.895631,1272500340
artocalypse,33.676789,117.920849,1282823100
artocalypse,33.676288,117.919521,1271680740
artocalypse,33.61561998,117.87514687,1297335540
artocalypse,33.676237,117.919254,1270681440
artocalypse,34.11086296,117.53384113,1321624260
artocalypse,33.8250813,118.1360008,1284912000
artocalypse,33.676234,117.919266,1271290440
artocalypse,33.617274,117.876152,1279320060
artocalypse,33.676378,117.919184,1269552960
artocalypse,33.655879,118.002384,1312216380
artocalypse,33.668389,117.90539,1279466580
artocalypse,34.249091,117.18969,1309651560
artocalypse,33.622395,117.941389,1272504660
artocalypse,33.62211865,117.93830817,1284251100
artocalypse,33.676225,117.919142,1267832880
artocalypse,33.676676,117.920953,1271621640
artocalypse,33.676789,117.920849,1283463060
artocalypse,33.66813974,118.01752925,1298221320
artocalypse,33.6398526,117.9212962,1278954060
artocalypse,34.25063404,117.189173,1315150380
artocalypse,33.669979,117.898943,1279236360
artocalypse,33.6424809,117.920119,1309205760
artocalypse,33.676454,117.919117,1272777600
artocalypse,33.69981474,117.91819096,1324253760
artocalypse,34.120204,117.166569,1297630560
artocalypse,34.121095,117.166968,1269701160
artocalypse,34.70729,111.894493,1269038820
artocalypse,33.615123,117.873796,1276895700
artocalypse,34.05023711,118.23883563,1303750140
artocalypse,33.5487,117.782,1282607640
artocalypse,43.501441,124.220583,1282961880
artocalypse,34.125023,117.165163,1277053260
artocalypse,34.42131911,119.70133424,1299879720
artocalypse,33.676183,117.919228,1267143720
artocalypse,33.5384412,117.047974,1321377300
artocalypse,33.69981474,117.91819096,1324690680
artocalypse,33.677582,117.883741,1279416600
artocalypse,34.59466578,120.13944626,1299958680
artocalypse,33.615396,117.875391,1299685260
artocalypse,37.3314026,122.03029633,1289662080
artocalypse,33.67629,117.919562,1269479340
artocalypse,34.105509,117.289629,1287402720
artocalypse,33.1162975,117.11994902,1312652220
artocalypse,33.67679461,117.92103972,1283263260
artocalypse,33.615269,117.875407,1277571180
