ash_nicholson,36.109928,86.811063,1328997360
ash_nicholson,36.35068211,86.55269702,1336394160
ash_nicholson,36.13118535,86.66942596,1318541580
ash_nicholson,41.89327297,87.62349844,1350155280
ash_nicholson,36.35068211,86.55269702,1336420920
ash_nicholson,36.17194956,86.64876223,1333402680
ash_nicholson,36.32259,86.597532,1329175200
ash_nicholson,36.313918,86.59536012,1347632760
ash_nicholson,39.33003,82.101079,1318724640
ash_nicholson,36.13118535,86.66942596,1331545440
ash_nicholson,36.32259,86.597532,1329576660
ash_nicholson,36.34848184,86.55503376,1336308420
ash_nicholson,36.34853699,86.55519644,1345518360
ash_nicholson,39.99799956,82.88549423,1343261580
ash_nicholson,36.13637274,86.80121404,1347145980
ash_nicholson,36.1231175,86.70424104,1332413220
ash_nicholson,36.161654,86.776493,1308708780
ash_nicholson,36.35068211,86.55269702,1336333320
ash_nicholson,36.145914,86.684903,1320922800
ash_nicholson,36.136524,86.800941,1320354540
ash_nicholson,36.32938583,86.59222213,1325024880
ash_nicholson,36.10594152,86.762689,1328913480
ash_nicholson,36.32140698,86.57347236,1333467240
ash_nicholson,36.1435585,86.80877209,1351368060
ash_nicholson,36.170109,86.516733,1327085280
ash_nicholson,36.31763256,86.60692625,1332970080
ash_nicholson,36.34939382,86.55501011,1351541160
ash_nicholson,35.95173247,83.934288,1321708440
ash_nicholson,36.08647,86.695532,1331651100
ash_nicholson,36.34370297,86.52665025,1348580460
ash_nicholson,36.31787119,86.60697057,1332372060
ash_nicholson,36.152428,86.7914021,1317517980
ash_nicholson,36.12873077,86.84522208,1350313740
ash_nicholson,36.38662709,86.47995682,1348151640
ash_nicholson,36.16041946,86.77588654,1351026540
ash_nicholson,36.14335489,86.6631335,1326902640
ash_nicholson,36.12281521,86.77621136,1346195040
ash_nicholson,36.14702,86.799153,1349889900
ash_nicholson,36.16193891,86.775013,1331326560
ash_nicholson,36.16981451,86.51665102,1330101240
ash_nicholson,36.12943907,86.778408,1328913360
ash_nicholson,36.15982131,86.77627443,1351032780
ash_nicholson,36.314612,86.606227,1333553100
ash_nicholson,36.32957253,86.59050017,1351182480
ash_nicholson,36.16377518,86.78033156,1325975880
ash_nicholson,39.330424,82.101096,1318643040
ash_nicholson,36.161537,86.776311,1333216740
ash_nicholson,36.19138598,86.17310213,1349208060
ash_nicholson,36.297376,86.646341,1308612900
ash_nicholson,36.37529739,86.47312481,1329411480
ash_nicholson,36.308784,86.60429,1317567120
ash_nicholson,36.15789413,86.78828,1316734740
ash_nicholson,36.321805,86.571618,1308339540
ash_nicholson,41.88425401,87.62369709,1350223920
ash_nicholson,36.151667,86.78427465,1345850820
ash_nicholson,36.31942213,86.62345074,1321136280
ash_nicholson,36.15966797,86.77589416,1351032420
ash_nicholson,36.16981451,86.51665102,1330610040
ash_nicholson,36.344375,86.52729034,1330038660
ash_nicholson,36.14983097,86.7954576,1328131380
ash_nicholson,36.155508,86.786504,1330648740
ash_nicholson,36.14304247,86.79207,1327771800
ash_nicholson,36.331403,86.622179,1333469580
ash_nicholson,41.8892916,87.61956096,1350049800
ash_nicholson,36.32999096,86.59021899,1328222400
ash_nicholson,36.13688255,86.72490872,1320468060
ash_nicholson,39.32975713,82.101111,1318722780
ash_nicholson,36.34853699,86.55519644,1348104720
ash_nicholson,36.3216213,86.566246,1323810720
ash_nicholson,36.32999096,86.59021899,1336169220
ash_nicholson,36.314612,86.606227,1323808380
ash_nicholson,36.16025925,86.77586365,1351026420
ash_nicholson,36.321233,86.56982057,1324336860
ash_nicholson,36.33405572,86.622985,1348779780
ash_nicholson,36.34570983,86.5576768,1352511420
ash_nicholson,36.1363023,86.8009467,1321118580
ash_nicholson,36.13319608,86.62208659,1342871160
ash_nicholson,36.1435585,86.80877209,1347724620
ash_nicholson,39.77305201,75.52151465,1351981020
ash_nicholson,36.19138598,86.17310213,1348153500
ash_nicholson,35.94819,83.933834,1345247820
ash_nicholson,36.32522623,86.621152,1310645220
ash_nicholson,36.19138598,86.17310213,1345653660
ash_nicholson,36.10336032,86.81846827,1311280680
ash_nicholson,36.3298953,86.591381,1321992960
ash_nicholson,36.15061998,86.795813,1319936940
ash_nicholson,36.170109,86.516733,1329415860
ash_nicholson,36.1035987,86.81780443,1328714640
ash_nicholson,36.19138598,86.17310213,1348096080
ash_nicholson,36.3216213,86.566246,1328652900
ash_nicholson,36.313918,86.59536012,1333722780
ash_nicholson,36.105358,86.816756,1317330420
ash_nicholson,35.96261699,83.91994508,1321721760
ash_nicholson,39.99744067,82.88480759,1343261640
ash_nicholson,36.33023513,86.58994675,1310314140
ash_nicholson,36.16038513,86.77584839,1351025160
ash_nicholson,36.32280916,86.59731313,1350688560
ash_nicholson,36.19091817,86.17294362,1349810940
ash_nicholson,36.17564997,86.74780776,1349550360
ash_nicholson,36.13118535,86.66942596,1343254200
ash_nicholson,36.17789501,86.79388046,1349891460
ash_nicholson,36.3216213,86.566246,1327354080
ash_nicholson,36.52744806,87.358959,1331907900
ash_nicholson,36.160928,86.777816,1318037220
ash_nicholson,36.16109133,86.7764,1326509100
ash_nicholson,36.19138598,86.17310213,1347367080
ash_nicholson,36.21250584,86.69604392,1349584860
ash_nicholson,35.95452594,83.92541885,1321732620
ash_nicholson,36.107822,86.814487,1328821200
ash_nicholson,36.15246,86.79131926,1314408840
ash_nicholson,36.34882923,86.5550597,1349400540
ash_nicholson,36.30561325,86.6144356,1326396780
ash_nicholson,36.34848184,86.55503376,1336394220
ash_nicholson,36.36762142,86.485162,1351531860
ash_nicholson,36.326879,86.619234,1318938060
ash_nicholson,36.30993798,86.60252094,1351867620
ash_nicholson,36.166776,86.778204,1317938040
ash_nicholson,36.16040802,86.77583313,1351026900
ash_nicholson,36.32992397,86.59024715,1311371280
ash_nicholson,36.10707,86.816443,1332872940
ash_nicholson,36.35068211,86.55269702,1336308180
ash_nicholson,36.34370297,86.52665025,1348442640
ash_nicholson,36.15118325,86.794453,1317506160
ash_nicholson,36.13118535,86.66942596,1318844580
ash_nicholson,36.10596514,86.76362515,1332432180
ash_nicholson,36.325904,86.56293154,1329666660
ash_nicholson,36.14638,86.666995,1319839980
ash_nicholson,36.14946102,86.7972653,1321067520
ash_nicholson,36.295566,86.614576,1349908680
ash_nicholson,36.16086334,86.77780139,1349578200
ash_nicholson,36.155508,86.786504,1317340440
ash_nicholson,36.151568,86.784207,1319165100
ash_nicholson,36.12970739,86.66975295,1343255760
ash_nicholson,36.12873077,86.84522208,1350313740
ash_nicholson,36.309895,86.60219846,1333553100
ash_nicholson,36.14415863,86.76820151,1329435120
ash_nicholson,36.164869,86.77624434,1328477700
ash_nicholson,36.30538572,86.691741,1348939980
ash_nicholson,36.14310884,86.79202106,1346770560
ash_nicholson,36.152956,86.780171,1330127640
ash_nicholson,36.10897072,86.81152342,1328995260
ash_nicholson,36.27082943,86.44122735,1348837020
ash_nicholson,36.3216213,86.566246,1331075280
ash_nicholson,36.32660486,86.56316757,1321974960
ash_nicholson,36.10508098,86.81516647,1346779020
ash_nicholson,36.15061998,86.795813,1319327400
ash_nicholson,36.32143217,86.59868212,1324331040
ash_nicholson,36.314404,86.606509,1309980300
ash_nicholson,36.19138598,86.17310213,1349814120
ash_nicholson,36.13637274,86.80121404,1332531480
ash_nicholson,36.14310884,86.79202106,1347462660
ash_nicholson,36.1656649,86.778405,1327801140
ash_nicholson,36.150915,86.797013,1333891980
ash_nicholson,36.325746,86.56318732,1326647340
ash_nicholson,41.89468797,87.62399112,1350147720
ash_nicholson,39.957694,82.99510002,1331346060
ash_nicholson,36.15992812,86.77571569,1351019940
ash_nicholson,36.15963745,86.77584839,1351030680
ash_nicholson,36.1778409,86.788398,1351192980
ash_nicholson,36.30561325,86.614022,1326143460
ash_nicholson,36.19978417,86.62082405,1325693520
ash_nicholson,36.14709934,86.63795674,1348979160
ash_nicholson,36.19083825,86.17297419,1348856760
ash_nicholson,36.13118535,86.66942596,1352057940
ash_nicholson,36.325904,86.56293154,1330191720
ash_nicholson,36.150915,86.797013,1328127180
ash_nicholson,36.191908,86.173287,1348096380
ash_nicholson,36.1607879,86.7777281,1308711660
ash_nicholson,36.344375,86.52729034,1349273640
ash_nicholson,36.145914,86.684903,1314625380
ash_nicholson,36.34854126,86.55511475,1351039920
ash_nicholson,36.35068211,86.55269702,1336245420
ash_nicholson,36.20461498,86.73836897,1347471780
ash_nicholson,36.457688,86.63783,1317159480
ash_nicholson,36.3216213,86.566246,1330032660
ash_nicholson,36.18100598,86.6391321,1349814900
ash_nicholson,36.19579399,86.22961354,1348336440
ash_nicholson,36.09363592,86.702393,1330969980
ash_nicholson,36.13118535,86.66942596,1351880760
ash_nicholson,36.10802813,86.81512356,1328831700
ash_nicholson,36.1435585,86.80877209,1319312520
ash_nicholson,36.331403,86.622179,1332861720
ash_nicholson,36.13630641,86.80085421,1346444820
ash_nicholson,36.34396649,86.5265812,1330285380
ash_nicholson,36.19138598,86.17310213,1345563720
ash_nicholson,36.15306851,86.780556,1321574820
ash_nicholson,36.160866,86.77779,1318037220
ash_nicholson,36.150915,86.797013,1345947120
ash_nicholson,36.148188,86.798022,1345837260
ash_nicholson,36.30716,86.60867073,1317675420
ash_nicholson,36.141678,86.667977,1308587880
ash_nicholson,36.1297,86.84435,1346066760
ash_nicholson,36.3085214,86.60668355,1321143780
ash_nicholson,36.20712633,86.615842,1324420740
ash_nicholson,41.88919529,87.6280496,1350093720
ash_nicholson,36.12218647,86.70391814,1325592720
ash_nicholson,36.16087058,86.7772174,1333217640
ash_nicholson,36.170109,86.516733,1327085280
ash_nicholson,36.18862743,86.40992369,1347366600
ash_nicholson,36.32222304,86.57152581,1351858020
ash_nicholson,36.32222304,86.57152581,1351255680
ash_nicholson,36.16033173,86.77586365,1351026660
ash_nicholson,36.12828306,86.66939883,1351881540
ash_nicholson,41.89189529,87.61802673,1350050460
ash_nicholson,36.32938583,86.59222213,1325285820
ash_nicholson,36.314612,86.606227,1325709720
ash_nicholson,36.32223093,86.57174758,1348747560
ash_nicholson,36.32539495,86.61817755,1348150680
ash_nicholson,36.29935508,86.70521736,1347009600
ash_nicholson,36.16043091,86.77587128,1351025460
ash_nicholson,36.33402238,86.62657127,1349276820
ash_nicholson,36.13118535,86.66942596,1331332620
ash_nicholson,39.95680685,82.99602334,1331343960
ash_nicholson,36.3216213,86.566246,1329170820
ash_nicholson,36.34119434,86.43769175,1347365220
ash_nicholson,39.17916264,76.67118073,1351894500
ash_nicholson,36.34845486,86.55524226,1351537380
ash_nicholson,36.26436074,86.73748491,1331839020
ash_nicholson,36.19091797,86.17294311,1349811000
ash_nicholson,36.34858322,86.55509186,1351040100
ash_nicholson,35.94518053,86.82020903,1331158680
ash_nicholson,35.95184904,83.93409467,1345280340
ash_nicholson,36.16014862,86.77567291,1351026060
ash_nicholson,36.32259,86.597532,1327850340
ash_nicholson,36.297912,86.70102239,1325885040
ash_nicholson,36.13637274,86.80121404,1346182980
ash_nicholson,39.99799956,82.88549423,1331537580
ash_nicholson,36.3216213,86.566246,1326748980
ash_nicholson,36.16014481,86.77571869,1351029480
ash_nicholson,41.8900399,87.62894608,1350093720
ash_nicholson,36.34845486,86.55524226,1351537320
ash_nicholson,36.182612,86.735399,1320677520
ash_nicholson,35.9750077,86.77633097,1348623840
ash_nicholson,39.331739,82.1011,1318683300
ash_nicholson,36.3085214,86.60668355,1319667360
ash_nicholson,39.99744067,82.88480759,1331537580
ash_nicholson,36.16039996,86.77829704,1329621060
ash_nicholson,36.34396649,86.5265812,1330981080
ash_nicholson,36.319739,86.597484,1330465560
ash_nicholson,36.15375086,86.76882487,1328705340
ash_nicholson,36.15119428,86.784162,1326589860
ash_nicholson,36.10831,86.816627,1352589360
ash_nicholson,36.145914,86.684903,1320325560
ash_nicholson,36.16086215,86.77776213,1326509160
ash_nicholson,36.1435585,86.80877209,1347716160
ash_nicholson,36.126829,86.713645,1328280840
ash_nicholson,32.80091941,86.57463601,1309702020
ash_nicholson,36.310314,86.61025377,1317243900
ash_nicholson,36.330801,86.5929701,1332451620
ash_nicholson,36.183378,86.748941,1348955220
ash_nicholson,36.16086334,86.77780139,1351400580
ash_nicholson,36.325904,86.56293154,1323986100
ash_nicholson,36.37529739,86.47312481,1332454440
ash_nicholson,36.34853699,86.55519644,1347330960
ash_nicholson,36.32106018,86.57384491,1333467300
ash_nicholson,36.17194956,86.64876223,1347220080
ash_nicholson,36.19138598,86.17310213,1349359500
ash_nicholson,36.3216213,86.566246,1328652900
ash_nicholson,36.15602393,86.786922,1321583700
ash_nicholson,36.136722,86.80252528,1343167920
ash_nicholson,36.34841424,86.55524157,1350997260
ash_nicholson,36.3216213,86.566246,1325800500
ash_nicholson,36.17789501,86.79388046,1346267100
ash_nicholson,36.1517036,86.787443,1325190360
ash_nicholson,36.15292797,86.79707729,1327614660
ash_nicholson,36.15053703,86.8053047,1346777700
ash_nicholson,39.17931235,76.66867018,1352037120
ash_nicholson,36.321387,86.57347,1326833520
ash_nicholson,36.32363143,86.7072208,1348928460
ash_nicholson,36.31611608,86.60740343,1318888620
ash_nicholson,36.19138598,86.17310213,1348840980
ash_nicholson,36.15744784,86.76959155,1349309760
ash_nicholson,36.151667,86.78427465,1345946340
ash_nicholson,35.90215871,84.14832383,1321799280
ash_nicholson,36.142864,86.791756,1321397940
ash_nicholson,36.15959167,86.77581787,1351030500
ash_nicholson,36.30276586,86.64060831,1322098020
ash_nicholson,36.1546553,86.7861237,1317334440
ash_nicholson,36.19084044,86.17297269,1349190480
ash_nicholson,36.325904,86.56293154,1316809020
ash_nicholson,36.12836907,86.84486389,1346066220
ash_nicholson,36.3216213,86.566246,1323123240
ash_nicholson,36.32259,86.597532,1330039320
ash_nicholson,36.17789501,86.79388046,1345750620
ash_nicholson,36.1363565,86.8010285,1320353100
ash_nicholson,36.344375,86.52729034,1349273640
ash_nicholson,36.32938583,86.59222213,1325954160
ash_nicholson,39.32979129,82.1010232,1318643220
ash_nicholson,36.13673098,86.80229187,1347469860
ash_nicholson,36.29995304,86.69746041,1325892900
ash_nicholson,36.32222304,86.57152581,1350650280
ash_nicholson,36.314404,86.606509,1308598020
ash_nicholson,36.150915,86.797013,1321054860
ash_nicholson,36.32539495,86.61817755,1345731720
ash_nicholson,39.17931235,76.66867018,1351894620
ash_nicholson,36.19138598,86.17310213,1348755600
ash_nicholson,36.32940568,86.59229,1315530540
ash_nicholson,36.16365636,86.7836237,1320533580
ash_nicholson,36.2743242,86.44217258,1348755360
ash_nicholson,36.32507686,86.6233961,1342634820
ash_nicholson,36.19138598,86.17310213,1348063380
ash_nicholson,41.8892134,87.6315101,1350171780
ash_nicholson,36.18499724,86.75424984,1347224580
ash_nicholson,36.15967941,86.77587891,1351034640
ash_nicholson,36.13637274,86.80121404,1343161500
ash_nicholson,35.9532529,83.92731612,1321708320
ash_nicholson,36.16051483,86.77588654,1351027680
ash_nicholson,36.329423,86.592908,1312419240
ash_nicholson,36.1903218,86.17254149,1350671580
ash_nicholson,36.16025543,86.7756958,1351027140
ash_nicholson,36.145914,86.684903,1320325560
ash_nicholson,36.295566,86.614576,1346008680
ash_nicholson,36.3216213,86.566246,1327957860
ash_nicholson,36.19138598,86.17310213,1348241100
ash_nicholson,36.20461498,86.73836897,1347630000
ash_nicholson,36.15103083,86.79679871,1321067460
ash_nicholson,36.16041946,86.77588654,1351026840
ash_nicholson,36.2961341,86.7017144,1322603400
ash_nicholson,41.89208697,87.61862755,1350141420
ash_nicholson,36.1363565,86.8010285,1322277360
ash_nicholson,36.142993,86.791842,1318108140
ash_nicholson,36.1231175,86.70424104,1330970040
ash_nicholson,36.15994559,86.77796334,1331929320
ash_nicholson,36.299852,86.69745,1325897760
ash_nicholson,36.15280678,86.790835,1319941080
ash_nicholson,36.3216213,86.566246,1325800500
ash_nicholson,36.1899825,86.29619,1346076540
ash_nicholson,36.3216213,86.566246,1321973640
ash_nicholson,36.34853699,86.55519644,1348150740
ash_nicholson,36.1602211,86.77579498,1351021800
ash_nicholson,36.15061998,86.795813,1346461560
ash_nicholson,36.3047735,86.6199957,1317153540
ash_nicholson,36.3216213,86.566246,1330986840
ash_nicholson,36.16024017,86.77549744,1351027020
ash_nicholson,36.16024017,86.77580261,1351026360
ash_nicholson,36.16015244,86.77583313,1351027200
ash_nicholson,36.20461498,86.73836897,1348140540
ash_nicholson,36.34907151,86.55521369,1333028940
ash_nicholson,36.15280678,86.790835,1317517980
ash_nicholson,36.31491767,86.5945816,1346160180
ash_nicholson,41.8899613,87.62903765,1350093840
ash_nicholson,36.16273,86.77596672,1332635880
ash_nicholson,36.314404,86.606509,1309980300
ash_nicholson,36.304844,86.603417,1346844840
ash_nicholson,36.32252581,86.57151103,1349354220
ash_nicholson,36.1435585,86.80877209,1351368240
ash_nicholson,36.32940568,86.59229,1317852180
ash_nicholson,36.321805,86.571618,1312314540
ash_nicholson,36.33023513,86.58994675,1310314140
ash_nicholson,36.3216213,86.566246,1322777100
ash_nicholson,36.150915,86.797013,1320454680
ash_nicholson,36.32940568,86.59229,1316638980
ash_nicholson,36.17194956,86.64876223,1316973540
ash_nicholson,39.76017285,86.16379738,1328478240
ash_nicholson,36.132106,86.795684,1323725520
ash_nicholson,36.126336,86.789126,1323297780
ash_nicholson,36.19268521,86.17452621,1349814120
ash_nicholson,36.16017914,86.77584839,1351028880
ash_nicholson,36.1899825,86.29619,1346332140
ash_nicholson,36.348547,86.555066,1324677900
ash_nicholson,39.97189101,83.00432146,1331401260
ash_nicholson,36.16000366,86.77581024,1351027380
ash_nicholson,36.32259,86.597532,1327098900
ash_nicholson,35.90215654,84.14827824,1313266020
ash_nicholson,36.10508098,86.81516647,1328712060
ash_nicholson,36.16307602,86.77684307,1327803720
ash_nicholson,36.20461498,86.73836897,1347630000
ash_nicholson,36.32974532,86.59051399,1350688980
ash_nicholson,36.176052,86.789749,1318105140
ash_nicholson,36.2961341,86.7017144,1348935240
ash_nicholson,36.184465,86.75420635,1321573020
ash_nicholson,36.34896532,86.55508624,1349400840
ash_nicholson,36.32940568,86.59229,1316040960
ash_nicholson,36.10862347,86.81707447,1352590500
ash_nicholson,36.30082,86.69881,1311623760
ash_nicholson,36.34907151,86.55521369,1332378960
ash_nicholson,36.3216213,86.566246,1328566020
ash_nicholson,35.95913962,83.92956491,1345236600
ash_nicholson,36.32999096,86.59021899,1350682080
ash_nicholson,36.12962013,86.66998903,1331335020
ash_nicholson,36.348547,86.555066,1324677900
ash_nicholson,36.151667,86.78427465,1326593340
ash_nicholson,36.149748,86.79675,1314407400
ash_nicholson,36.3216213,86.566246,1323215820
ash_nicholson,36.35068211,86.55269702,1336483500
ash_nicholson,36.330031,86.591009,1321993020
ash_nicholson,36.1435585,86.80877209,1351369560
ash_nicholson,41.87860419,87.63901234,1350043800
ash_nicholson,36.32709172,86.562606,1323815520
ash_nicholson,36.10508098,86.81516647,1311274500
ash_nicholson,36.16044617,86.77589416,1351028580
ash_nicholson,36.1435585,86.80877209,1321108020
ash_nicholson,36.314612,86.606227,1325709720
ash_nicholson,36.14968,86.7982471,1321067640
ash_nicholson,36.150915,86.797013,1347713940
ash_nicholson,36.378734,86.46668987,1348061220
ash_nicholson,36.2743242,86.44217258,1348755180
ash_nicholson,36.326409,86.56188732,1348604940
ash_nicholson,36.32999096,86.59021899,1333144020
ash_nicholson,36.16316447,86.7798183,1349620560
ash_nicholson,36.32222304,86.57152581,1351529700
ash_nicholson,36.170764,86.679265,1308588480
ash_nicholson,36.18112294,86.79993349,1350928680
ash_nicholson,36.32252581,86.57151103,1349180340
ash_nicholson,36.325161,86.595732,1318174620
ash_nicholson,36.2043907,86.72508717,1332276720
ash_nicholson,36.325904,86.56293154,1333744200
ash_nicholson,41.8935254,87.63542503,1350179940
ash_nicholson,36.32940568,86.59229,1318461480
ash_nicholson,36.1624241,86.7755458,1308702900
ash_nicholson,36.32140698,86.57347236,1348057740
ash_nicholson,36.149524,86.796804,1346449620
ash_nicholson,36.16038132,86.77586365,1351026240
ash_nicholson,36.162058,86.77479,1331329560
ash_nicholson,36.3216213,86.566246,1327441080
ash_nicholson,36.121954,86.70484,1323185280
ash_nicholson,36.32252581,86.57151103,1349441280
ash_nicholson,36.350336,86.553816,1322166660
ash_nicholson,36.19042291,86.17848471,1348756140
ash_nicholson,36.150915,86.797013,1346455380
ash_nicholson,36.161537,86.776311,1328493900
ash_nicholson,36.151897,86.78431,1326581820
ash_nicholson,36.38681103,86.47974014,1330342860
ash_nicholson,36.1600647,86.77583313,1351029000
ash_nicholson,36.32709172,86.562606,1330191660
ash_nicholson,36.348976,86.55872,1342709340
ash_nicholson,36.151667,86.78427465,1330637880
ash_nicholson,39.33205957,82.101131,1318676520
ash_nicholson,36.15279691,86.76727381,1345579140
ash_nicholson,36.19138598,86.17310213,1345489260
ash_nicholson,36.16062546,86.77576447,1351027800
ash_nicholson,36.16109133,86.7764,1328488500
ash_nicholson,36.16011429,86.77584076,1351025640
ash_nicholson,36.304844,86.603417,1343238300
ash_nicholson,36.32222304,86.57152581,1349878560
ash_nicholson,36.19138598,86.17310213,1351284840
ash_nicholson,36.152908,86.790483,1345956000
ash_nicholson,36.144262,86.685703,1309954440
ash_nicholson,36.1608679,86.78100697,1348354140
ash_nicholson,36.32857785,86.59558126,1332862500
ash_nicholson,36.19091421,86.17293837,1349810940
ash_nicholson,36.14946102,86.7972653,1347724740
ash_nicholson,36.20642832,86.69435291,1326920820
ash_nicholson,36.32034655,86.59659863,1332862500
ash_nicholson,36.314612,86.606227,1349354280
ash_nicholson,41.8980508,87.6243109,1350150180
ash_nicholson,36.13673098,86.80229187,1346283060
ash_nicholson,36.19138598,86.17310213,1347634800
ash_nicholson,39.99799956,82.88549423,1318550220
ash_nicholson,36.132186,86.7956778,1323725580
ash_nicholson,36.30561325,86.6144356,1326396780
ash_nicholson,36.17716381,86.75045492,1346444760
ash_nicholson,36.332467,86.61979805,1317155280
ash_nicholson,36.34853699,86.55519644,1348016340
ash_nicholson,40.0652513,83.07199359,1343656740
ash_nicholson,36.3216213,86.566246,1326233400
ash_nicholson,36.161537,86.776311,1325986020
ash_nicholson,36.154931,86.781975,1326211440
ash_nicholson,36.3233933,86.70105557,1348927260
ash_nicholson,36.15992812,86.77571569,1351034400
ash_nicholson,36.332859,86.61969385,1321963200
ash_nicholson,36.330242,86.591163,1317673920
ash_nicholson,36.1778409,86.788398,1346364600
ash_nicholson,36.378857,86.457713,1346329920
ash_nicholson,36.16209195,86.7748323,1332012360
ash_nicholson,36.332859,86.61969385,1349869860
ash_nicholson,36.32266977,86.59559443,1351636920
ash_nicholson,36.17194956,86.64876223,1317574380
ash_nicholson,36.37869941,86.25837018,1350656640
ash_nicholson,36.32985581,86.59318979,1350678600
ash_nicholson,36.15994559,86.77796334,1332103560
ash_nicholson,36.17194956,86.64876223,1316375340
ash_nicholson,36.181116,86.30089415,1348272540
ash_nicholson,39.3319234,82.0981865,1318623180
ash_nicholson,36.33023513,86.58994675,1331674920
ash_nicholson,36.16061783,86.77583313,1351027560
ash_nicholson,36.30267863,86.6988612,1311623700
ash_nicholson,36.1231175,86.70424104,1328805180
ash_nicholson,36.12139463,86.79014962,1347462600
ash_nicholson,32.8843084,80.03643036,1351889160
ash_nicholson,39.32979129,82.1010232,1318700220
ash_nicholson,36.170109,86.516733,1325615940
ash_nicholson,36.20474957,86.72411402,1332272340
ash_nicholson,36.156803,86.79355758,1348965120
ash_nicholson,36.33058548,86.57460022,1351037400
ash_nicholson,36.344375,86.52729034,1348580460
ash_nicholson,35.95122708,86.7584457,1348613100
ash_nicholson,36.325904,86.56293154,1328372220
ash_nicholson,36.16048813,86.77587891,1351025820
ash_nicholson,36.1231175,86.70424104,1332327360
ash_nicholson,36.16645787,86.75554602,1347567960
ash_nicholson,36.16010666,86.77584839,1351028160
ash_nicholson,36.3216213,86.566246,1330032660
ash_nicholson,36.363144,86.546705,1315512060
ash_nicholson,36.375343,86.473141,1321996080
ash_nicholson,36.332859,86.61969385,1349277480
ash_nicholson,36.325904,86.56293154,1333744200
ash_nicholson,36.14946102,86.7972653,1347670080
ash_nicholson,36.29331566,86.70083152,1348935180
ash_nicholson,36.161537,86.776311,1332012300
ash_nicholson,39.99799956,82.88549423,1331341020
ash_nicholson,36.15306851,86.780556,1319164920
ash_nicholson,36.34140316,86.43757015,1348754820
ash_nicholson,35.96525836,83.919665,1321716180
ash_nicholson,36.14342854,86.81411505,1345588020
ash_nicholson,36.321805,86.571618,1309895400
ash_nicholson,36.1231175,86.70424104,1328729580
ash_nicholson,36.20461498,86.73836897,1348233600
ash_nicholson,36.16065933,86.7775619,1318132440
ash_nicholson,36.348547,86.555066,1322140380
ash_nicholson,37.96323,87.495678,1333836900
ash_nicholson,36.15118325,86.794453,1321660800
ash_nicholson,36.321387,86.57347,1321895820
ash_nicholson,36.10721889,86.81529447,1332872940
ash_nicholson,36.15232875,86.76753248,1345584360
ash_nicholson,36.145914,86.684903,1317309660
ash_nicholson,36.3488823,86.554468,1349230440
ash_nicholson,36.132017,86.795863,1316730960
ash_nicholson,36.32223093,86.57174758,1348574760
ash_nicholson,36.3216213,86.566246,1325020860
ash_nicholson,36.34853699,86.55519644,1347486300
ash_nicholson,36.13147348,86.79569498,1330815000
ash_nicholson,36.6002136,87.27926,1331896380
ash_nicholson,36.19064279,86.17303682,1348313880
ash_nicholson,39.17916264,76.67118073,1352037120
ash_nicholson,36.30993798,86.60252094,1318099500
ash_nicholson,36.31761986,86.60692625,1331158740
ash_nicholson,36.17778391,86.78836914,1351196280
ash_nicholson,36.150915,86.797013,1314406560
ash_nicholson,36.33023513,86.58994675,1308523560
ash_nicholson,36.32259,86.597532,1325521200
ash_nicholson,36.365773,86.484235,1319198340
ash_nicholson,36.11347045,86.81099868,1328995020
ash_nicholson,36.14968,86.7982471,1319326320
ash_nicholson,36.12175452,86.7019669,1325592720
ash_nicholson,36.15061998,86.795813,1321067400
ash_nicholson,36.304844,86.603417,1343238300
ash_nicholson,36.3234762,86.68621773,1348927020
ash_nicholson,36.3070676,86.6818285,1349355120
