bbcworldservice,51.51182,0.16297,1350947760
bbcworldservice,51.51182,0.16297,1350945960
bbcworldservice,51.51182,0.16297,1350955380
bbcworldservice,51.51182,0.16297,1350959580
bbcworldservice,51.51182,0.16297,1350875040
bbcworldservice,51.51182,0.16297,1351821780
bbcworldservice,39.73095,104.42126,1352162880
bbcworldservice,51.51182,0.16297,1351821420
bbcworldservice,51.51182,0.16297,1350948660
bbcworldservice,51.51182,0.16297,1351826940
bbcworldservice,51.51182,0.16297,1350947520
bbcworldservice,51.51182,0.16297,1350952680
bbcworldservice,33.41115244,111.80477571,1351811280
bbcworldservice,51.51182,0.16297,1350944280
bbcworldservice,51.51182,0.16297,1350941160
bbcworldservice,51.51182,0.16297,1351819800
bbcworldservice,51.51182,0.16297,1317715440
bbcworldservice,51.51182,0.16297,1350955560
bbcworldservice,51.51182,0.16297,1350947160
bbcworldservice,51.51182,0.16297,1350945180
bbcworldservice,51.51182,0.16297,1351824900
bbcworldservice,51.51182,0.16297,1350945360
