benjaminmejias,36.73745,71.03529,1352564400
benjaminmejias,33.4549283,70.6913886,1348750020
benjaminmejias,33.4462674,70.66024303,1353333600
benjaminmejias,36.73745,71.03529,1350684120
benjaminmejias,36.73745,71.03529,1347798960
benjaminmejias,33.4331,70.63463,1352794380
benjaminmejias,33.41800158,70.67868743,1352067360
benjaminmejias,33.44445904,70.65088749,1353581520
benjaminmejias,36.73745,71.03529,1347799020
benjaminmejias,36.73745,71.03529,1347799260
benjaminmejias,33.12597947,71.57385168,1352633820
