brandontnelson,33.95001729,83.37339878,1346524860
brandontnelson,34.03192,118.38243,1340995560
brandontnelson,33.95248574,83.37599647,1313942760
brandontnelson,37.78839542,122.41513381,1341666420
brandontnelson,33.95583471,83.37773251,1350653940
brandontnelson,34.02093,118.21075,1342014420
brandontnelson,33.91792,83.36846,1327889880
brandontnelson,33.91798015,83.368377,1323990540
brandontnelson,33.91424107,83.36631631,1316603340
brandontnelson,33.75879641,84.39146349,1351041780
brandontnelson,33.95819219,83.38000578,1333758720
brandontnelson,33.99462189,118.42283335,1344041100
brandontnelson,33.91813318,83.36851121,1347146100
brandontnelson,55.67630493,12.56683588,1322219580
brandontnelson,33.95366614,83.37498665,1314899040
brandontnelson,36.116181,115.172473,1312343700
brandontnelson,34.01975963,118.48022332,1343588220
brandontnelson,34.0457344,118.2648162,1312044360
brandontnelson,33.95850731,83.36983681,1348048620
brandontnelson,33.95280226,83.3721749,1346530080
brandontnelson,34.00358634,118.40843439,1344016740
brandontnelson,33.95800897,83.37532997,1327602060
brandontnelson,33.958314,83.377231,1327065480
brandontnelson,35.02483433,116.49484634,1312319100
brandontnelson,34.09724951,118.316842,1312147320
brandontnelson,34.05425944,84.30629253,1318632480
brandontnelson,34.040974,118.2674016,1340941560
brandontnelson,33.91525673,83.36494106,1314196080
brandontnelson,33.91831796,83.44306606,1347130020
brandontnelson,43.662921,79.383959,1344548220
brandontnelson,34.02093,118.21075,1341582360
brandontnelson,33.1910071,83.27568054,1348416720
brandontnelson,33.63941724,84.7119606,1348960920
brandontnelson,33.80431816,84.39362893,1351044240
brandontnelson,33.95161145,83.37569945,1323222600
brandontnelson,33.64229408,84.43268276,1347442260
brandontnelson,40.68968494,74.17938709,1321902540
brandontnelson,35.4698781,83.2995036,1306545480
brandontnelson,27.94076834,82.455843,1318100700
brandontnelson,43.64520645,79.38924408,1344625320
brandontnelson,34.02537675,118.38174104,1340982360
brandontnelson,33.93268,83.36253,1347970440
brandontnelson,34.7897258,118.83137802,1341621360
brandontnelson,30.3910622,97.73859814,1351358160
brandontnelson,43.645312,79.389039,1344625080
brandontnelson,33.95001729,83.37339878,1317518400
brandontnelson,33.959347,83.37505,1324082700
brandontnelson,33.95970796,83.3796,1322920920
brandontnelson,33.80431816,84.39362893,1351431480
brandontnelson,33.93887396,83.3861661,1324086720
brandontnelson,33.95346453,83.36531361,1351078080
brandontnelson,37.78893032,122.41205581,1341761940
brandontnelson,40.72177091,74.00808423,1347490800
brandontnelson,34.044302,118.26622505,1311890820
brandontnelson,33.91801418,83.36862346,1350224760
brandontnelson,55.679621,12.591607,1322219280
brandontnelson,33.95837009,83.377114,1312679760
brandontnelson,33.77405548,84.38948059,1321623000
brandontnelson,35.57642,82.519803,1324147020
brandontnelson,33.94687218,83.40988059,1351632060
brandontnelson,33.91789472,83.36881153,1323901920
brandontnelson,33.93999397,118.40710014,1344269400
brandontnelson,35.36708062,83.25003606,1306449600
brandontnelson,33.95412891,83.37535143,1320434040
brandontnelson,34.05425944,84.30629253,1318706640
brandontnelson,32.89647378,97.04664479,1342922100
brandontnelson,34.03178312,118.3833939,1340982540
brandontnelson,35.51405,83.102045,1330290960
brandontnelson,33.95427281,83.37505577,1344856620
brandontnelson,42.36831045,71.02154732,1344291480
brandontnelson,40.773839,73.87122,1347490920
brandontnelson,33.958905,83.376882,1319236680
brandontnelson,33.088422,96.820486,1342866060
brandontnelson,30.26306783,97.74645265,1351286160
brandontnelson,43.6813738,79.61444378,1344764820
brandontnelson,32.79446638,96.79696684,1342831260
brandontnelson,33.958832,83.373492,1323817920
brandontnelson,33.94389398,118.40502262,1344261180
brandontnelson,33.6408081,84.71134186,1348933380
brandontnelson,43.645223,79.389239,1344635880
brandontnelson,33.917644,83.368384,1347137460
brandontnelson,34.05425944,84.30629253,1318629780
brandontnelson,43.685564,79.623128,1344764700
brandontnelson,33.91784719,83.36876468,1347144360
brandontnelson,33.96196448,83.37611854,1346535960
brandontnelson,33.91359698,83.36473941,1323151680
brandontnelson,33.9575,83.374,1329623760
brandontnelson,33.958314,83.377231,1318804560
brandontnelson,33.9490527,83.37557918,1317130320
brandontnelson,33.155841,83.186442,1348425420
brandontnelson,33.95242678,83.37359814,1352379540
brandontnelson,34.10217496,118.33948016,1311809280
brandontnelson,35.37718439,83.21307242,1306537440
brandontnelson,33.922744,83.341384,1319897340
brandontnelson,33.92468025,83.34043996,1344938160
brandontnelson,33.958314,83.377231,1327973520
brandontnelson,33.78285113,84.37185288,1348353600
brandontnelson,36.11197924,115.15969407,1312397220
brandontnelson,30.39037848,97.73750224,1351256100
brandontnelson,44.512005,80.223406,1344721380
brandontnelson,33.851406,117.998421,1311998280
brandontnelson,33.91567478,83.44320059,1351633140
brandontnelson,33.95989362,83.37226,1316992080
brandontnelson,34.02093,118.21075,1341584220
brandontnelson,35.56233126,83.09017835,1330278720
brandontnelson,33.95774075,83.37400101,1328751900
brandontnelson,34.0441227,118.2658051,1312071120
brandontnelson,33.840978,84.37546863,1321499400
brandontnelson,40.7338442,73.99309158,1347466200
brandontnelson,34.0066667,118.48850903,1343697180
brandontnelson,34.04810808,84.29397583,1318687860
brandontnelson,33.9577139,83.3772006,1314890640
brandontnelson,33.78285113,84.37185288,1348342920
brandontnelson,34.04362592,118.2668776,1341189660
brandontnelson,33.948339,83.358986,1349479500
brandontnelson,34.00842244,118.49856198,1312216020
brandontnelson,33.91762943,83.36876451,1350753360
brandontnelson,33.91777892,83.36876426,1350752940
brandontnelson,33.95756624,83.37533534,1333565940
brandontnelson,33.94230968,83.38402033,1351104420
brandontnelson,33.63962576,84.4293522,1322523480
brandontnelson,34.96149826,83.38783264,1346691180
brandontnelson,33.951569,83.37764,1349973240
brandontnelson,33.95421774,83.37533517,1350657600
brandontnelson,33.91789631,83.36838732,1350223980
brandontnelson,34.02093,118.21075,1341599460
brandontnelson,33.94638284,83.42784595,1347126300
brandontnelson,43.662909,79.383852,1344548640
brandontnelson,34.03490605,118.45330238,1342999560
brandontnelson,35.22020613,80.94404378,1347449640
brandontnelson,33.94791912,83.37292135,1317402300
brandontnelson,33.93277877,83.70291459,1316991300
brandontnelson,34.06112586,118.44613552,1343323020
brandontnelson,34.59234468,118.14609124,1343353020
brandontnelson,33.64066911,84.43606853,1347442080
brandontnelson,33.78593787,84.38402832,1313023260
brandontnelson,33.949424,83.375406,1349785260
brandontnelson,33.95812219,83.37353724,1308362520
brandontnelson,33.9801646,83.39661598,1348260720
brandontnelson,33.99482076,118.42395471,1344209760
brandontnelson,33.950403,83.37489198,1348245420
brandontnelson,33.9499376,83.3752692,1347110460
brandontnelson,33.95222419,83.36993409,1344813240
brandontnelson,34.045271,118.251138,1311914520
brandontnelson,33.881307,83.414877,1317924120
brandontnelson,33.95097,83.37919,1320275400
brandontnelson,34.03169,118.384367,1343680260
brandontnelson,33.9480593,83.37618828,1321369500
brandontnelson,33.78875193,84.40478328,1345980720
brandontnelson,33.93268,83.36253,1352417220
brandontnelson,36.11461546,115.17289639,1312341660
brandontnelson,34.10130288,118.3343948,1311810780
brandontnelson,34.02565896,118.38129044,1343839620
brandontnelson,33.95060467,83.37588787,1327497060
brandontnelson,33.98681016,118.47364426,1342380060
brandontnelson,33.95933824,83.37507248,1328919000
brandontnelson,33.703508,84.397403,1314133200
brandontnelson,33.951873,83.378194,1336346580
brandontnelson,32.83230437,96.7702151,1342904640
brandontnelson,33.95412822,83.3750843,1350653760
brandontnelson,33.95186721,83.37748137,1350233400
brandontnelson,33.95450269,83.37339878,1316605680
brandontnelson,43.64533,79.389103,1344625140
brandontnelson,36.108764,115.153735,1312393380
brandontnelson,35.36713409,83.24999237,1331821620
brandontnelson,33.99480539,118.42396938,1344210060
brandontnelson,43.643055,79.392735,1344624660
brandontnelson,37.787446,122.40744016,1341679260
brandontnelson,34.03029819,118.38262128,1340904420
brandontnelson,37.80683596,122.41038826,1341672540
brandontnelson,33.99455979,118.4251604,1342481520
brandontnelson,33.93958604,83.45674038,1324663320
brandontnelson,43.64110663,79.39075008,1344636360
brandontnelson,34.0451447,118.26866065,1312062180
brandontnelson,33.91774568,83.36862138,1349465880
brandontnelson,35.3670081,83.25037509,1306537860
brandontnelson,34.05425944,84.30629253,1318714020
brandontnelson,33.95177999,83.37642632,1323113340
brandontnelson,33.915567,83.370798,1347137340
brandontnelson,40.6920929,74.17891502,1311156060
brandontnelson,33.95001729,83.37339878,1346518560
brandontnelson,34.06309569,118.44697369,1342124520
brandontnelson,40.69592109,74.1761547,1322511120
brandontnelson,33.64066911,84.43606853,1347498060
brandontnelson,34.086598,118.320197,1343269080
brandontnelson,33.94952038,83.37960775,1349804160
brandontnelson,35.08332794,84.68603027,1326628860
brandontnelson,33.95412891,83.37535143,1319122800
brandontnelson,33.93881388,83.38659793,1319312580
brandontnelson,37.80763218,122.47520334,1341688740
brandontnelson,40.72075653,73.95571136,1344446460
brandontnelson,42.368052,71.013071,1344365880
brandontnelson,34.0438971,118.26681479,1341089040
brandontnelson,33.94942408,83.38072389,1345736220
brandontnelson,35.550097,82.612269,1306512300
brandontnelson,33.91638545,83.4494653,1347122880
brandontnelson,33.94942406,83.37405004,1344940020
brandontnelson,34.75916672,118.12633514,1343334300
brandontnelson,34.03171896,118.38381135,1341584940
brandontnelson,33.788708,84.404765,1313356740
brandontnelson,33.91784606,83.36865938,1323988800
brandontnelson,33.98183485,118.47093539,1343504580
brandontnelson,33.79184539,84.36995703,1349018340
brandontnelson,33.91359791,83.36474028,1323151920
brandontnelson,33.163514,83.190522,1348416900
brandontnelson,33.98696186,118.43009472,1342275180
brandontnelson,35.36717,83.25,1324328520
brandontnelson,30.20255876,97.66759872,1351255080
brandontnelson,34.030076,118.467046,1312293120
brandontnelson,33.94942406,83.37405004,1344940080
brandontnelson,34.676177,118.777122,1341621240
brandontnelson,33.98177584,118.47081486,1343503140
brandontnelson,33.95774075,83.37400101,1325384340
brandontnelson,33.95226002,83.37410688,1318609800
brandontnelson,33.96004038,83.379504,1319854800
brandontnelson,33.94554945,83.41002703,1319054400
brandontnelson,34.8401013,83.41996193,1351442040
brandontnelson,33.91779413,83.36872084,1348183980
brandontnelson,34.025826,118.38159,1343679600
brandontnelson,43.64247306,79.3871212,1344624780
brandontnelson,33.94956654,83.3798514,1323225180
brandontnelson,34.02093,118.21075,1341583860
brandontnelson,33.75879641,84.39146349,1351027860
brandontnelson,34.08587498,118.32015943,1343273280
brandontnelson,33.64186318,84.42927877,1347442500
brandontnelson,33.91778357,83.3686444,1348183200
brandontnelson,33.64066911,84.43606853,1344776820
brandontnelson,33.95996757,83.3730149,1329604620
brandontnelson,33.95815135,83.37666035,1319330580
brandontnelson,43.64119586,79.38898802,1344635700
brandontnelson,33.10766391,83.28033702,1348404600
brandontnelson,34.05425944,84.30629253,1318720740
brandontnelson,33.95989579,83.37298359,1349911680
brandontnelson,33.917783,83.368796,1347285360
brandontnelson,33.91778257,83.36868371,1323989580
brandontnelson,33.91783523,83.36883545,1349391720
brandontnelson,33.94987591,83.37586088,1323556020
brandontnelson,34.04390141,118.26720306,1341078420
brandontnelson,34.02093,118.21075,1341581700
brandontnelson,42.35286721,71.04334831,1344335220
brandontnelson,33.95815135,83.37950349,1350180840
brandontnelson,42.364376,71.021045,1344361140
brandontnelson,34.03131,118.386846,1342214220
brandontnelson,33.95174189,83.3775253,1349962860
brandontnelson,34.02586629,118.3814222,1340908020
brandontnelson,33.95151878,83.37045108,1344812940
brandontnelson,40.6859424,74.182847,1311153720
brandontnelson,42.364695,71.021503,1344361140
brandontnelson,33.94942413,83.37540565,1349785200
brandontnelson,33.958846,83.3768326,1312937280
brandontnelson,33.95786818,83.37402706,1347066180
brandontnelson,42.363937,71.019823,1344361320
brandontnelson,33.91770269,83.36866703,1348183680
brandontnelson,40.83295962,73.87130988,1344374820
brandontnelson,33.95412891,83.37535143,1345209360
brandontnelson,33.9490527,83.37557918,1317129300
brandontnelson,34.02093,118.21075,1341599160
brandontnelson,27.940557,82.455417,1318007220
brandontnelson,30.38909254,97.7408284,1351268220
brandontnelson,32.87224077,97.00621547,1342804020
brandontnelson,35.36717,83.25,1330219440
brandontnelson,33.94618947,83.35478224,1349993400
brandontnelson,33.95823521,83.37275309,1349975400
brandontnelson,33.960137,83.382562,1351171320
brandontnelson,42.364798,71.023101,1344369120
brandontnelson,34.03004628,118.46723223,1343682840
brandontnelson,33.95765301,83.37687492,1319299380
brandontnelson,33.917789,83.368651,1348151400
brandontnelson,33.99372282,118.42731807,1341010140
brandontnelson,33.91092801,83.46493193,1323968640
brandontnelson,34.95112836,118.93397922,1341622500
brandontnelson,33.95815135,83.37666035,1349485620
brandontnelson,33.91781304,83.36856896,1348046760
brandontnelson,40.6920929,74.17891502,1310745720
brandontnelson,33.91777613,83.36865808,1348045920
