briansolis,30.2299157,97.71365309,1332082140
briansolis,40.69744,73.97968,1352500080
briansolis,43.6536948,79.3926166,1349969580
briansolis,4.6579618,74.0980623,1352978520
briansolis,33.865806,151.207904,1353296580
briansolis,37.80290086,122.44824886,1347123000
briansolis,47.5468,121.54039,1350222180
briansolis,51.15741641,4.33721664,1336461840
briansolis,38.255413,122.334528,1345409760
briansolis,51.52374293,0.73698026,1351266060
briansolis,34.02093,118.21075,1344028320
briansolis,38.25550935,122.332677,1352650620
briansolis,52.33784478,4.88605597,1341905940
briansolis,33.66750943,117.86284226,1342899840
briansolis,37.78631599,122.40455836,1352233740
briansolis,37.78631599,122.40455836,1352240880
briansolis,30.29775,97.75335,1346080200
briansolis,40.69744,73.97968,1329766860
briansolis,44.0358,78.86447,1345994880
briansolis,51.55386364,0.14401307,1343111460
