bryanseq,37.78475762,122.40434647,1305077460
bryanseq,41.89768295,87.62059099,1300235400
bryanseq,35.71468,120.695885,1305133320
bryanseq,41.89186156,87.62022078,1306343160
bryanseq,41.896904,87.625062,1302373980
bryanseq,41.8927907,87.6225616,1297351980
bryanseq,41.8910608,87.6190321,1302979200
bryanseq,41.8957629,87.6325775,1302908820
bryanseq,41.9976764,87.6953031,1300481940
bryanseq,41.881285,87.623644,1305925980
bryanseq,41.8927907,87.6225616,1300373220
bryanseq,41.8917737,87.6213226,1303482900
bryanseq,42.27523686,71.75210595,1298385180
bryanseq,41.8895,87.6369,1300025040
bryanseq,41.892778,87.619861,1306322280
bryanseq,41.892778,87.619861,1306233840
bryanseq,41.9008762,87.6627601,1301166180
bryanseq,36.01612933,114.73734856,1305224460
bryanseq,41.89761178,87.62047374,1302720480
bryanseq,41.9008762,87.6627601,1296947700
bryanseq,36.098881,115.176586,1305236460
bryanseq,41.891,87.6189,1302986640
bryanseq,41.8969911,87.6282313,1306938480
bryanseq,41.89186156,87.62022078,1306234260
bryanseq,41.89154388,87.60746956,1307138640
bryanseq,41.8925729,87.620913,1306625220
bryanseq,36.101155,115.174426,1305330300
bryanseq,41.89761178,87.62047374,1306701900
bryanseq,41.892778,87.619861,1302603900
bryanseq,41.89186156,87.62022078,1306839720
bryanseq,41.8857442,87.6235551,1305929100
bryanseq,37.783986,122.40131,1305041100
bryanseq,41.8929235,87.6245961,1307129940
bryanseq,41.8823797,87.6245107,1306402080
bryanseq,41.8935211,87.6202453,1306923900
bryanseq,41.882294,87.621147,1305925380
bryanseq,41.89761178,87.62047374,1306594860
bryanseq,41.8842754,87.6474264,1301760360
bryanseq,41.8910608,87.6190321,1302373980
bryanseq,41.8895,87.6369,1300025040
bryanseq,42.29466335,85.60901195,1304199060
bryanseq,41.8871712,87.6476697,1299392040
bryanseq,41.89772226,87.62049254,1297462020
bryanseq,37.784171,122.403326,1305077400
bryanseq,41.9077623,87.6733995,1303941720
bryanseq,41.9038823,87.6334061,1300053720
bryanseq,41.891,87.6189,1301188260
bryanseq,41.896026,87.631601,1303656180
bryanseq,41.894027,87.621514,1306930920
bryanseq,41.8918323,87.6296818,1306333080
bryanseq,41.892352,87.622485,1301062380
bryanseq,41.8932062,87.6221381,1307293200
bryanseq,41.89186156,87.62022078,1306322280
bryanseq,41.895,87.6216,1306508160
bryanseq,41.8917737,87.6213226,1306260600
bryanseq,36.09852753,115.17504215,1305231480
bryanseq,41.99787,87.68122,1302808740
bryanseq,41.8710248,87.7573482,1302947940
bryanseq,42.2989,71.4056,1298325300
bryanseq,41.8870852,87.6476457,1306634580
bryanseq,41.9008762,87.6627601,1301166180
bryanseq,41.89144804,87.61759758,1306507740
bryanseq,36.11284733,115.17023563,1305294660
bryanseq,41.89186156,87.62022078,1305825060
bryanseq,41.892352,87.622485,1301062380
bryanseq,41.9009336,87.6627348,1296952800
bryanseq,41.8895,87.6369,1302446580
bryanseq,42.0013,87.940053,1299275940
bryanseq,42.36831045,71.02154732,1298225880
bryanseq,41.8932248,87.620283,1299785760
bryanseq,41.89767734,87.62467861,1302809940
bryanseq,41.892778,87.619861,1306839720
bryanseq,41.8920185,87.6342417,1301230680
bryanseq,41.4112403,81.83874607,1299262920
bryanseq,41.88588908,87.68218517,1302129420
bryanseq,41.894543,87.627096,1306508700
bryanseq,41.892778,87.619861,1302172500
bryanseq,41.89186156,87.62022078,1306867680
bryanseq,41.89761178,87.62047374,1302720480
bryanseq,41.8854315,87.6294989,1306799940
bryanseq,42.2983,71.3988,1298407500
bryanseq,41.89767734,87.62467861,1302034320
bryanseq,41.8917769,87.6211591,1305833760
bryanseq,41.892778,87.619861,1307097420
bryanseq,41.8812055,87.6261831,1300567260
bryanseq,41.89237449,87.62384176,1306334580
bryanseq,41.8935211,87.6202453,1306923900
bryanseq,41.89761178,87.62047374,1306524600
bryanseq,41.88020182,87.64090061,1302139020
bryanseq,42.28335742,85.6155619,1304191440
bryanseq,41.88685155,87.80386627,1306008900
bryanseq,41.892778,87.619861,1306924140
bryanseq,41.892778,87.619861,1302603900
bryanseq,41.89761178,87.62047374,1306873560
bryanseq,41.894027,87.621514,1306932120
bryanseq,42.0479026,87.6794966,1302276600
bryanseq,41.8932248,87.620283,1306956960
bryanseq,41.892778,87.619861,1302776100
bryanseq,41.892778,87.619861,1306233840
bryanseq,41.88221479,87.64055729,1302698100
bryanseq,41.8949643,87.6215171,1302788160
bryanseq,41.8964716,87.6435794,1297463760
bryanseq,36.104989,115.175944,1305334080
bryanseq,41.89186156,87.62022078,1302776340
bryanseq,41.89109663,87.60502338,1307138580
bryanseq,41.8902,87.6311,1299887280
bryanseq,41.1311133,81.6142704,1299257580
bryanseq,37.78475762,122.40434647,1305026280
bryanseq,35.49898993,112.1728069,1305210420
bryanseq,37.784,122.405,1305046620
bryanseq,41.8791,87.6475,1303002000
bryanseq,41.9139984,87.6243031,1307048160
bryanseq,41.895689,87.626384,1299190980
bryanseq,41.9883,87.6606,1303855680
