carlosrizo,43.66001375,79.38873783,1336227120
carlosrizo,43.6470159,79.3812423,1306445220
carlosrizo,43.62934,79.27247,1321933260
carlosrizo,48.407285,89.252186,1331639220
carlosrizo,50.8498583,5.6875414,1301852880
carlosrizo,43.68369778,79.38732524,1330598100
carlosrizo,43.65655539,79.38174209,1330641600
carlosrizo,43.68035,79.39093,1307717880
carlosrizo,43.6878741,79.39297851,1332339660
carlosrizo,43.68354631,79.38755088,1329607320
carlosrizo,43.65996691,79.38894126,1327492740
carlosrizo,43.68346111,79.38756556,1330392120
carlosrizo,43.66805044,79.39619834,1331401020
carlosrizo,43.62934,79.27247,1322740620
carlosrizo,43.658822,79.39577,1326461880
carlosrizo,43.6814678,79.3913234,1309086780
carlosrizo,43.64731865,79.38600807,1322331420
carlosrizo,43.6680346,79.3973055,1308937920
carlosrizo,43.706461,79.40006,1306487040
carlosrizo,43.65866665,79.38870907,1316177700
carlosrizo,43.68355473,79.38743693,1321491120
carlosrizo,43.668176,79.395834,1316261940
carlosrizo,43.653497,79.362841,1306945740
carlosrizo,43.68319518,79.38752641,1330249260
carlosrizo,43.65866665,79.38870907,1321562760
carlosrizo,43.683934,79.388124,1325024880
carlosrizo,43.50610644,79.96394634,1331471220
carlosrizo,43.64605994,79.39298987,1325098020
carlosrizo,37.928872,122.517349,1347671580
carlosrizo,43.65240817,79.375223,1321150620
carlosrizo,43.68525364,79.39320314,1332339840
carlosrizo,43.62934,79.27247,1320422400
carlosrizo,43.65385406,79.39278603,1325090760
carlosrizo,43.668054,79.395921,1321709100
carlosrizo,43.62934,79.27247,1320289440
carlosrizo,43.65410785,79.37950502,1330638660
carlosrizo,43.64218964,79.41163974,1346854260
carlosrizo,43.68134276,79.61277008,1302186960
carlosrizo,43.68348677,79.38760667,1329253860
carlosrizo,43.66795698,79.39495325,1326549180
carlosrizo,43.62934,79.27247,1321933500
carlosrizo,43.637377,79.393212,1321623180
carlosrizo,43.65790598,79.3899107,1329472260
carlosrizo,43.660011,79.38857,1324052220
carlosrizo,43.657347,79.386045,1307806440
carlosrizo,43.62934,79.27247,1316620800
carlosrizo,43.654765,79.400588,1340827860
carlosrizo,43.62934,79.27247,1321932120
carlosrizo,43.688523,79.393169,1319046720
carlosrizo,43.62934,79.27247,1316619300
carlosrizo,43.66079339,79.39540923,1317555720
carlosrizo,43.68536249,79.39007468,1332340020
carlosrizo,43.660011,79.38857,1312974000
carlosrizo,43.62934,79.27247,1321931940
carlosrizo,43.614132,79.3427,1310933640
carlosrizo,43.68404736,79.38865244,1329196560
carlosrizo,43.6476656,79.3752977,1304625360
carlosrizo,43.77938219,79.34522141,1331392500
carlosrizo,43.65932031,79.39320761,1352237520
carlosrizo,43.65447717,79.37911105,1330639200
carlosrizo,43.681748,79.39150222,1346934420
carlosrizo,43.65660372,79.38179547,1329340380
carlosrizo,43.675163,79.406722,1313934540
carlosrizo,43.65298,79.3911,1320504540
carlosrizo,43.68354501,79.38756072,1329303420
carlosrizo,43.6600706,79.3888014,1332943920
carlosrizo,50.84979478,5.70545554,1301838840
carlosrizo,43.66150746,79.42703247,1332594240
carlosrizo,43.62934,79.27247,1320422280
carlosrizo,43.654765,79.400588,1352473620
carlosrizo,43.65057817,79.39709902,1332781440
carlosrizo,43.68351767,79.38756054,1332534000
carlosrizo,43.66001375,79.38873783,1331720100
carlosrizo,43.66795698,79.39495325,1327765740
carlosrizo,43.68353058,79.38756226,1321489020
carlosrizo,43.68363089,79.38720981,1328355240
carlosrizo,43.6835759,79.38752738,1330760040
carlosrizo,43.6834606,79.38747373,1329603840
carlosrizo,43.68349127,79.38755689,1329434340
carlosrizo,43.64848212,79.38244343,1310999460
carlosrizo,43.685955,79.389057,1326727860
carlosrizo,50.8500446,5.6895996,1301985000
carlosrizo,43.68366605,79.38729072,1328361360
carlosrizo,43.62934,79.27247,1321933320
carlosrizo,43.65998277,79.38872244,1332944640
carlosrizo,37.42498,122.17027,1347741960
carlosrizo,43.68345918,79.3876136,1330248480
carlosrizo,43.6702272,79.39226749,1330178520
carlosrizo,43.65993273,79.3993319,1352211420
carlosrizo,43.62934,79.27247,1321933380
carlosrizo,43.664798,79.397558,1321709880
carlosrizo,43.70872021,79.39879954,1315593540
carlosrizo,43.6612203,79.3877025,1302695160
carlosrizo,43.68351485,79.38752627,1329433980
carlosrizo,43.6694149,79.3972285,1304455440
carlosrizo,43.677698,79.353459,1321208340
carlosrizo,43.65400634,79.37940891,1330638780
carlosrizo,43.681989,79.3909428,1326367380
carlosrizo,43.66455678,79.39761762,1317554460
carlosrizo,37.41847269,122.11112528,1347764880
carlosrizo,43.62934,79.27247,1321932480
carlosrizo,43.676801,79.388697,1315071600
carlosrizo,43.68347919,79.38765407,1331674500
carlosrizo,43.6451799,79.3971353,1318942500
carlosrizo,43.645237,79.397172,1331576160
carlosrizo,43.7146417,79.4000452,1309039980
carlosrizo,43.65385406,79.39278603,1333809900
carlosrizo,43.655278,79.419026,1333413060
carlosrizo,43.642104,79.411889,1319644800
carlosrizo,43.66001375,79.38873783,1330340220
carlosrizo,43.647239,79.403446,1352492520
carlosrizo,43.70872021,79.39879954,1324067040
carlosrizo,43.62934,79.27247,1320321060
carlosrizo,43.6612203,79.3877025,1302695160
carlosrizo,43.66887003,79.393077,1323691440
carlosrizo,43.68492342,79.38955532,1304368380
carlosrizo,43.62934,79.27247,1317210900
carlosrizo,43.6842319,79.38857839,1349601840
carlosrizo,43.6818984,79.391335,1319796180
carlosrizo,43.6470159,79.3812423,1306442340
carlosrizo,43.68355708,79.38757101,1329611520
carlosrizo,43.671726,79.378333,1322678100
carlosrizo,43.65776123,79.39007328,1327920600
carlosrizo,43.64897813,79.39637677,1331573040
carlosrizo,43.705094,79.397815,1316779440
carlosrizo,43.68571766,79.38503562,1321314720
carlosrizo,43.681989,79.3909428,1324165980
carlosrizo,43.62934,79.27247,1321932840
carlosrizo,43.637618,79.395144,1321358580
carlosrizo,43.65774191,79.39016,1327920540
carlosrizo,43.65777597,79.39008772,1327920000
carlosrizo,43.655716,79.392037,1305559080
carlosrizo,43.65420885,79.39238902,1333811880
carlosrizo,43.62934,79.27247,1325116620
carlosrizo,43.66002542,79.38862787,1336397880
carlosrizo,43.62934,79.27247,1316711220
carlosrizo,43.62934,79.27247,1317222300
carlosrizo,43.70872021,79.39879954,1318014420
carlosrizo,43.63410671,79.39738031,1331626560
carlosrizo,37.41959483,122.17984645,1347547740
carlosrizo,43.6814678,79.3913234,1306411980
carlosrizo,43.68318737,79.38745598,1330248540
carlosrizo,43.65227047,79.38351631,1309558740
carlosrizo,43.65607545,79.38069203,1333820160
carlosrizo,43.720389,79.312234,1319213220
carlosrizo,43.65996691,79.38894126,1327925280
carlosrizo,43.64662846,79.37605447,1351261320
carlosrizo,43.650527,79.386107,1322350500
carlosrizo,43.64662846,79.37605447,1350402780
carlosrizo,43.668077,79.396183,1319286120
carlosrizo,43.64355225,79.42169257,1346853900
carlosrizo,37.73744979,122.24027574,1347584340
carlosrizo,43.68346175,79.38719638,1328355060
carlosrizo,43.66455678,79.39761762,1317815100
carlosrizo,43.6835262,79.38756944,1330206540
carlosrizo,43.62934,79.27247,1320259920
carlosrizo,43.68134276,79.61277008,1301686320
carlosrizo,37.42498,122.17027,1348938900
carlosrizo,43.63772128,79.38793659,1309562520
carlosrizo,43.64218964,79.41163974,1331750940
carlosrizo,43.65537526,79.41926771,1333405920
carlosrizo,43.65953987,79.39731359,1327005060
carlosrizo,37.43032074,122.16475677,1347716520
carlosrizo,43.64864217,79.38670904,1350499800
carlosrizo,43.65123025,79.39682007,1305041760
carlosrizo,43.684121,79.38823,1307812440
carlosrizo,43.853741,79.369201,1351616280
carlosrizo,43.6813738,79.61444378,1347481140
carlosrizo,43.68345457,79.38750916,1331326860
carlosrizo,43.66001375,79.38873783,1331227800
carlosrizo,43.68353512,79.38753159,1329571080
carlosrizo,43.641685,79.411889,1313681820
carlosrizo,43.6556239,79.38041434,1329339780
carlosrizo,43.681748,79.39150222,1350047400
carlosrizo,43.66002542,79.38862787,1336227120
carlosrizo,43.660011,79.38857,1311349260
carlosrizo,37.42311808,122.1033189,1347507480
carlosrizo,43.63160243,79.39615488,1331666520
carlosrizo,44.06043729,79.45218086,1327330320
carlosrizo,43.65996691,79.38894126,1327423260
carlosrizo,43.66813196,79.39621427,1329586920
carlosrizo,43.679322,79.390018,1303994160
carlosrizo,43.670766,79.391139,1347131460
carlosrizo,43.64052426,79.39130545,1322134620
carlosrizo,43.66103,79.393196,1317552900
carlosrizo,37.42933648,122.16072073,1347828360
carlosrizo,43.68134276,79.61277008,1326492300
carlosrizo,43.706825,79.398728,1304707980
carlosrizo,43.65866665,79.38870907,1307466420
carlosrizo,43.660011,79.38857,1315995480
carlosrizo,43.66494303,79.38545662,1319660820
carlosrizo,43.64418543,79.36550029,1351259100
carlosrizo,43.65283327,79.38031375,1323017760
carlosrizo,43.62934,79.27247,1320319320
carlosrizo,43.66001375,79.38873783,1333470840
carlosrizo,43.66036147,79.38513743,1332340800
carlosrizo,43.62934,79.27247,1321931880
carlosrizo,43.68318737,79.38745598,1330248540
carlosrizo,43.68348777,79.38753346,1306544340
carlosrizo,43.681748,79.39150222,1325340960
carlosrizo,43.68607456,79.38830898,1349119200
carlosrizo,43.6705,79.3941,1331859840
carlosrizo,43.65749,79.386735,1340906940
carlosrizo,43.65866665,79.38870907,1312990080
carlosrizo,37.43153613,122.16439935,1347739440
carlosrizo,43.68386982,79.3878598,1332478500
carlosrizo,43.661306,79.394106,1309352220
carlosrizo,43.6818984,79.391335,1316690100
carlosrizo,43.65772303,79.39001881,1327919100
carlosrizo,43.68607456,79.38830898,1349703600
carlosrizo,43.68369493,79.3875743,1331583540
carlosrizo,49.002933,2.566598,1301719560
carlosrizo,43.68365729,79.38744903,1331317620
carlosrizo,43.66689375,79.39559698,1349439300
carlosrizo,43.68337245,79.38768657,1331580060
carlosrizo,43.65408965,79.39230478,1325094300
carlosrizo,43.65123025,79.39682007,1308583800
carlosrizo,43.66805044,79.39619834,1332591720
carlosrizo,43.637618,79.395144,1322056800
carlosrizo,37.44782779,122.15984166,1347634920
carlosrizo,43.68134276,79.61277008,1310305800
carlosrizo,43.68423952,79.39330318,1332339840
carlosrizo,43.688523,79.393169,1315392600
carlosrizo,48.890215,2.330585,1301815440
carlosrizo,43.67673373,79.38881636,1352560320
carlosrizo,43.66002542,79.38862787,1333539420
carlosrizo,43.398525,80.481544,1313821920
carlosrizo,43.62934,79.27247,1320421860
carlosrizo,4.63721062,75.48607349,1344424140
carlosrizo,43.68597522,79.38839695,1333218180
carlosrizo,43.62934,79.27247,1321931220
carlosrizo,43.6814678,79.3913234,1305629340
carlosrizo,43.6501474,79.3796698,1317378240
carlosrizo,43.62934,79.27247,1324401540
carlosrizo,43.6499,79.359533,1319565600
carlosrizo,43.65123025,79.39682007,1314814080
carlosrizo,43.732021,79.40427,1348314780
carlosrizo,43.68337352,79.38748087,1331408640
carlosrizo,43.68353739,79.38754345,1329302580
carlosrizo,43.654765,79.400588,1348518540
carlosrizo,43.6499,79.359533,1313007360
carlosrizo,43.62934,79.27247,1321931820
carlosrizo,43.62934,79.27247,1323887460
carlosrizo,43.65385406,79.39278603,1353421740
carlosrizo,37.430292,122.164833,1347714540
carlosrizo,43.6818984,79.391335,1315318560
carlosrizo,40.7238801,74.04331679,1304294640
carlosrizo,43.66795698,79.39495325,1321723500
carlosrizo,43.68319518,79.38752641,1330249320
carlosrizo,43.66805044,79.39619834,1330175760
carlosrizo,43.66805044,79.39619834,1330787460
carlosrizo,43.6458529,79.3933951,1304969640
carlosrizo,43.6414482,79.38527584,1352150460
carlosrizo,43.68352262,79.38733479,1329304320
carlosrizo,43.669964,79.391376,1302712200
carlosrizo,43.62934,79.27247,1323298500
carlosrizo,43.6595726,79.3902803,1312982220
carlosrizo,43.644626,79.386575,1322327100
carlosrizo,43.67680357,79.3887037,1326803700
carlosrizo,43.68347232,79.38744126,1331581140
carlosrizo,43.62934,79.27247,1320422220
carlosrizo,43.6556239,79.38041434,1329340620
carlosrizo,43.9451961,79.3479638,1302438540
carlosrizo,43.663029,79.388,1319657280
carlosrizo,43.65866665,79.38870907,1316012220
carlosrizo,43.653497,79.362841,1303290420
carlosrizo,49.002933,2.566598,1302157320
carlosrizo,43.668247,79.395963,1348251060
carlosrizo,43.68347717,79.38748083,1321489860
carlosrizo,43.64253517,79.3871212,1326636540
carlosrizo,43.68264275,79.39195411,1348438200
carlosrizo,43.6842319,79.38857839,1349634540
carlosrizo,43.66001375,79.38873783,1332355800
carlosrizo,43.68347102,79.387605,1328263980
carlosrizo,43.63410671,79.39738031,1331667540
carlosrizo,43.6717155,79.387337,1320265980
carlosrizo,43.62934,79.27247,1320372120
carlosrizo,43.644709,79.385788,1317739860
carlosrizo,43.65774069,79.39005729,1327918920
carlosrizo,43.688523,79.393169,1319028240
carlosrizo,43.681748,79.39150222,1326631620
carlosrizo,43.62934,79.27247,1321932240
carlosrizo,43.62934,79.27247,1321933140
carlosrizo,43.62934,79.27247,1320422220
carlosrizo,43.68176914,79.391441,1310634420
carlosrizo,43.654015,79.391957,1331852220
carlosrizo,43.66002542,79.38862787,1352978040
carlosrizo,43.641087,79.411983,1311331980
carlosrizo,43.66816285,79.39628109,1330181760
carlosrizo,43.62934,79.27247,1321933080
carlosrizo,43.66001375,79.38873783,1329839340
carlosrizo,43.68345918,79.3876136,1330248480
carlosrizo,43.655296,79.413463,1314047040
carlosrizo,43.6829785,79.3919564,1309051980
carlosrizo,43.62934,79.27247,1323296700
carlosrizo,43.68134276,79.61277008,1314173820
carlosrizo,43.65778677,79.39020012,1327920120
carlosrizo,43.65385406,79.39278603,1348668480
carlosrizo,43.660011,79.38857,1316097720
carlosrizo,43.62934,79.27247,1321933620
carlosrizo,43.62934,79.27247,1321930560
carlosrizo,37.42498,122.17027,1347726720
carlosrizo,43.72068355,79.37815189,1352554020
carlosrizo,43.68035,79.39093,1303422120
carlosrizo,43.6764597,79.3574184,1323207240
carlosrizo,43.68347256,79.38765297,1331808240
carlosrizo,43.65816492,79.38679618,1327926240
carlosrizo,43.66795698,79.39495325,1324138980
carlosrizo,43.6814678,79.3913234,1309051920
carlosrizo,43.685955,79.389057,1325255460
carlosrizo,43.6375259,79.3930304,1303996140
carlosrizo,43.51100787,80.5552,1313858640
carlosrizo,43.64532595,79.38448776,1332848880
carlosrizo,43.65992,79.388696,1307703360
carlosrizo,43.65996691,79.38894126,1326822720
carlosrizo,43.684121,79.38823,1305754920
carlosrizo,43.66138909,79.3831569,1308910920
carlosrizo,43.681989,79.3909428,1321206600
carlosrizo,43.65866665,79.38870907,1308913320
carlosrizo,43.65996691,79.38894126,1328187360
carlosrizo,43.669233,79.397401,1320352260
carlosrizo,43.668077,79.396183,1314010980
carlosrizo,43.68354123,79.38756816,1329603780
carlosrizo,43.657605,79.383563,1322839260
carlosrizo,43.62934,79.27247,1320421980
carlosrizo,43.65530599,79.38812501,1326302220
carlosrizo,43.65123025,79.39682007,1313539860
carlosrizo,50.8498583,5.6875414,1301846100
carlosrizo,43.394944,79.70595,1313767440
carlosrizo,37.41932873,122.17993875,1347542820
carlosrizo,43.66002542,79.38862787,1333633500
carlosrizo,43.668267,79.396106,1324133100
carlosrizo,51.92145989,4.47188519,1301918280
carlosrizo,43.668176,79.395834,1304775420
carlosrizo,43.68411921,79.38824301,1330247220
carlosrizo,48.37278627,89.31249619,1331634900
carlosrizo,43.66038419,79.38499526,1332340860
carlosrizo,43.65992,79.388696,1308772020
carlosrizo,43.62934,79.27247,1320371760
carlosrizo,37.419604,122.179967,1347541860
carlosrizo,43.6680346,79.3973055,1305385320
carlosrizo,43.654765,79.400588,1352473620
carlosrizo,43.678751,79.390396,1352503500
carlosrizo,43.65395279,79.37983878,1330635900
carlosrizo,43.660441,79.38646162,1330443900
carlosrizo,43.65996691,79.38894126,1326978360
carlosrizo,48.8601055,2.3075588,1302087240
carlosrizo,43.62934,79.27247,1320422100
carlosrizo,43.62934,79.27247,1320259740
carlosrizo,43.65787493,79.39094067,1316100000
carlosrizo,43.62934,79.27247,1321932180
carlosrizo,43.6680346,79.3973055,1304170200
carlosrizo,43.66001375,79.38873783,1330700040
carlosrizo,43.651828,79.363872,1314715560
carlosrizo,43.659092,79.39547,1308758520
carlosrizo,43.633187,79.40117106,1309563960
carlosrizo,43.66464,79.386964,1323349920
carlosrizo,43.668077,79.396183,1316274780
carlosrizo,43.62934,79.27247,1322605200
carlosrizo,43.66001375,79.38873783,1333382760
carlosrizo,43.68365729,79.38744903,1331317620
carlosrizo,43.65378419,79.37780857,1317904620
carlosrizo,52.07622722,4.31684643,1301886900
carlosrizo,43.6600233,79.3989506,1317918240
carlosrizo,43.681748,79.39150222,1322748840
carlosrizo,43.664798,79.397558,1319488800
carlosrizo,43.65772975,79.39011427,1327920480
carlosrizo,43.65385406,79.39278603,1348063380
carlosrizo,43.62934,79.27247,1316691780
carlosrizo,43.66002542,79.38862787,1350836700
carlosrizo,43.667567,79.399124,1321715520
carlosrizo,43.66001375,79.38873783,1332867420
carlosrizo,43.68355452,79.3874207,1329996780
carlosrizo,37.4439886,122.16385313,1347760140
carlosrizo,43.7086557,79.3987229,1303323240
carlosrizo,43.6829785,79.3919564,1309555680
carlosrizo,43.68353561,79.38751591,1330730880
carlosrizo,43.670549,79.386874,1326906660
carlosrizo,43.667567,79.399124,1316279760
carlosrizo,43.66002542,79.38862787,1340917980
carlosrizo,43.65597619,79.38046239,1329339780
carlosrizo,43.684121,79.38823,1309853220
carlosrizo,43.68360997,79.38743306,1329433860
carlosrizo,43.636667,79.396742,1328528340
carlosrizo,43.65953987,79.39731359,1327004580
carlosrizo,43.68353076,79.38756133,1321314180
carlosrizo,43.65773299,79.39012328,1327919700
carlosrizo,43.6813738,79.61444378,1347864540
carlosrizo,43.62934,79.27247,1321932420
carlosrizo,43.64218964,79.41163974,1330094340
carlosrizo,43.62934,79.27247,1323296880
carlosrizo,43.663153,79.410607,1346842680
carlosrizo,43.62934,79.27247,1320422460
carlosrizo,43.6394552,79.4203653,1308850980
carlosrizo,43.62934,79.27247,1321930980
carlosrizo,43.638085,79.535592,1302189300
carlosrizo,48.890215,2.330585,1302020880
carlosrizo,43.658822,79.39577,1316172540
carlosrizo,43.68319518,79.38752641,1330249260
carlosrizo,43.6605024,79.38492902,1332341220
carlosrizo,43.62934,79.27247,1321933560
carlosrizo,43.655508,79.388953,1319122860
carlosrizo,43.6696947,79.3902686,1302516900
carlosrizo,43.64247306,79.3871212,1326640080
carlosrizo,43.6814678,79.3913234,1310463300
carlosrizo,43.62934,79.27247,1320324240
carlosrizo,43.66001375,79.38873783,1333988040
carlosrizo,43.681989,79.3909428,1319487720
carlosrizo,43.641685,79.411889,1312464600
carlosrizo,43.65395279,79.37983878,1350671040
carlosrizo,43.66821308,79.39615436,1346946600
carlosrizo,43.62934,79.27247,1322605200
carlosrizo,43.655508,79.388953,1324566420
carlosrizo,43.65775071,79.39019695,1327920600
carlosrizo,43.62934,79.27247,1321932660
carlosrizo,43.65123025,79.39682007,1305041760
carlosrizo,43.66795698,79.39495325,1323524220
carlosrizo,43.68352678,79.38757771,1328264340
carlosrizo,37.61562519,122.3893261,1347839580
carlosrizo,43.65351815,79.374751,1317900720
carlosrizo,43.63772128,79.38793659,1325680080
carlosrizo,43.644558,79.386855,1320508860
carlosrizo,43.66038,79.387923,1324315020
carlosrizo,43.68097033,79.39066172,1333209600
carlosrizo,43.64666549,79.38997507,1321627500
carlosrizo,43.62934,79.27247,1321931760
carlosrizo,43.66795698,79.39495325,1323701760
carlosrizo,51.92148004,4.47185482,1301891340
carlosrizo,43.660011,79.38857,1312560300
carlosrizo,43.64480223,79.37991142,1303381800
carlosrizo,43.66001375,79.38873783,1333726200
carlosrizo,43.68336172,79.38760137,1330731300
carlosrizo,43.647597,79.384272,1322323860
carlosrizo,43.68348116,79.38766112,1328264100
carlosrizo,43.65536482,79.4192358,1333405620
carlosrizo,43.63160243,79.39615488,1331626740
carlosrizo,43.65787493,79.39094067,1327919220
carlosrizo,43.681989,79.3909428,1319597820
carlosrizo,43.679322,79.390018,1302631140
carlosrizo,43.68346454,79.38754145,1330553580
carlosrizo,43.6885929,79.3925344,1308305160
carlosrizo,43.65992,79.388696,1308765180
carlosrizo,43.660011,79.38857,1323174780
carlosrizo,43.63758962,79.53550583,1326806160
carlosrizo,43.6694149,79.3972285,1304455380
carlosrizo,43.66899817,79.38897424,1347132960
carlosrizo,43.68328873,79.38754281,1330249440
carlosrizo,43.67680357,79.3887037,1323173820
carlosrizo,51.9142211,4.4857338,1329281340
carlosrizo,43.651363,79.391256,1318868220
carlosrizo,43.66599893,79.39864057,1330793280
carlosrizo,43.65787493,79.39094067,1349194560
carlosrizo,43.6870039,79.3895547,1310233620
carlosrizo,43.63876174,79.3829906,1321888080
carlosrizo,43.66795698,79.39495325,1321711560
carlosrizo,43.6696876,79.39449191,1306948020
carlosrizo,43.655827,79.389786,1312383600
carlosrizo,43.658155,79.387384,1302692220
carlosrizo,43.65773518,79.39013127,1327919040
carlosrizo,43.685955,79.389057,1326727740
carlosrizo,43.63749,79.423081,1316091420
carlosrizo,43.679322,79.390018,1301492580
carlosrizo,43.664691,79.397242,1319488680
carlosrizo,43.66005752,79.38874159,1330387020
carlosrizo,48.37278627,89.31249619,1331660100
