chargers,32.818946,117.117446,1350061080
chargers,38.80342998,121.27185571,1342460940
chargers,32.818887,117.117426,1343236080
chargers,32.783112,117.119766,1344541020
chargers,32.78305326,117.11960077,1347803700
chargers,32.818885,117.117438,1343060940
chargers,32.78305326,117.11960077,1351799040
chargers,32.81875718,117.116771,1347572820
chargers,32.818884,117.117441,1343046780
chargers,32.818887,117.11743,1343061780
chargers,32.818843,117.11795,1349986740
chargers,32.78305326,117.11960077,1347800760
chargers,32.818886,117.117432,1343062260
chargers,32.78305326,117.11960077,1347802620
chargers,32.818928,117.11744,1343936700
chargers,32.817054,117.117781,1343336280
chargers,32.78305326,117.11960077,1350341340
chargers,32.783112,117.120039,1347821100
chargers,32.818919,117.117238,1343060100
chargers,32.78305326,117.11960077,1343867520
chargers,32.81946,117.11759,1343336160
chargers,32.818938,117.119132,1343335980
chargers,32.819365,117.117745,1343945340
chargers,32.819365,117.118041,1346693400
chargers,32.78305326,117.11960077,1345326660
chargers,32.818886,117.117431,1343337720
chargers,32.818888,117.117493,1343916240
chargers,32.78413,117.121811,1350324240
chargers,32.819344,117.118677,1343340300
chargers,32.820029,117.117035,1343335320
chargers,32.808068,117.178574,1344536040
chargers,32.81875718,117.116771,1350064440
chargers,32.782905,117.122081,1344537600
chargers,32.818886,117.117436,1343068080
chargers,32.818877,117.117677,1348695360
chargers,32.818905,117.118184,1346687820
chargers,32.78305326,117.11960077,1350311820
chargers,32.818868,117.117986,1348695000
chargers,32.820042,117.116969,1343340180
chargers,32.83011466,115.55673628,1342471320
chargers,32.818885,117.117437,1343337300
chargers,32.78305326,117.11960077,1345344840
chargers,32.78305326,117.11960077,1345309860
chargers,32.81941,117.117645,1343340480
chargers,32.783025,117.119504,1344099000
chargers,32.81875718,117.116771,1348687620
chargers,32.78305326,117.11960077,1350331620
chargers,32.78305326,117.11960077,1345321860
chargers,32.783186,117.120165,1347814680
chargers,32.783115,117.119646,1344098460
chargers,32.81875718,117.116771,1345204080
chargers,32.818875,117.117955,1350057360
chargers,32.783118,117.119714,1344538080
chargers,32.78305326,117.11960077,1351785180
chargers,32.818905,117.118224,1345213020
chargers,32.818888,117.117496,1343940840
chargers,32.819031,117.118337,1345561860
chargers,32.81875718,117.116771,1346983140
