cheflayla,33.475374,117.127819,1342197600
cheflayla,33.46168957,117.10251505,1343603880
cheflayla,33.46174777,117.1027715,1342114980
cheflayla,33.46168957,117.10251505,1351779000
cheflayla,33.45408561,117.09595359,1345500840
cheflayla,33.53160138,117.15644012,1350157980
cheflayla,33.470732,117.12257702,1350322680
cheflayla,33.47546779,117.1009422,1343254020
cheflayla,33.46069411,117.10334241,1341343380
cheflayla,33.46159812,117.10262692,1342106580
cheflayla,33.46156036,117.1026218,1345328040
cheflayla,33.48270611,117.08667397,1346166660
cheflayla,33.535167,117.163178,1348087740
cheflayla,33.58926632,117.12078212,1350740100
cheflayla,33.46164138,117.10259376,1343832840
cheflayla,33.73894884,116.3231126,1340921580
cheflayla,33.4617184,117.10273295,1350260280
cheflayla,33.479526,117.09922286,1346445600
cheflayla,33.46069411,117.10334241,1346705340
cheflayla,33.48270611,117.08667397,1342800840
cheflayla,33.50243304,117.1164465,1347400020
cheflayla,33.47546779,117.1009422,1349641680
cheflayla,33.46460785,117.1077951,1346182320
cheflayla,33.48270611,117.08667397,1349109900
cheflayla,33.4617637,117.10275332,1342114980
cheflayla,33.4820687,117.09473133,1342807980
cheflayla,33.51804463,117.16884613,1344460620
cheflayla,33.46451526,117.10801917,1351774380
cheflayla,33.48320651,117.08834041,1348672620
cheflayla,33.46153986,117.10278953,1342571340
cheflayla,33.48281205,117.09607999,1348603860
cheflayla,33.48320651,117.08834041,1348672740
cheflayla,33.04819232,117.297121,1343682840
cheflayla,33.46168957,117.10251505,1346105520
cheflayla,33.46170754,117.10267603,1345328340
cheflayla,33.514778,117.150757,1343331000
cheflayla,33.50567407,117.14891052,1342644960
cheflayla,33.4804218,117.0995067,1340990460
cheflayla,32.73518911,117.14959047,1343773380
cheflayla,33.46208439,117.10448988,1343150940
cheflayla,33.50966693,117.12635177,1343068980
cheflayla,33.48432369,117.07990408,1348264740
cheflayla,33.45422877,117.09617767,1345823640
cheflayla,33.78089871,116.97493935,1350843660
cheflayla,33.50216975,117.11913457,1346510760
cheflayla,33.47004112,117.10902214,1345817580
cheflayla,33.46069411,117.10334241,1341603540
cheflayla,33.46451526,117.10801917,1347455280
cheflayla,33.46166999,117.102694,1350267900
cheflayla,33.4628288,117.10615767,1343150160
cheflayla,33.47004112,117.10902214,1345049220
cheflayla,33.48102401,117.09262106,1343426400
cheflayla,33.46168957,117.10251505,1346377260
cheflayla,33.46156532,117.10262212,1346455200
cheflayla,33.46161299,117.10251393,1343666220
cheflayla,33.49211773,117.08483539,1343868240
cheflayla,33.46172823,117.10283977,1342193580
cheflayla,33.53130188,117.15807909,1349631660
cheflayla,33.589627,117.121281,1350334440
cheflayla,33.46164426,117.1027311,1349399820
cheflayla,33.4825372,117.09494669,1344796500
cheflayla,33.48270611,117.08667397,1345830000
cheflayla,33.46897831,117.10699075,1345491840
cheflayla,33.47718841,117.11684849,1349568540
cheflayla,33.53245634,117.15977448,1348092180
cheflayla,33.46501967,117.1078583,1345122000
cheflayla,33.46169556,117.10275926,1342268460
cheflayla,33.47004112,117.10902214,1347451140
cheflayla,33.4804218,117.0995067,1343228460
cheflayla,33.46162745,117.10257662,1345642560
cheflayla,33.73858667,116.32485448,1340905080
cheflayla,33.46501967,117.1078583,1345148280
cheflayla,33.48076456,117.09444247,1346176800
cheflayla,33.4538195,117.09629258,1352038200
cheflayla,33.48287566,117.08684073,1352999100
cheflayla,33.46800706,117.09261532,1342291980
cheflayla,33.58917634,117.12056838,1347713700
cheflayla,33.51823229,117.16905283,1343838600
cheflayla,33.46165449,117.10278528,1343072640
cheflayla,33.46168957,117.10251505,1345222140
cheflayla,33.46501967,117.1078583,1345467120
cheflayla,33.589627,117.121281,1348520760
cheflayla,33.45408561,117.09595359,1345667640
cheflayla,33.48070853,117.10237026,1345472460
cheflayla,33.46162397,117.10271878,1342533480
cheflayla,33.46148869,117.10249448,1347980400
cheflayla,33.46173579,117.10261828,1345643160
cheflayla,33.78090873,116.9750686,1350843900
cheflayla,33.77995458,116.96815158,1350843840
cheflayla,33.48432369,117.07990408,1348355700
cheflayla,32.98295511,117.27019072,1347814920
cheflayla,33.46147616,117.10246707,1345413960
cheflayla,33.47537696,117.10093562,1349644200
cheflayla,33.589627,117.121281,1349731620
cheflayla,33.46172351,117.10271861,1347336900
cheflayla,33.535167,117.163178,1347732060
cheflayla,33.46168957,117.10251505,1345812540
cheflayla,33.49523446,117.11799022,1346279160
cheflayla,33.48432369,117.07990408,1347383340
cheflayla,33.52863787,117.15524628,1348340820
cheflayla,33.46477987,117.10752346,1350048360
cheflayla,33.47578665,117.12364018,1344978600
cheflayla,33.46150537,117.10259842,1347319260
cheflayla,33.48320651,117.08834041,1349278560
cheflayla,33.46174216,117.10284418,1342992720
cheflayla,33.461542,117.10266086,1342052220
cheflayla,33.46170021,117.10273923,1342314960
cheflayla,33.46160477,117.10255137,1349795400
cheflayla,33.46168269,117.10273144,1341112680
cheflayla,33.4606909,117.10288533,1344019860
cheflayla,33.50257619,117.14730263,1351964820
cheflayla,33.48270611,117.08667397,1346773860
cheflayla,33.4538195,117.09629258,1350256620
cheflayla,33.46450248,117.10933873,1352319120
cheflayla,33.46151832,117.10275809,1342533720
cheflayla,32.73126328,117.14867592,1346617500
cheflayla,33.46168386,117.1027508,1345325460
cheflayla,33.46168957,117.10251505,1346356920
cheflayla,33.46164574,117.10259547,1346530620
cheflayla,33.47991114,117.09629065,1349875860
cheflayla,33.48164644,117.09237974,1341592440
cheflayla,33.48270611,117.08667397,1348854600
cheflayla,33.52879399,117.17410326,1346515500
cheflayla,33.47942651,117.09737744,1350583620
cheflayla,33.46174916,117.10270264,1345413840
cheflayla,33.46168957,117.10251505,1348003200
cheflayla,33.46160741,117.10281595,1342872840
cheflayla,33.46151832,117.10275809,1342533780
cheflayla,33.46167208,117.10281172,1345412760
cheflayla,39.80448097,75.02671838,1345650060
cheflayla,33.46164749,117.10259104,1345642920
cheflayla,33.46501967,117.1078583,1345640400
cheflayla,33.46165189,117.10265206,1349622960
cheflayla,33.46166894,117.10259948,1345840200
cheflayla,33.46168043,117.10276404,1345642020
cheflayla,33.4628288,117.10615767,1346460660
cheflayla,33.46171027,117.1029181,1343153700
cheflayla,33.48106996,117.09251764,1347645600
cheflayla,33.5229357,117.15356827,1344197160
cheflayla,33.48320651,117.08834041,1348670700
cheflayla,33.4841939,117.08108835,1350076080
cheflayla,33.47004112,117.10902214,1346242140
cheflayla,33.48270611,117.08667397,1345747740
cheflayla,33.46943819,117.10935352,1351207440
cheflayla,33.48432369,117.07990408,1349382360
cheflayla,33.48076456,117.09444247,1352644500
cheflayla,33.52465298,117.15305328,1349649720
cheflayla,33.589627,117.121281,1347714000
cheflayla,33.48270611,117.08667397,1349452920
cheflayla,33.46170867,117.1026757,1342571640
cheflayla,33.46158755,117.10247671,1345642140
cheflayla,33.45404909,117.09609148,1347199020
cheflayla,33.46168957,117.10251505,1351780500
cheflayla,33.50560399,117.14847811,1350320940
cheflayla,33.45422877,117.09617767,1345823760
cheflayla,33.48270611,117.08667397,1346950080
cheflayla,33.46897831,117.10699075,1348777200
cheflayla,33.46165687,117.10257541,1349310060
cheflayla,33.48320651,117.08834041,1348670760
cheflayla,33.555061,117.17600763,1346512620
cheflayla,33.47850745,117.09906856,1349875080
cheflayla,33.48067059,117.09715085,1342124160
cheflayla,33.50257619,117.14730263,1351964700
cheflayla,33.46220061,117.10465944,1343151060
cheflayla,33.46156983,117.10257822,1345508100
cheflayla,33.46168269,117.10275734,1344297600
cheflayla,33.46069411,117.10334241,1343504280
cheflayla,33.51804463,117.16884613,1344460020
cheflayla,33.48102475,117.09693035,1349918040
cheflayla,33.46897831,117.10699075,1350326580
cheflayla,33.4538195,117.09629258,1350171660
cheflayla,33.4820687,117.09473133,1345922040
cheflayla,33.48270611,117.08667397,1346344140
cheflayla,33.46451526,117.10801917,1351774260
cheflayla,33.46163803,117.10263547,1350782820
cheflayla,33.46168957,117.10251505,1348441140
cheflayla,33.47004112,117.10902214,1347281820
cheflayla,33.49297464,117.147953,1345562040
cheflayla,33.48102475,117.09693035,1348676280
cheflayla,33.479526,117.09922286,1343313660
cheflayla,33.48320651,117.08834041,1349230320
cheflayla,33.50353972,117.15397891,1350943860
cheflayla,33.48228772,117.09833803,1341858000
cheflayla,33.52518962,117.15262413,1344737100
cheflayla,33.50189378,117.11894372,1346508780
cheflayla,33.48420983,117.08109648,1350075960
cheflayla,33.47578665,117.12364018,1342984560
cheflayla,33.50579781,117.14848041,1350321120
cheflayla,33.48102401,117.09262106,1343068740
cheflayla,33.73898182,116.3230261,1340921520
cheflayla,33.46460785,117.1077951,1347281880
cheflayla,32.96435261,117.26842967,1342375380
cheflayla,33.4616839,117.10291525,1347980100
cheflayla,33.52415658,117.15343416,1344191940
cheflayla,33.535167,117.163178,1347726180
cheflayla,33.50257619,117.14730263,1351964820
cheflayla,33.48102401,117.09262106,1343068620
cheflayla,33.46162599,117.10260051,1345642440
cheflayla,33.52465298,117.15305328,1344729840
cheflayla,33.47004112,117.10902214,1352124300
cheflayla,33.46168957,117.10251505,1343781600
cheflayla,33.4538195,117.09629258,1351982580
cheflayla,33.46340584,117.10807691,1352318640
cheflayla,33.4758355,117.11837655,1349568840
cheflayla,33.4825372,117.09494669,1345921260
cheflayla,33.48287566,117.08684073,1352911140
cheflayla,33.482571,117.09493447,1341520860
cheflayla,33.535167,117.163178,1350156300
cheflayla,33.45404909,117.09583867,1347464520
cheflayla,34.04366563,117.55040152,1351796340
cheflayla,33.4825372,117.09494669,1345234680
cheflayla,33.45314913,117.09595359,1352563440
cheflayla,33.46158318,117.10261958,1344373200
cheflayla,33.46157268,117.1025752,1345642260
cheflayla,33.46164807,117.10269816,1342572120
cheflayla,33.46943819,117.10935353,1351206780
cheflayla,33.589627,117.121281,1347715680
cheflayla,33.589627,117.121281,1347913860
cheflayla,33.46048982,117.10319202,1344021720
cheflayla,33.46154091,117.10246841,1345642080
cheflayla,33.50561472,117.14851943,1350320820
cheflayla,33.48106996,117.09251764,1348174380
cheflayla,33.48432369,117.07990408,1344810480
cheflayla,33.4616625,117.10259285,1345643760
cheflayla,33.4820687,117.09473133,1344963720
cheflayla,33.573704,117.20420837,1343409660
cheflayla,33.46165683,117.10276539,1342993440
cheflayla,33.46460785,117.1077951,1346417700
cheflayla,33.4538195,117.09629258,1352038260
cheflayla,32.9645544,117.26846941,1342382640
cheflayla,33.47690821,117.1167469,1349567220
cheflayla,33.45314913,117.09595359,1352563320
cheflayla,33.475374,117.127819,1342888260
cheflayla,33.47546779,117.1009422,1346685780
cheflayla,33.4607471,117.10298591,1344024240
cheflayla,33.46141258,117.10312053,1345686360
cheflayla,33.48106996,117.09251764,1348238460
cheflayla,33.48102401,117.09262106,1343051220
cheflayla,33.589627,117.121281,1349468400
cheflayla,33.48270611,117.08667397,1350401100
cheflayla,33.4842061,117.08112055,1350076500
cheflayla,33.47546779,117.1009422,1343322300
cheflayla,33.52529695,117.15416908,1350766680
cheflayla,33.46175953,117.10267794,1349230440
cheflayla,33.46496809,117.12032139,1345048380
cheflayla,33.48270611,117.08667397,1345650120
cheflayla,33.535167,117.163178,1349815380
cheflayla,33.48270611,117.08667397,1349709780
cheflayla,33.45422877,117.09617767,1345823940
cheflayla,33.4820687,117.09473133,1348236780
cheflayla,33.48286788,117.08994,1349279940
cheflayla,33.49297464,117.147953,1345562400
cheflayla,33.53239754,117.15970407,1349817060
cheflayla,33.48270611,117.08667397,1346424960
cheflayla,33.77905448,116.97811264,1350844380
cheflayla,33.4820687,117.09473133,1345920660
cheflayla,33.475374,117.127819,1342286160
cheflayla,33.53233371,117.15963492,1347488880
cheflayla,33.51804463,117.16884613,1343838120
cheflayla,33.479526,117.09922286,1341165360
cheflayla,33.46155562,117.10290344,1342027800
cheflayla,33.46151962,117.10268626,1346453820
cheflayla,33.46172929,117.10270571,1345413360
cheflayla,33.535167,117.163178,1347484080
cheflayla,33.46314097,117.10802126,1349355180
cheflayla,33.479526,117.09922285,1346445180
cheflayla,33.45394737,117.09564906,1343217000
cheflayla,33.46176233,117.10279878,1342153620
cheflayla,33.50257619,117.14730263,1351964700
cheflayla,33.46069411,117.10334241,1346697780
cheflayla,33.535167,117.163178,1349628780
cheflayla,33.46173449,117.10272019,1345037880
cheflayla,33.589627,117.121281,1348085280
cheflayla,33.48432369,117.07990408,1350598980
cheflayla,33.46168957,117.10251505,1343843340
cheflayla,33.46075769,117.10321128,1344022140
cheflayla,32.96468872,117.26846765,1342382880
cheflayla,33.46168957,117.10251505,1344818160
cheflayla,33.46168957,117.10251505,1346715720
cheflayla,33.46164878,117.10264695,1343153760
cheflayla,33.52529695,117.15416908,1344103020
cheflayla,33.46166215,117.10258889,1349737440
cheflayla,33.589627,117.121281,1348326420
cheflayla,33.48106996,117.09251764,1348239240
cheflayla,33.48209965,117.09240847,1350851340
cheflayla,33.475374,117.127819,1351098540
cheflayla,32.7356314,117.14912653,1343760060
cheflayla,33.46165997,117.10256816,1347370200
cheflayla,32.99788093,117.21337336,1343668800
cheflayla,33.589627,117.121281,1349125620
cheflayla,33.47004112,117.10902214,1346414880
cheflayla,33.513371,117.103209,1346188320
cheflayla,33.47004112,117.10902214,1346365320
cheflayla,33.50232105,117.11920565,1346279220
cheflayla,33.46162136,117.10257111,1348068480
cheflayla,33.46162728,117.10242081,1345641540
cheflayla,33.47004112,117.10902214,1341512220
cheflayla,33.46160206,117.10261786,1345644840
cheflayla,33.46451526,117.10801917,1351894200
cheflayla,33.46175412,117.1027444,1346079240
cheflayla,33.46172854,117.10267838,1345643040
cheflayla,33.4616569,117.10262511,1350567660
cheflayla,33.46174526,117.1024913,1348070160
cheflayla,34.10715424,117.57534027,1351800780
cheflayla,33.72262636,116.36238098,1340925000
cheflayla,33.46451526,117.10801917,1351884600
cheflayla,33.5221577,117.15830111,1336397460
cheflayla,33.08732904,117.11508159,1346625480
cheflayla,33.52125003,117.15465046,1342217160
cheflayla,33.475374,117.127819,1348151880
cheflayla,33.475374,117.127819,1345391160
cheflayla,33.46163982,117.10269959,1345734900
cheflayla,33.53268089,117.15936519,1347725880
cheflayla,33.46168114,117.1025172,1345642740
cheflayla,33.48270611,117.08667397,1349366460
cheflayla,33.53249448,117.15949911,1347725880
cheflayla,33.46168957,117.10251505,1348013340
cheflayla,32.96075006,117.26821661,1342394340
cheflayla,33.48270611,117.08667397,1345131240
cheflayla,33.7389244,116.32309089,1340921640
cheflayla,33.49297464,117.147953,1345561800
cheflayla,33.47578665,117.12364018,1344978000
cheflayla,32.73222177,117.14734809,1346615160
cheflayla,33.48270611,117.08667397,1346424960
cheflayla,33.50209591,117.11903047,1346278560
cheflayla,33.46066593,117.10394668,1350254460
cheflayla,32.73610265,117.15316954,1343769360
cheflayla,34.10715424,117.57534027,1351799580
cheflayla,33.5078971,117.14213224,1349117340
cheflayla,33.46173361,117.10273837,1347042060
cheflayla,33.48432369,117.07990408,1346784120
cheflayla,33.50257619,117.14730263,1351964640
cheflayla,33.46154416,117.10239253,1347979860
cheflayla,33.4820687,117.09473133,1342708200
cheflayla,33.47502286,117.09962897,1343098980
cheflayla,33.4628288,117.10615767,1345494480
cheflayla,33.46158676,117.1025897,1342106460
cheflayla,33.55479516,117.17698629,1346513280
cheflayla,33.48453686,117.07975098,1352844240
cheflayla,33.48320651,117.08834041,1348672200
cheflayla,33.46144054,117.10272809,1343328540
cheflayla,33.47994956,117.10084116,1346175780
cheflayla,33.589627,117.121281,1350739800
cheflayla,33.46169529,117.10272368,1344468780
cheflayla,33.50243304,117.1164465,1346505780
cheflayla,33.52863787,117.15524628,1348947780
cheflayla,33.46172053,117.10284099,1342129200
cheflayla,33.479526,117.09922285,1348611540
cheflayla,33.48270611,117.08667397,1346088360
cheflayla,33.52529695,117.15416908,1343845260
cheflayla,33.53237843,117.15965328,1348088640
cheflayla,33.46162397,117.10271878,1342533420
cheflayla,33.46776519,117.0968263,1342362000
cheflayla,33.46528366,117.10754107,1350048420
cheflayla,33.50257619,117.14730263,1351964760
cheflayla,33.47877421,117.09900482,1349875440
cheflayla,33.53256375,117.15938548,1350158100
cheflayla,33.50243304,117.1164465,1346278680
cheflayla,33.46161765,117.1026016,1347327120
cheflayla,33.46179232,117.10274502,1345411500
cheflayla,33.58021045,117.13381276,1349733420
cheflayla,33.46169497,117.10253413,1348070160
cheflayla,33.4825372,117.09494669,1341528000
cheflayla,33.50257619,117.14730263,1351965060
cheflayla,33.46162136,117.10257111,1348068480
cheflayla,33.46278526,117.10590487,1348592460
cheflayla,33.46897831,117.10699075,1348777200
cheflayla,32.96453248,117.26852062,1342382700
cheflayla,33.50243304,117.1164465,1346505660
cheflayla,33.46501967,117.1078583,1345726620
cheflayla,32.731071,117.146915,1346614740
cheflayla,33.48164644,117.09237974,1342650600
cheflayla,33.46164196,117.10285514,1349310240
cheflayla,33.52469882,117.16082303,1350759180
cheflayla,33.48209965,117.09240847,1348147260
cheflayla,33.46172694,117.10277197,1343717340
cheflayla,33.4538195,117.09629258,1351982760
cheflayla,33.48106996,117.09251764,1348525200
cheflayla,33.46172917,117.10276421,1350601800
cheflayla,33.46184689,117.10281828,1347979920
cheflayla,33.48232823,117.08975702,1343843580
cheflayla,33.4921,117.147463,1345658580
cheflayla,33.46177606,117.10285021,1347042180
cheflayla,33.504673,117.14660645,1345471380
cheflayla,33.48102475,117.09693035,1348675620
cheflayla,33.46184853,117.1027042,1348070040
cheflayla,33.46168957,117.10251505,1346184240
cheflayla,33.45823351,117.09949076,1352564520
cheflayla,33.46169954,117.10262205,1345734900
cheflayla,33.46410431,117.10687914,1350048120
cheflayla,33.47876589,117.13689788,1350160320
cheflayla,33.4804218,117.0995067,1340990460
cheflayla,33.46168282,117.10263195,1345734900
cheflayla,33.46170964,117.10268157,1342571040
cheflayla,33.46168957,117.10251505,1346377440
cheflayla,33.45946897,117.09896637,1342027620
cheflayla,33.52518962,117.15262413,1343086560
cheflayla,33.589627,117.121281,1349728740
cheflayla,33.46163835,117.10275338,1342533420
cheflayla,33.78101543,116.97501428,1350844200
cheflayla,33.51804463,117.16884613,1345071720
cheflayla,33.4613586,117.10254737,1344024960
cheflayla,33.4618479,117.10239801,1345327980
cheflayla,33.4970798,117.11495519,1342362540
cheflayla,33.48270611,117.08667397,1348761840
cheflayla,33.45967082,117.10019386,1352465280
cheflayla,33.4716549,117.11749304,1348422120
cheflayla,33.47004112,117.10902214,1347281820
cheflayla,33.78089,116.974858,1350842820
cheflayla,33.50257619,117.14730263,1351965360
cheflayla,33.4628288,117.10615767,1340827920
cheflayla,33.479526,117.09922286,1343313660
cheflayla,33.4644173,117.10671591,1350047820
cheflayla,33.46168957,117.10251505,1345733700
cheflayla,33.4820687,117.09473133,1345922220
cheflayla,33.48270611,117.08667397,1347383340
cheflayla,33.50243304,117.1164465,1350593040
cheflayla,33.46167959,117.10271945,1342567920
cheflayla,33.46069411,117.10334241,1341866160
cheflayla,33.46163617,117.10257981,1345643520
cheflayla,33.48432369,117.07990408,1352844600
cheflayla,33.52529695,117.15416908,1344197100
cheflayla,33.46460785,117.1077951,1346441160
cheflayla,33.48087727,117.10081,1340821680
cheflayla,33.47004112,117.10902214,1345205400
cheflayla,33.48076456,117.09444247,1345473180
cheflayla,33.46451526,117.10801917,1348059840
cheflayla,33.55969033,117.20201458,1343434740
cheflayla,33.4538195,117.09629258,1351982940
cheflayla,33.48308336,117.08468621,1345817340
cheflayla,33.46161856,117.10279551,1342533660
cheflayla,33.46155684,117.10261116,1343321040
cheflayla,33.46163265,117.1024752,1345686420
cheflayla,33.193515,117.3834248,1344883560
cheflayla,33.48200726,117.09231079,1340824080
cheflayla,33.46167261,117.10275098,1342566540
cheflayla,33.50599782,117.14860082,1350320340
cheflayla,33.52529695,117.15416908,1345065840
cheflayla,33.46135043,117.10297962,1342870860
cheflayla,33.47546779,117.1009422,1343146920
cheflayla,33.78111589,116.97531142,1350843000
cheflayla,33.535167,117.163178,1350749160
cheflayla,33.47004112,117.10902214,1341512220
cheflayla,33.48270611,117.08667397,1348502880
cheflayla,33.46795969,117.09672706,1344451140
cheflayla,33.48448163,117.08086716,1350148140
cheflayla,33.49297464,117.147953,1345562820
cheflayla,33.48396827,117.10215883,1341246180
cheflayla,33.56249091,117.20521899,1343330940
cheflayla,33.46460785,117.1077951,1346850060
cheflayla,32.731071,117.146915,1346614260
cheflayla,33.47546779,117.1009422,1349641680
cheflayla,33.4616233,117.10266388,1341160920
cheflayla,33.78091103,116.97501956,1350843960
cheflayla,33.46168957,117.10251505,1351884000
cheflayla,33.04719149,117.25765385,1346623320
cheflayla,33.46451526,117.10801917,1347629040
cheflayla,33.4825372,117.09494669,1345922040
cheflayla,33.46076642,117.10303159,1344020280
cheflayla,33.5257039,117.15249002,1343847960
cheflayla,33.45422877,117.09617767,1345823880
cheflayla,33.48164644,117.09237974,1341247140
cheflayla,33.45408561,117.09595359,1345500660
cheflayla,33.49335615,117.14846247,1345565220
cheflayla,33.45404909,117.09609148,1347199020
cheflayla,33.46217793,117.1043463,1343150700
cheflayla,33.46163668,117.10260144,1342205880
cheflayla,33.46071831,117.10288357,1344019920
cheflayla,33.46525904,117.1101941,1346369100
cheflayla,33.46069411,117.10334241,1345148340
cheflayla,33.46164849,117.10270964,1344033240
cheflayla,33.535167,117.163178,1348342380
cheflayla,33.4770805,117.11728896,1349568240
cheflayla,33.48008957,117.10368139,1348670280
cheflayla,32.97594406,117.27008343,1343670660
cheflayla,33.50257619,117.14730263,1351965180
cheflayla,33.48320651,117.08834041,1348672920
cheflayla,33.48432369,117.07990408,1349554320
cheflayla,33.47546779,117.1009422,1343239260
cheflayla,33.46161056,117.10286111,1347203940
cheflayla,33.46073004,117.10297627,1344024960
cheflayla,32.9810063,117.24930327,1342397340
cheflayla,33.589627,117.121281,1348520580
cheflayla,33.46178181,117.10269992,1347042480
cheflayla,33.48432369,117.07990408,1348777320
cheflayla,33.46163772,117.10269137,1342152300
cheflayla,33.46460785,117.1077951,1346331000
cheflayla,33.4538195,117.09629258,1351983000
cheflayla,33.46171898,117.10304484,1345419780
cheflayla,33.48483562,117.07943408,1345922580
cheflayla,33.461623,117.10257128,1351287840
cheflayla,33.46460785,117.1077951,1346095680
cheflayla,33.4820687,117.09473133,1343052360
cheflayla,33.53239293,117.15969678,1348088640
cheflayla,33.50216221,117.11909275,1346510760
cheflayla,33.46167988,117.10268877,1350601980
cheflayla,33.46168957,117.10251505,1343483640
cheflayla,32.99252172,117.27103599,1347811860
cheflayla,33.4804218,117.0995067,1341854460
cheflayla,33.45422877,117.09617767,1345823760
cheflayla,33.5357705,117.15639819,1349816880
cheflayla,33.48280977,117.0905873,1343601180
cheflayla,33.46173071,117.10284822,1342193520
cheflayla,33.46176726,117.10255659,1345642320
cheflayla,33.52465298,117.15305328,1348430640
cheflayla,33.48242048,117.09842996,1349964480
cheflayla,33.48300752,117.08628337,1345043640
cheflayla,33.46953025,117.10960343,1351206900
cheflayla,33.46180217,117.10248032,1342571880
cheflayla,33.46160046,117.10268886,1346336760
cheflayla,33.48432369,117.07990408,1350161040
cheflayla,33.46460785,117.1077951,1346245320
cheflayla,33.52111555,117.15494759,1343333580
cheflayla,33.48270611,117.08667397,1350926580
cheflayla,33.51804463,117.16884613,1343862780
cheflayla,33.46069411,117.10334241,1343159460
cheflayla,33.52111555,117.15494759,1342215060
cheflayla,33.46171529,117.10273722,1345328280
cheflayla,33.46184211,117.10280637,1344025440
cheflayla,33.52941893,117.16389868,1350158820
cheflayla,33.4825372,117.09494669,1350581760
cheflayla,33.48281205,117.09607999,1350079080
cheflayla,33.46156798,117.10260479,1342568520
cheflayla,33.535167,117.163178,1348948020
cheflayla,33.475374,117.127819,1344445500
cheflayla,33.46069411,117.10334241,1348251840
cheflayla,33.4804218,117.0995067,1344715440
cheflayla,33.47578665,117.12364018,1347651600
cheflayla,33.46164496,117.10260198,1344820200
cheflayla,33.48270611,117.08667397,1349886600
cheflayla,33.52111555,117.15494759,1345314960
cheflayla,33.045532,117.29360703,1343682600
cheflayla,33.47004112,117.10902214,1346365320
cheflayla,33.589627,117.121281,1349295780
cheflayla,33.49297464,117.147953,1345560960
cheflayla,33.02563267,117.19586978,1342373760
cheflayla,33.46168957,117.10251505,1351890480
cheflayla,33.46178728,117.1027974,1346592240
cheflayla,33.48396827,117.10215883,1342019760
cheflayla,33.50257619,117.14730263,1351964940
cheflayla,33.78047193,116.97621405,1350843660
cheflayla,33.4626943,117.10570378,1352322720
cheflayla,33.461755,117.10271919,1347980220
cheflayla,33.52465298,117.15305328,1344729360
cheflayla,33.48200726,117.09236825,1345927860
cheflayla,33.46162588,117.1025966,1342870980
cheflayla,33.46177315,117.10274305,1347421680
cheflayla,33.52111555,117.15494759,1342646400
cheflayla,33.48432369,117.07990408,1343600100
cheflayla,33.45422877,117.09617767,1345823400
cheflayla,33.51804463,117.16884613,1344460020
cheflayla,33.46170353,117.10266802,1350227100
cheflayla,33.46071546,117.10296538,1344024240
cheflayla,33.46451526,117.10801917,1351860960
