daddyclaxton,32.71947,96.60734,1321881660
daddyclaxton,32.71947,96.60734,1322141460
daddyclaxton,32.76666,96.59677,1319402760
daddyclaxton,32.71947,96.60734,1322062800
daddyclaxton,32.71947,96.60734,1329514140
daddyclaxton,32.71947,96.60734,1349137800
daddyclaxton,32.71947,96.60734,1325974680
daddyclaxton,32.71947,96.60734,1324764000
daddyclaxton,32.71947,96.60734,1349134380
daddyclaxton,32.76666,96.59677,1319367120
daddyclaxton,32.81046989,96.62668705,1328132040
daddyclaxton,32.71947,96.60734,1322599500
daddyclaxton,32.71947,96.60734,1329008940
daddyclaxton,32.90784,96.60601,1345309320
daddyclaxton,32.71947,96.60734,1342376760
daddyclaxton,32.82068,96.73154,1323872760
daddyclaxton,32.71947,96.60734,1328473200
daddyclaxton,32.71947,96.60734,1325810280
daddyclaxton,32.81209052,96.634163,1328621400
daddyclaxton,32.71947,96.60734,1349134620
daddyclaxton,32.71947,96.60734,1348423320
daddyclaxton,32.71947,96.60734,1351979160
daddyclaxton,32.71947,96.60734,1329092100
daddyclaxton,32.81046989,96.62668705,1325517840
daddyclaxton,32.81046989,96.62668705,1328199780
daddyclaxton,32.71947,96.60734,1326449880
daddyclaxton,32.71947,96.60734,1351968960
daddyclaxton,32.81046989,96.62668705,1331310540
daddyclaxton,32.93045,96.748694,1332426840
daddyclaxton,32.3637359,86.27097324,1314894240
daddyclaxton,32.71947,96.60734,1320013920
daddyclaxton,32.71947,96.60734,1323640560
daddyclaxton,32.747268,96.596829,1325227800
daddyclaxton,32.71947,96.60734,1351373760
daddyclaxton,32.71947,96.60734,1324216080
daddyclaxton,32.71947,96.60734,1325458560
daddyclaxton,32.71947,96.60734,1320702000
daddyclaxton,32.76666,96.59677,1327455960
daddyclaxton,32.76666,96.59677,1352199240
daddyclaxton,32.71947,96.60734,1323027960
daddyclaxton,32.74727996,96.59861501,1327439760
daddyclaxton,32.76666,96.59677,1325717520
daddyclaxton,32.71947,96.60734,1322822220
daddyclaxton,32.71947,96.60734,1321922880
daddyclaxton,32.71947,96.60734,1319228400
daddyclaxton,32.71947,96.60734,1321807200
daddyclaxton,32.71947,96.60734,1323255960
daddyclaxton,32.71947,96.60734,1328473320
daddyclaxton,32.76434183,96.5845413,1324915260
daddyclaxton,32.50843561,92.155182,1324501860
daddyclaxton,32.76666,96.59677,1318079400
daddyclaxton,32.70184,97.13549,1321014540
daddyclaxton,32.78463542,96.626265,1326065040
daddyclaxton,32.92107853,96.80303693,1322996100
daddyclaxton,32.71947,96.60734,1331855640
daddyclaxton,32.81046989,96.62668705,1328645340
daddyclaxton,32.70184,97.13549,1332067380
daddyclaxton,32.76666,96.59677,1326824040
daddyclaxton,32.71947,96.60734,1321645560
daddyclaxton,32.71947,96.60734,1321315260
daddyclaxton,32.71947,96.60734,1351443360
daddyclaxton,32.71947,96.60734,1319655840
daddyclaxton,32.77005672,97.06364036,1330687140
daddyclaxton,32.635918,91.403542,1324563120
daddyclaxton,32.52537,92.06191,1324591860
daddyclaxton,32.71947,96.60734,1351446600
daddyclaxton,32.77005672,97.06364036,1328268240
daddyclaxton,32.71947,96.60734,1325974860
daddyclaxton,32.71947,96.60734,1325874720
daddyclaxton,32.76666,96.59677,1319394300
daddyclaxton,32.71947,96.60734,1324326300
daddyclaxton,32.71947,96.60734,1321813740
daddyclaxton,32.71947,96.60734,1351977420
daddyclaxton,32.50708044,92.16126502,1324558740
daddyclaxton,32.71947,96.60734,1342376520
daddyclaxton,32.848511,96.769578,1326722460
daddyclaxton,40.69744,73.97968,1343425320
daddyclaxton,32.71947,96.60734,1346403480
daddyclaxton,32.71947,96.60734,1324760640
daddyclaxton,32.71947,96.60734,1325974560
daddyclaxton,32.71947,96.60734,1351977900
daddyclaxton,32.71947,96.60734,1331847540
daddyclaxton,32.76666,96.59677,1325448120
daddyclaxton,30.57343,87.32284,1325094480
daddyclaxton,32.71947,96.60734,1322686560
daddyclaxton,32.71947,96.60734,1325412480
daddyclaxton,32.77005672,97.06364036,1330082940
daddyclaxton,32.71947,96.60734,1321306260
daddyclaxton,30.93733,91.40087,1324560660
daddyclaxton,32.71947,96.60734,1327443360
daddyclaxton,32.71947,96.60734,1327441260
daddyclaxton,32.71947,96.60734,1324693380
daddyclaxton,32.76666,96.59677,1329759000
daddyclaxton,32.76666,96.59677,1329086820
daddyclaxton,32.71947,96.60734,1348941780
daddyclaxton,32.71947,96.60734,1328971380
daddyclaxton,32.71947,96.60734,1322161020
daddyclaxton,32.76666,96.59677,1319395080
daddyclaxton,32.71947,96.60734,1321385100
daddyclaxton,32.71947,96.60734,1320275760
daddyclaxton,32.76666,96.59677,1320747600
daddyclaxton,32.71947,96.60734,1323033180
daddyclaxton,32.511393,92.156922,1324639080
daddyclaxton,32.77328432,96.59749925,1326195840
daddyclaxton,32.34333333,86.17333333,1315316580
daddyclaxton,32.76666,96.59677,1325695800
daddyclaxton,32.71947,96.60734,1319580120
daddyclaxton,32.76666,96.59677,1331135460
daddyclaxton,32.71947,96.60734,1351433160
daddyclaxton,32.76666,96.59677,1322682120
daddyclaxton,32.71947,96.60734,1317900180
daddyclaxton,32.71947,96.60734,1323987900
daddyclaxton,32.71947,96.60734,1319342100
daddyclaxton,32.71947,96.60734,1331114940
daddyclaxton,32.76666,96.59677,1327528260
daddyclaxton,32.73278,96.615601,1326043140
daddyclaxton,32.71947,96.60734,1332534480
daddyclaxton,32.76666,96.59677,1321646460
daddyclaxton,32.71947,96.60734,1319482740
daddyclaxton,32.76666,96.59677,1326066660
daddyclaxton,32.76666,96.59677,1321881780
daddyclaxton,32.76666,96.59677,1322399880
daddyclaxton,32.71947,96.60734,1323511800
daddyclaxton,32.71947,96.60734,1321310760
daddyclaxton,32.76666,96.59677,1322399700
daddyclaxton,32.76666,96.59677,1328970900
daddyclaxton,32.71947,96.60734,1321805700
daddyclaxton,32.92452251,96.805778,1329340020
daddyclaxton,31.16893,100.07684,1323725520
daddyclaxton,32.76666,96.59677,1329930720
daddyclaxton,30.65845376,87.85256982,1325091060
daddyclaxton,32.76666,96.59677,1319883300
daddyclaxton,32.71947,96.60734,1320594600
daddyclaxton,32.71947,96.60734,1322767620
daddyclaxton,32.93732,96.3836,1319808540
daddyclaxton,32.71947,96.60734,1351978620
daddyclaxton,32.71947,96.60734,1323035100
daddyclaxton,32.71947,96.60734,1321351200
daddyclaxton,32.76666,96.59677,1330273260
daddyclaxton,32.765182,96.59856,1325716740
daddyclaxton,32.76666,96.59677,1323033900
daddyclaxton,32.71947,96.60734,1321645620
daddyclaxton,32.96403,96.69103,1326456660
daddyclaxton,32.76666,96.59677,1319205780
daddyclaxton,32.71947,96.60734,1348423740
daddyclaxton,32.71947,96.60734,1320276000
daddyclaxton,32.71947,96.60734,1324242060
daddyclaxton,32.74462513,96.44591326,1328624400
daddyclaxton,32.71947,96.60734,1319751420
daddyclaxton,32.71947,96.60734,1320703080
daddyclaxton,32.77005672,97.06364036,1331374860
daddyclaxton,32.71947,96.60734,1321808760
daddyclaxton,32.71947,96.60734,1351448160
daddyclaxton,32.71947,96.60734,1325587140
daddyclaxton,30.93733,91.40087,1324575300
daddyclaxton,32.76666,96.59677,1325623620
daddyclaxton,32.76666,96.59677,1343841240
daddyclaxton,32.593007,95.891415,1324485180
daddyclaxton,32.71947,96.60734,1328436480
daddyclaxton,32.71947,96.60734,1325857440
daddyclaxton,32.91843072,96.50897026,1329915840
daddyclaxton,32.71947,96.60734,1325974380
daddyclaxton,32.783911,96.62666757,1327791360
daddyclaxton,32.71947,96.60734,1320833640
daddyclaxton,32.939282,96.747908,1326453540
daddyclaxton,32.744356,96.445735,1328624580
daddyclaxton,32.73430077,96.61427165,1327769160
daddyclaxton,32.93147355,96.74870142,1332428400
daddyclaxton,32.79729627,96.61066111,1331843640
daddyclaxton,32.77005672,97.06364036,1332585000
daddyclaxton,32.81046989,96.62668705,1331222760
daddyclaxton,32.71947,96.60734,1321728540
daddyclaxton,32.82068,96.73154,1328629560
daddyclaxton,32.71947,96.60734,1323942960
daddyclaxton,32.82068,96.73154,1322996280
daddyclaxton,32.76666,96.59677,1321640700
daddyclaxton,32.81046989,96.62668705,1329323340
daddyclaxton,32.76666,96.59677,1331386260
daddyclaxton,32.71947,96.60734,1348520400
daddyclaxton,32.71947,96.60734,1332705960
daddyclaxton,32.71947,96.60734,1319704740
daddyclaxton,32.76666,96.59677,1320255240
daddyclaxton,32.76666,96.59677,1322131080
daddyclaxton,32.71947,96.60734,1346193360
daddyclaxton,32.71947,96.60734,1324761540
daddyclaxton,30.47192,87.25296,1325094960
daddyclaxton,32.71947,96.60734,1320283080
daddyclaxton,32.531292,93.692725,1324654260
daddyclaxton,32.71947,96.60734,1328473500
daddyclaxton,30.93733,91.40087,1324575360
daddyclaxton,32.76666,96.59677,1322753940
daddyclaxton,32.71947,96.60734,1321055580
daddyclaxton,32.71947,96.60734,1320615180
daddyclaxton,32.76666,96.59677,1321309440
daddyclaxton,32.71947,96.60734,1322699100
daddyclaxton,32.71947,96.60734,1323654900
daddyclaxton,32.71947,96.60734,1320743580
daddyclaxton,32.76666,96.59677,1330273440
daddyclaxton,32.71947,96.60734,1321213860
daddyclaxton,32.76666,96.59677,1322605680
daddyclaxton,32.765182,96.59856,1325716740
daddyclaxton,32.71947,96.60734,1320833880
daddyclaxton,32.71947,96.60734,1321925700
daddyclaxton,32.71947,96.60734,1325975460
daddyclaxton,32.71947,96.60734,1322698200
daddyclaxton,32.71947,96.60734,1319812620
daddyclaxton,32.76666,96.59677,1332013980
daddyclaxton,32.71947,96.60734,1319342760
daddyclaxton,32.76666,96.59677,1327575540
daddyclaxton,32.81046989,96.62668705,1331488980
daddyclaxton,32.71947,96.60734,1326060600
daddyclaxton,32.71947,96.60734,1322698500
daddyclaxton,32.81046989,96.62668705,1330788180
daddyclaxton,32.92409,96.43536,1319486580
daddyclaxton,32.81046989,96.62668705,1330635060
daddyclaxton,32.81046989,96.62668705,1328456400
daddyclaxton,32.71947,96.60734,1326966420
daddyclaxton,32.71947,96.60734,1321306140
daddyclaxton,32.71947,96.60734,1323645540
daddyclaxton,32.70184,97.13549,1321011720
daddyclaxton,32.71947,96.60734,1324693560
daddyclaxton,32.71947,96.60734,1319812800
daddyclaxton,32.71947,96.60734,1320689820
daddyclaxton,32.71947,96.60734,1323625020
daddyclaxton,32.76666,96.59677,1325812140
daddyclaxton,32.81046989,96.62668705,1328731980
daddyclaxton,32.76666,96.59677,1327575600
daddyclaxton,32.71947,96.60734,1322158320
daddyclaxton,32.71947,96.60734,1327528080
daddyclaxton,32.82068,96.73154,1321281960
daddyclaxton,32.71947,96.60734,1332014040
daddyclaxton,32.71947,96.60734,1321315260
daddyclaxton,32.76260033,97.11469092,1330179480
daddyclaxton,32.81046989,96.62668705,1328298360
daddyclaxton,32.76666,96.59677,1325459340
daddyclaxton,32.71947,96.60734,1319655660
daddyclaxton,32.71947,96.60734,1321806300
daddyclaxton,32.71947,96.60734,1319974020
daddyclaxton,32.70184,97.13549,1321055460
daddyclaxton,32.71947,96.60734,1319482620
daddyclaxton,32.71947,96.60734,1320703260
daddyclaxton,32.91118038,96.73699021,1328526480
daddyclaxton,32.71947,96.60734,1326051720
daddyclaxton,32.745171,96.609287,1320265620
daddyclaxton,32.71947,96.60734,1320743460
daddyclaxton,32.89430865,96.47043228,1333139100
daddyclaxton,32.71947,96.60734,1349378460
daddyclaxton,32.71947,96.60734,1322141520
daddyclaxton,32.71947,96.60734,1320603720
daddyclaxton,32.47935,92.16526,1324591980
daddyclaxton,32.71947,96.60734,1319400660
daddyclaxton,32.71947,96.60734,1323976020
daddyclaxton,32.71947,96.60734,1332193800
daddyclaxton,32.76361253,96.582924,1325542020
daddyclaxton,32.76666,96.59677,1318165680
daddyclaxton,32.76666,96.59677,1329158820
daddyclaxton,32.76666,96.59677,1319393460
daddyclaxton,32.76371628,96.58314298,1325372280
daddyclaxton,32.71947,96.60734,1351977600
daddyclaxton,32.81046989,96.62668705,1329674220
daddyclaxton,32.76666,96.59677,1322399580
daddyclaxton,32.52537,92.06191,1324632780
daddyclaxton,32.71947,96.60734,1329155520
daddyclaxton,32.765182,96.59856,1324160520
daddyclaxton,32.81046989,96.62668705,1329947160
daddyclaxton,32.71947,96.60734,1341564780
daddyclaxton,32.71947,96.60734,1321315260
daddyclaxton,32.71947,96.60734,1321807320
daddyclaxton,32.71947,96.60734,1321644900
daddyclaxton,33.4472254,86.7312246,1314463800
daddyclaxton,32.76666,96.59677,1321645080
daddyclaxton,30.475004,84.292289,1325167080
daddyclaxton,32.71947,96.60734,1332271020
daddyclaxton,32.92107853,96.80303693,1322392560
daddyclaxton,32.71947,96.60734,1320484200
daddyclaxton,32.76666,96.59677,1320283920
daddyclaxton,32.92107853,96.80303693,1324817940
daddyclaxton,32.76666,96.59677,1331842860
daddyclaxton,32.71947,96.60734,1323640860
daddyclaxton,32.763677,96.582801,1323902640
daddyclaxton,30.54980128,84.224954,1325171040
daddyclaxton,34.7206978,86.58046246,1314700260
daddyclaxton,32.71947,96.60734,1332237060
daddyclaxton,32.71947,96.60734,1348424100
daddyclaxton,32.71947,96.60734,1320702540
daddyclaxton,32.71947,96.60734,1323640560
daddyclaxton,32.71947,96.60734,1321806720
daddyclaxton,32.76666,96.59677,1323617460
daddyclaxton,32.71947,96.60734,1325857380
daddyclaxton,32.71947,96.60734,1323987600
daddyclaxton,32.76666,96.59677,1322061960
daddyclaxton,32.71947,96.60734,1319227560
daddyclaxton,32.71947,96.60734,1320623580
daddyclaxton,32.81908094,96.63160086,1328823540
daddyclaxton,32.71947,96.60734,1330384980
daddyclaxton,32.76666,96.59677,1331852580
daddyclaxton,32.71947,96.60734,1330384320
daddyclaxton,32.82068,96.73154,1327493520
daddyclaxton,32.71947,96.60734,1319483160
daddyclaxton,30.52728,87.26746,1325094900
daddyclaxton,32.71947,96.60734,1352065260
daddyclaxton,32.71947,96.60734,1322128620
daddyclaxton,32.71947,96.60734,1332445380
daddyclaxton,32.77005672,97.06364036,1332585000
daddyclaxton,32.71947,96.60734,1319343540
daddyclaxton,32.71947,96.60734,1321647060
daddyclaxton,32.71947,96.60734,1323650100
daddyclaxton,32.774908,96.601628,1323358860
daddyclaxton,32.9669856,96.74668112,1328484360
daddyclaxton,32.76666,96.59677,1321643520
daddyclaxton,32.77005672,97.06364036,1332069840
daddyclaxton,32.76666,96.59677,1329930840
daddyclaxton,32.92409,96.43536,1323723120
daddyclaxton,32.81046989,96.62668705,1329152940
daddyclaxton,32.939282,96.747908,1323259800
daddyclaxton,32.776868,96.807224,1328181540
daddyclaxton,32.703074,96.585655,1326562440
daddyclaxton,32.76666,96.59677,1328893560
daddyclaxton,32.71947,96.60734,1328970960
daddyclaxton,32.76666,96.59677,1351174740
daddyclaxton,32.71947,96.60734,1320265380
daddyclaxton,32.931436,96.748427,1324316040
daddyclaxton,32.71947,96.60734,1328473440
daddyclaxton,32.71947,96.60734,1320797040
daddyclaxton,32.71947,96.60734,1319239620
daddyclaxton,32.71947,96.60734,1320251400
daddyclaxton,32.71947,96.60734,1328906880
daddyclaxton,32.76666,96.59677,1321309380
daddyclaxton,32.71947,96.60734,1330599480
daddyclaxton,32.81046989,96.62668705,1328298360
daddyclaxton,32.81046989,96.62668705,1330273560
daddyclaxton,32.71947,96.60734,1319369820
daddyclaxton,32.71947,96.60734,1348562940
daddyclaxton,32.78463542,96.626265,1325451120
daddyclaxton,32.71947,96.60734,1319369880
daddyclaxton,32.76666,96.59677,1322061540
daddyclaxton,32.789547,96.59608663,1324808700
daddyclaxton,32.79952,97.29138,1323102420
daddyclaxton,32.71947,96.60734,1326504960
daddyclaxton,32.71947,96.60734,1323033240
daddyclaxton,32.96403,96.69103,1326457020
daddyclaxton,32.71947,96.60734,1349137500
daddyclaxton,32.71947,96.60734,1323643440
daddyclaxton,32.71947,96.60734,1321817880
daddyclaxton,32.71947,96.60734,1320283260
daddyclaxton,32.76666,96.59677,1322769060
daddyclaxton,32.71947,96.60734,1349138400
daddyclaxton,32.76666,96.59677,1341834360
daddyclaxton,32.71947,96.60734,1320796860
daddyclaxton,32.71947,96.60734,1327419660
daddyclaxton,32.77328432,96.59749925,1325328420
daddyclaxton,32.76666,96.59677,1323109620
daddyclaxton,32.71947,96.60734,1323640560
daddyclaxton,32.909064,96.802332,1327058100
daddyclaxton,32.76666,96.59677,1318173420
daddyclaxton,32.83535413,96.633763,1327611060
daddyclaxton,32.71947,96.60734,1320258480
daddyclaxton,33.00155103,96.964729,1325283540
daddyclaxton,32.76666,96.59677,1322131260
daddyclaxton,32.7272737,96.60202146,1325227620
daddyclaxton,32.81209052,96.634163,1326291000
daddyclaxton,32.71947,96.60734,1319974260
daddyclaxton,32.502877,92.156607,1324558440
daddyclaxton,32.71947,96.60734,1349136660
daddyclaxton,32.71947,96.60734,1325975340
daddyclaxton,32.71947,96.60734,1319239500
daddyclaxton,32.733392,96.6145109,1323440340
daddyclaxton,32.71947,96.60734,1322348400
daddyclaxton,32.76666,96.59677,1325717520
daddyclaxton,32.71947,96.60734,1323440520
daddyclaxton,32.71947,96.60734,1321812660
daddyclaxton,32.71947,96.60734,1331856900
daddyclaxton,32.71947,96.60734,1351953360
daddyclaxton,32.71947,96.60734,1330795620
daddyclaxton,32.71947,96.60734,1320282720
daddyclaxton,32.71947,96.60734,1320615120
daddyclaxton,32.76666,96.59677,1318327680
daddyclaxton,32.76666,96.59677,1323910020
daddyclaxton,32.77005672,97.06364036,1328878200
daddyclaxton,32.71947,96.60734,1351978020
daddyclaxton,32.71947,96.60734,1321003800
daddyclaxton,32.72710532,96.62288439,1328790240
daddyclaxton,32.76666,96.59677,1321640760
daddyclaxton,32.76666,96.59677,1321643460
daddyclaxton,32.71947,96.60734,1331855820
daddyclaxton,32.76666,96.59677,1322606160
daddyclaxton,32.71947,96.60734,1325974320
daddyclaxton,32.71947,96.60734,1324237200
daddyclaxton,32.76666,96.59677,1323083040
daddyclaxton,30.657715,87.85293392,1325194920
daddyclaxton,32.71947,96.60734,1322822160
daddyclaxton,32.76666,96.59677,1348071120
daddyclaxton,32.71947,96.60734,1319812680
daddyclaxton,31.16893,100.07684,1324484340
daddyclaxton,32.92452251,96.805778,1326830940
daddyclaxton,32.71947,96.60734,1325857440
daddyclaxton,32.71947,96.60734,1320743760
daddyclaxton,32.81046989,96.62668705,1329840480
daddyclaxton,32.82068,96.73154,1327493400
daddyclaxton,32.84268843,97.23829407,1329392820
daddyclaxton,32.71947,96.60734,1341403740
daddyclaxton,32.71947,96.60734,1322686740
daddyclaxton,32.51623,92.15543,1324555800
daddyclaxton,32.71947,96.60734,1323903960
daddyclaxton,32.71947,96.60734,1319366400
daddyclaxton,32.72078433,96.61858678,1325772480
daddyclaxton,32.71947,96.60734,1319973180
daddyclaxton,32.71947,96.60734,1351979460
