dancerbradley,36.0824663,80.2637799,1352978100
dancerbradley,36.08291626,80.31134632,1353127080
dancerbradley,36.29362598,80.40483061,1353025800
dancerbradley,36.29362598,80.40483061,1352882100
dancerbradley,36.29362598,80.40483061,1352882700
dancerbradley,36.29362598,80.40483061,1353055500
dancerbradley,36.081547,80.26385,1353342840
dancerbradley,36.29362598,80.40483061,1353010080
dancerbradley,36.29362598,80.40483061,1352882160
dancerbradley,36.29362598,80.40483061,1352882160
dancerbradley,36.30526525,80.41596032,1352882580
dancerbradley,36.29362598,80.40483061,1353055500
dancerbradley,46.82879309,100.77009239,1331599140
dancerbradley,36.08424438,80.25723612,1352989200
dancerbradley,36.30526525,80.41596032,1353074040
dancerbradley,36.29362598,80.40483061,1352855520
dancerbradley,36.29362598,80.40483061,1352882160
dancerbradley,35.94256935,80.60197851,1348268160
dancerbradley,36.29362598,80.40483061,1353100560
dancerbradley,37.64454828,120.99459807,1341717900
dancerbradley,36.0824663,80.2637799,1352978100
dancerbradley,36.08291626,80.31134632,1353126960
dancerbradley,36.29362598,80.40483061,1353025800
dancerbradley,36.29362598,80.40483061,1353178140
dancerbradley,36.30526525,80.41596032,1353102900
dancerbradley,36.29362598,80.40483061,1353010140
dancerbradley,36.08656346,80.23963451,1352918820
dancerbradley,36.07873,80.316758,1353126960
dancerbradley,36.29362598,80.40483061,1352882100
dancerbradley,36.08424438,80.25723612,1353342780
dancerbradley,36.0747169,80.3245443,1353114180
dancerbradley,36.29362598,80.40483061,1353025740
dancerbradley,36.11311593,115.15181563,1352738040
dancerbradley,36.29362598,80.40483061,1352840820
dancerbradley,36.30526525,80.41596032,1353074040
dancerbradley,36.29362598,80.40483061,1353055500
dancerbradley,34.10823043,118.27152221,1349827800
dancerbradley,39.29132,75.63846,1348051440
dancerbradley,36.0824663,80.2637799,1352908620
dancerbradley,33.7887836,118.1070575,1352472120
dancerbradley,36.084187,80.257506,1352991240
dancerbradley,36.00444514,80.61597391,1348344720
dancerbradley,46.82879309,100.77009239,1331636340
dancerbradley,36.0824663,80.2637799,1353342840
dancerbradley,33.72593669,112.24227701,1346988060
dancerbradley,36.30526525,80.41596032,1352882640
dancerbradley,36.0824663,80.2637799,1352989320
dancerbradley,51.78464457,0.19616856,1347854040
dancerbradley,36.00432573,80.61603822,1348292100
dancerbradley,36.29362598,80.40483061,1353178140
dancerbradley,36.29362598,80.40483061,1353025800
dancerbradley,36.0824663,80.2637799,1352991300
dancerbradley,39.79287727,76.97214543,1351681260
dancerbradley,27.85655357,81.4131005,1348019880
dancerbradley,36.29362598,80.40483061,1352882640
dancerbradley,37.64460034,120.99451579,1341717540
dancerbradley,36.0824663,80.2637799,1353342780
dancerbradley,40.28404217,76.88199573,1352200020
dancerbradley,36.0824663,80.2637799,1352918880
dancerbradley,35.74121,84.0542,1352476320
