dedlam,31.15104639,121.79816723,1312359300
dedlam,22.31530176,113.93483162,1316334120
dedlam,31.225292,121.457112,1290125040
dedlam,31.143759,121.815186,1318629780
dedlam,31.207184,121.407115,1292115600
dedlam,52.366284,4.8985085,1293126360
dedlam,33.93622142,151.16572738,1299871560
dedlam,31.22871116,121.45647709,1309814880
dedlam,33.818532,151.020164,1294247760
dedlam,31.216096,121.390049,1316178300
dedlam,31.23199533,121.45638943,1317349080
dedlam,31.197186,121.392601,1328943360
dedlam,31.214367,121.433905,1315306140
dedlam,31.228533,121.456304,1320619500
dedlam,31.216096,121.390049,1320665520
dedlam,31.215929,121.39016,1325550480
dedlam,31.215883,121.390151,1311102780
dedlam,40.0691719,116.59837246,1323229140
dedlam,31.216096,121.390049,1316027280
dedlam,31.215393,121.388265,1288947300
dedlam,22.31381296,113.92498255,1320569940
dedlam,22.31311817,114.04430866,1289791080
dedlam,33.814749,151.009891,1314888240
dedlam,40.07931924,116.5926218,1291940040
dedlam,31.215393,121.388265,1295652960
dedlam,31.215911,121.390196,1309635480
dedlam,31.215929,121.39016,1322747640
dedlam,25.080799,121.239808,1320559920
dedlam,3.124307,101.68509,1297498560
dedlam,35.63928412,139.73029017,1318837500
dedlam,31.216965,121.389781,1314370560
dedlam,31.216972,121.389544,1311433140
dedlam,31.23206,121.4519979,1305685140
dedlam,31.23208707,121.45591736,1309813680
dedlam,31.215929,121.39016,1321604820
dedlam,3.06923,101.573,1296979980
dedlam,33.935743,151.167371,1314995280
dedlam,22.28301667,114.17306111,1340853840
dedlam,31.215911,121.390196,1309635480
dedlam,31.15104639,121.79816723,1328304360
dedlam,31.11599565,121.2201857,1313629320
dedlam,22.145949,113.55303,1309094520
dedlam,31.17992796,121.42927766,1315622100
dedlam,31.216799,121.389361,1310499180
dedlam,22.28132254,114.17127299,1340950200
dedlam,31.2110705,121.3954125,1298154660
dedlam,33.818532,151.020164,1294310220
dedlam,31.216972,121.389544,1311971340
dedlam,31.216942,121.38979,1319864580
dedlam,31.22645,121.444152,1319767140
dedlam,31.216096,121.390049,1319271360
dedlam,31.22871116,121.45647709,1315551360
dedlam,31.2301,121.464406,1290393720
dedlam,4.579894,101.090432,1296706500
dedlam,50.63879254,3.07600021,1293011700
dedlam,31.216096,121.390049,1319202960
dedlam,22.31291966,114.04211998,1289924400
dedlam,31.216799,121.389361,1310323980
dedlam,31.19598986,121.32378101,1323215640
dedlam,31.216096,121.390049,1320843060
dedlam,31.216965,121.389781,1315582080
dedlam,35.63928412,139.73029017,1307444100
dedlam,31.228533,121.456304,1320961140
dedlam,31.215393,121.388265,1294082580
dedlam,31.228568,121.45662,1325651700
dedlam,31.22871116,121.45647709,1311552540
dedlam,31.225292,121.457112,1291072740
dedlam,31.2110705,121.3954125,1298370360
dedlam,31.1954025,121.32760048,1291706100
dedlam,31.21899,121.54922,1290919560
dedlam,31.15238692,121.80156827,1327043460
dedlam,22.28124086,114.17135974,1340873220
dedlam,31.216096,121.390049,1318187580
dedlam,31.22871116,121.45647709,1312756800
dedlam,31.223675,121.544074,1314517020
dedlam,19.09590265,72.87574768,1316791920
dedlam,31.215883,121.390151,1311339120
dedlam,31.232244,121.457089,1324502220
dedlam,31.2215424,121.4613345,1301709900
dedlam,31.216942,121.38979,1317121080
dedlam,31.147631,121.799594,1299913860
dedlam,31.207127,121.4267867,1322310000
dedlam,31.216942,121.38979,1317286080
dedlam,31.232244,121.457089,1324502220
dedlam,31.216096,121.390049,1319969040
dedlam,22.31481542,113.92397404,1320055020
dedlam,51.512825,0.124871,1292666880
dedlam,31.216799,121.389361,1310288400
dedlam,31.216972,121.389544,1311622020
dedlam,31.215393,121.388265,1291110600
dedlam,31.23172685,121.456171,1320699780
dedlam,31.228568,121.45662,1317352920
dedlam,28.843898,153.551986,1299458400
dedlam,31.215911,121.390196,1309604340
dedlam,4.579894,101.090432,1296527460
dedlam,33.87163596,151.20760202,1308433560
dedlam,31.215929,121.39016,1321875840
dedlam,31.228533,121.456304,1319418600
dedlam,3.06923,101.573,1296342420
dedlam,31.215393,121.388265,1295899200
dedlam,22.28091156,114.1710334,1340924160
dedlam,31.216096,121.390049,1320783060
dedlam,31.215393,121.388265,1294841460
dedlam,31.215393,121.388265,1288537020
dedlam,22.31381296,113.92498255,1315034640
dedlam,31.228568,121.45662,1317754500
dedlam,31.215609,121.557491,1313918940
dedlam,31.15229511,121.80155754,1316830860
dedlam,31.225292,121.457112,1294611540
dedlam,39.89646465,116.454788,1323244740
dedlam,31.206097,121.470103,1294794120
dedlam,31.225292,121.457112,1290056880
dedlam,31.215393,121.388265,1286481000
dedlam,37.0052216,174.78280306,1320248820
dedlam,31.164372,121.547393,1315045500
dedlam,22.28136008,114.17144054,1340872980
dedlam,22.31291966,114.04211998,1289898780
dedlam,31.22458248,121.47061586,1313150100
dedlam,31.216972,121.389544,1311622020
dedlam,51.5221521,0.0870486,1292764440
dedlam,31.225292,121.457112,1294896660
dedlam,31.22871116,121.45647709,1310506380
dedlam,31.216965,121.389781,1312700820
dedlam,31.226061,121.547715,1306045920
dedlam,31.21001197,121.46398544,1305349860
dedlam,31.222432,121.470296,1315704660
dedlam,31.216942,121.38979,1321073340
dedlam,33.938243,151.168859,1314996960
dedlam,18.9641705,72.806683,1316605440
dedlam,18.9641705,72.806683,1316537580
dedlam,31.228568,121.45662,1322002020
dedlam,22.312987,113.935116,1316334240
dedlam,31.2311913,121.4542591,1286764200
dedlam,31.152032,121.799371,1316319420
dedlam,51.47066437,0.45790672,1292381160
dedlam,3.07849832,101.58903122,1296273300
dedlam,31.228533,121.456304,1319500500
dedlam,35.63476084,139.7160396,1318662960
dedlam,31.225292,121.457112,1294810140
dedlam,31.220654,121.461675,1324779720
dedlam,31.215393,121.388265,1288778700
dedlam,31.225292,121.457112,1289191020
dedlam,22.313798,113.930276,1320301860
dedlam,28.643387,153.612224,1299205320
dedlam,22.28091156,114.1710334,1340924160
dedlam,33.89806198,151.23418808,1299550140
dedlam,1.283748,103.860487,1318942080
dedlam,4.596747,101.07879,1296519360
dedlam,31.21869,121.415067,1319942100
dedlam,35.77378514,140.387777,1312341240
dedlam,31.2110705,121.3954125,1295899500
dedlam,31.15310309,121.80533409,1297929360
dedlam,2.74896,101.71292782,1328281980
dedlam,31.220496,121.41181304,1322292780
dedlam,31.231979,121.45591,1288921080
dedlam,31.23172685,121.456171,1323896700
dedlam,3.118082,101.635518,1327740780
dedlam,31.215393,121.388265,1289215800
dedlam,22.31530176,113.93483162,1320044400
dedlam,31.2105134,121.4455524,1301051940
dedlam,33.93638164,151.16612434,1294436220
dedlam,22.28132636,114.17141643,1340873700
dedlam,31.228533,121.45633618,1331200860
dedlam,31.23603178,121.47149563,1311061260
dedlam,22.31381296,113.92498255,1321582920
dedlam,31.216965,121.389781,1315825380
dedlam,31.2110705,121.3954125,1304331840
dedlam,31.228568,121.45662,1329427620
dedlam,31.216942,121.38979,1316958060
dedlam,22.31530176,113.93483162,1321575600
dedlam,22.31422982,113.9241457,1314604740
dedlam,31.237557,121.495726,1301819460
dedlam,31.215002,121.391197,1314495900
dedlam,31.216096,121.390049,1317397020
dedlam,39.913028,116.40988827,1291726200
dedlam,31.216096,121.390049,1318580220
dedlam,22.316602,113.926563,1316823420
dedlam,31.19598986,121.32378101,1332706080
dedlam,31.210318,121.371464,1319250900
dedlam,31.215929,121.39016,1325598420
dedlam,3.078465,101.5880655,1296340500
dedlam,31.216972,121.389544,1312028040
dedlam,31.23115132,121.45475864,1319679600
dedlam,31.216965,121.389781,1312660680
dedlam,51.5221521,0.0870486,1292764440
dedlam,22.28018261,114.16983612,1340927040
dedlam,31.216096,121.390049,1319572080
dedlam,31.212218,121.46665,1304238780
dedlam,22.31536132,113.93558264,1294123140
dedlam,22.31448788,113.92472506,1321355820
dedlam,22.3120611,114.0404731,1289874900
dedlam,3.047832,101.585274,1296383220
dedlam,31.228568,121.45662,1326321420
dedlam,51.5134465,0.1243685,1292668500
dedlam,31.23254349,121.456417,1333073940
dedlam,33.859157,151.208632,1314690240
dedlam,31.143759,121.815186,1321337520
dedlam,25.080706,121.238024,1320551400
dedlam,31.228366,121.45662,1315174620
dedlam,31.216965,121.389781,1312450920
dedlam,31.225292,121.457112,1297980780
dedlam,31.228533,121.45633618,1328516700
dedlam,31.228568,121.45662,1316130420
dedlam,33.865917,151.209649,1294165800
dedlam,31.225292,121.457112,1302480780
dedlam,31.216965,121.389781,1313160900
dedlam,31.216096,121.390049,1319366640
dedlam,22.31530176,113.93483162,1320301800
dedlam,31.215393,121.388265,1289130960
dedlam,31.23115132,121.45475864,1319617260
dedlam,3.15798707,101.70815602,1327745520
dedlam,33.814749,151.009891,1314702240
dedlam,22.28132464,114.17142209,1340872980
dedlam,18.93319851,72.82630474,1316494380
dedlam,31.23172685,121.456171,1328735220
dedlam,31.215929,121.39016,1324757700
dedlam,31.222902,121.549569,1318620480
dedlam,35.63928412,139.73029017,1318691940
dedlam,31.216972,121.389544,1311433140
dedlam,52.137938,1.358125,1344567420
dedlam,2.75517555,101.7039156,1297889400
dedlam,22.31530176,113.93483162,1309161240
dedlam,51.532215,0.125633,1292993940
dedlam,31.215883,121.390151,1310868960
dedlam,31.215393,121.388265,1290008160
dedlam,31.22671098,121.47389889,1330143180
dedlam,22.31530176,113.93483162,1297913640
dedlam,31.20461627,121.55365705,1312083900
dedlam,31.18115794,121.47134542,1288502640
dedlam,22.317097,113.932199,1314606540
dedlam,31.228645,121.457363,1315869120
dedlam,31.23172685,121.456171,1323896700
dedlam,36.84018483,174.76557255,1320105540
dedlam,22.5369563,114.11112785,1332820380
dedlam,31.225292,121.457112,1295560080
dedlam,31.22116944,121.39600754,1319958420
dedlam,31.228181,121.453612,1318554780
dedlam,31.191034,121.384072,1303526640
dedlam,31.225292,121.457112,1294099020
dedlam,31.23711426,121.49988413,1325301540
dedlam,31.219848,121.447693,1311245700
dedlam,33.8728029,151.1921525,1299019440
dedlam,2.75238927,101.70507431,1328278800
dedlam,31.2082734,121.4031642,1303023960
dedlam,31.2110705,121.3954125,1300960860
dedlam,31.2110705,121.3954125,1302859560
dedlam,31.1986054,121.38893723,1322986800
dedlam,31.2110705,121.3954125,1300112280
dedlam,1.36088925,103.98924351,1287497760
dedlam,31.15310309,121.80533409,1294482900
dedlam,31.227635,121.462037,1330678080
dedlam,31.236814,121.502416,1325290320
dedlam,31.228568,121.45662,1316059140
dedlam,31.159249,121.804155,1320029460
dedlam,19.09590265,72.87574768,1297605900
dedlam,31.223675,121.544074,1314517020
dedlam,39.89646465,116.454788,1323297120
dedlam,31.216965,121.389781,1313923740
dedlam,31.228533,121.456304,1318560780
dedlam,31.23172685,121.456171,1315170600
dedlam,31.2110705,121.3954125,1301861520
dedlam,31.15104639,121.79816723,1307404440
dedlam,31.228533,121.45633618,1328488560
dedlam,31.15054758,121.79751175,1327043400
dedlam,31.216965,121.389781,1314370560
dedlam,31.215393,121.388265,1295128500
dedlam,22.28133002,114.1714342,1340873340
dedlam,31.2218786,121.4699596,1309486020
dedlam,31.22105934,121.41149998,1319944380
dedlam,31.215393,121.388265,1290303300
dedlam,31.228568,121.45662,1315869120
dedlam,31.225292,121.457112,1288573920
dedlam,31.23172685,121.456171,1324415580
dedlam,19.09590265,72.87574768,1297868340
dedlam,22.31381296,113.92498255,1321348920
dedlam,31.228457,121.5553,1314519480
dedlam,31.215929,121.39016,1328354640
dedlam,31.215393,121.388265,1297933740
dedlam,31.216972,121.389544,1311674220
dedlam,22.295503,114.172329,1289616240
dedlam,31.216972,121.389544,1311594300
dedlam,31.1986054,121.38893723,1319356200
dedlam,31.20461627,121.55365705,1316315880
dedlam,31.23199533,121.45638943,1319749560
dedlam,19.09590265,72.87574768,1316361480
dedlam,2.75517555,101.7039156,1297544520
dedlam,3.06528,101.57572,1327786980
dedlam,22.540697,114.105938,1300851660
dedlam,19.10391691,72.86997557,1297674780
dedlam,31.2110705,121.3954125,1309176180
dedlam,25.03553721,121.56258345,1320315720
dedlam,22.308889,113.914722,1289961300
dedlam,31.225292,121.457112,1304373540
dedlam,18.92460119,72.83199012,1316688840
dedlam,22.28128385,114.1713869,1340873220
dedlam,3.06528,101.57572,1327612260
dedlam,31.23074766,121.46650672,1289271900
dedlam,22.31530176,113.93483162,1316823240
dedlam,18.9641705,72.806683,1316706240
dedlam,22.28107501,114.17213202,1308649080
dedlam,31.15325,121.80520535,1321326720
dedlam,31.235335,121.504536,1315272120
dedlam,33.81606,151.011702,1294357140
dedlam,31.2110705,121.3954125,1307713620
dedlam,31.14950383,121.80301666,1289974560
dedlam,35.676894,139.766684,1312114320
dedlam,31.215393,121.388265,1288869600
dedlam,31.23802,121.496313,1290931500
dedlam,31.228533,121.45633618,1326256380
dedlam,31.236402,121.505291,1315223220
dedlam,31.207184,121.407115,1292051280
dedlam,31.216965,121.389781,1312584840
dedlam,31.225292,121.457112,1301883540
dedlam,31.2264174,121.45854592,1324348020
dedlam,31.216972,121.389544,1312370820
dedlam,22.28131837,114.17141105,1340873460
dedlam,31.215393,121.388265,1295381580
dedlam,31.215883,121.390151,1310647560
dedlam,4.5970581,101.0833318,1296516840
dedlam,31.215929,121.39016,1328560440
dedlam,31.2082734,121.4031642,1292053620
dedlam,31.225292,121.457112,1295215500
dedlam,31.215929,121.39016,1324809600
dedlam,31.228533,121.45633618,1321998240
dedlam,51.50178,0.13078,1292570040
dedlam,31.215929,121.39016,1324188120
dedlam,31.21973,121.4653,1301709960
dedlam,22.31478565,113.92311573,1315035240
dedlam,18.9641705,72.806683,1316368620
dedlam,40.0797203,116.5903461,1291718100
dedlam,31.215911,121.390196,1309440540
dedlam,31.225412,121.547174,1325564640
dedlam,22.28130836,114.17142592,1340872680
dedlam,22.295503,114.172329,1289686320
dedlam,31.225292,121.457112,1309318560
dedlam,22.31413057,114.0410471,1289884980
dedlam,31.19323658,121.38407707,1321061040
dedlam,31.228568,121.45662,1320808680
dedlam,51.523118,0.082546,1292937240
dedlam,31.216096,121.390049,1318580220
dedlam,31.216965,121.389781,1315051380
dedlam,31.22131,121.47013123,1310259600
dedlam,22.28127965,114.17138969,1340873160
dedlam,31.228568,121.45662,1317191160
dedlam,3.06528,101.57572,1328218920
dedlam,31.225292,121.457112,1300144380
dedlam,31.636474,121.611154,1324027320
dedlam,31.15229511,121.80155754,1320585000
dedlam,31.2105134,121.4455524,1295604120
dedlam,31.215393,121.388265,1291977840
dedlam,31.225292,121.457112,1295389440
dedlam,31.215929,121.39016,1323085920
dedlam,33.815407,151.00947,1314831780
dedlam,31.1987733,121.3886243,1289092560
dedlam,31.215911,121.390196,1309784700
dedlam,31.15104639,121.79816723,1307404080
dedlam,31.23111069,121.45408809,1310089920
dedlam,22.28084667,114.17117665,1340950200
dedlam,35.7639465,140.38463116,1318890780
dedlam,33.84906894,151.08561516,1294385880
dedlam,22.31052053,113.92608885,1321586220
dedlam,31.229291,121.459056,1309744860
dedlam,22.31793195,113.93307209,1297916340
dedlam,31.210503,121.365781,1319254020
dedlam,31.221176,121.457856,1295616120
dedlam,31.228533,121.45633618,1323728760
dedlam,22.31530176,113.93483162,1321346040
dedlam,12.97317386,77.61967421,1321400700
dedlam,22.28126938,114.17138374,1340872800
dedlam,31.23111069,121.45408809,1288919940
dedlam,4.04393,101.31176,1296971820
dedlam,31.216799,121.389361,1311250740
dedlam,31.1986054,121.38893724,1298170140
dedlam,31.215393,121.388265,1300047720
dedlam,31.228608,121.455467,1286485800
dedlam,31.22871116,121.45647709,1311049860
dedlam,22.28127985,114.1713897,1340873280
dedlam,31.225292,121.457112,1309472580
dedlam,31.216965,121.389781,1315732980
dedlam,18.9641705,72.806683,1316476500
dedlam,31.215911,121.390196,1309860600
dedlam,31.25025327,121.39858496,1329529200
dedlam,31.2110705,121.3954125,1299925680
dedlam,18.96585,72.80429,1317647940
dedlam,31.215929,121.39016,1324757880
dedlam,31.20772127,121.51948968,1325807580
dedlam,37.00510594,174.78332877,1320248700
dedlam,31.23721377,121.50178954,1330827540
dedlam,51.53062,0.12553,1292996700
dedlam,22.28088437,114.1710304,1340921220
dedlam,31.213319,121.43941462,1310823120
dedlam,31.216965,121.389781,1315392900
dedlam,31.215393,121.388265,1300580040
dedlam,22.28088276,114.17109269,1340921340
dedlam,31.216972,121.389544,1311761160
dedlam,31.23025226,121.46104574,1309987500
dedlam,31.216096,121.390049,1318251600
dedlam,22.31530176,113.93483162,1320563760
dedlam,1.2826,103.86029229,1318942140
dedlam,31.22871116,121.45647709,1311717420
dedlam,31.228608,121.455467,1294955280
dedlam,31.185255,121.480658,1288514820
dedlam,31.237566,121.4957,1325557920
dedlam,22.2812997,114.17144634,1340873040
dedlam,31.225292,121.457112,1300055100
dedlam,31.17992796,121.42927766,1314405720
dedlam,31.2264644,121.4498267,1290604260
dedlam,31.231845,121.45589,1316161080
dedlam,4.5798071,101.090309,1327231440
dedlam,31.215393,121.388265,1289981580
dedlam,31.2110705,121.3954125,1298154660
dedlam,1.283748,103.860487,1319031600
dedlam,31.237566,121.4957,1310611080
dedlam,31.216965,121.389781,1315624200
dedlam,31.15325,121.80456161,1289599680
dedlam,31.225292,121.457112,1295473440
dedlam,12.97317386,77.61967421,1321454340
dedlam,31.15229511,121.80155754,1318627020
dedlam,31.232244,121.457089,1321996800
dedlam,19.10391691,72.86997557,1297855320
dedlam,50.83494445,4.33462143,1293108000
dedlam,31.187979,121.489444,1288519680
dedlam,31.23172685,121.456171,1320959400
dedlam,31.215883,121.390151,1311102780
dedlam,31.1986054,121.38893723,1311996360
dedlam,52.37861197,4.90054607,1293342600
dedlam,31.223076,121.471166,1291693140
dedlam,22.28124612,114.17136476,1340872680
dedlam,35.773461,140.388015,1318643100
dedlam,31.225292,121.457112,1309318560
dedlam,31.225292,121.457112,1294956420
dedlam,31.228533,121.456304,1320898080
dedlam,22.316602,113.926563,1320055440
dedlam,31.22871116,121.45647709,1314225720
dedlam,22.31569878,113.93749237,1289955600
dedlam,31.215393,121.388265,1288947300
dedlam,31.215929,121.39016,1323466260
dedlam,31.2210067,121.4112716,1311388200
dedlam,31.23245231,121.45685776,1332295560
dedlam,31.228662,121.455394,1303420980
dedlam,22.28127021,114.17138414,1340873100
dedlam,31.216096,121.390049,1319445360
dedlam,31.225292,121.457112,1288651440
dedlam,3.06528,101.57572,1327786980
dedlam,31.215929,121.39016,1323853680
dedlam,40.07974612,116.58850193,1323395940
dedlam,31.22069233,121.41182184,1322292540
dedlam,31.228533,121.456304,1319579220
dedlam,31.216965,121.389781,1313322300
dedlam,31.21766283,121.39418346,1331980800
dedlam,31.216224,121.389361,1310150280
dedlam,31.215929,121.39016,1320923940
dedlam,31.15325,121.80520535,1314584460
dedlam,31.207184,121.407115,1292115600
dedlam,18.954278,72.803285,1316537520
dedlam,31.225292,121.457112,1288831080
dedlam,31.1986054,121.38893723,1302339960
dedlam,1.283748,103.860487,1319158200
dedlam,31.2110705,121.3954125,1301071500
dedlam,31.225292,121.457112,1298334540
dedlam,31.21955462,121.44729137,1311236100
dedlam,31.216096,121.390049,1316082300
dedlam,12.97317386,77.61967421,1321386360
dedlam,31.225292,121.457112,1296105600
dedlam,18.92912247,72.82757521,1316424540
dedlam,31.228533,121.456304,1320619500
dedlam,31.215929,121.39016,1326215160
dedlam,22.28124019,114.17135879,1340873340
dedlam,22.3120611,114.0404731,1289803740
dedlam,22.31530176,113.93483162,1320053700
dedlam,31.22871116,121.45647709,1309814880
dedlam,22.31424,113.93247,1320044580
dedlam,31.203141,121.725637,1319200020
dedlam,22.28093178,114.17105268,1340872500
dedlam,31.14950383,121.80301666,1290334800
dedlam,31.237261,121.502341,1322274180
dedlam,31.2110705,121.3954125,1316839920
dedlam,31.228533,121.456304,1321240800
dedlam,22.19646488,113.55936527,1309042560
dedlam,31.221207,121.4456761,1320887880
dedlam,22.310923,113.926168,1314596340
dedlam,3.06923,101.573,1296201960
dedlam,31.1995502,121.3924319,1290299400
dedlam,51.5221521,0.0870486,1292643900
dedlam,4.579894,101.090432,1296441000
dedlam,22.28092439,114.1710257,1340920620
dedlam,31.225292,121.457112,1286765520
dedlam,31.15104639,121.79816723,1312088580
dedlam,31.22047213,121.41167164,1317439080
dedlam,31.228568,121.45662,1317009420
dedlam,31.225292,121.457112,1288573920
dedlam,31.21766283,121.39418346,1332702240
dedlam,22.31536132,113.93558264,1292321880
dedlam,31.216096,121.390049,1320590940
dedlam,1.35616989,103.98703337,1319170800
dedlam,33.798103,151.288639,1299723540
dedlam,51.50178,0.13078,1292569680
dedlam,33.901232,151.234355,1299551580
dedlam,22.317097,113.932199,1316338380
dedlam,31.19050199,121.41805904,1330833060
dedlam,31.2132786,121.43935204,1314361980
dedlam,31.216096,121.390049,1319797200
dedlam,31.210318,121.371464,1300085760
dedlam,31.216942,121.38979,1322307060
dedlam,31.2187839,121.44003868,1295313300
dedlam,31.2110705,121.3954125,1295951340
dedlam,51.50178,0.13078,1292921580
dedlam,31.215393,121.388265,1295264160
dedlam,31.216942,121.38979,1317808260
dedlam,31.216972,121.389544,1311971340
dedlam,31.228568,121.45662,1317078900
dedlam,33.814749,151.009891,1314888240
dedlam,2.75386814,101.70475245,1328275980
dedlam,22.28105193,114.17127021,1340948160
dedlam,22.31291966,114.04289246,1289888760
dedlam,22.14635004,113.56159687,1309083300
dedlam,31.228533,121.456304,1318207980
dedlam,31.228533,121.45633618,1321827300
dedlam,31.15310309,121.80533409,1299915240
dedlam,31.15325,121.80520535,1308303240
dedlam,22.2812709,114.17138521,1340873400
dedlam,22.314178,113.932405,1294469340
dedlam,31.21766283,121.39418346,1330632600
dedlam,35.629919,139.73339081,1318878780
dedlam,31.2110705,121.3954125,1305053220
dedlam,31.216096,121.390049,1317658920
dedlam,35.638467,139.7286324,1307592240
dedlam,22.28129076,114.17139509,1340872560
dedlam,37.00510594,174.78332877,1320095580
dedlam,33.815407,151.00947,1343783160
dedlam,22.64649203,113.81526947,1332883320
dedlam,31.19598986,121.32378101,1332899100
dedlam,31.21766283,121.39418346,1333716480
dedlam,31.187979,121.489444,1288534380
