edgarprado,24.02723071,104.67070209,1344731880
edgarprado,38.36601,0.43009,1343838480
edgarprado,23.95706,104.85053,1344818760
edgarprado,19.68128207,101.178554,1346446560
edgarprado,24.03116429,104.61274803,1344897480
edgarprado,51.53938173,0.01760254,1344070260
edgarprado,22.75546854,102.57647898,1344911520
edgarprado,24.027331,104.674411,1344882000
edgarprado,24.02620068,104.67022419,1344876540
edgarprado,42.26528395,3.14956395,1346236620
edgarprado,23.17366227,102.85893917,1344908100
edgarprado,20.67665564,101.34147406,1344928440
edgarprado,19.70328106,101.20076512,1345398360
edgarprado,24.02154,104.682754,1344884160
edgarprado,20.54267275,101.20592594,1344930480
edgarprado,51.53936588,0.01765175,1344070440
edgarprado,24.02395663,104.67022419,1344730080
edgarprado,24.01381987,104.6775009,1344866340
edgarprado,40.0642775,1.2856849,1346253180
edgarprado,19.70309926,101.20033915,1351768080
