ericwms,38.8942,77.0011,1307212500
ericwms,38.882573,76.994955,1313610180
ericwms,39.68928162,75.51986396,1314463080
ericwms,33.453543,94.125156,1309099260
ericwms,38.8530437,77.04231262,1326919380
ericwms,33.98273,117.373672,1352264700
ericwms,34.0999051,118.32926095,1351283520
ericwms,38.885359,76.99626,1317241020
ericwms,30.25319169,97.70063281,1309395000
ericwms,39.48102852,106.04614913,1329782760
ericwms,38.8500955,77.0424112,1329473820
ericwms,38.90329894,77.03941584,1302967980
ericwms,35.17882451,80.87862253,1346667900
ericwms,33.94389398,118.40502262,1352308860
ericwms,33.74766648,116.96645737,1351822980
ericwms,30.28499985,97.74410248,1309381740
ericwms,38.89240233,77.00540543,1316621040
ericwms,38.900296,76.989047,1346012160
ericwms,38.88583228,76.995911,1328367540
ericwms,38.916718,77.024119,1311985260
ericwms,34.74626733,92.25970745,1309091640
ericwms,38.987807,76.54611708,1315690080
ericwms,39.475901,106.047336,1329680460
ericwms,38.915151,77.02775,1349729340
ericwms,38.900521,76.987691,1307757060
ericwms,36.586135,82.262958,1308994800
ericwms,38.90683059,77.00334549,1313928780
ericwms,38.90683059,77.00334549,1352649480
ericwms,38.88901193,77.00722933,1326832200
ericwms,33.94342191,117.22840639,1351458300
ericwms,30.1313324,98.01355,1309539240
ericwms,34.05909932,118.34501088,1351273020
ericwms,30.2700723,97.7420755,1309384260
ericwms,38.929854,77.027976,1331072880
ericwms,33.99136571,117.34883268,1351718280
ericwms,38.90026215,76.99922401,1352404860
ericwms,38.886853,76.9961988,1310583900
ericwms,38.895021,77.001173,1308861480
ericwms,38.906139,77.004953,1352434380
ericwms,38.900215,76.989203,1307752020
ericwms,38.90065718,77.01713051,1349551260
ericwms,38.908533,76.997654,1350833700
ericwms,38.8530437,77.04231262,1350031380
ericwms,38.8044,77.0461,1312149060
ericwms,38.881983,76.994823,1304631720
ericwms,35.54115755,89.24732924,1309022940
ericwms,33.97391263,117.37462395,1351770960
ericwms,38.87620044,77.00746536,1342216200
ericwms,30.30142722,97.72077084,1309558080
ericwms,30.268569,97.736081,1309213080
ericwms,30.262983,97.76193,1309472460
ericwms,33.97692167,117.36514494,1352044440
ericwms,38.89333758,77.00699329,1332444780
ericwms,39.48536875,106.06723549,1329669720
ericwms,34.0591505,118.3403805,1351277700
ericwms,30.263798,97.763434,1309128600
ericwms,38.87282597,77.00752974,1308406620
ericwms,38.9817608,77.0959355,1308342420
ericwms,33.97331387,117.32812643,1351705080
ericwms,38.9097792,77.033293,1307648640
ericwms,33.99136571,117.34883268,1351465860
ericwms,38.93327678,76.99442092,1315942260
ericwms,40.74004052,73.98209328,1333239900
ericwms,40.77342438,73.87099743,1350041520
ericwms,38.91090471,77.04439402,1307656620
ericwms,40.75533,73.968463,1326927120
ericwms,38.90658012,77.00599551,1313325480
ericwms,38.87620044,77.00746536,1313170860
ericwms,36.51553982,78.20628728,1346600340
ericwms,38.882195,76.99510298,1332074640
ericwms,38.914716,77.03176,1331394300
ericwms,30.2850487,97.7290535,1309552260
ericwms,38.88349592,76.99478388,1313614500
ericwms,33.94342191,117.22840639,1352137440
ericwms,42.20874864,83.35979462,1317316200
ericwms,38.95396917,76.57393456,1315673040
ericwms,33.94342191,117.22840639,1352251140
ericwms,38.881983,76.994823,1308419040
ericwms,38.90683059,77.00334549,1314124800
ericwms,38.87660581,77.0222759,1333833540
ericwms,39.85197289,104.67374325,1330178640
ericwms,33.460445,94.081191,1309607040
ericwms,30.2615,97.7591,1309481400
ericwms,44.97830659,93.27561289,1343348940
ericwms,39.84993307,104.67391718,1329501840
ericwms,38.89063199,77.00579166,1352402700
ericwms,40.709996,73.962383,1333224600
ericwms,40.71021491,73.96283627,1333227840
ericwms,38.90262,76.99872,1274141640
ericwms,38.75509931,77.81315437,1344186180
ericwms,33.94389398,118.40502262,1350748440
ericwms,38.8530437,77.04231262,1351244700
ericwms,42.28429557,71.05410913,1350078540
ericwms,38.80541622,77.047078,1344793500
ericwms,38.56085981,76.04849171,1348959600
ericwms,38.883533,76.995598,1308398940
ericwms,29.42570622,98.484872,1309356240
ericwms,38.8862927,77.01008408,1327082520
ericwms,33.94389398,118.40502262,1350530220
ericwms,38.882195,76.99510298,1341003360
ericwms,33.94389398,118.40502262,1351267920
ericwms,33.94808457,117.33342251,1351808400
ericwms,33.84583722,117.25252915,1351433880
ericwms,42.353243,71.055325,1350149640
ericwms,38.87587431,77.00749147,1342987800
ericwms,38.87665147,77.01795816,1333835940
ericwms,45.58907124,122.59328127,1350516840
ericwms,33.98273,117.373672,1352259780
ericwms,30.30150132,97.72085667,1309210020
ericwms,38.930312,76.9975265,1316277300
ericwms,38.915813,77.032104,1352563080
ericwms,32.88506522,96.49987221,1309108560
ericwms,38.909318,77.033494,1307301240
ericwms,38.8530437,77.04231262,1350773220
ericwms,33.94389398,118.40502262,1351785960
ericwms,38.89333758,77.00699329,1311702420
ericwms,38.91277,77.012359,1315904160
ericwms,44.88369058,93.21129084,1343417160
ericwms,34.05349,118.245319,1351708260
ericwms,39.95297746,75.13472557,1314536400
ericwms,38.887118,77.002318,1333731900
ericwms,44.97901802,93.27502199,1343384760
ericwms,40.75018302,73.96738529,1326980880
ericwms,33.98273,117.373672,1352261940
ericwms,38.9003322,76.9893047,1308164400
ericwms,38.91269507,77.01234859,1313854800
ericwms,33.99136571,117.34883268,1351526700
ericwms,38.90262,76.99872,1274141640
ericwms,38.92098881,77.03591824,1352568840
ericwms,35.1527804,90.0396448,1309625880
ericwms,38.905607,77.037879,1313667360
ericwms,38.90270614,77.00234234,1332966600
ericwms,32.97486401,96.71416998,1309111320
ericwms,38.89709197,77.03131902,1331116260
ericwms,38.95263423,77.44790554,1344282540
ericwms,38.8869837,77.0075533,1325184900
ericwms,33.981462,117.37311132,1351565460
ericwms,38.898572,77.019895,1310320980
ericwms,38.880032,76.99507,1331338080
ericwms,38.929854,77.027976,1310504340
ericwms,39.05718386,77.0821166,1314555960
ericwms,38.9003113,76.989296,1346008680
ericwms,40.77342438,73.87099743,1344205440
ericwms,38.913454,77.013043,1313694300
ericwms,38.8999,77.01874957,1330266360
ericwms,38.9056577,77.0058522,1307304600
ericwms,38.9037146,77.00354,1307569920
ericwms,38.95233387,77.44794846,1303023840
ericwms,38.88388427,77.00853825,1327604580
ericwms,38.845072,76.99795106,1326717420
ericwms,33.99136571,117.34883268,1352254080
ericwms,38.916718,77.024119,1344647040
ericwms,38.8929604,77.020707,1307892660
ericwms,36.62841797,82.1504364,1308994320
ericwms,38.8988737,77.02069402,1349564040
ericwms,38.882237,76.9949736,1316026080
ericwms,33.94342191,117.22840639,1351951500
ericwms,33.99136571,117.34883268,1351626300
ericwms,38.89788999,77.005763,1311517680
ericwms,38.885168,76.996161,1316617440
ericwms,38.914254,77.031743,1330880700
ericwms,38.8530437,77.04231262,1350245040
ericwms,35.22491164,80.8396554,1346813520
ericwms,45.54839092,122.65207244,1350431280
ericwms,35.0444733,89.98188972,1330198320
ericwms,34.05909932,118.34501088,1350662580
ericwms,38.89595957,77.02124119,1330268040
ericwms,45.54836215,122.6520863,1350428700
ericwms,30.30142722,97.72077084,1309298040
ericwms,38.905607,77.037879,1314894480
ericwms,38.90309021,77.02294707,1342987860
ericwms,33.94342191,117.22840639,1352162640
ericwms,39.93317841,75.15926242,1314545040
ericwms,38.88003,76.9953419,1307137140
ericwms,33.94389398,118.40502262,1352309820
ericwms,38.90778235,77.02409506,1333813320
ericwms,44.88439755,93.21178436,1343345940
ericwms,30.30142722,97.72077084,1309468920
ericwms,30.28499985,97.74410248,1309126260
ericwms,38.91707708,77.04181262,1312491480
ericwms,38.99103707,76.37068748,1348940580
ericwms,34.77686981,92.20087051,1309089300
ericwms,38.8928282,77.00459003,1327522500
ericwms,38.913113,77.0457338,1307299500
ericwms,30.262983,97.76193,1309304460
ericwms,33.94808457,117.33342251,1351808820
ericwms,40.705483,74.017217,1333218120
ericwms,38.9779329,76.490648,1348934280
ericwms,38.929854,77.027976,1307479800
ericwms,39.476163,106.043907,1329522900
ericwms,35.22574425,80.84201574,1346630280
ericwms,38.8778487,77.1223314,1311969960
ericwms,38.90849403,76.99790791,1350833460
ericwms,38.90311487,77.02465451,1348346520
ericwms,38.95233387,77.44794846,1303023240
