frankneill,39.93353748,75.15910208,1278191880
frankneill,39.941644,75.14921553,1324817160
frankneill,40.08553,75.39103,1270137300
frankneill,39.8753114,75.2495199,1269284580
frankneill,40.7441,73.9852,1276028580
frankneill,41.8851586,87.6205745,1269462120
frankneill,27.97166263,82.73228645,1300967820
frankneill,40.08553,75.39103,1272281160
frankneill,40.08553,75.39103,1276861260
frankneill,39.9404,75.1458,1277564580
frankneill,39.93375962,75.15874356,1278021900
frankneill,40.0951249,75.41013,1271672100
frankneill,40.011107,75.208677,1279012800
frankneill,39.95177435,75.15985364,1347537960
frankneill,39.954129,75.168478,1296915300
frankneill,40.03691,75.34803,1274895000
frankneill,39.954836,75.167019,1286108160
frankneill,39.93703667,75.15456319,1293138780
frankneill,40.75037809,73.99287701,1303984860
frankneill,40.08553,75.39103,1268327220
frankneill,39.9370561,75.15467204,1345915440
frankneill,39.949381,75.145866,1317147420
frankneill,40.75889,73.98487,1276002000
frankneill,40.3323082,75.4835708,1304256240
frankneill,39.94,75.1421,1291752480
frankneill,39.94903404,75.14739813,1341663120
frankneill,39.93543839,75.15418213,1277560020
frankneill,40.0951249,75.41013,1268910420
frankneill,40.08553,75.39103,1273062120
frankneill,40.072765,75.431884,1304343300
frankneill,39.9425846,75.1570992,1271441340
frankneill,38.89811386,77.00613499,1276777980
frankneill,40.75608352,73.98951888,1349353620
frankneill,40.749926,73.98988732,1320768960
frankneill,40.0951249,75.41013,1274695680
frankneill,39.957132,75.182278,1345748880
frankneill,40.0951249,75.41013,1287575160
frankneill,40.0951249,75.41013,1275645180
frankneill,40.0918045,75.3998642,1293111480
frankneill,39.93724535,75.15441586,1277500800
frankneill,40.74731,73.99988,1272365040
frankneill,39.95357784,75.14901638,1330424400
frankneill,40.0951249,75.41013,1278419400
frankneill,40.08553,75.39103,1282645740
frankneill,39.93276,75.15982,1274917800
frankneill,35.84419,114.93613,1336350720
frankneill,40.758408,73.981826,1286303760
frankneill,40.08553,75.39103,1276084620
frankneill,39.9298628,75.1444998,1283035860
frankneill,44.976866,93.390634,1268749740
frankneill,39.950288,75.162717,1301516880
frankneill,39.951571,75.166804,1323812820
frankneill,39.94559326,75.15504256,1351762920
frankneill,40.75648987,73.98626804,1343746500
frankneill,40.75261955,73.99336294,1343729940
frankneill,40.0872735,75.39630532,1307559540
frankneill,39.90588466,75.1678133,1301659680
frankneill,40.0951249,75.41013,1272900960
frankneill,43.15811062,77.62033939,1315083060
frankneill,40.08553,75.39103,1275040680
frankneill,38.903245,77.021361,1276806720
frankneill,39.95626715,75.18201828,1277720460
frankneill,40.58637,76.22698,1318032540
frankneill,40.3642954,74.952127,1292681460
frankneill,40.05603,75.26875,1306351080
frankneill,40.08553,75.39103,1274178000
frankneill,39.90572829,75.16667604,1302895680
frankneill,33.64063339,84.43508148,1298926260
frankneill,39.974526,76.763843,1270650660
frankneill,40.08553,75.39103,1275672300
frankneill,39.941746,75.149021,1296143700
frankneill,39.949949,75.164385,1303331340
frankneill,39.9488847,75.1310397,1283605260
frankneill,40.097533,75.40926128,1311328260
frankneill,39.94262358,75.1571232,1341750300
frankneill,44.9853899,93.2760884,1268738820
frankneill,39.9506996,75.1631972,1287088320
frankneill,39.8783625,75.2394288,1269274620
frankneill,39.876455,75.243431,1268672220
frankneill,39.87650795,75.1178901,1309378380
frankneill,39.941991,75.152116,1331995560
frankneill,39.947839,75.173494,1305982380
frankneill,40.081458,75.390817,1286825520
frankneill,40.73665704,73.98686886,1292941380
frankneill,39.94903404,75.14739813,1347548220
frankneill,40.08553,75.39103,1277479740
frankneill,40.08553,75.39103,1279534380
frankneill,40.75590473,73.98888588,1275993000
frankneill,39.9369,75.1583,1273942680
frankneill,28.07410081,81.95139885,1301144460
frankneill,40.08553,75.39103,1270486740
frankneill,39.95437258,75.16879135,1330784220
frankneill,39.941746,75.149021,1306401780
frankneill,40.08553,75.39103,1276168200
frankneill,39.92133692,75.14525465,1333190580
frankneill,40.08553,75.39103,1275062580
frankneill,40.03691,75.34803,1274707200
frankneill,39.9371676,75.15447157,1278159360
frankneill,39.9413,75.1487,1273359360
frankneill,39.90571595,75.16657412,1283777100
frankneill,40.08553,75.39103,1279275000
frankneill,39.93276,75.15982,1269977580
frankneill,39.9058682,75.16655803,1286562060
frankneill,39.95107007,75.16939554,1342634700
frankneill,39.98347504,75.22310972,1283092080
frankneill,40.069644,75.29156082,1306492200
frankneill,40.757371,74.0004189,1288796820
frankneill,40.08553,75.39103,1268920440
frankneill,39.87700745,75.24244308,1298947260
frankneill,39.94262358,75.1571232,1345893960
frankneill,39.90555546,75.16660094,1271082540
frankneill,40.0951249,75.41013,1292853000
frankneill,40.08553,75.39103,1270552080
frankneill,44.978263,93.27266,1268826120
frankneill,39.91375601,75.11601239,1277593440
frankneill,39.94911406,75.161786,1330802880
frankneill,39.93890402,75.15831828,1305453240
frankneill,39.95000015,75.1284492,1341515640
frankneill,39.941644,75.14921553,1345798860
frankneill,40.08553,75.39103,1270124340
frankneill,40.75556303,73.98837183,1349352720
frankneill,40.0470962,75.3560514,1269948960
frankneill,39.9536273,75.1650703,1290506700
frankneill,40.08553,75.39103,1273854120
frankneill,39.952616,75.159445,1274814060
frankneill,39.90081475,75.16751289,1275150000
frankneill,40.7604462,73.9847665,1289481060
frankneill,40.08553,75.39103,1268936580
frankneill,40.03691,75.34803,1276263360
frankneill,39.9512,75.1637,1292016840
frankneill,39.925657,86.228725,1299858120
frankneill,40.737687,73.9876589,1270036920
frankneill,39.95150527,75.1621592,1293215220
frankneill,40.0918045,75.3998642,1291294200
frankneill,40.08553,75.39103,1275049440
frankneill,40.08553,75.39103,1271248920
frankneill,39.55087925,74.73603129,1341671460
frankneill,39.71517597,86.29765034,1299843780
frankneill,39.951401,75.173862,1291921620
frankneill,39.92950916,75.14493942,1302978240
frankneill,39.95076,75.162424,1321476540
frankneill,39.950288,75.162717,1274732760
frankneill,42.70013667,74.92327607,1315159320
frankneill,39.951173,75.1641904,1307437920
frankneill,41.03430509,73.6930275,1275571920
frankneill,39.93276,75.15982,1275520620
frankneill,39.94559326,75.15504256,1351678200
frankneill,39.955,75.1835,1272361620
frankneill,39.955744,75.181911,1352286720
frankneill,40.08553,75.39103,1274178180
frankneill,39.950689,75.1632,1319139900
frankneill,39.90572829,75.16667604,1303241100
frankneill,42.5589891,71.4259462,1283265840
frankneill,39.90594227,75.16655803,1317488160
frankneill,39.957297,75.182276,1272483660
frankneill,39.95093777,75.16374707,1303824000
frankneill,38.902833,77.024792,1276780800
frankneill,25.6923,80.16692,1296558660
frankneill,40.74404465,73.98373696,1340885640
frankneill,40.0951249,75.41013,1288607760
frankneill,39.954956,75.161755,1314112740
frankneill,39.94291414,75.15825391,1293204360
frankneill,41.886249,87.620637,1269342660
frankneill,39.944293,75.128746,1316269020
frankneill,39.9494,75.144,1273000020
frankneill,40.08553,75.39103,1273226940
frankneill,40.736934,73.99091,1277300160
frankneill,39.87618409,75.24209976,1283291520
frankneill,39.960969,75.14316916,1319839200
frankneill,39.90428801,75.16931534,1333971660
frankneill,47.615219,122.354319,1324407480
frankneill,41.886249,87.620637,1269302400
frankneill,40.0951249,75.41013,1288259220
frankneill,40.77901409,73.96279335,1316186040
frankneill,39.949381,75.145866,1341583380
frankneill,40.08553,75.39103,1270559040
frankneill,39.93365615,75.15881496,1277767200
frankneill,39.952616,75.159445,1303411500
frankneill,39.937,75.1545,1271430360
frankneill,39.93276,75.15982,1271975400
frankneill,39.9538077,75.1449989,1332422460
frankneill,40.7454288,73.9928856,1271325420
frankneill,40.09166477,75.39655209,1289592600
frankneill,39.94981228,75.16196271,1348330020
frankneill,40.08553,75.39103,1277825040
frankneill,39.87700745,75.24244308,1300907100
frankneill,40.08553,75.39103,1273576860
frankneill,39.94887335,75.14744997,1341565920
frankneill,39.949804,75.143681,1348166700
frankneill,40.08553,75.39103,1271781660
frankneill,41.8851586,87.6205745,1269431940
frankneill,39.950605,75.161914,1347613980
frankneill,44.94918,93.36958,1310832660
frankneill,39.87618409,75.24209976,1283238060
frankneill,40.0025,75.11804,1343142840
frankneill,40.0951249,75.41013,1270811700
frankneill,39.87700745,75.24244308,1301937600
frankneill,40.008914,75.216093,1307652180
frankneill,40.75671096,74.00100198,1352303580
frankneill,39.35424378,74.43810225,1332622920
frankneill,39.935236,75.154263,1352229900
frankneill,40.03691,75.34803,1276274340
frankneill,39.927106,75.0735042,1278276360
frankneill,39.948469,75.1573,1325355720
frankneill,39.94903404,75.14739813,1341565980
frankneill,39.71517597,86.29765034,1299870660
frankneill,40.0025,75.11804,1330516320
frankneill,40.03691,75.34803,1274707320
frankneill,39.9371676,75.15447157,1278159480
frankneill,40.03691,75.34803,1274967240
frankneill,39.93276,75.15982,1275520800
frankneill,39.95163528,75.16261253,1347616500
frankneill,40.0951249,75.41013,1289300460
frankneill,40.08553,75.39103,1276168260
frankneill,40.08553,75.39103,1271681280
frankneill,39.93276,75.15982,1273534500
frankneill,40.75681495,73.97043228,1286986740
frankneill,39.93276,75.15982,1269976620
frankneill,40.08553,75.39103,1273071660
frankneill,39.9488,75.1457,1274363700
frankneill,40.7507948,73.99357639,1340883780
frankneill,40.08553,75.39103,1272646680
frankneill,40.7406,73.9957,1303986660
frankneill,40.08553,75.39103,1273077720
frankneill,27.967388,82.731082,1300995480
frankneill,39.949804,75.143681,1350587100
frankneill,39.95220239,75.15962966,1293215100
frankneill,40.08553,75.39103,1277978820
frankneill,39.94903404,75.14739813,1345806360
frankneill,39.93276,75.15982,1271975460
frankneill,39.95248399,75.15798569,1319017080
frankneill,39.952616,75.159445,1277928900
frankneill,39.9641394,75.1406017,1295466000
frankneill,42.700585,74.924739,1315159980
frankneill,39.95206454,75.14504671,1341581460
frankneill,41.886568,87.624754,1301957400
frankneill,39.95557633,75.18212557,1340876700
frankneill,39.941644,75.14921553,1341564840
frankneill,39.95102584,75.163471,1321649820
