gyrus,36.214288,81.682519,1308836760
gyrus,40.04498,75.52385,1307555580
gyrus,36.214288,81.682519,1309867140
gyrus,36.267117,81.499273,1309126680
gyrus,36.214288,81.682519,1308158640
gyrus,36.12213058,81.82963365,1309714140
gyrus,36.214288,81.682519,1308306480
gyrus,35.877425,78.789078,1307354100
gyrus,36.267117,81.499273,1308952740
gyrus,36.267117,81.499273,1309796040
gyrus,36.267117,81.499273,1308952740
gyrus,36.214288,81.682519,1307970840
gyrus,36.214288,81.682519,1309185240
gyrus,36.214288,81.682519,1308049380
gyrus,36.2169623,81.6798439,1308762480
gyrus,36.11110842,81.81703872,1309709340
gyrus,39.942575,75.158006,1307653020
gyrus,36.267117,81.499273,1310071800
gyrus,36.214288,81.682519,1310144580
gyrus,36.214288,81.682519,1305894300
gyrus,36.111581,81.810035,1309704300
gyrus,36.000287,78.909226,1307309880
gyrus,35.877425,78.789078,1307706300
gyrus,36.43063965,81.43572963,1308739980
gyrus,36.267117,81.499273,1308346560
gyrus,36.214288,81.682519,1309958160
gyrus,36.214288,81.682519,1308757440
gyrus,36.214288,81.682519,1306842540
gyrus,36.11475418,81.81648438,1309709940
gyrus,36.214288,81.682519,1308763740
gyrus,36.111581,81.810035,1309707780
gyrus,39.87700745,75.24244308,1307642700
gyrus,40.047854,75.522294,1307479560
gyrus,36.214288,81.682519,1308763740
gyrus,36.214288,81.682519,1307102160
gyrus,36.214288,81.682519,1308575760
gyrus,40.047854,75.522294,1307561160
