hiddnmickey80,28.557483,81.3646549,1330837500
hiddnmickey80,28.4188436,81.58125401,1332543120
hiddnmickey80,28.418213,81.581841,1332552660
hiddnmickey80,28.47530159,81.46773912,1341966600
hiddnmickey80,28.39638623,81.55311073,1332102840
hiddnmickey80,28.418249,81.581863,1332552660
hiddnmickey80,28.4188436,81.58125401,1329077580
hiddnmickey80,28.43605334,81.47289276,1329355380
hiddnmickey80,28.64926994,81.33022606,1340991660
hiddnmickey80,28.60605427,81.40142098,1342513440
hiddnmickey80,28.82580135,81.31509304,1343193660
hiddnmickey80,28.66253591,81.383232,1353002460
hiddnmickey80,42.88457283,85.52945495,1346540160
hiddnmickey80,28.42825352,81.30043686,1346509560
hiddnmickey80,28.48357896,81.42764799,1331488560
hiddnmickey80,28.62390102,81.31462248,1332899640
hiddnmickey80,28.60861,81.39012673,1331217240
hiddnmickey80,28.65967691,81.33887,1332517260
hiddnmickey80,43.6897958,85.509199,1324734540
hiddnmickey80,28.64894152,81.32443486,1332900900
hiddnmickey80,28.6614641,81.39680386,1342725120
hiddnmickey80,28.65967691,81.33887,1328529900
hiddnmickey80,28.65619537,81.33499676,1347586680
hiddnmickey80,28.67181153,81.33787175,1328710680
hiddnmickey80,28.70407365,81.58019885,1350844200
hiddnmickey80,28.519549,81.376718,1305420360
hiddnmickey80,27.0781566,82.43983984,1350820440
hiddnmickey80,28.63212529,81.31938457,1341157260
hiddnmickey80,28.40774637,81.45070553,1347594780
hiddnmickey80,28.569209,81.372573,1330911960
hiddnmickey80,28.41952299,81.58239126,1327860600
hiddnmickey80,28.6614641,81.39680386,1349368860
hiddnmickey80,28.6558685,81.33319715,1332517080
hiddnmickey80,28.43605334,81.47289276,1334024700
hiddnmickey80,28.66274443,81.38259888,1333929000
hiddnmickey80,28.41930054,81.58244401,1329076440
hiddnmickey80,28.66330659,81.38439696,1342026960
hiddnmickey80,28.61380128,81.40261807,1328688240
hiddnmickey80,28.60861,81.39012673,1331341560
hiddnmickey80,29.62574064,82.37651283,1351882260
hiddnmickey80,28.61838426,81.38726223,1331673780
hiddnmickey80,28.418213,81.581841,1332552660
hiddnmickey80,28.70407365,81.58019885,1350952320
hiddnmickey80,28.40677863,81.58413433,1341354120
hiddnmickey80,29.87008567,81.3222213,1332001380
hiddnmickey80,28.4188436,81.58125401,1329692580
hiddnmickey80,29.18768544,81.0713768,1342980660
hiddnmickey80,28.82580135,81.31509304,1343418900
hiddnmickey80,28.62560862,81.31959915,1342451100
hiddnmickey80,28.79984915,81.335223,1326667740
hiddnmickey80,28.60861,81.39012673,1329362880
hiddnmickey80,28.43303429,81.47117615,1328560920
hiddnmickey80,28.62386212,81.31470592,1331080440
hiddnmickey80,28.47530159,81.46773912,1342381020
hiddnmickey80,28.418203,81.581833,1332554520
hiddnmickey80,28.54957577,81.38008062,1344043860
hiddnmickey80,48.87202263,2.34016836,1333322760
hiddnmickey80,28.51957024,81.37663918,1331180460
hiddnmickey80,28.7632007,81.28462933,1352673720
hiddnmickey80,28.800184,81.338583,1343695500
hiddnmickey80,41.58003028,85.05977838,1325636940
hiddnmickey80,28.60730221,81.39345394,1331696820
hiddnmickey80,28.47530159,81.46773912,1348090860
hiddnmickey80,28.48112,81.36872,1336404720
hiddnmickey80,28.43090203,81.30840898,1350540540
hiddnmickey80,28.65967691,81.33887,1327688460
hiddnmickey80,28.35812,81.55906,1336315380
hiddnmickey80,29.17846094,81.07950531,1342988580
hiddnmickey80,28.82580135,81.31509304,1342577040
hiddnmickey80,28.48357896,81.42764799,1345758360
hiddnmickey80,28.61375087,81.40258197,1333288980
hiddnmickey80,28.6614641,81.39680386,1342196340
hiddnmickey80,28.6614641,81.39680386,1352221440
hiddnmickey80,28.40476427,81.57979488,1329690060
hiddnmickey80,28.61845513,81.40891395,1332330360
hiddnmickey80,28.37067169,81.52228832,1342390260
hiddnmickey80,28.6614641,81.39680386,1340985480
hiddnmickey80,28.61387287,81.40266297,1332882840
hiddnmickey80,27.07305528,82.45056331,1350824940
hiddnmickey80,28.62386212,81.31470592,1331678580
hiddnmickey80,28.800184,81.338583,1344302700
hiddnmickey80,29.47248482,81.20787293,1352327280
hiddnmickey80,28.65866855,81.33797811,1344950280
hiddnmickey80,28.61370067,81.40259606,1327289580
hiddnmickey80,28.91813478,81.29632001,1341699300
hiddnmickey80,28.3928712,81.57060291,1330558980
hiddnmickey80,28.63212529,81.31938457,1348337820
hiddnmickey80,29.13750799,83.028652,1349608620
hiddnmickey80,28.68799473,81.39250696,1344342960
hiddnmickey80,29.89962668,81.31415535,1332005820
hiddnmickey80,28.82580135,81.31509304,1350963780
hiddnmickey80,28.800184,81.338583,1342311600
hiddnmickey80,28.6614641,81.39680386,1349300340
hiddnmickey80,28.66084543,81.38432717,1332971100
hiddnmickey80,28.53913099,81.35152403,1346377140
hiddnmickey80,49.0128509,2.55899906,1333326960
hiddnmickey80,28.569483,81.372574,1333320240
hiddnmickey80,28.404985,81.579529,1332553260
hiddnmickey80,28.66299861,81.38465881,1350074340
hiddnmickey80,28.62382235,81.31461309,1332897780
hiddnmickey80,28.46268893,81.30922338,1333581660
hiddnmickey80,28.82580135,81.31509304,1346288580
hiddnmickey80,28.82580135,81.31509304,1351299720
hiddnmickey80,28.6356514,81.36832424,1333731420
hiddnmickey80,28.41824,81.581825,1332555420
hiddnmickey80,28.61394889,81.40251629,1333232940
hiddnmickey80,28.56921253,81.37257475,1341627000
hiddnmickey80,28.418213,81.581841,1332547200
hiddnmickey80,28.39653156,81.44646434,1328997600
hiddnmickey80,28.63200151,81.31965305,1330887780
hiddnmickey80,28.6558685,81.33319715,1329756240
hiddnmickey80,48.86143981,2.33412266,1333318500
hiddnmickey80,43.219073,85.58015777,1324680060
hiddnmickey80,28.4188436,81.58125401,1330559760
hiddnmickey80,28.64894152,81.32443486,1329882600
hiddnmickey80,28.41824,81.58181,1332552660
hiddnmickey80,28.66291575,81.35912981,1329921420
hiddnmickey80,29.47228997,81.20813121,1352327580
hiddnmickey80,39.76018935,86.16384029,1328468040
hiddnmickey80,28.51947518,81.37666065,1348709340
hiddnmickey80,28.64894152,81.32443486,1332296760
hiddnmickey80,28.66253732,81.40212536,1333464480
hiddnmickey80,43.69024944,85.5166769,1346600520
hiddnmickey80,28.51957024,81.37663918,1330826340
hiddnmickey80,28.624001,81.314499,1332375420
hiddnmickey80,28.6086431,81.39012486,1333676760
hiddnmickey80,28.62387889,81.31464243,1332899700
hiddnmickey80,28.66654766,81.38066769,1344120180
hiddnmickey80,28.66299861,81.38465881,1349041620
hiddnmickey80,28.6086431,81.39012486,1333676760
hiddnmickey80,28.62393522,81.31466682,1331678640
hiddnmickey80,28.62392788,81.31462743,1331678640
hiddnmickey80,29.83431016,82.70224609,1344637380
hiddnmickey80,28.82580135,81.31509304,1346476800
hiddnmickey80,28.42846781,81.30028725,1346510100
hiddnmickey80,28.64899981,81.32441337,1343781600
hiddnmickey80,28.60861,81.39012673,1332981960
hiddnmickey80,28.569209,81.372573,1327280160
hiddnmickey80,28.61391788,81.40247949,1332465660
hiddnmickey80,28.40476427,81.57979488,1341352740
hiddnmickey80,43.688633,85.49376066,1346597400
hiddnmickey80,28.82580135,81.31509304,1341983520
hiddnmickey80,39.17931235,76.66867018,1346792460
hiddnmickey80,38.20525645,85.33147635,1324650300
hiddnmickey80,28.7987275,81.33693695,1341176700
hiddnmickey80,28.48357896,81.42764799,1344186240
hiddnmickey80,28.63296789,81.32066667,1329318540
hiddnmickey80,28.65711827,81.33636658,1344097680
hiddnmickey80,28.66438012,81.37545615,1344038460
hiddnmickey80,28.65967691,81.33887,1326716040
hiddnmickey80,28.665859,81.389494,1342121220
hiddnmickey80,28.43090203,81.30840898,1329460500
hiddnmickey80,28.418249,81.581863,1332553020
hiddnmickey80,27.99337157,82.37200595,1350243240
hiddnmickey80,28.63583546,81.32286072,1329317280
hiddnmickey80,28.66295826,81.38972763,1348435500
hiddnmickey80,28.63400091,81.36087959,1345227660
hiddnmickey80,28.62392281,81.31463489,1331678700
hiddnmickey80,49.01039641,2.55769599,1333326780
hiddnmickey80,28.54800582,81.3789618,1327483740
hiddnmickey80,28.51957024,81.37663918,1329358020
hiddnmickey80,28.54957577,81.38008062,1341020640
hiddnmickey80,28.54790352,81.39783996,1336177440
hiddnmickey80,28.69070065,81.35469837,1347726060
hiddnmickey80,28.404987,81.579582,1332552660
hiddnmickey80,28.623575,81.315071,1332895080
hiddnmickey80,28.80466931,81.33805275,1341693900
hiddnmickey80,29.89934249,81.31329889,1332031260
hiddnmickey80,28.66238599,81.38502506,1345489440
hiddnmickey80,28.6614641,81.39680386,1350403260
hiddnmickey80,28.62348307,81.31511101,1332899580
hiddnmickey80,28.70430225,81.58024169,1353233340
hiddnmickey80,44.88439755,93.21178436,1346522040
hiddnmickey80,28.82580135,81.31509304,1344476640
hiddnmickey80,28.66274443,81.38259888,1349833140
hiddnmickey80,28.569209,81.372573,1326678960
hiddnmickey80,28.48634555,81.4310503,1331595000
hiddnmickey80,28.62386212,81.31470592,1332893160
hiddnmickey80,28.3711201,81.51768565,1342388880
hiddnmickey80,28.62389683,81.3147068,1332897480
hiddnmickey80,28.62386212,81.31470592,1333496460
hiddnmickey80,28.82580135,81.31509304,1344562620
hiddnmickey80,28.6614641,81.39680386,1349470020
hiddnmickey80,28.63583546,81.32286072,1328891640
hiddnmickey80,28.82580135,81.31509304,1353211260
hiddnmickey80,28.09539828,81.97521687,1350246480
hiddnmickey80,42.88457283,85.52945495,1346778060
hiddnmickey80,28.53913099,81.35152403,1342138080
hiddnmickey80,28.60548568,81.39518771,1333019220
hiddnmickey80,28.566891,81.36412382,1342524960
hiddnmickey80,28.594025,81.30660985,1325810460
hiddnmickey80,28.63201462,81.31913513,1331919300
hiddnmickey80,48.85836229,2.29457617,1333292820
hiddnmickey80,28.649032,81.32437348,1325965740
hiddnmickey80,28.54021604,81.38095057,1349564520
hiddnmickey80,28.811615,81.26838505,1343421900
hiddnmickey80,28.65967691,81.33887,1331921880
hiddnmickey80,28.79984915,81.335223,1349013000
hiddnmickey80,28.665859,81.389494,1342186740
hiddnmickey80,48.884167,2.332222,1333299180
hiddnmickey80,28.66240552,81.38997495,1342887540
hiddnmickey80,28.60861,81.39012673,1331179020
hiddnmickey80,28.35975588,81.56072974,1336322580
hiddnmickey80,28.623833,81.314499,1332375420
hiddnmickey80,28.82580135,81.31509304,1346989260
hiddnmickey80,28.54790352,81.39783996,1333932360
hiddnmickey80,28.569299,81.3727045,1341626040
hiddnmickey80,28.65908652,81.33802773,1333144080
hiddnmickey80,28.82580135,81.31509304,1343345040
hiddnmickey80,28.64894152,81.32443486,1328889840
hiddnmickey80,28.79984915,81.335223,1333822020
hiddnmickey80,28.65421993,81.33437604,1327424100
hiddnmickey80,28.64894152,81.32443486,1333505520
hiddnmickey80,28.59987446,81.41819732,1332685980
hiddnmickey80,28.43090203,81.30840898,1346801400
hiddnmickey80,48.86186331,2.33455181,1333318680
hiddnmickey80,28.47533321,81.46793872,1342381740
hiddnmickey80,28.56934803,81.37232627,1326506880
hiddnmickey80,43.21907312,85.58018033,1324679640
hiddnmickey80,28.36994155,81.52046132,1347756360
hiddnmickey80,28.54788602,81.39830589,1336177800
hiddnmickey80,28.68799473,81.39250696,1343735580
hiddnmickey80,28.68799473,81.39250696,1346325840
hiddnmickey80,29.89739637,81.31134868,1332011040
hiddnmickey80,28.623751,81.314865,1332371280
hiddnmickey80,28.66299861,81.38465881,1343668860
hiddnmickey80,28.569209,81.372573,1333246320
hiddnmickey80,42.88457283,85.52945495,1346739720
hiddnmickey80,28.66253591,81.383232,1348780260
hiddnmickey80,28.418203,81.581833,1332555000
hiddnmickey80,28.64894152,81.32443486,1327592760
hiddnmickey80,28.51957024,81.37663918,1329017820
hiddnmickey80,28.66228565,81.39038701,1331673300
hiddnmickey80,28.6086431,81.39012486,1333847820
hiddnmickey80,28.49301757,81.42997204,1336334220
hiddnmickey80,28.488511,81.429431,1350507420
hiddnmickey80,28.68799473,81.39250696,1348142220
hiddnmickey80,28.418247,81.581863,1332552660
hiddnmickey80,28.61810129,81.39303694,1332330480
hiddnmickey80,28.82580135,81.31509304,1342679100
hiddnmickey80,28.82580135,81.31509304,1342153080
hiddnmickey80,28.79984915,81.335223,1333892100
hiddnmickey80,28.43605334,81.47289276,1341010800
hiddnmickey80,28.66310417,81.37594658,1352489820
hiddnmickey80,28.569299,81.3727045,1330305300
hiddnmickey80,28.55752141,81.36469226,1348977420
hiddnmickey80,48.85846581,2.29470486,1333292880
hiddnmickey80,28.666758,81.376938,1330814880
hiddnmickey80,0.0,0.0,1332370800
hiddnmickey80,44.88439755,93.21178436,1346525400
hiddnmickey80,28.342523,81.526945,1332790980
hiddnmickey80,28.66136996,81.40079498,1347578340
hiddnmickey80,28.66253591,81.383232,1352750940
hiddnmickey80,28.65908652,81.33802773,1333025760
hiddnmickey80,28.56691087,81.402744,1333938420
