hodgman,42.35096091,71.06471633,1351967520
hodgman,34.05907726,118.27949905,1350405780
hodgman,41.33147857,72.01808364,1352039040
hodgman,42.35155279,71.06741336,1352019180
hodgman,42.35158892,71.06745361,1352019180
hodgman,42.3508619,71.06493174,1351967460
hodgman,42.35158892,71.06745361,1352019180
hodgman,42.35078658,71.06698766,1352019240
hodgman,40.67915854,73.97992314,1351723620
hodgman,40.78088,73.97718,1341508380
hodgman,42.29216055,71.13150478,1352036640
hodgman,40.78088,73.97718,1352593080
hodgman,42.47315,71.09823,1350683940
hodgman,40.95709596,75.11666643,1351787340
hodgman,42.34852586,71.07099176,1352029380
hodgman,42.34852586,71.07099176,1352029320
hodgman,42.34852586,71.07099176,1352029380
hodgman,35.84603,78.6572,1352253780
hodgman,42.8386281,89.0302595,1333132740
hodgman,42.34820368,71.07133629,1352019120
hodgman,42.35158892,71.06745361,1352019180
hodgman,42.35158892,71.06745361,1352019240
hodgman,41.07757911,73.45225206,1352046060
hodgman,42.35159601,71.06752094,1352019240
hodgman,42.04542,87.69876,1350232140
hodgman,40.69744,73.97968,1352596740
