hrhutchi,33.02012621,117.2739702,1343955060
hrhutchi,33.08579579,117.26813535,1346196660
hrhutchi,33.02018717,117.27388491,1347534420
hrhutchi,32.75894946,117.14650417,1346687760
hrhutchi,32.87542061,117.23702839,1326205800
hrhutchi,33.02017089,117.2738215,1344093000
hrhutchi,34.37675507,117.69138336,1333899780
hrhutchi,33.070754,117.266505,1346595960
hrhutchi,32.87565778,117.23581527,1333995420
hrhutchi,38.28832133,122.2612061,1324775160
hrhutchi,38.28851,122.261268,1324835460
hrhutchi,32.87549957,117.23718152,1326209580
hrhutchi,33.02032503,117.27403063,1347534720
hrhutchi,32.73284426,117.20114859,1326412260
