hutchmo,36.13673,86.803214,1330723380
hutchmo,30.788035,91.37794,1329591240
hutchmo,36.17651934,86.75019352,1333140420
hutchmo,36.175668,86.79265,1353103200
hutchmo,36.152701,86.80391666,1324647000
hutchmo,36.130599,86.802348,1333638300
hutchmo,36.18210374,86.74873352,1353154800
hutchmo,36.156916,86.76989079,1333728360
hutchmo,36.13708065,86.778568,1330550220
hutchmo,35.914391,86.82689731,1329433680
hutchmo,36.1435585,86.80877209,1321107900
hutchmo,36.13708065,86.778568,1330191120
hutchmo,36.170159,86.769743,1327158600
hutchmo,36.170159,86.769743,1330529580
hutchmo,36.142954,86.79188,1341675420
hutchmo,36.14423428,86.80718422,1320703200
hutchmo,36.18664,86.78513,1352476620
hutchmo,36.1461012,86.858051,1330955700
hutchmo,36.18014662,86.7906189,1327353000
hutchmo,36.14653,86.808566,1324671480
hutchmo,36.20481058,86.72392309,1340828760
hutchmo,36.16431682,86.77995846,1320939540
hutchmo,36.15665734,86.76967621,1329748440
hutchmo,36.16414372,86.77933828,1328541540
hutchmo,33.44689405,86.73251152,1323009780
hutchmo,36.12753205,86.84559943,1346331780
hutchmo,36.156916,86.76989079,1327780260
hutchmo,30.32037735,86.137255,1325339640
hutchmo,36.14423428,86.80718422,1324150860
hutchmo,33.44689405,86.73251152,1325088060
hutchmo,36.18495196,86.75433331,1326035340
hutchmo,36.18162676,86.79232363,1330263600
hutchmo,36.16349902,86.778888,1328887620
hutchmo,36.12277952,86.78978205,1324918260
hutchmo,36.13841,86.800747,1321738080
hutchmo,36.18151941,86.7920791,1327444560
hutchmo,32.36592824,88.670786,1329671220
hutchmo,36.17110512,86.78808689,1336227240
hutchmo,36.18159588,86.79194834,1324663500
hutchmo,36.17071421,86.78849842,1347545820
hutchmo,36.15691161,86.76986147,1336242900
hutchmo,36.13708065,86.778568,1321393560
hutchmo,36.16433448,86.78024523,1343140860
hutchmo,36.13708065,86.778568,1336240080
hutchmo,36.13708065,86.778568,1328975220
hutchmo,36.18153038,86.79217495,1330301040
hutchmo,36.15932536,86.77830219,1323990780
hutchmo,35.91680372,86.81079761,1328028480
hutchmo,36.12277952,86.78978205,1324656120
hutchmo,36.16388738,86.78054457,1351978920
hutchmo,36.1461012,86.858051,1321294800
hutchmo,39.17934561,76.67109489,1326647580
hutchmo,36.10597654,86.76241907,1328912760
hutchmo,36.10862347,86.81707447,1347633960
hutchmo,36.1621458,86.86089669,1341071340
hutchmo,36.16300345,86.77654016,1330700160
hutchmo,36.18485749,86.75474167,1347121320
hutchmo,36.17705629,86.74974203,1321188480
hutchmo,36.20606153,86.6953361,1327099260
hutchmo,36.17500894,86.78958625,1345732980
hutchmo,36.17071421,86.78849842,1345731720
hutchmo,36.18199537,86.79226168,1327017420
hutchmo,40.78892493,73.09753418,1326546540
hutchmo,35.94514377,86.80965414,1348534260
hutchmo,36.105741,86.813719,1321476060
hutchmo,36.18495196,86.75433331,1328627700
hutchmo,36.13708065,86.778568,1321122180
hutchmo,36.18158497,86.79192211,1324663320
hutchmo,36.1779314,86.75102775,1352733840
hutchmo,36.10503888,86.81733435,1333660140
hutchmo,36.182295,86.735601,1329075540
hutchmo,36.151877,86.843894,1324134060
hutchmo,35.06892954,86.57289337,1353245220
hutchmo,36.18158637,86.79207519,1329840060
hutchmo,36.1435585,86.80877209,1353187800
hutchmo,36.145991,86.79919,1333466160
hutchmo,36.15665734,86.76967621,1329748440
hutchmo,36.152203,86.846295,1352723220
hutchmo,36.204253,86.725254,1324130760
hutchmo,36.12943907,86.778408,1328907960
hutchmo,36.12126775,86.790329,1330190100
hutchmo,36.14775175,86.66677594,1328797620
hutchmo,36.18495196,86.75433331,1327245780
hutchmo,34.78398996,86.94601536,1325080620
hutchmo,35.91680372,86.81079761,1328028480
hutchmo,36.18121028,86.79184854,1327847160
hutchmo,36.18157396,86.79213157,1330305480
hutchmo,36.03403875,86.79278612,1352577420
hutchmo,36.13708065,86.778568,1330788360
hutchmo,36.18133256,86.79183868,1324664700
hutchmo,36.18162676,86.79232363,1330263540
hutchmo,36.18210374,86.74873352,1345287420
hutchmo,36.02640152,86.79342906,1331231400
hutchmo,36.14890508,86.8051444,1321209120
hutchmo,36.170515,86.788718,1324070040
hutchmo,36.15691161,86.76986147,1336242960
hutchmo,36.18150585,86.79219288,1327295400
hutchmo,36.17837124,86.74965701,1328994360
hutchmo,36.16414372,86.77933828,1330614660
hutchmo,36.143598,86.80443768,1332013320
hutchmo,36.18143667,86.79229391,1326852360
hutchmo,36.18485749,86.75474167,1344700200
hutchmo,36.15665734,86.76967621,1325946600
hutchmo,35.61359775,88.818766,1323466320
hutchmo,36.1664454,86.77134991,1324738920
hutchmo,36.13708065,86.778568,1323527640
hutchmo,36.17575449,86.75678815,1345238340
hutchmo,35.04417465,85.3092885,1345387020
hutchmo,36.164329,86.77850806,1325691180
hutchmo,36.13708065,86.778568,1329764100
hutchmo,36.182539,86.735648,1321729320
hutchmo,35.89584665,86.9967228,1353160740
hutchmo,36.17192133,86.79742098,1324158480
hutchmo,36.170159,86.769743,1321045380
hutchmo,36.10508098,86.81516647,1330548360
hutchmo,36.13708065,86.778568,1327777980
hutchmo,36.18210374,86.74873352,1346612760
hutchmo,36.13630641,86.80085421,1332445080
hutchmo,36.14203825,86.771506,1322859420
hutchmo,36.11374758,86.92153834,1333312320
hutchmo,36.15276679,86.779919,1333656420
hutchmo,36.18148294,86.79191425,1324664100
hutchmo,36.14653,86.808566,1321024380
hutchmo,36.164377,86.781383,1329404760
hutchmo,36.14423428,86.80718422,1328741880
hutchmo,40.8061,73.294198,1326551520
hutchmo,36.13708065,86.778568,1329764100
hutchmo,36.164329,86.77850806,1326293400
hutchmo,36.18195853,86.79269189,1336399020
hutchmo,36.1779314,86.75102775,1323356280
hutchmo,36.13678,86.80132138,1330724340
hutchmo,36.10597654,86.76241907,1324831440
hutchmo,36.02622986,86.79362833,1322572020
hutchmo,36.146181,86.799403,1333483080
hutchmo,36.15665734,86.76967621,1329059160
hutchmo,36.151877,86.843894,1333804560
hutchmo,36.10572243,86.81436181,1326491940
hutchmo,36.16388738,86.78054457,1333832280
hutchmo,36.134591,86.82469,1330790940
hutchmo,36.16414372,86.77933828,1342447440
hutchmo,36.10597654,86.76241907,1351286760
hutchmo,36.152479,86.775563,1328976480
hutchmo,36.17716381,86.75045492,1322088120
hutchmo,36.164433,86.77993,1326381660
hutchmo,36.16723251,86.78344727,1331036700
hutchmo,36.18143436,86.79230358,1327295520
hutchmo,36.15787875,86.80108488,1346434200
