iphonegirl,43.70006886,79.39489995,1350586200
iphonegirl,43.64797195,79.37480149,1350738540
iphonegirl,43.64509725,79.38040495,1351240140
iphonegirl,43.70566584,79.42492199,1350325980
iphonegirl,43.70705229,79.45241459,1347031800
iphonegirl,43.69756107,79.39659504,1350294600
iphonegirl,43.70395603,79.46292075,1350299460
iphonegirl,43.70797715,79.39831488,1351107060
iphonegirl,43.697837,79.389183,1351718580
iphonegirl,43.78026977,79.49939938,1346871720
iphonegirl,43.70173797,79.39722638,1350679560
iphonegirl,43.64797195,79.37480149,1350737280
iphonegirl,43.655618,79.399013,1353264240
iphonegirl,43.70262578,79.39739131,1351887960
iphonegirl,43.648378,79.381948,1353534720
iphonegirl,43.70411888,79.42118559,1350501240
iphonegirl,43.70166798,79.39380025,1350586080
iphonegirl,43.64867704,79.37167041,1350142200
iphonegirl,43.77314482,79.53186147,1346784300
iphonegirl,43.698791,79.396707,1352322960
iphonegirl,43.70417885,79.46249127,1351695960
iphonegirl,43.72615252,79.45208076,1351627980
iphonegirl,43.78607371,79.47522504,1347563220
iphonegirl,43.65851889,79.38177038,1345998180
iphonegirl,43.7093493,79.39884264,1349378700
iphonegirl,43.69803872,79.40107316,1350501600
iphonegirl,43.65458116,79.38092782,1351958400
iphonegirl,43.66132118,79.3836236,1349463840
iphonegirl,43.70864213,79.39818691,1350678060
iphonegirl,43.78209049,79.49020758,1347614640
iphonegirl,43.6414482,79.38527584,1352145960
iphonegirl,43.70916158,79.44322747,1350557220
iphonegirl,43.70347577,79.46370081,1350564540
iphonegirl,43.72008,79.457965,1347722340
iphonegirl,43.65103831,79.38209598,1353535800
iphonegirl,43.76683167,79.54487172,1347562020
iphonegirl,43.79231369,79.44631121,1347011880
iphonegirl,43.64797195,79.37480149,1350738240
iphonegirl,43.77536559,79.51304347,1348482360
iphonegirl,43.7083193,79.39875467,1350677880
iphonegirl,43.650365,79.389078,1352159820
iphonegirl,43.78726381,79.4689972,1347012120
iphonegirl,43.7703313,79.54725834,1348165500
iphonegirl,43.70295804,79.46450024,1350498000
iphonegirl,43.65448681,79.38097068,1353181980
iphonegirl,43.70172706,79.39682501,1350683880
iphonegirl,43.7106136,79.40114872,1350678000
iphonegirl,43.78359969,79.48580344,1350387660
iphonegirl,43.6434125,79.37917113,1353249840
iphonegirl,43.70365435,79.46248725,1350498240
iphonegirl,43.70682254,79.39672061,1353093060
iphonegirl,43.70195489,79.38874414,1350735240
iphonegirl,43.70687998,79.39862251,1350067380
iphonegirl,43.79071303,79.45252557,1347012000
iphonegirl,43.70172517,79.39688654,1350684120
iphonegirl,43.70367665,79.46249044,1350583980
iphonegirl,43.65058005,79.38155164,1353532920
iphonegirl,43.65284228,79.38034206,1351954740
iphonegirl,43.65539879,79.38041568,1351712820
iphonegirl,43.69707011,79.39658867,1349897220
iphonegirl,43.67005655,79.38705542,1350763800
iphonegirl,43.62934,79.27247,1350462660
iphonegirl,43.7080947,79.4270595,1350325740
iphonegirl,43.69816261,79.3966008,1350326520
iphonegirl,43.70953736,79.44131205,1350500580
iphonegirl,43.70172478,79.39682527,1350684000
iphonegirl,43.77536559,79.51304347,1348482300
