jameshuerta,32.20965,83.746735,1316267520
jameshuerta,43.148551,73.086941,1279366740
jameshuerta,40.689659,73.97293,1321998180
jameshuerta,40.75366162,73.97884369,1317986220
jameshuerta,40.78726,73.97604,1298327040
jameshuerta,40.7294,73.9836,1288486620
jameshuerta,40.69744,73.97968,1294774740
jameshuerta,40.75414,73.99061,1278689580
jameshuerta,40.69744,73.97968,1291655040
jameshuerta,40.755941,73.993773,1314040320
jameshuerta,40.756181,73.99344,1317304080
jameshuerta,39.3533332,74.4398506,1283608020
jameshuerta,40.77430186,73.87192011,1310748180
jameshuerta,40.79467,73.966654,1283094540
jameshuerta,40.64512192,73.78349304,1308124680
jameshuerta,40.7563,73.9936,1277370960
jameshuerta,43.1625069,73.0720381,1279455480
jameshuerta,40.75789441,73.986854,1323380460
jameshuerta,40.73403932,73.99066687,1285444440
jameshuerta,40.75414,73.99061,1274963880
jameshuerta,41.1741,73.30792,1322305020
jameshuerta,40.735627,74.0002389,1297455840
jameshuerta,40.7689547,73.9821839,1304020860
jameshuerta,40.7563,73.9936,1291627260
jameshuerta,40.65317,74.00678,1277396940
jameshuerta,40.736772,74.000943,1313936940
jameshuerta,41.138607,73.302295,1325174220
jameshuerta,40.782754,73.9524028,1316532060
jameshuerta,40.73454336,74.16384101,1312222680
jameshuerta,40.755937,73.993572,1291987380
jameshuerta,40.75414,73.99061,1283254740
jameshuerta,40.72826564,73.999216,1314648180
jameshuerta,40.75937256,73.9821105,1326991680
jameshuerta,40.689544,73.97232591,1315048260
jameshuerta,40.69744,73.97968,1294941060
jameshuerta,40.75388918,73.98386478,1312839120
jameshuerta,40.82826123,73.92597198,1282483980
jameshuerta,40.75579,73.9927,1286388540
jameshuerta,40.79324965,73.9518553,1311709860
jameshuerta,40.79467,73.966654,1278856800
jameshuerta,40.732639,74.001963,1311291480
jameshuerta,40.689607,73.972452,1315242240
jameshuerta,40.79467,73.966654,1286571060
jameshuerta,40.69744,73.97968,1286895600
jameshuerta,40.756181,73.99344,1318587300
jameshuerta,40.78726,73.97604,1292370420
jameshuerta,40.68647961,73.97434294,1315169160
jameshuerta,40.72233019,73.98676,1311805800
jameshuerta,33.801432,84.259123,1319368440
jameshuerta,40.69157227,73.97553921,1312724160
jameshuerta,40.77488685,73.98214817,1288993020
jameshuerta,40.689607,73.972452,1321186320
jameshuerta,40.64512192,73.78349304,1308861540
jameshuerta,40.755916,73.993804,1320073140
jameshuerta,40.75414,73.99061,1275919800
jameshuerta,30.49037843,81.68330669,1310919480
jameshuerta,40.689639,73.972643,1315265880
jameshuerta,40.69056353,73.9920643,1287878100
jameshuerta,40.82957637,73.92644405,1311364020
jameshuerta,40.756181,73.99344,1314365400
jameshuerta,40.77868912,73.98201942,1288954320
jameshuerta,40.755937,73.993572,1305303300
jameshuerta,40.78726,73.97604,1276816800
jameshuerta,40.725276,74.008101,1319731380
jameshuerta,40.71863981,73.95997167,1300828260
jameshuerta,40.58076561,73.83563519,1275237420
