joekanakaraj,40.827041,73.931833,1313252040
joekanakaraj,40.712379,73.956709,1272916920
joekanakaraj,40.68767,73.99661,1274218140
joekanakaraj,40.723175,73.99579,1311949620
joekanakaraj,40.68767,73.99661,1274141220
joekanakaraj,40.67887,73.99614,1275620460
joekanakaraj,40.67737,73.88758,1284217020
joekanakaraj,40.72588469,73.99244785,1345642920
joekanakaraj,40.71299,74.00344,1277395200
joekanakaraj,41.01139,73.86946,1289757120
joekanakaraj,40.8184114,73.9589903,1290635040
joekanakaraj,40.69744,73.97968,1341921420
joekanakaraj,40.72080298,73.9887793,1345817400
joekanakaraj,41.116326,73.777624,1290647700
joekanakaraj,40.8275866,73.9252314,1273083120
joekanakaraj,40.684643,73.999429,1272727380
joekanakaraj,40.72301983,73.995854,1329571680
joekanakaraj,40.75044987,73.99221104,1328364120
joekanakaraj,40.71299,74.00344,1277395140
joekanakaraj,40.71299,74.00344,1276884420
joekanakaraj,43.15322678,77.60819435,1307623680
joekanakaraj,40.8181246,73.9608315,1308953220
joekanakaraj,40.7292,73.9538,1286919000
joekanakaraj,40.71299,74.00344,1278509760
joekanakaraj,40.71272417,73.95666706,1347223980
joekanakaraj,40.71972146,73.98853826,1346355480
joekanakaraj,40.74211006,74.00500843,1332917220
joekanakaraj,40.732312,74.003879,1287178680
joekanakaraj,41.00841632,73.86017954,1288437060
joekanakaraj,40.684239,73.998029,1272732120
joekanakaraj,40.72654,73.94468,1290281340
joekanakaraj,40.71299,74.00344,1275509760
joekanakaraj,40.723175,73.99579,1321482060
joekanakaraj,39.12241739,108.52901159,1327002180
joekanakaraj,40.676761,73.980497,1285512720
joekanakaraj,44.128267,72.915612,1327755600
joekanakaraj,40.78088,73.97718,1283367540
joekanakaraj,40.72409645,73.99382953,1347372720
joekanakaraj,40.81354939,74.07454491,1292175120
joekanakaraj,41.0117242,73.8634912,1289764380
joekanakaraj,40.5131971,74.464098,1289707560
joekanakaraj,41.116326,73.777624,1288447500
joekanakaraj,40.6835049,73.999465,1273004160
joekanakaraj,40.78088,73.97718,1283361960
joekanakaraj,40.78088,73.97718,1287660180
joekanakaraj,40.728471,73.955791,1289100600
joekanakaraj,43.64861,70.3048355,1284886140
joekanakaraj,40.78088,73.97718,1278528120
joekanakaraj,40.78088,73.97718,1288376640
joekanakaraj,40.93604834,74.06987786,1327684680
joekanakaraj,40.8184114,73.9589903,1290642120
joekanakaraj,43.03613282,76.13651991,1328972280
joekanakaraj,44.13422161,72.84812454,1327755600
joekanakaraj,41.01139,73.86946,1290733260
joekanakaraj,40.5270174,74.4407569,1289663820
joekanakaraj,40.6842551,73.9970124,1274291820
joekanakaraj,40.728471,73.955791,1299900000
joekanakaraj,40.6835049,73.999465,1272572880
joekanakaraj,40.935828,74.069506,1327687980
joekanakaraj,40.9333815,74.07035859,1327691940
joekanakaraj,40.72110038,73.98792419,1346359080
joekanakaraj,40.712379,73.956709,1272665340
joekanakaraj,40.72410822,73.95038825,1346506560
joekanakaraj,40.69744,73.97968,1304135520
joekanakaraj,41.01139,73.86946,1292881320
joekanakaraj,40.8268,73.9265,1273081680
joekanakaraj,40.72654,73.94468,1286846820
joekanakaraj,40.721504,73.995029,1346858520
joekanakaraj,40.712379,73.956709,1273088580
joekanakaraj,41.0285,73.7645,1272827100
joekanakaraj,40.67742,73.998207,1304264100
joekanakaraj,40.724231,73.994307,1346409420
joekanakaraj,40.39271146,74.17668343,1306875360
joekanakaraj,40.741964,74.004793,1272469620
joekanakaraj,40.78088,73.97718,1286563680
joekanakaraj,40.72855,73.955619,1328472900
joekanakaraj,40.82693795,73.92819285,1273081680
joekanakaraj,40.68417378,73.99219295,1278627360
joekanakaraj,40.7145244,73.9659478,1272668100
joekanakaraj,40.78088,73.97718,1276680660
joekanakaraj,40.8184114,73.9589903,1290641160
joekanakaraj,41.01139,73.86946,1289648160
joekanakaraj,40.78088,73.97718,1285613460
joekanakaraj,40.684239,73.998029,1272576180
joekanakaraj,40.69744,73.97968,1346345160
joekanakaraj,40.78088,73.97718,1278684600
joekanakaraj,40.728471,73.955791,1299906300
joekanakaraj,40.67887,73.99614,1274217840
joekanakaraj,40.72654,73.94468,1286845980
joekanakaraj,43.02554526,76.12744331,1320955380
joekanakaraj,40.934996,74.06832032,1327686720
joekanakaraj,40.818158,73.960661,1320521760
joekanakaraj,40.8184114,73.9589903,1289694120
joekanakaraj,40.72582777,73.9864397,1343571000
joekanakaraj,39.53951984,107.32132904,1327246200
joekanakaraj,40.78088,73.97718,1276881780
joekanakaraj,40.72654,73.94468,1286844960
joekanakaraj,40.82948301,73.9269805,1305153300
joekanakaraj,40.68767,73.99661,1285636560
joekanakaraj,40.712379,73.956709,1287251580
joekanakaraj,40.72978658,73.9605013,1350149820
joekanakaraj,40.74188179,74.00468707,1328643780
joekanakaraj,40.721138,73.99789257,1347373020
joekanakaraj,40.6865,73.9939,1272725100
joekanakaraj,40.71268,73.956698,1328399160
joekanakaraj,40.76013134,74.04415237,1347136860
joekanakaraj,40.71299,74.00344,1288102500
joekanakaraj,40.74566,74.05015,1273343220
joekanakaraj,40.71900169,73.95654652,1345294620
joekanakaraj,41.00840034,73.86017576,1289703720
joekanakaraj,40.69744,73.97968,1344271320
joekanakaraj,40.68767,73.99661,1270679160
joekanakaraj,40.721957,73.95755,1313190480
joekanakaraj,40.72888,73.953808,1331942640
joekanakaraj,40.67186,73.98189,1274661120
joekanakaraj,40.7298572,73.9591581,1287340680
joekanakaraj,40.7350716,73.993526,1287014880
joekanakaraj,40.72654,73.94468,1291416960
joekanakaraj,40.72847156,73.95567646,1286876460
joekanakaraj,40.71299,74.00344,1277295420
joekanakaraj,40.78,73.97,1273312440
joekanakaraj,40.7231498,73.99582089,1345069140
joekanakaraj,40.7097,74.0147,1284238560
joekanakaraj,40.79392236,73.9253245,1343495520
joekanakaraj,40.7393966,73.98948133,1316257260
joekanakaraj,41.116326,73.777624,1290654840
joekanakaraj,40.68767,73.99661,1274182560
joekanakaraj,41.01139,73.86946,1289758380
joekanakaraj,40.78088,73.97718,1286367480
joekanakaraj,41.0318204,73.7664069,1272833100
joekanakaraj,40.71272417,73.95666706,1347403140
joekanakaraj,41.01139,73.86946,1289757660
joekanakaraj,40.725813,74.005586,1301579040
joekanakaraj,40.741964,74.004793,1288368060
joekanakaraj,40.82693795,73.92819285,1274019240
joekanakaraj,40.69744,73.97968,1346951460
joekanakaraj,43.03618476,76.13664014,1290287940
joekanakaraj,40.74072795,74.00861104,1346269380
joekanakaraj,40.728651,73.989932,1313610720
joekanakaraj,40.72889295,73.95095041,1342881960
joekanakaraj,39.547141,107.654128,1327186380
joekanakaraj,40.78088,73.97718,1285254120
joekanakaraj,41.01139,73.86946,1290733380
joekanakaraj,40.712379,73.956709,1285359840
joekanakaraj,40.67737,73.88758,1284110280
joekanakaraj,40.720904,73.987873,1346373000
joekanakaraj,40.72110038,73.98792419,1346362740
joekanakaraj,40.77430186,73.87192011,1305276540
joekanakaraj,40.78088,73.97718,1288020000
joekanakaraj,40.78088,73.97718,1284136380
joekanakaraj,41.01139,73.86946,1293272880
