krynsky,30.26758195,97.74071574,1331336040
krynsky,34.184304,118.449151,1318198740
krynsky,34.1813245,118.5959959,1308353640
krynsky,37.865825,122.26731802,1319245920
krynsky,37.76976488,122.46631622,1346517180
krynsky,37.77078258,122.46798992,1346526420
krynsky,34.02093,118.21075,1310926440
krynsky,36.13364844,115.16329139,1326303780
krynsky,37.650642,119.03709,1328899980
krynsky,52.84709,2.29813,1307456940
krynsky,34.21465014,118.48838568,1312135080
krynsky,33.97382498,118.43002617,1323796680
krynsky,30.27020793,97.75005519,1331255460
krynsky,38.923432,120.049619,1330198260
krynsky,34.06458855,118.2182936,1317582600
krynsky,34.258008,118.540361,1342224840
krynsky,34.10182405,118.31814319,1344722940
krynsky,33.94389398,118.40502262,1341180840
krynsky,37.1216072,119.31107,1341702780
krynsky,37.86980762,122.267621,1319235600
krynsky,21.31728459,157.87062669,1313418720
krynsky,34.24034165,118.55600953,1317400980
krynsky,30.2315364,97.73721176,1331303280
krynsky,34.231214,118.55323376,1349543340
krynsky,34.06458855,118.2182936,1317580980
krynsky,34.27694,118.56952,1323628860
krynsky,34.23848602,118.57160389,1316881920
krynsky,34.01396527,118.49467277,1313281260
krynsky,34.140231,118.375688,1328397960
krynsky,33.94389398,118.40502262,1331593860
krynsky,33.97345342,118.42987292,1344295020
krynsky,37.07884218,119.33964171,1341444240
krynsky,37.77029,122.43607,1328206920
krynsky,37.867953,122.25639196,1319232780
krynsky,34.258008,118.540361,1329437700
krynsky,34.018967,118.49131329,1313711700
krynsky,33.97345342,118.42987292,1343266740
krynsky,34.026603,118.379507,1311795840
krynsky,34.026603,118.379507,1311723240
krynsky,33.94389398,118.40502262,1319129040
krynsky,33.98681016,118.47364426,1343592300
krynsky,37.80795305,122.4192971,1346456340
krynsky,30.267101,97.736101,1331521380
krynsky,34.15112882,118.75074863,1333802460
krynsky,33.94389398,118.40502262,1332180000
krynsky,34.264897,118.502496,1325903940
krynsky,34.100416,118.328934,1309487100
krynsky,34.0115731,118.49669799,1308510900
krynsky,39.750579,104.999706,1332255840
krynsky,33.97382498,118.43002617,1316097420
krynsky,38.92005033,120.05087653,1330199220
krynsky,34.15478679,118.83052826,1345904400
krynsky,34.02093,118.21075,1310926620
krynsky,36.16890272,115.14067352,1326418920
krynsky,34.1813245,118.5959959,1314570780
krynsky,34.24050825,118.55535507,1329585300
krynsky,34.050202,118.2455068,1348355820
krynsky,36.126999,115.2099,1326337560
krynsky,34.19103038,118.35017338,1311536580
krynsky,34.273663,118.555481,1308328980
krynsky,37.806601,122.415388,1346505840
krynsky,37.80557278,122.41682069,1346553360
krynsky,34.014434,118.494591,1313351280
krynsky,38.69227628,121.59045696,1330293000
krynsky,37.87139802,122.26238251,1319392860
krynsky,30.263577,97.740086,1331248980
krynsky,33.94481072,118.37448835,1333066140
krynsky,33.98681016,118.47364426,1343593200
krynsky,33.97382498,118.43002617,1313705640
krynsky,34.273663,118.55545,1314484080
krynsky,34.02508,118.393969,1314295560
krynsky,34.04531671,118.26618075,1320362760
krynsky,37.80171405,122.39902496,1346441100
krynsky,34.25700362,118.53515267,1313963340
krynsky,37.796179,122.40556198,1346537880
krynsky,34.228905,118.56037,1319907360
krynsky,34.245911,118.536804,1316304600
krynsky,37.65070879,119.03731832,1328993700
krynsky,34.1657998,118.4486775,1315679460
krynsky,36.16874635,115.13994813,1326428280
krynsky,30.26230119,97.73889328,1331250900
krynsky,30.266921,97.744503,1331432520
krynsky,34.02093,118.21075,1310925240
krynsky,33.97382498,118.43002617,1321383240
krynsky,30.26725897,97.73950338,1331329740
krynsky,34.258307,118.539841,1312047900
krynsky,34.02093,118.21075,1347651540
krynsky,34.424167,118.599067,1316296680
krynsky,33.98212794,118.45962986,1344467280
krynsky,39.74748901,104.99495486,1332371520
krynsky,34.01363623,118.49391103,1313347020
krynsky,34.069841,118.376522,1321495560
krynsky,34.02093,118.21075,1348161180
krynsky,37.805461,122.416694,1346628420
krynsky,34.26478,118.52113007,1318635120
krynsky,37.87006818,122.26815262,1319402640
krynsky,34.06458855,118.2182936,1317586860
krynsky,30.26759256,97.74425358,1331434680
krynsky,34.42348739,118.59476209,1316293140
krynsky,34.2648725,118.521911,1312598040
krynsky,34.02093,118.21075,1310927640
krynsky,34.069841,118.376522,1321498620
krynsky,30.263577,97.740086,1331492100
krynsky,34.069841,118.376522,1321494600
krynsky,36.1375755,115.15621748,1326325920
krynsky,34.237995,118.571711,1313252460
krynsky,37.80825601,122.41413272,1346608260
krynsky,34.10185514,118.32560778,1330562520
krynsky,30.263577,97.740086,1331482860
krynsky,34.27732572,118.56700659,1318708920
krynsky,34.2569469,118.594856,1307750100
krynsky,34.2649397,118.5240617,1313417040
krynsky,33.997432,118.478984,1317315480
krynsky,30.267289,97.740063,1331352960
krynsky,34.23857471,118.55578422,1322524620
krynsky,36.13122002,115.15341282,1326482940
krynsky,30.263577,97.740086,1331322240
krynsky,34.25063644,118.606655,1342288080
krynsky,34.02093,118.21075,1310926980
krynsky,34.01332497,118.49407196,1313353980
krynsky,30.26657351,97.74377893,1331520180
krynsky,40.69744,73.97968,1315502100
krynsky,34.322809,118.4905193,1307838300
krynsky,37.869442,122.2671065,1319211600
krynsky,34.1727775,118.5598739,1308357780
krynsky,34.21465014,118.48838568,1312135800
krynsky,33.84396374,117.99854596,1349050560
krynsky,34.009958,118.495043,1308510180
krynsky,34.2648725,118.521911,1312596540
krynsky,34.19639832,118.352108,1326291540
krynsky,35.06938975,118.17643235,1328880300
krynsky,34.06458855,118.2182936,1317582120
krynsky,34.240369,118.55538,1342991400
krynsky,34.02093,118.21075,1312915140
krynsky,34.2394631,118.555723,1315685640
krynsky,39.85197289,104.67374325,1332446220
krynsky,30.266904,97.7393704,1331345940
krynsky,30.26533,97.7476125,1331508540
krynsky,34.02093,118.21075,1310926500
krynsky,39.85197289,104.67374325,1332195300
krynsky,34.02093,118.21075,1348861260
krynsky,34.02093,118.21075,1310927340
krynsky,34.26157918,118.52449894,1315673700
krynsky,39.74882327,104.99982476,1332376440
krynsky,37.61576117,122.38790989,1319410380
krynsky,34.06458855,118.2182936,1317585420
krynsky,34.2648725,118.521911,1314411840
krynsky,36.0836502,115.14985085,1326296520
krynsky,34.042603,118.268341,1320441840
krynsky,34.275005,118.569627,1348756620
krynsky,34.1434068,118.3972735,1308515100
krynsky,34.25820701,118.53948712,1333675440
krynsky,34.04531671,118.26618075,1320450360
krynsky,37.867953,122.25639196,1319293320
krynsky,34.14404887,118.11702645,1312741260
krynsky,34.23447688,118.55518341,1330822800
krynsky,34.2423708,118.55979681,1342833420
krynsky,34.015549,118.49559,1313277300
krynsky,30.262594,97.739568,1331313180
krynsky,34.21465014,118.48838568,1312134720
krynsky,39.74504317,104.99522603,1332282660
krynsky,37.61576117,122.38790989,1319137500
krynsky,34.23447688,118.55518341,1344040800
krynsky,37.1216072,119.31107,1341712980
krynsky,34.02093,118.21075,1310926080
krynsky,33.846225,118.00046,1316996220
krynsky,39.74521542,104.994664,1332388920
krynsky,34.140297,118.3757329,1321060020
krynsky,34.2648725,118.521911,1311389520
krynsky,30.263577,97.740086,1331476200
krynsky,33.63856112,117.97282219,1342382520
krynsky,34.1446712,118.12971882,1312746180
krynsky,36.12182288,115.170723,1326384060
krynsky,30.263969,97.738078,1331419320
krynsky,33.63856112,117.97282219,1342383240
krynsky,30.20255876,97.66759872,1331243760
krynsky,34.27729026,118.56889218,1320525300
krynsky,34.27516252,118.56951714,1308852840
krynsky,33.94389398,118.40502262,1332459180
krynsky,34.22153458,118.47582221,1307213460
krynsky,34.253231,118.586357,1332590400
krynsky,34.14161026,118.37530375,1312149240
krynsky,33.75139105,118.18774223,1308952680
krynsky,30.268033,97.736695,1331489220
krynsky,34.27732572,118.56700659,1333845900
krynsky,36.13122002,115.15341282,1326394440
krynsky,34.02093,118.21075,1310066820
krynsky,34.279002,118.542778,1352232240
krynsky,34.017351,118.494033,1314553980
krynsky,34.016302,118.41182781,1328574000
krynsky,30.269863,97.75028,1331349000
krynsky,33.97382498,118.43002617,1323281880
krynsky,33.9734,118.431,1308682140
krynsky,34.0502633,118.24585259,1348346580
krynsky,34.10176186,118.33533883,1322872380
krynsky,37.1216072,119.31107,1341712800
krynsky,37.64347851,118.993774,1328974980
krynsky,36.1296949,115.15236139,1326312720
krynsky,30.26441027,97.73360485,1331500560
krynsky,30.264706,97.739896,1331409780
krynsky,37.869169,122.26046947,1319326860
krynsky,33.97382498,118.43002617,1312465980
krynsky,39.7346074,104.987136,1332284400
krynsky,34.139912,118.36954,1310693760
krynsky,34.1813245,118.5959959,1318893360
krynsky,36.12263706,115.16881671,1326389580
krynsky,33.75139105,118.18774223,1308944520
krynsky,33.846225,118.00046,1316995320
krynsky,34.27516252,118.56951714,1309873320
krynsky,39.74200514,104.99694619,1332461280
krynsky,34.01766735,118.49828197,1313348820
krynsky,33.843678,117.998766,1316990460
krynsky,33.94389398,118.40502262,1319418900
krynsky,34.042555,118.268271,1320337500
krynsky,21.0222374,105.27243994,1341005340
krynsky,38.92232952,120.022427,1330195200
krynsky,34.01363623,118.49391103,1308505920
krynsky,34.174717,118.482628,1312137660
krynsky,34.26157918,118.52449894,1349482620
krynsky,33.84396374,117.99854596,1349053020
krynsky,37.80777485,122.41407188,1346599500
krynsky,34.4132501,118.5597561,1309532280
krynsky,30.26835239,97.74145603,1331259840
krynsky,34.015549,118.49559,1313350620
krynsky,39.75357449,104.99835491,1332204120
krynsky,34.19639832,118.352108,1330042320
krynsky,37.12610749,119.3052578,1341700860
krynsky,34.071026,118.403865,1349227080
krynsky,34.04531671,118.26618075,1320366300
krynsky,34.23449462,118.55868101,1325373000
krynsky,34.258535,118.539944,1308016260
krynsky,34.23129,118.552995,1315841340
krynsky,37.86783812,122.259,1319302680
krynsky,34.0502633,118.24585259,1348345020
krynsky,37.643628,118.96687545,1328901180
krynsky,34.24588247,118.536824,1332704640
krynsky,34.23086007,118.55023876,1343506920
krynsky,37.79899979,122.39983368,1348238040
krynsky,34.264897,118.502496,1333325040
krynsky,34.2648725,118.521911,1316226180
krynsky,34.245609,118.5688,1307573340
krynsky,34.15112882,118.75074863,1333199580
krynsky,34.25820701,118.53948712,1331686800
krynsky,34.00862,118.49738,1332461520
krynsky,37.11417448,119.30587142,1341592920
krynsky,34.27529107,118.56310666,1319927520
krynsky,34.043044,118.268913,1320348780
krynsky,34.02093,118.21075,1310914860
krynsky,30.26644353,97.74506092,1331484780
krynsky,30.20255876,97.66759872,1331566020
krynsky,30.226203,97.744554,1331310000
krynsky,39.74219222,104.99654678,1332253800
krynsky,33.99933873,118.418339,1344446220
krynsky,30.266904,97.7393704,1331343240
krynsky,34.02093,118.21075,1310926800
krynsky,37.78789485,122.40747929,1346610360
krynsky,34.253231,118.586357,1330785120
krynsky,34.26478,118.521392,1317424740
krynsky,34.2649397,118.5240617,1314983040
krynsky,34.23174488,118.55415344,1323540840
krynsky,37.80738402,122.417389,1346605860
krynsky,30.26538503,97.73830999,1331437380
