kylebunch,30.29775,97.75335,1352340240
kylebunch,30.29775,97.75335,1351812780
kylebunch,30.29775,97.75335,1353118200
kylebunch,30.29775,97.75335,1351643040
kylebunch,30.29775,97.75335,1351645080
kylebunch,30.29775,97.75335,1351812300
kylebunch,30.29775,97.75335,1351643700
kylebunch,30.29775,97.75335,1351644840
kylebunch,30.29775,97.75335,1351644600
kylebunch,30.29775,97.75335,1351643220
kylebunch,30.29775,97.75335,1353118860
kylebunch,30.29775,97.75335,1353377760
kylebunch,30.29775,97.75335,1353118680
kylebunch,30.29775,97.75335,1352081340
kylebunch,30.2683057,97.74201242,1351856940
kylebunch,30.29775,97.75335,1352081820
kylebunch,30.29775,97.75335,1352080920
