le_fino,0.0,0.0,1309109160
le_fino,48.8750131,2.3431592,1307366700
le_fino,0.0,0.0,1304014080
le_fino,0.0,0.0,1299520980
le_fino,43.538584,4.137838,1306817820
le_fino,0.0,0.0,1305051060
le_fino,0.0,0.0,1327580580
le_fino,28.4436271,81.40320543,1312456140
le_fino,48.8783918,2.3451403,1302934620
le_fino,48.875451,2.347918,1349100660
le_fino,0.0,0.0,1333042980
le_fino,48.876892,2.346741,1311493860
le_fino,48.86614043,2.31254697,1306587120
le_fino,48.8766064,2.34657,1303737840
le_fino,0.0,0.0,1302891540
le_fino,0.0,0.0,1305621480
le_fino,28.41825858,81.58293843,1312312500
le_fino,52.358282,4.878892,1310816760
le_fino,0.0,0.0,1346028360
le_fino,48.877634,2.344959,1302328380
le_fino,0.0,0.0,1328984580
le_fino,0.0,0.0,1333907040
le_fino,48.8806824,2.3407693,1310277420
le_fino,28.43862,81.404785,1312457160
le_fino,48.8762212,2.3472638,1268560200
le_fino,0.0,0.0,1303144560
le_fino,0.0,0.0,1320516060
le_fino,48.875681,2.295636,1299252540
le_fino,48.8766064,2.34657,1299917160
le_fino,48.875814,2.344633,1322152080
le_fino,48.84497,2.20345,1294924920
le_fino,0.0,0.0,1307384940
le_fino,48.8760344,2.3482707,1307108760
le_fino,31.24212283,121.50370359,1310024220
le_fino,48.86894929,2.32060432,1307090460
le_fino,48.8758087,2.3480821,1302416280
le_fino,48.8758087,2.3480821,1311680700
le_fino,0.0,0.0,1317490980
le_fino,48.8758087,2.3480821,1311081540
le_fino,28.42050667,81.58151686,1312297080
le_fino,44.0550686,3.9851416,1306762080
le_fino,48.875131,2.346309,1294798320
le_fino,48.8783918,2.3451403,1302328200
le_fino,28.3677263,80.6017971,1312461660
le_fino,28.52311577,80.68188787,1312553640
le_fino,31.230708,121.472916,1310024160
le_fino,0.0,0.0,1321467360
le_fino,48.875973,2.343919,1307278260
le_fino,0.0,0.0,1331314920
le_fino,0.0,0.0,1309323780
le_fino,28.527592,81.52285755,1312403760
le_fino,48.8758087,2.3480821,1307516340
le_fino,0.0,0.0,1332095520
le_fino,0.0,0.0,1320156300
le_fino,0.0,0.0,1341429900
le_fino,0.0,0.0,1331352180
le_fino,48.87644451,2.34590206,1311404580
le_fino,49.003548,2.57659,1320738540
le_fino,48.8746591,2.3415919,1302800820
le_fino,48.8758087,2.3480821,1304946600
le_fino,0.0,0.0,1330860780
le_fino,48.849581,2.388861,1308818280
le_fino,0.0,0.0,1316796480
le_fino,52.302713,4.861085,1310717160
le_fino,48.8666828,2.3472018,1301726460
le_fino,0.0,0.0,1324579440
le_fino,48.8783918,2.3451403,1269581340
le_fino,48.8769482,2.3488485,1308399300
le_fino,0.0,0.0,1319279580
le_fino,48.8775949,2.3407758,1307537640
le_fino,0.0,0.0,1325334120
le_fino,25.659803,80.43293,1311975780
le_fino,28.42020237,81.58189774,1312300080
le_fino,48.8782499,2.3452913,1309347540
le_fino,25.665025,80.439544,1311794700
le_fino,44.050448,3.983784,1307007960
le_fino,0.0,0.0,1310316780
le_fino,28.40678751,81.45482,1312326600
le_fino,0.0,0.0,1309461180
le_fino,48.875928,2.34465,1320730860
le_fino,48.862044,2.3658921,1301749020
le_fino,46.298036,7.055585,1298190540
le_fino,48.87512753,2.34105885,1302800820
le_fino,0.0,0.0,1348472340
le_fino,0.0,0.0,1331226540
le_fino,48.8765225,2.3324429,1309406760
le_fino,48.875018,2.346226,1322588160
le_fino,0.0,0.0,1332180180
le_fino,0.0,0.0,1306172100
le_fino,0.0,0.0,1332785640
le_fino,49.006789,2.578518,1309593780
le_fino,48.875328,2.346805,1268560320
le_fino,48.87442,2.346576,1307196540
le_fino,0.0,0.0,1327434960
le_fino,31.2271968,121.5167406,1309985280
le_fino,0.0,0.0,1325093520
le_fino,0.0,0.0,1331748720
le_fino,48.8783918,2.3451403,1308542100
le_fino,48.8758087,2.3480821,1306158180
le_fino,0.0,0.0,1343282040
le_fino,48.875932,2.34485698,1325932020
le_fino,48.8758087,2.3480821,1304748480
le_fino,0.0,0.0,1315586880
le_fino,0.0,0.0,1296846960
le_fino,48.8758087,2.3480821,1303715880
le_fino,48.8783918,2.3451403,1309347300
le_fino,48.8758087,2.3480821,1311338280
le_fino,48.8758087,2.3480821,1309442340
le_fino,0.0,0.0,1306260840
le_fino,48.8497839,2.3862202,1308823200
le_fino,48.8497839,2.3862202,1308901560
le_fino,0.0,0.0,1328552460
le_fino,48.874247,2.361747,1268574840
le_fino,48.860797,2.374848,1332132900
le_fino,0.0,0.0,1313691360
le_fino,0.0,0.0,1328812440
le_fino,48.8766064,2.34657,1308462180
le_fino,0.0,0.0,1310208360
le_fino,48.8758087,2.3480821,1302437400
le_fino,48.8758087,2.3480821,1306419120
le_fino,48.875206,2.3513961,1311499260
le_fino,48.8758087,2.3480821,1299938040
le_fino,0.0,0.0,1324729860
le_fino,0.0,0.0,1309914720
le_fino,48.8758087,2.3480821,1305034200
le_fino,0.0,0.0,1313777100
le_fino,0.0,0.0,1302542400
le_fino,0.0,0.0,1322852460
le_fino,48.8782869,2.3531204,1309345800
le_fino,0.0,0.0,1324485120
le_fino,0.0,0.0,1304705220
le_fino,0.0,0.0,1301331780
le_fino,48.8758087,2.3480821,1302269760
le_fino,0.0,0.0,1316861100
le_fino,31.24256314,121.49988413,1310024160
le_fino,48.8758087,2.3480821,1303219620
le_fino,28.40503323,81.57991827,1312282320
le_fino,0.0,0.0,1319365920
le_fino,0.0,0.0,1321035720
le_fino,48.83550086,2.38238096,1308485580
le_fino,0.0,0.0,1312997940
le_fino,28.43862,81.404785,1312411080
le_fino,48.8783918,2.3451403,1308919620
le_fino,48.8670216,2.3472532,1306565880
le_fino,0.0,0.0,1301936460
le_fino,25.665025,80.439544,1311870480
le_fino,25.95752376,80.23854017,1312738980
le_fino,48.8766064,2.34657,1299997500
le_fino,48.8760344,2.3482707,1306158000
le_fino,28.433485,81.406037,1312226160
le_fino,0.0,0.0,1348241940
le_fino,25.662233,80.438683,1312746660
le_fino,48.865304,2.32350139,1322403120
le_fino,52.35667706,4.86239433,1310808180
le_fino,48.84497,2.20345,1295357940
le_fino,48.878441,2.345261,1305115200
le_fino,48.8760344,2.3482707,1306419120
le_fino,0.0,0.0,1330787400
le_fino,0.0,0.0,1326568800
le_fino,48.876892,2.346741,1311404700
le_fino,0.0,0.0,1305913320
le_fino,48.8758087,2.3480821,1310994900
le_fino,0.0,0.0,1317058080
le_fino,0.0,0.0,1297100880
le_fino,0.0,0.0,1345921140
le_fino,28.408215,81.46205127,1312396380
le_fino,0.0,0.0,1303663380
le_fino,0.0,0.0,1299787740
le_fino,48.8673653,2.3473304,1304146980
le_fino,25.778089,80.13121,1327746780
le_fino,48.8758087,2.3480821,1304606940
le_fino,48.87641371,2.34584155,1347177900
le_fino,48.8758087,2.3480821,1309588620
le_fino,48.8758087,2.3480821,1299772620
le_fino,0.0,0.0,1342803780
le_fino,48.8758087,2.3480821,1301205540
le_fino,0.0,0.0,1301679960
le_fino,28.51938277,80.6842804,1312485720
le_fino,0.0,0.0,1326446160
le_fino,48.8760344,2.3482707,1304748960
le_fino,48.87171,2.333817,1311279420
le_fino,35.657908,139.756776,1308203700
le_fino,49.00342051,2.57685184,1310174820
le_fino,48.8782608,2.3450725,1311684780
le_fino,48.8789575,2.3454487,1309525740
le_fino,0.0,0.0,1322677560
le_fino,0.0,0.0,1324490880
le_fino,48.8758087,2.3480821,1307766180
le_fino,48.8670932,2.3472651,1301726160
le_fino,48.8789575,2.3454487,1305115200
le_fino,0.0,0.0,1327001700
le_fino,0.0,0.0,1318782840
le_fino,31.2271968,121.5167406,1309963260
le_fino,48.838745,2.379668,1302892320
le_fino,48.8758087,2.3480821,1307710800
le_fino,28.42045242,81.58195674,1312297020
le_fino,0.0,0.0,1322331120
le_fino,48.8758087,2.3480821,1301832840
le_fino,0.0,0.0,1302721020
le_fino,0.0,0.0,1349360400
le_fino,49.00364574,2.57706642,1309593720
le_fino,0.0,0.0,1330776240
le_fino,31.23423375,121.50763035,1309940400
le_fino,0.0,0.0,1326821760
le_fino,0.0,0.0,1332354600
le_fino,0.0,0.0,1326222300
le_fino,28.400989,81.581668,1312282260
le_fino,28.41561,81.581586,1312316700
le_fino,0.0,0.0,1301076480
le_fino,0.0,0.0,1316250060
le_fino,48.849474,2.389034,1308901680
le_fino,48.89127345,2.3924017,1304855580
le_fino,48.879691,2.3455891,1308572640
le_fino,44.102318,3.88319,1306998900
le_fino,48.865848,2.34695,1301726520
le_fino,0.0,0.0,1333475460
le_fino,0.0,0.0,1330861260
le_fino,35.657908,139.756776,1308003360
le_fino,25.68291643,80.45895338,1311867120
le_fino,25.7850739,80.1741848,1311941100
le_fino,35.657908,139.756776,1308094200
le_fino,0.0,0.0,1300560840
le_fino,48.875973,2.34555,1310479980
le_fino,49.00342051,2.57685184,1311737160
le_fino,48.87866,2.345323,1320727200
le_fino,49.00342051,2.57685184,1307767500
le_fino,31.241102,121.500144,1309940460
le_fino,44.105474,3.883589,1307001780
le_fino,0.0,0.0,1326042060
le_fino,0.0,0.0,1349453580
le_fino,48.8758087,2.3480821,1306044840
le_fino,0.0,0.0,1341596040
le_fino,25.95735,80.239742,1312728900
le_fino,52.378153,4.899364,1310820000
le_fino,0.0,0.0,1323114600
le_fino,28.4180557,81.58424735,1312312560
le_fino,28.595619,80.61795806,1312477440
le_fino,48.876026,2.344493,1349357160
le_fino,0.0,0.0,1299004380
le_fino,28.41961735,81.58359289,1312307580
le_fino,48.87072769,2.33345747,1307516280
le_fino,0.0,0.0,1307210640
le_fino,0.0,0.0,1300642560
le_fino,48.866909,2.34572,1306565820
le_fino,0.0,0.0,1321292580
le_fino,0.0,0.0,1302807420
le_fino,48.8767534,2.3370265,1303485120
le_fino,0.0,0.0,1323628320
le_fino,48.876423,2.346011,1311493860
le_fino,0.0,0.0,1325184060
le_fino,0.0,0.0,1330989180
le_fino,25.52095889,80.4946705,1312578240
le_fino,48.83737311,2.42543044,1307190360
le_fino,25.65389654,80.41269064,1312032540
le_fino,0.0,0.0,1341429300
le_fino,0.0,0.0,1319045280
le_fino,0.0,0.0,1308477900
le_fino,48.8783918,2.3451403,1301405820
le_fino,48.877306,2.346563,1327565100
le_fino,25.65999091,80.432587,1311975840
le_fino,48.8719575,2.339401,1308377880
le_fino,48.8758087,2.3480821,1301812560
le_fino,0.0,0.0,1322415300
le_fino,48.8783918,2.3451403,1306324380
le_fino,0.0,0.0,1301765940
le_fino,48.8758087,2.3480821,1302194640
le_fino,48.8758087,2.3480821,1308659100
le_fino,0.0,0.0,1303925460
le_fino,0.0,0.0,1330860240
le_fino,0.0,0.0,1324486860
le_fino,48.878438,2.345264,1310354580
le_fino,0.0,0.0,1311702660
le_fino,0.0,0.0,1328551860
le_fino,48.8631838,2.366674,1301750640
le_fino,25.74484,80.175734,1311877980
le_fino,48.866909,2.34572,1304146920
le_fino,48.878441,2.345261,1304510040
le_fino,25.95752376,80.23854017,1312726380
le_fino,0.0,0.0,1319803920
le_fino,48.8758087,2.3480821,1299997560
le_fino,0.0,0.0,1333473960
le_fino,0.0,0.0,1298653620
le_fino,0.0,0.0,1306522500
le_fino,48.8745703,2.3426974,1305294240
le_fino,48.8769637,2.34694452,1331967420
le_fino,0.0,0.0,1299266400
le_fino,0.0,0.0,1314124320
le_fino,0.0,0.0,1326127740
le_fino,28.52311577,80.68188787,1312468860
le_fino,28.4200797,81.58148468,1312300140
le_fino,0.0,0.0,1314706860
le_fino,48.871086,2.157509,1311598440
le_fino,48.87634,2.34393,1308985560
le_fino,31.24093034,121.50419712,1309750140
le_fino,48.8784947,2.3658933,1301834820
le_fino,28.45247,81.39922317,1312455720
le_fino,0.0,0.0,1328555040
le_fino,0.0,0.0,1298311620
le_fino,48.88373911,2.33249187,1301317740
le_fino,0.0,0.0,1333737060
le_fino,0.0,0.0,1321180200
le_fino,48.895206,2.387642,1269094800
le_fino,48.8758087,2.3480821,1302090240
le_fino,0.0,0.0,1299691920
le_fino,28.52353055,80.68083107,1312472700
le_fino,48.876071,2.344073,1311429600
le_fino,0.0,0.0,1325010060
le_fino,48.87095351,2.333951,1309290000
le_fino,48.871947,2.339247,1317451440
le_fino,28.41291768,81.46158457,1312371600
le_fino,52.30278,4.860959,1310724960
le_fino,48.8766064,2.34657,1268560080
le_fino,48.886632,2.304241,1302718140
le_fino,0.0,0.0,1346580240
le_fino,0.0,0.0,1346697360
le_fino,48.8758087,2.3480821,1306248000
le_fino,48.892508,2.388626,1304857680
le_fino,28.52311577,80.68188787,1312485780
le_fino,48.875053,2.346265,1331576700
le_fino,0.0,0.0,1331747760
le_fino,0.0,0.0,1317403380
le_fino,48.870825,2.347097,1310211600
le_fino,48.875012,2.346235,1322768040
le_fino,48.875416,2.347877,1311345120
le_fino,0.0,0.0,1301417820
le_fino,48.85673,2.37791,1311178020
le_fino,48.8783918,2.3451403,1308542100
le_fino,48.8758087,2.3480821,1306508100
le_fino,0.0,0.0,1304268300
le_fino,48.832259,2.287892,1275204600
le_fino,0.0,0.0,1303227420
le_fino,0.0,0.0,1300471320
le_fino,0.0,0.0,1342806300
le_fino,0.0,0.0,1300211100
le_fino,25.67173,80.443145,1311794640
le_fino,0.0,0.0,1350065520
le_fino,28.41928709,81.58505201,1312307520
le_fino,28.41001121,81.46229267,1312371480
le_fino,0.0,0.0,1298395320
le_fino,28.360414,80.79726,1312560120
le_fino,0.0,0.0,1318359960
le_fino,25.794828,80.271345,1311783480
le_fino,48.855269,2.325734,1307258160
le_fino,28.60346147,80.66786182,1312553640
le_fino,0.0,0.0,1304617560
le_fino,48.866909,2.34572,1301726100
le_fino,0.0,0.0,1307122260
le_fino,48.87583735,2.34815857,1326687300
le_fino,25.9420377,80.2456045,1312743840
le_fino,0.0,0.0,1331923140
le_fino,48.8758087,2.3480821,1309066380
le_fino,50.529132,3.045691,1310894160
le_fino,0.0,0.0,1304873460
le_fino,44.104637,3.881208,1306998840
le_fino,0.0,0.0,1330785240
le_fino,31.223731,121.470214,1309783320
le_fino,0.0,0.0,1308590040
le_fino,28.43862,81.404785,1312411080
le_fino,48.8789575,2.3454487,1308572700
le_fino,48.877056,2.348816,1303628460
le_fino,0.0,0.0,1349108280
le_fino,48.8758087,2.3480821,1304160900
le_fino,35.64505176,139.75843191,1308276000
le_fino,42.34766281,71.2479058,1341223260
le_fino,0.0,0.0,1330861860
le_fino,48.87234,2.338416,1293024000
le_fino,48.891627,2.388579,1304855580
le_fino,48.878438,2.345264,1311684720
le_fino,48.8758087,2.3480821,1305112440
le_fino,48.88067707,2.35553741,1309588560
le_fino,48.8715385,2.3425787,1310216160
le_fino,43.533028,4.137726,1306817820
le_fino,48.87511611,2.36156702,1309093860
le_fino,0.0,0.0,1327349340
le_fino,48.878438,2.345264,1310996640
le_fino,35.65134642,139.7491622,1308081120
le_fino,48.8758087,2.3480821,1310557740
le_fino,48.8771848,2.347016,1268560380
le_fino,48.8762915,2.3484012,1307203980
le_fino,0.0,0.0,1306083060
le_fino,0.0,0.0,1303752960
le_fino,48.874399,2.362799,1309093920
le_fino,0.0,0.0,1310406060
le_fino,48.875206,2.3513961,1311495480
le_fino,48.8783918,2.3451403,1304080320
le_fino,48.8758087,2.3480821,1303134300
le_fino,48.8758087,2.3480821,1310905320
le_fino,0.0,0.0,1348469520
le_fino,48.8766064,2.34657,1309066440
le_fino,28.36894692,80.60385704,1312493460
le_fino,48.8758087,2.3480821,1307108760
le_fino,0.0,0.0,1300384380
le_fino,0.0,0.0,1313950380
le_fino,49.00364574,2.57706642,1307767560
le_fino,48.8605896,2.3250824,1302799200
le_fino,0.0,0.0,1318157040
le_fino,48.8555505,2.3251147,1307258100
le_fino,0.0,0.0,1320601440
le_fino,0.0,0.0,1348239840
le_fino,31.227609,121.523158,1309783320
le_fino,48.8758087,2.3480821,1301319480
le_fino,48.8758087,2.3480821,1307176860
le_fino,48.8783918,2.3451403,1304685540
le_fino,48.87502,2.346207,1285427820
le_fino,48.878441,2.345261,1307534160
le_fino,0.0,0.0,1307729820
le_fino,31.2271968,121.5167406,1310073720
le_fino,48.875434,2.347838,1311680700
le_fino,28.52386519,80.68261743,1312471020
le_fino,48.8731129,2.7743268,1283084160
le_fino,25.9595052,80.2432839,1312741020
le_fino,48.875745,2.348442,1310225220
le_fino,48.8783918,2.3451403,1306508040
le_fino,0.0,0.0,1304100660
le_fino,48.877841,2.35165,1309345620
le_fino,48.892275,2.388213,1304858160
le_fino,28.38698313,81.49241924,1312231800
le_fino,0.0,0.0,1328553000
le_fino,48.8766064,2.34657,1310216220
le_fino,48.8758087,2.3480821,1308462180
le_fino,0.0,0.0,1318264320
le_fino,41.884644,12.466793,1344930480
le_fino,25.66147,80.435581,1312746540
le_fino,48.8758087,2.3480821,1305294180
le_fino,48.8758087,2.3480821,1301812560
le_fino,35.657908,139.756776,1308094200
le_fino,48.866712,2.345585,1326544320
le_fino,48.875973,2.343919,1309354380
le_fino,28.605244,80.669098,1312479900
le_fino,48.8758087,2.3480821,1301582520
le_fino,31.227609,121.523158,1309755180
le_fino,28.40521725,81.57985926,1312282320
le_fino,48.87775597,2.35156775,1309345800
le_fino,0.0,0.0,1308125520
le_fino,0.0,0.0,1332097200
le_fino,0.0,0.0,1303032240
le_fino,48.832723,2.157456,1310962680
le_fino,28.410973,81.46216,1312396260
le_fino,48.8758087,2.3480821,1310479980
le_fino,48.875973,2.34555,1310479980
le_fino,28.51938277,80.6842804,1312472760
le_fino,48.878441,2.345261,1304510040
le_fino,48.8369556,2.38214493,1308485640
le_fino,48.8758087,2.3480821,1301167800
le_fino,0.0,0.0,1300300500
le_fino,48.8758087,2.3480821,1301582520
le_fino,25.6844657,80.44606,1311867060
le_fino,0.0,0.0,1333131300
le_fino,28.40090911,81.58208549,1312282260
le_fino,0.0,0.0,1297447860
le_fino,48.8758087,2.3480821,1301746740
le_fino,48.86536408,2.32103348,1304604660
le_fino,0.0,0.0,1341593820
le_fino,48.8762915,2.3484012,1306508100
le_fino,0.0,0.0,1343413620
le_fino,0.0,0.0,1325436600
le_fino,0.0,0.0,1307270340
le_fino,48.870825,2.347097,1310624100
le_fino,48.8777956,2.3395379,1307260200
le_fino,0.0,0.0,1350734220
le_fino,48.8779162,2.3651394,1301838600
le_fino,0.0,0.0,1333218660
le_fino,0.0,0.0,1321642020
le_fino,48.8758087,2.3480821,1304227620
le_fino,28.41349304,81.461411,1312374540
le_fino,0.0,0.0,1314188940
le_fino,48.887135,2.30438232,1302718140
le_fino,35.65112847,139.74866867,1308081180
le_fino,0.0,0.0,1332784020
le_fino,48.869098,2.32501,1310553900
le_fino,0.0,0.0,1332588660
le_fino,0.0,0.0,1332870540
le_fino,48.87512753,2.34105885,1302207000
le_fino,0.0,0.0,1296759060
le_fino,48.8760344,2.3482707,1302269760
le_fino,31.2409087,121.4839455,1309903320
le_fino,52.3584646,4.8695322,1310812620
le_fino,48.87634,2.34393,1307367120
le_fino,48.8708338,2.3468792,1302663840
le_fino,28.43862,81.404785,1312226100
le_fino,0.0,0.0,1327254780
le_fino,0.0,0.0,1346520720
le_fino,0.0,0.0,1328811060
le_fino,0.0,0.0,1322504040
le_fino,25.665025,80.439544,1311870480
le_fino,0.0,0.0,1330862820
le_fino,25.786394,80.174731,1311941160
le_fino,48.876563,2.339168,1310279160
le_fino,0.0,0.0,1315738020
le_fino,0.0,0.0,1330777440
le_fino,52.359241,4.864862,1310805960
le_fino,48.8758087,2.3480821,1302581040
le_fino,0.0,0.0,1330451520
le_fino,0.0,0.0,1297188720
le_fino,48.8762915,2.3484012,1303628520
le_fino,0.0,0.0,1347212220
le_fino,0.0,0.0,1330778280
le_fino,48.8758087,2.3480821,1309230780
le_fino,52.30179935,4.863676,1310716620
le_fino,48.8769482,2.3488485,1308399300
le_fino,0.0,0.0,1308398460
le_fino,48.8789575,2.3454487,1308919620
le_fino,25.785464,80.174639,1311941100
le_fino,48.876104,2.344672,1323581640
le_fino,28.342465,80.783326,1312560420
le_fino,0.0,0.0,1297360500
le_fino,46.298036,7.055585,1298028960
le_fino,28.41982494,81.58073902,1312297080
le_fino,48.87278829,2.3346591,1311428400
le_fino,48.8758087,2.3480821,1308564600
le_fino,0.0,0.0,1346778000
le_fino,0.0,0.0,1350912840
le_fino,48.8747108,2.3470369,1307196480
le_fino,48.8760344,2.3482707,1303832040
le_fino,43.906983,3.999451,1306906380
le_fino,0.0,0.0,1346951280
le_fino,48.86305438,2.36660957,1301748780
le_fino,28.41210614,81.45967484,1312395120
le_fino,31.227609,121.523158,1309903020
le_fino,25.793042,80.269858,1311783480
le_fino,48.8781696,2.3397788,1307537520
le_fino,0.0,0.0,1303539900
le_fino,48.8783918,2.3451403,1307533920
le_fino,48.8725648,2.3639646,1309093920
le_fino,0.0,0.0,1319130120
le_fino,48.8670216,2.3472532,1301726520
le_fino,48.8758087,2.3480821,1308723300
le_fino,48.8795905,2.30918884,1302356040
le_fino,48.8783918,2.3451403,1305115140
le_fino,25.7890633,80.2646289,1311785460
le_fino,0.0,0.0,1322300280
le_fino,48.871331,2.323609,1311651840
le_fino,35.657908,139.756776,1308276060
le_fino,0.0,0.0,1342892940
le_fino,0.0,0.0,1330364340
le_fino,48.8766064,2.34657,1306044960
le_fino,48.8758087,2.3480821,1303832040
le_fino,25.665025,80.439544,1311961680
le_fino,0.0,0.0,1301244540
le_fino,0.0,0.0,1305139440
le_fino,25.786081,80.173952,1311952980
le_fino,48.8497839,2.3862202,1308901560
le_fino,28.41379137,81.45993,1312389720
le_fino,48.876681,2.33933151,1322899920
le_fino,0.0,0.0,1317624780
le_fino,25.957713,80.239833,1312726560
le_fino,48.866909,2.34572,1306565820
le_fino,0.0,0.0,1310232000
le_fino,52.276061,4.827676,1310735400
le_fino,48.878569,2.331592,1303485000
le_fino,48.878287,2.339801,1307259840
le_fino,48.87095351,2.333951,1311279360
le_fino,48.87634,2.34393,1308985560
le_fino,25.62712848,80.41521728,1312211040
le_fino,48.8768999,2.346895,1316868300
le_fino,0.0,0.0,1333549560
le_fino,0.0,0.0,1324147260
le_fino,0.0,0.0,1302025800
le_fino,48.8758087,2.3480821,1302618360
le_fino,0.0,0.0,1307643540
le_fino,28.368522,80.60528,1312488660
le_fino,0.0,0.0,1298916660
le_fino,48.876011,2.344708,1321899900
le_fino,0.0,0.0,1328900820
le_fino,28.43862,81.404785,1312326660
le_fino,0.0,0.0,1297017000
le_fino,0.0,0.0,1318437960
le_fino,48.87278829,2.3346591,1305105960
le_fino,48.87828389,2.3471129,1351085700
le_fino,48.871086,2.157509,1310386740
le_fino,28.4184355,81.58347219,1312312440
le_fino,0.0,0.0,1301503260
le_fino,48.877789,2.344841,1285939980
le_fino,48.8758087,2.3480821,1304090220
le_fino,48.8758087,2.3480821,1301924820
le_fino,48.85571,2.325489,1307258520
le_fino,48.855044,2.32438,1307258100
le_fino,0.0,0.0,1299091980
le_fino,31.227609,121.523158,1310073660
le_fino,28.412001,81.46242142,1312371540
le_fino,31.24256314,121.49988413,1310087820
le_fino,28.36034,80.79722492,1312560120
le_fino,48.878441,2.345261,1306324500
le_fino,0.0,0.0,1323452040
le_fino,48.8758087,2.3480821,1303736100
le_fino,0.0,0.0,1347474660
le_fino,48.8719575,2.339401,1310216160
le_fino,48.822184,2.445246,1272116940
le_fino,0.0,0.0,1298744340
le_fino,48.875779,2.348128,1348942980
le_fino,0.0,0.0,1308939900
le_fino,0.0,0.0,1306350420
le_fino,48.877546,2.3414,1307260260
le_fino,48.867942,2.337497,1307514660
le_fino,48.8766064,2.34657,1309525800
le_fino,0.0,0.0,1311097920
le_fino,28.58601025,80.65076351,1312477560
le_fino,0.0,0.0,1318075380
le_fino,28.52386519,80.68261743,1312553700
le_fino,0.0,0.0,1301825280
le_fino,28.4122005,81.46499634,1312401600
le_fino,28.43615621,81.40479689,1312457100
le_fino,48.871331,2.323609,1311651840
le_fino,48.8733547,2.3451808,1307516520
le_fino,48.88067707,2.35553741,1310208480
le_fino,48.8758087,2.3480821,1303469760
le_fino,0.0,0.0,1345286700
le_fino,0.0,0.0,1330900080
le_fino,0.0,0.0,1324921500
le_fino,52.30941009,4.76160765,1310651580
le_fino,31.23669,121.503128,1309963020
le_fino,48.8758087,2.3480821,1304687820
le_fino,28.52353055,80.68301439,1312468920
le_fino,25.745107,80.175795,1311877980
le_fino,48.878441,2.345261,1302328320
le_fino,0.0,0.0,1297536300
le_fino,48.8758087,2.3480821,1308982140
le_fino,28.40971867,81.45978212,1312380540
le_fino,0.0,0.0,1333537500
le_fino,48.8762915,2.3484012,1308399300
le_fino,41.82244754,71.41703885,1345922940
le_fino,31.24256314,121.49988413,1309755120
le_fino,0.0,0.0,1331469300
le_fino,0.0,0.0,1325873520
le_fino,48.8783918,2.3451403,1304510100
le_fino,49.002963,2.584486,1307770260
le_fino,0.0,0.0,1327167900
le_fino,46.298036,7.055585,1298028960
le_fino,48.8758087,2.3480821,1311402600
le_fino,48.8758087,2.3480821,1299393180
le_fino,0.0,0.0,1304963220
le_fino,25.665025,80.439544,1312210980
le_fino,48.877634,2.344959,1302934620
le_fino,0.0,0.0,1322072940
le_fino,0.0,0.0,1316882820
le_fino,0.0,0.0,1345228200
le_fino,0.0,0.0,1302115620
le_fino,28.59538371,80.61826587,1312474740
le_fino,0.0,0.0,1302951300
le_fino,48.875745,2.348442,1301754360
le_fino,0.0,0.0,1329334200
le_fino,48.8758087,2.3480821,1310208480
le_fino,48.8758087,2.3480821,1303307340
le_fino,48.8758087,2.3480821,1302791880
le_fino,31.24256314,121.49988413,1309985280
le_fino,48.8758087,2.3480821,1308834840
le_fino,48.8758087,2.3480821,1302955080
le_fino,48.8758087,2.3480821,1301205540
le_fino,48.875328,2.346805,1307196660
le_fino,0.0,0.0,1316354340
le_fino,48.8758087,2.3480821,1303627320
le_fino,0.0,0.0,1299404880
le_fino,28.407501,81.462698,1312395120
le_fino,48.8789575,2.3454487,1308919620
le_fino,0.0,0.0,1303467540
le_fino,0.0,0.0,1300126080
le_fino,0.0,0.0,1299189000
le_fino,0.0,0.0,1304166480
le_fino,48.8725907,2.34322071,1308382620
le_fino,0.0,0.0,1321266720
le_fino,28.41320077,81.46023273,1312374600
le_fino,0.0,0.0,1301163420
le_fino,28.32087231,80.60988128,1312463340
le_fino,48.829226,2.415665,1307179620
le_fino,28.5229461,80.68292856,1312472640
le_fino,31.2271968,121.5167406,1309985280
le_fino,48.82876754,2.35718966,1299312000
le_fino,25.786799,80.173987,1311941700
le_fino,48.83079737,2.41368771,1307179860
le_fino,48.8758087,2.3480821,1302269760
le_fino,25.550162,80.47847,1312578240
le_fino,0.0,0.0,1304442540
le_fino,0.0,0.0,1307557080
le_fino,48.877634,2.344959,1302934620
le_fino,28.41118136,81.45933151,1312385340
le_fino,48.8550791,2.32447,1307258040
le_fino,48.8783918,2.3451403,1304510100
le_fino,0.0,0.0,1332267960
le_fino,0.0,0.0,1331922720
le_fino,0.0,0.0,1318956840
le_fino,28.408298,81.463402,1312398900
le_fino,31.24256314,121.49988413,1309902960
le_fino,48.860488,2.374587,1310541780
le_fino,0.0,0.0,1305452700
le_fino,0.0,0.0,1319895180
le_fino,28.41316302,81.46021128,1312374660
le_fino,48.8758087,2.3480821,1301754240
le_fino,48.875745,2.348442,1307203800
le_fino,52.2971904,4.8888013,1310708640
le_fino,0.0,0.0,1320688020
le_fino,25.665025,80.439544,1312746480
le_fino,48.86246326,2.36349821,1301749740
le_fino,0.0,0.0,1345396800
le_fino,48.8789575,2.3454487,1309347540
le_fino,35.64703306,139.74664629,1308203940
le_fino,28.41118136,81.45976067,1312377420
le_fino,48.871331,2.323609,1310553960
le_fino,48.8783918,2.3451403,1304336700
le_fino,0.0,0.0,1328553660
le_fino,31.227609,121.523158,1309963080
le_fino,0.0,0.0,1323023340
le_fino,0.0,0.0,1317296520
le_fino,0.0,0.0,1328810580
le_fino,48.829429,2.355752,1303559280
le_fino,0.0,0.0,1306691760
le_fino,43.605825,1.358122,1326307320
le_fino,41.822053,71.440675,1346146920
le_fino,0.0,0.0,1316968500
le_fino,0.0,0.0,1311357660
le_fino,48.8670932,2.3472651,1306565880
le_fino,48.875745,2.348442,1306508100
le_fino,0.0,0.0,1298485080
le_fino,48.844544,2.31827,1302616200
le_fino,28.408365,81.462033,1312396440
le_fino,0.0,0.0,1327080960
le_fino,0.0,0.0,1297280100
le_fino,48.86536408,2.32103348,1304506500
le_fino,0.0,0.0,1308767100
le_fino,0.0,0.0,1308851220
le_fino,28.58601025,80.65076351,1312474800
le_fino,48.87072769,2.33345747,1310555580
le_fino,0.0,0.0,1349253240
le_fino,48.8783918,2.3451403,1307088780
le_fino,25.800478,80.282708,1311783420
le_fino,48.875434,2.347838,1311083040
le_fino,48.8758087,2.3480821,1301221020
le_fino,0.0,0.0,1321729500
le_fino,0.0,0.0,1314286080
le_fino,48.8758087,2.3480821,1311169860
le_fino,48.8772865,2.3492816,1306324440
le_fino,48.8783918,2.3451403,1309525740
le_fino,48.8733547,2.3451808,1308723300
le_fino,0.0,0.0,1342353600
le_fino,0.0,0.0,1325693640
le_fino,0.0,0.0,1319816580
le_fino,48.8766064,2.34657,1304748960
le_fino,48.8758087,2.3480821,1306070100
le_fino,48.8766064,2.34657,1302955080
le_fino,0.0,0.0,1311012600
le_fino,48.8715385,2.3425787,1308382620
le_fino,0.0,0.0,1330275600
le_fino,48.876645,2.346739,1325144460
le_fino,48.8758087,2.3480821,1308399240
le_fino,48.8712473,2.3445555,1302207060
le_fino,48.8497839,2.3862202,1308916680
le_fino,0.0,0.0,1328556120
le_fino,48.87088895,2.34601021,1308377820
le_fino,0.0,0.0,1333303560
le_fino,48.87512753,2.34105885,1303442400
le_fino,48.87511611,2.36156702,1301838480
le_fino,0.0,0.0,1318321860
le_fino,48.8789575,2.3454487,1304685540
le_fino,43.60042965,1.35515867,1326343560
le_fino,48.87775597,2.35156775,1311083040
le_fino,0.0,0.0,1308679500
le_fino,0.0,0.0,1296922080
le_fino,28.41841899,81.58342659,1312312620
le_fino,0.0,0.0,1310491440
le_fino,0.0,0.0,1318872780
le_fino,0.0,0.0,1348471260
le_fino,48.86536408,2.32103348,1303442460
le_fino,48.8758087,2.3480821,1306314480
le_fino,48.8758863,2.3478914,1306314600
le_fino,48.876488,2.344542,1307505360
le_fino,48.873328,2.32984185,1311428100
le_fino,0.0,0.0,1349891460
le_fino,48.8719575,2.339401,1310216160
le_fino,0.0,0.0,1349024400
le_fino,49.003504,2.575382,1350690360
le_fino,0.0,0.0,1306601880
le_fino,28.416824,81.581146,1312316580
le_fino,48.848465,2.248333,1310283720
le_fino,28.360189,81.493664,1328213520
le_fino,0.0,0.0,1307906700
le_fino,0.0,0.0,1349806620
le_fino,48.8708338,2.3468792,1308377760
le_fino,0.0,0.0,1307907840
le_fino,0.0,0.0,1346519880
le_fino,0.0,0.0,1349195280
le_fino,0.0,0.0,1321983960
le_fino,49.296211,0.103458,1314984480
le_fino,0.0,0.0,1324054680
le_fino,52.3314895,4.8682587,1310817780
le_fino,0.0,0.0,1316798100
le_fino,48.875451,2.347918,1310479920
le_fino,48.87501,2.346384,1308986700
le_fino,48.8762915,2.3484012,1308399300
le_fino,0.0,0.0,1303319400
le_fino,0.0,0.0,1332587820
le_fino,48.8758087,2.3480821,1304238720
le_fino,31.227609,121.523158,1309903020
le_fino,0.0,0.0,1328554080
le_fino,0.0,0.0,1309366260
le_fino,48.8775949,2.3407758,1315654200
le_fino,48.8362422,2.3829124,1308485640
le_fino,28.4081616,81.46203518,1312396260
le_fino,48.892275,2.388213,1269095220
le_fino,48.8760344,2.3482707,1309180380
le_fino,0.0,0.0,1342375020
le_fino,48.881519,2.348394,1306158060
le_fino,0.0,0.0,1348470540
le_fino,0.0,0.0,1332958260
le_fino,0.0,0.0,1326390660
le_fino,48.8758087,2.3480821,1307277900
le_fino,28.41702246,81.58121645,1312316640
le_fino,48.876704,2.34157079,1310276460
le_fino,28.41148347,81.462215,1312401600
le_fino,48.8789575,2.3454487,1304336760
le_fino,48.876968,2.345512,1308918840
le_fino,28.449693,81.490311,1312456260
le_fino,0.0,0.0,1330862340
le_fino,48.8758087,2.3480821,1301124720
le_fino,48.8758087,2.3480821,1299772620
le_fino,48.874635,2.3427445,1307366520
le_fino,48.8670932,2.3472651,1304146920
le_fino,49.005427,2.578987,1309593720
le_fino,48.8771848,2.347016,1302937320
le_fino,48.8758087,2.3480821,1303307340
le_fino,48.874046,2.342709,1307366640
le_fino,0.0,0.0,1333820220
le_fino,28.4096069,81.4677323,1312390860
le_fino,0.0,0.0,1304357460
le_fino,48.8497839,2.3862202,1308803940
le_fino,0.0,0.0,1326649260
le_fino,48.8769444,2.3244444,1269349800
le_fino,0.0,0.0,1320265500
le_fino,0.0,0.0,1301591040
le_fino,28.36894692,80.60385704,1312460460
le_fino,43.910263,4.002559,1306853400
le_fino,0.0,0.0,1303838400
le_fino,48.8766064,2.34657,1301752620
le_fino,48.8747108,2.3470369,1310211540
le_fino,0.0,0.0,1325612820
le_fino,0.0,0.0,1301627640
le_fino,48.850289,2.277533,1309439640
le_fino,0.0,0.0,1305308880
le_fino,0.0,0.0,1329066120
le_fino,0.0,0.0,1321093680
le_fino,25.95786,80.239049,1312726320
le_fino,48.839652,2.270153,1286162940
le_fino,0.0,0.0,1321788060
le_fino,48.84497,2.20345,1295585700
le_fino,0.0,0.0,1302454800
le_fino,48.8781696,2.3397788,1307259720
le_fino,0.0,0.0,1350837240
le_fino,0.0,0.0,1309757700
le_fino,25.655957,80.39657056,1311890700
le_fino,0.0,0.0,1319456880
le_fino,48.8758087,2.3480821,1306558740
le_fino,48.8758087,2.3480821,1309180380
le_fino,39.908281,116.474426,1347923280
le_fino,0.0,0.0,1325530800
