leyla_a,41.90285793,87.62852676,1351548420
leyla_a,41.89917866,87.62565494,1346373780
leyla_a,41.8338,87.73188,1345303140
leyla_a,41.89157302,87.62607825,1343769300
leyla_a,41.892848,87.626896,1346002200
leyla_a,41.87958874,87.66811162,1345584780
leyla_a,41.8874107,87.62452617,1343768040
leyla_a,41.90499199,87.6240778,1351593420
leyla_a,41.92965164,87.69901935,1351303500
leyla_a,41.88545425,87.62175447,1348484040
leyla_a,41.8338,87.73188,1349302980
leyla_a,41.88518619,87.62154579,1353526980
leyla_a,41.93342812,87.70736575,1344378420
leyla_a,41.90579608,87.62884004,1350221820
leyla_a,41.904381,87.628734,1353545520
leyla_a,42.0078672,87.66510487,1347493560
leyla_a,41.89861016,87.62643011,1348423680
leyla_a,41.8872666,87.62470934,1352757240
leyla_a,41.89417657,87.62634335,1348003680
leyla_a,41.90389005,87.62864828,1351718160
leyla_a,40.72073533,73.98853826,1344700320
leyla_a,41.89556301,87.69676226,1343538180
leyla_a,41.89649652,87.63502607,1348838760
leyla_a,42.0078672,87.66510487,1345392240
leyla_a,41.9001028,87.62357417,1348785660
leyla_a,41.9001028,87.62357417,1348879380
leyla_a,41.89472623,87.63566429,1351806600
leyla_a,41.9109645,87.64887615,1352661840
leyla_a,41.88454719,87.65718698,1351626480
leyla_a,41.88543865,87.62173037,1347359700
leyla_a,41.89916122,87.6272977,1346369640
leyla_a,42.0078672,87.66510487,1347487740
leyla_a,40.76224487,73.97928718,1344953880
leyla_a,41.8842836,87.64328241,1348876680
leyla_a,41.88553406,87.62345125,1343993460
leyla_a,41.89695763,87.62448279,1345069380
leyla_a,41.95426721,87.67772462,1345763880
leyla_a,41.89825206,87.6244153,1348522740
leyla_a,41.899456,87.62422,1346601900
leyla_a,40.724471,74.00205317,1344707820
leyla_a,41.90579273,87.62853158,1352421840
leyla_a,41.93112145,87.63525188,1343508900
leyla_a,42.0078672,87.66510487,1347484380
leyla_a,40.76794543,73.98169727,1344887400
leyla_a,41.91055836,87.67653059,1345939560
leyla_a,41.904381,87.628734,1350004920
leyla_a,41.88518619,87.62154579,1351540800
leyla_a,41.87783827,87.63124985,1348779480
leyla_a,41.88501979,87.62187016,1350413040
leyla_a,41.899139,87.627841,1348338060
leyla_a,41.89562096,87.62446833,1346965500
leyla_a,41.88543865,87.62173037,1345805280
leyla_a,41.88449364,87.64260798,1348873080
leyla_a,41.88282186,87.62195349,1349017920
leyla_a,41.88988,87.637803,1352849340
leyla_a,41.90574024,87.62978952,1352250660
leyla_a,41.8975815,87.62511849,1347056160
leyla_a,41.89052158,87.6235199,1347400920
leyla_a,41.89964982,87.62470007,1346968380
leyla_a,41.90389005,87.62864828,1345672680
leyla_a,41.954578,87.65475328,1348972320
leyla_a,41.8874107,87.62452617,1348519080
leyla_a,41.90393349,87.62996785,1350136740
leyla_a,41.911944,87.648237,1344465540
leyla_a,42.0078672,87.66510487,1347484320
leyla_a,41.95108937,87.69262572,1346626740
leyla_a,41.9001028,87.62357417,1348792740
leyla_a,39.272306,123.78934,1351947660
leyla_a,41.95329855,87.76961901,1345766280
leyla_a,41.88406891,87.64908812,1343517780
leyla_a,41.88454719,87.65718698,1351633320
leyla_a,41.9060194,87.66818405,1351591320
leyla_a,41.92965164,87.69901935,1351302900
leyla_a,40.66562373,73.98266145,1344804660
leyla_a,40.77342438,73.87099743,1344975060
leyla_a,41.89531267,87.62430444,1348520580
leyla_a,41.9001028,87.62357417,1348919220
leyla_a,41.9001028,87.62357417,1348530960
leyla_a,41.86924208,87.66028287,1348365960
leyla_a,41.9001028,87.62357417,1348791300
leyla_a,41.89118789,87.67290738,1347114420
leyla_a,41.8863803,87.62041926,1343856540
leyla_a,41.89562096,87.62446833,1347725280
leyla_a,41.90575854,87.62544036,1351765140
leyla_a,41.90574024,87.62978952,1351980300
leyla_a,41.90068734,87.62624695,1351957800
leyla_a,41.90065995,87.62732662,1347836100
leyla_a,40.71634665,73.98854256,1344702900
leyla_a,41.89850161,87.62511905,1345155840
leyla_a,41.88282186,87.62195349,1349018400
leyla_a,41.89472623,87.63566429,1351804380
leyla_a,41.89579264,87.62472153,1346613780
leyla_a,41.900306,87.63344508,1353285840
leyla_a,41.900306,87.63344508,1351462560
leyla_a,41.904381,87.628734,1353552780
leyla_a,42.0078672,87.66510487,1345395720
leyla_a,41.88976791,87.63532214,1344438720
leyla_a,41.89579264,87.62472153,1346614140
leyla_a,41.9103896,87.67742157,1348837860
leyla_a,41.88500977,87.62168121,1348835340
leyla_a,40.7614365,73.97680169,1344967680
leyla_a,41.93326076,87.66989062,1352251560
leyla_a,41.90994248,87.65223026,1344461340
leyla_a,41.90593935,87.62855568,1353245160
leyla_a,41.8856659,87.62313793,1351599240
leyla_a,42.0078672,87.66510487,1345396380
leyla_a,41.8946051,87.62280328,1344253440
leyla_a,41.88796002,87.62630961,1348174320
leyla_a,41.9001028,87.62357417,1348784280
leyla_a,41.88425896,87.6515065,1352060460
leyla_a,41.90579273,87.62853158,1353253620
leyla_a,41.90310023,87.62857496,1353543900
leyla_a,41.889983,87.67342889,1348702320
leyla_a,41.89052158,87.6235199,1345631280
leyla_a,41.904381,87.628734,1353554700
leyla_a,42.00826978,87.6659739,1345397340
leyla_a,41.89850161,87.62511905,1348318920
