lindsaykap,40.76606343,73.01685875,1345146240
lindsaykap,40.74202,74.00097,1328735760
lindsaykap,40.72635525,74.00576234,1344371520
lindsaykap,40.7822962,73.97352219,1327855320
lindsaykap,40.72069845,74.0051216,1327614180
lindsaykap,40.72738829,74.00709723,1345817040
lindsaykap,40.785107,73.977034,1330470600
lindsaykap,40.95815725,72.36819355,1345325640
lindsaykap,12.56586382,70.04872945,1351951440
lindsaykap,40.76373252,73.97949341,1351206300
lindsaykap,40.78663971,73.9756366,1331490060
lindsaykap,41.50583267,73.78966522,1349518320
lindsaykap,40.71933912,74.00487185,1329257040
lindsaykap,41.07255217,71.91782566,1345400700
lindsaykap,40.72500656,73.99841309,1351286100
lindsaykap,40.87647022,73.92655304,1329685080
lindsaykap,40.7698758,73.98635709,1327177740
lindsaykap,41.506475,73.97231,1341773460
lindsaykap,40.22250115,73.99832726,1342376340
lindsaykap,40.718799,74.010291,1334001420
lindsaykap,40.72069845,74.0051216,1328302860
lindsaykap,40.79342,73.94891,1325555220
lindsaykap,40.71973985,74.00430833,1343857440
lindsaykap,40.785107,73.977034,1327862040
lindsaykap,40.719063,73.994701,1346872800
lindsaykap,41.27961254,73.48939419,1344115200
lindsaykap,40.719773,74.008611,1328544000
lindsaykap,40.71933912,74.00487185,1329862200
lindsaykap,40.78086639,73.96687031,1350751620
lindsaykap,40.78041852,73.98064126,1331691720
lindsaykap,40.72639998,73.99173485,1345672500
lindsaykap,40.74962825,73.99412221,1348004160
lindsaykap,41.00275125,72.03113079,1345240260
lindsaykap,40.73292774,74.00298273,1343420400
lindsaykap,40.719833,74.005734,1331339340
lindsaykap,40.7243317,73.99693251,1350430020
lindsaykap,41.03414323,71.94547176,1345298760
lindsaykap,40.71992,74.008315,1323972540
lindsaykap,40.22250115,73.99832726,1341167340
lindsaykap,40.64508936,73.78452301,1351760400
lindsaykap,41.82440081,73.22282499,1346538900
lindsaykap,12.56654101,70.04769437,1352039460
lindsaykap,40.782385,73.979059,1327166700
lindsaykap,40.95815725,72.36819355,1345337040
lindsaykap,36.13118535,86.66942596,1347906480
lindsaykap,40.77709,73.952463,1344029520
lindsaykap,12.56654101,70.04769437,1352025840
lindsaykap,40.785107,73.977034,1336358520
lindsaykap,40.76141375,74.00021099,1342639560
lindsaykap,40.78086639,73.96687031,1350751800
lindsaykap,41.506475,73.97231,1325645460
lindsaykap,40.785174,73.973446,1352203020
lindsaykap,12.56586382,70.04872945,1351864800
lindsaykap,40.78261866,73.97875305,1328395980
lindsaykap,41.80490989,73.24906826,1346503560
lindsaykap,35.96276,86.6751886,1347831240
lindsaykap,40.719972,74.0056976,1325881500
lindsaykap,40.927171,72.330494,1345401360
lindsaykap,40.7698758,73.98635709,1327180440
lindsaykap,40.7843501,73.9774375,1325695980
lindsaykap,36.13118535,86.66942596,1347735180
lindsaykap,40.7822962,73.97352219,1325981340
lindsaykap,40.78455331,73.97733623,1323292560
lindsaykap,12.60105635,70.05153179,1351975200
lindsaykap,40.773839,73.87122,1347723480
lindsaykap,41.00275125,72.03113079,1345241880
lindsaykap,40.718781,74.01013895,1340836620
lindsaykap,40.71991652,74.00845723,1331843340
lindsaykap,40.74898637,74.00380334,1342038180
lindsaykap,40.714963,74.009775,1323715320
lindsaykap,14.07371038,60.95557521,1324927080
lindsaykap,12.54963211,70.05674253,1351891200
lindsaykap,40.79053859,73.9603291,1352653560
lindsaykap,14.075498,60.95427153,1324918980
lindsaykap,40.71992,74.008315,1323808080
lindsaykap,40.749666,74.005015,1342042620
lindsaykap,40.939702,72.290023,1345321440
lindsaykap,41.03326515,71.944364,1345168440
lindsaykap,40.95815725,72.36819355,1345325700
lindsaykap,40.22250115,73.99832726,1341161520
lindsaykap,40.722437,74.003713,1332264540
lindsaykap,40.78206874,73.97180557,1342300080
lindsaykap,40.64456836,73.78349304,1325549160
lindsaykap,41.80490989,73.24906826,1346516280
lindsaykap,41.74698891,74.089621,1349540040
lindsaykap,40.74253627,74.00415339,1342213500
lindsaykap,40.22318325,73.99886815,1342362780
lindsaykap,40.72500656,73.99841309,1351105860
lindsaykap,41.505889,73.789772,1333708440
lindsaykap,40.72069845,74.0051216,1330039380
lindsaykap,40.77210813,73.97590399,1347211920
lindsaykap,41.54513776,73.87375474,1329588360
lindsaykap,40.7822962,73.97352219,1330897200
lindsaykap,40.76304258,73.97707717,1345845960
lindsaykap,41.07255217,71.91782566,1345391580
lindsaykap,40.7239845,73.993589,1332533580
lindsaykap,40.78046227,73.97689352,1342975020
lindsaykap,40.74202,74.00097,1347571140
lindsaykap,40.78088,73.97718,1350945900
lindsaykap,40.719833,74.005734,1340925480
lindsaykap,40.71929652,74.01021316,1331323980
lindsaykap,40.719833,74.005734,1340933580
lindsaykap,40.759525,73.978438,1328220780
lindsaykap,12.54963211,70.05674253,1351898880
lindsaykap,40.77889997,73.971083,1347213540
lindsaykap,41.0325408,71.94178104,1345383000
lindsaykap,41.506475,73.97231,1333750320
lindsaykap,41.07255217,71.91782566,1345400820
lindsaykap,40.784417,73.977345,1332092340
lindsaykap,40.72008,74.009954,1327075380
lindsaykap,40.75172979,73.99158564,1328731560
lindsaykap,40.7698758,73.98635709,1327180020
lindsaykap,40.64557779,73.77643347,1324633800
lindsaykap,40.747754,74.01075831,1346017380
lindsaykap,41.033649,71.948163,1345155840
lindsaykap,12.56654101,70.04769437,1352039340
lindsaykap,40.95815725,72.36819355,1345335780
lindsaykap,40.75250499,73.97758004,1341260280
lindsaykap,40.74048589,74.00188386,1332879060
lindsaykap,40.99841121,72.04370499,1345396500
lindsaykap,40.78747071,73.98151936,1332006960
lindsaykap,41.74533462,74.08567047,1349540100
lindsaykap,40.75227995,74.00856256,1342270380
lindsaykap,40.75975203,73.97981481,1349385300
lindsaykap,40.72635525,74.00576234,1343072040
lindsaykap,40.72725877,74.00568724,1341941100
lindsaykap,14.07652102,60.95469296,1325382960
lindsaykap,40.72728537,74.00601266,1353068640
lindsaykap,41.506475,73.97231,1329675180
lindsaykap,40.771898,73.981773,1326927060
lindsaykap,12.56586382,70.04872945,1351865280
lindsaykap,40.785603,73.976646,1330195560
lindsaykap,40.722437,74.003713,1332252360
lindsaykap,12.56654101,70.04769437,1352039160
lindsaykap,41.506475,73.97231,1333738200
lindsaykap,40.74962825,73.99412221,1348005660
lindsaykap,12.60105635,70.05153179,1351988820
lindsaykap,40.74044299,74.00576591,1330380480
lindsaykap,41.505889,73.789772,1329653940
lindsaykap,40.22058472,73.999779,1341166920
lindsaykap,40.719833,74.005734,1340835540
lindsaykap,40.71991652,74.00845723,1340985240
lindsaykap,40.72561896,74.00389516,1344345180
lindsaykap,40.76848238,73.98196128,1331046120
lindsaykap,40.71978165,74.00548472,1348257660
lindsaykap,40.78911988,73.97335052,1345415460
lindsaykap,36.16063435,86.77772778,1347750420
lindsaykap,40.7822962,73.97352219,1323567960
lindsaykap,40.74127439,73.99325252,1348515720
lindsaykap,40.71990468,74.008445,1326895320
lindsaykap,12.54963211,70.05674253,1351899360
lindsaykap,40.78224746,73.97384405,1343563860
lindsaykap,40.72645956,74.00223672,1331068260
lindsaykap,36.04515874,86.71159945,1347802740
lindsaykap,40.719833,74.005734,1327014840
lindsaykap,40.78260006,73.97871287,1345884780
lindsaykap,35.96276,86.6751886,1347830400
