luciencoy,50.12124,8.63661,1310063820
luciencoy,50.10855,8.66909,1287147600
luciencoy,50.0922,8.78109,1302596700
luciencoy,50.12124,8.63661,1320817020
luciencoy,50.12124,8.63661,1302830400
luciencoy,50.12124,8.63661,1302849960
luciencoy,50.12124,8.63661,1304569440
luciencoy,50.12124,8.63661,1320902160
luciencoy,50.11783,8.67334,1289458920
luciencoy,50.09214,8.78109,1304921220
luciencoy,50.12124,8.63661,1313515980
luciencoy,50.09214,8.78109,1303912320
luciencoy,50.12124,8.63661,1304255580
luciencoy,50.12124,8.63661,1312800000
luciencoy,50.12124,8.63661,1306662720
luciencoy,50.12124,8.63661,1305445260
luciencoy,50.12124,8.63661,1317020940
luciencoy,50.12124,8.63661,1305474480
luciencoy,50.10855,8.66909,1291124760
luciencoy,52.37045579,4.88903524,1286462940
luciencoy,50.12124,8.63661,1304476920
luciencoy,50.10768133,8.6682766,1323634260
luciencoy,50.12124,8.63661,1313515200
luciencoy,50.12124,8.63661,1303099560
luciencoy,50.12124,8.63661,1310538000
luciencoy,50.12124,8.63661,1303925460
luciencoy,50.12124,8.63661,1308312300
luciencoy,50.11783,8.67334,1289485500
luciencoy,50.09214,8.78109,1287550560
luciencoy,50.0922,8.78109,1303911900
luciencoy,50.09214,8.78109,1292485800
luciencoy,50.12124,8.63661,1305049320
luciencoy,50.10855,8.66909,1287135360
luciencoy,50.10855,8.66909,1288262940
luciencoy,50.09214,8.78109,1287400560
luciencoy,50.0922,8.78109,1289568600
luciencoy,50.12124,8.63661,1311729600
luciencoy,50.0922,8.78109,1302505080
luciencoy,50.10855,8.66909,1286433180
luciencoy,50.10333,8.7591,1286255940
luciencoy,50.12124,8.63661,1304477940
luciencoy,50.09214,8.78109,1296196740
luciencoy,50.12577,8.76225,1292059080
luciencoy,50.09214,8.78109,1295847420
luciencoy,50.09214,8.78109,1294391760
luciencoy,50.10855,8.66909,1291124520
luciencoy,50.10855,8.66909,1285830480
luciencoy,50.12577,8.76225,1292060640
luciencoy,50.12124,8.63661,1302064080
luciencoy,50.0922,8.78109,1304066220
luciencoy,50.12124,8.63661,1310543940
luciencoy,37.77501683,122.43772451,1287933720
luciencoy,50.09214,8.78109,1296024660
luciencoy,50.09214,8.78109,1295945520
luciencoy,50.0922,8.78109,1289983740
luciencoy,50.10855,8.66909,1285855920
luciencoy,50.09214,8.78109,1294300800
luciencoy,50.10855,8.66909,1285117020
luciencoy,50.10855,8.66909,1286425980
luciencoy,50.12124,8.63661,1311918300
luciencoy,50.94742328,6.98334515,1316495160
luciencoy,50.12124,8.63661,1320816240
luciencoy,50.09214,8.78109,1287407520
luciencoy,50.10855,8.66909,1285901460
luciencoy,50.10855,8.66909,1296711240
luciencoy,50.09214,8.78109,1298633520
luciencoy,50.11783,8.67334,1289486460
luciencoy,49.50035,8.50216,1290701280
luciencoy,50.10778483,8.66822134,1323799260
luciencoy,50.10855,8.66909,1298538000
luciencoy,50.12124,8.63661,1311920520
luciencoy,50.0922,8.78109,1289983800
luciencoy,50.12577,8.76225,1288967580
luciencoy,50.09214,8.78109,1296135540
luciencoy,50.09214,8.78109,1287390420
luciencoy,50.0922,8.78109,1320412140
luciencoy,50.12124,8.63661,1304688120
luciencoy,50.0922,8.78109,1289985000
luciencoy,50.0922,8.78109,1289567760
luciencoy,50.12124,8.63661,1304441280
luciencoy,50.10855,8.66909,1296712140
luciencoy,50.94744629,6.98332911,1316512140
luciencoy,50.0922,8.78109,1311333600
luciencoy,50.12124,8.63661,1307773620
luciencoy,50.12124,8.63661,1307536800
luciencoy,50.09214,8.78109,1296129000
luciencoy,50.09214,8.78109,1292485380
luciencoy,50.107916,8.668152,1331737980
luciencoy,50.0922,8.78109,1310455920
luciencoy,50.12577,8.76225,1295344140
luciencoy,50.09214,8.78109,1294646100
luciencoy,50.12124,8.63661,1308278460
luciencoy,50.0922,8.78109,1289831700
luciencoy,50.12577,8.76225,1295343960
luciencoy,50.12124,8.63661,1309782480
luciencoy,50.10855,8.66909,1296712560
luciencoy,50.12124,8.63661,1312968360
luciencoy,50.10855,8.66909,1291140660
luciencoy,51.53146276,0.08056512,1302936660
luciencoy,50.12124,8.63661,1303237080
luciencoy,50.09214,8.78109,1292485500
luciencoy,50.10855,8.66909,1288264080
luciencoy,50.0922,8.78109,1303801620
luciencoy,50.10855,8.66909,1297085460
luciencoy,50.09214,8.78109,1304928420
luciencoy,50.12124,8.63661,1305819720
luciencoy,50.10855,8.66909,1286424360
luciencoy,50.94743458,6.98334031,1316519520
luciencoy,50.09214,8.78109,1295619840
luciencoy,50.12124,8.63661,1305855960
luciencoy,50.09214,8.78109,1304952240
luciencoy,50.10855,8.66909,1286153160
luciencoy,50.0922,8.78109,1320399240
luciencoy,50.0922,8.78109,1302604320
luciencoy,50.10855,8.66909,1298538780
luciencoy,50.09214,8.78109,1295848260
luciencoy,50.11783,8.67334,1288922100
luciencoy,50.12124,8.63661,1320986640
luciencoy,50.94741685,6.98335286,1316494200
luciencoy,50.12124,8.63661,1320815640
luciencoy,50.10855,8.66909,1287136620
luciencoy,51.28082508,6.76716068,1288228080
luciencoy,50.09214,8.78109,1296541020
luciencoy,50.12124,8.63661,1302792240
luciencoy,50.09214,8.78109,1285131960
luciencoy,50.12124,8.63661,1307627640
luciencoy,50.10855,8.66909,1298299020
luciencoy,50.12124,8.63661,1304687340
luciencoy,50.09214,8.78109,1296108240
luciencoy,50.10855,8.66909,1297085520
luciencoy,50.12124,8.63661,1310363760
luciencoy,50.09214,8.78109,1305606960
luciencoy,50.12124,8.63661,1305855240
luciencoy,50.09214,8.78109,1296193080
luciencoy,50.09214,8.78109,1294736880
luciencoy,50.10855,8.66909,1296714300
luciencoy,50.0922,8.78109,1290154440
luciencoy,50.10855,8.66909,1287136500
luciencoy,50.09214,8.78109,1295847480
luciencoy,50.09214,8.78109,1303912380
luciencoy,50.10855,8.66909,1297438200
luciencoy,50.0922,8.78109,1303368960
luciencoy,50.12124,8.63661,1303094220
luciencoy,50.11783,8.67334,1285855680
luciencoy,50.12124,8.63661,1302943860
luciencoy,50.09214,8.78109,1292061060
luciencoy,50.12577,8.76225,1291370520
luciencoy,50.09214,8.78109,1296193440
luciencoy,50.12124,8.63661,1303100040
luciencoy,50.12124,8.63661,1302747840
luciencoy,50.10855,8.66909,1296712500
luciencoy,50.9473811,6.98336887,1316511120
luciencoy,50.12124,8.63661,1307948460
luciencoy,50.12124,8.63661,1308233400
luciencoy,50.09214,8.78109,1295862240
luciencoy,50.12124,8.63661,1302748020
luciencoy,50.0922,8.78109,1320414960
luciencoy,50.9474227,6.98333745,1316518500
luciencoy,50.12577,8.76225,1289196600
luciencoy,50.09214,8.78109,1295945580
luciencoy,50.10855,8.66909,1298962080
luciencoy,50.12124,8.63661,1310654280
luciencoy,50.94586,4.37223,1290668880
luciencoy,50.09214,8.78109,1293024540
luciencoy,50.09214,8.78109,1294300740
luciencoy,50.09214,8.78109,1314159720
luciencoy,50.12124,8.63661,1309179000
luciencoy,50.12577,8.76225,1292056560
luciencoy,50.12124,8.63661,1309430940
luciencoy,50.12124,8.63661,1317021060
luciencoy,50.12124,8.63661,1319516700
luciencoy,50.09214,8.78109,1294120980
luciencoy,50.12124,8.63661,1304688240
luciencoy,50.12124,8.63661,1312968480
luciencoy,50.12124,8.63661,1303237320
luciencoy,50.129248,8.683933,1349138100
luciencoy,50.12124,8.63661,1302940020
luciencoy,50.12124,8.63661,1303262220
luciencoy,50.0922,8.78109,1303800060
luciencoy,50.09214,8.78109,1305607620
luciencoy,50.0922,8.78109,1303293840
luciencoy,50.10855,8.66909,1285180860
luciencoy,50.12124,8.63661,1312378380
luciencoy,50.12124,8.63661,1309429680
luciencoy,50.12577,8.76225,1288960860
luciencoy,50.12577,8.76225,1291268940
luciencoy,50.0922,8.78109,1289907120
luciencoy,50.12124,8.63661,1321433880
luciencoy,51.23586,6.7713,1290660720
luciencoy,50.09214,8.78109,1295619840
luciencoy,50.10855,8.66909,1290512880
luciencoy,50.12124,8.63661,1313515800
luciencoy,50.12124,8.63661,1304570040
luciencoy,50.10855,8.66909,1285722060
luciencoy,50.09214,8.78109,1292060820
luciencoy,50.12124,8.63661,1312463760
luciencoy,50.09214,8.78109,1295848320
luciencoy,50.12124,8.63661,1302830220
luciencoy,50.0922,8.78109,1311333780
luciencoy,50.12124,8.63661,1303925520
luciencoy,50.12124,8.63661,1309955220
luciencoy,50.12124,8.63661,1309500000
luciencoy,50.12124,8.63661,1308312120
luciencoy,50.09214,8.78109,1305103920
luciencoy,50.0922,8.78109,1289399100
luciencoy,50.12124,8.63661,1319366880
luciencoy,50.10855,8.66909,1285115520
luciencoy,50.12124,8.63661,1304477820
luciencoy,50.0922,8.78109,1311334680
luciencoy,50.10855,8.66909,1296712380
luciencoy,50.10778693,8.66824856,1323796440
luciencoy,50.11542857,8.65639808,1323778860
luciencoy,50.0922,8.78109,1302681480
luciencoy,50.10855,8.66909,1298557560
luciencoy,50.12124,8.63661,1312396080
luciencoy,50.12124,8.63661,1315804680
luciencoy,50.0922,8.78109,1303369140
luciencoy,50.11783,8.67334,1289455500
luciencoy,50.12124,8.63661,1307625840
luciencoy,50.10855,8.66909,1285180080
luciencoy,50.10855,8.66909,1287651060
luciencoy,50.12124,8.63661,1305223260
luciencoy,50.12577,8.76225,1289195760
luciencoy,50.09214,8.78109,1304928540
luciencoy,50.0922,8.78109,1302269880
luciencoy,50.10855,8.66909,1291140540
luciencoy,50.12124,8.63661,1319516580
luciencoy,50.0922,8.78109,1302681420
luciencoy,50.12124,8.63661,1310542740
luciencoy,50.12124,8.63661,1303099020
luciencoy,50.09214,8.78109,1305532980
luciencoy,50.0922,8.78109,1320414960
luciencoy,50.09214,8.78109,1295610660
luciencoy,50.09214,8.78109,1295944380
luciencoy,50.12124,8.63661,1312860660
luciencoy,50.0922,8.78109,1302681420
luciencoy,50.09214,8.78109,1297064760
luciencoy,50.12124,8.63661,1310370180
luciencoy,50.12124,8.63661,1310022060
luciencoy,50.10855,8.66909,1287049800
luciencoy,50.09214,8.78109,1294300860
luciencoy,50.09214,8.78109,1286974200
luciencoy,50.12124,8.63661,1302849900
luciencoy,50.09214,8.78109,1303910580
luciencoy,50.0922,8.78109,1311333660
luciencoy,50.12124,8.63661,1305052380
luciencoy,50.12124,8.63661,1303099260
luciencoy,50.12124,8.63661,1310654220
luciencoy,50.12124,8.63661,1316066880
luciencoy,50.09214,8.78109,1286883660
luciencoy,50.10855,8.66909,1287040680
luciencoy,50.10855,8.66909,1291111320
luciencoy,50.12124,8.63661,1309430580
luciencoy,50.10855,8.66909,1285117980
luciencoy,50.11783,8.67334,1289485620
luciencoy,50.94741144,6.98336102,1316494860
luciencoy,50.10855,8.66909,1285180320
luciencoy,50.09214,8.78109,1303912680
luciencoy,50.12124,8.63661,1311919500
luciencoy,50.0922,8.78109,1302505140
luciencoy,50.10855,8.66909,1285181580
luciencoy,50.01087,8.78699,1316672280
luciencoy,50.12124,8.63661,1307671800
luciencoy,50.0922,8.78109,1288856520
luciencoy,50.09214,8.78109,1303967340
luciencoy,50.12124,8.63661,1313122680
luciencoy,50.10855,8.66909,1291141020
luciencoy,50.12124,8.63661,1305908580
luciencoy,50.12124,8.63661,1315974960
luciencoy,50.12124,8.63661,1310629200
luciencoy,50.12577,8.76225,1292059140
luciencoy,50.10855,8.66909,1285873440
luciencoy,50.09214,8.78109,1305618840
luciencoy,50.10855,8.66909,1287135180
luciencoy,50.10855,8.66909,1291124100
luciencoy,50.10855,8.66909,1285839540
luciencoy,50.09214,8.78109,1287550740
luciencoy,50.09214,8.78109,1294301040
luciencoy,50.09214,8.78109,1296465480
luciencoy,50.09214,8.78109,1304485500
