merrybubbles,40.74093223,74.00535274,1347029040
merrybubbles,40.76836275,73.98180276,1343949360
merrybubbles,33.60500501,111.9104668,1344637560
merrybubbles,40.744254,73.992265,1343697360
merrybubbles,42.34778527,71.08410418,1351081500
merrybubbles,33.49506092,111.92613602,1344630960
merrybubbles,40.74581092,73.98798197,1343785740
merrybubbles,33.434641,112.001887,1344611340
merrybubbles,40.765166,73.971405,1346187780
merrybubbles,40.7892265,73.97615038,1342706460
merrybubbles,40.744214,73.992051,1346439000
merrybubbles,40.73170589,73.9790464,1349134860
merrybubbles,33.43826005,112.00175455,1344690000
merrybubbles,40.744254,73.992265,1341722820
merrybubbles,40.744254,73.992265,1342044900
merrybubbles,37.7868951,122.38805446,1344546960
merrybubbles,42.34662056,71.08219569,1351029120
merrybubbles,25.7654215,80.18564701,1341002160
merrybubbles,40.74093223,74.00535274,1346975760
merrybubbles,25.81172347,80.1918857,1340918040
merrybubbles,40.73194094,73.97913367,1348696320
merrybubbles,33.94486351,118.37452138,1349985180
merrybubbles,40.73190377,73.97915231,1348696380
merrybubbles,40.74400993,73.99312397,1343811960
merrybubbles,40.721977,74.004289,1347567660
merrybubbles,34.02534556,118.32801656,1350008580
merrybubbles,37.79845298,122.41322633,1344480300
merrybubbles,40.744254,73.992265,1344218100
merrybubbles,42.34787468,71.0840347,1351081560
merrybubbles,33.60499035,111.91053984,1344637200
merrybubbles,40.74093223,74.00535274,1347029100
merrybubbles,40.77261188,73.98360729,1345494420
merrybubbles,40.744254,73.992265,1341364560
merrybubbles,40.70875102,74.00949597,1347112020
merrybubbles,42.347125,71.082467,1343482860
merrybubbles,40.74093223,74.00535274,1346976120
merrybubbles,40.744254,73.992265,1341444300
merrybubbles,40.73169984,73.97912163,1348727820
merrybubbles,37.776562,122.416966,1344447780
merrybubbles,37.77702183,122.408318,1344448560
merrybubbles,40.74049402,73.98710489,1344812160
merrybubbles,41.03099958,73.59398811,1351113420
merrybubbles,40.854181,73.888279,1346610480
merrybubbles,40.74561483,73.985305,1349293680
merrybubbles,40.74486989,73.99267382,1344812460
merrybubbles,40.73179811,73.97916819,1349134860
merrybubbles,40.74093223,74.00535274,1346975640
merrybubbles,40.76252443,73.97711735,1344029880
merrybubbles,42.34763559,71.08370794,1351086600
merrybubbles,40.73191189,73.97921267,1348696620
merrybubbles,40.72955814,73.97712596,1351241880
merrybubbles,40.78060613,73.98056533,1342654140
merrybubbles,40.72199402,73.99613857,1345150980
merrybubbles,40.78061586,73.98060871,1342650480
merrybubbles,40.7521126,73.99262409,1351116360
merrybubbles,37.778515,122.394324,1344550680
merrybubbles,40.72793215,73.9946486,1344194460
merrybubbles,37.75114803,122.44106182,1344472620
merrybubbles,40.75641859,73.98609344,1350673260
merrybubbles,40.74562787,74.01019021,1345375140
merrybubbles,40.742984,73.983096,1343778960
merrybubbles,42.34731202,71.08214359,1351022820
merrybubbles,40.753635,73.989829,1343335320
merrybubbles,33.50106208,111.930131,1344632460
merrybubbles,40.70875102,74.00949597,1347118860
merrybubbles,37.78708049,122.38825567,1344547020
merrybubbles,40.7507948,73.99357639,1350934200
merrybubbles,40.75270462,73.98446655,1342561200
merrybubbles,33.43696397,112.00184129,1344603480
merrybubbles,40.74489266,73.99278254,1344813000
merrybubbles,40.73165877,73.97909129,1351545960
merrybubbles,40.78057046,73.98049288,1342655040
merrybubbles,40.74791821,73.93180899,1351115220
merrybubbles,40.74303804,73.99127839,1344075540
merrybubbles,40.74558093,73.99399701,1344946980
merrybubbles,40.7806388,73.9805536,1342654860
merrybubbles,34.01257451,118.49673517,1349828400
merrybubbles,40.744558,73.992686,1344723480
merrybubbles,40.745703,73.947641,1341723660
merrybubbles,33.42208431,111.97929478,1344617940
merrybubbles,42.34778527,71.08410418,1351081500
merrybubbles,40.74431059,73.99217502,1344075480
merrybubbles,40.64664642,73.78245517,1344709800
merrybubbles,40.744558,73.992686,1345754160
merrybubbles,42.34785057,71.08408829,1351076580
merrybubbles,40.73170135,73.97913958,1348868940
merrybubbles,37.76518488,122.41979308,1344470340
merrybubbles,25.79498411,80.27576923,1341139440
merrybubbles,40.744558,73.992686,1346541120
merrybubbles,40.744317,73.991777,1347888540
merrybubbles,33.50394343,111.92948317,1344629520
merrybubbles,40.77222744,73.98302876,1345495740
merrybubbles,40.74496628,73.99104044,1346711520
merrybubbles,37.77350965,122.4159673,1344538800
merrybubbles,40.744254,73.992265,1341279600
merrybubbles,40.74470774,73.99254446,1343990820
merrybubbles,40.66153,74.19546,1349451780
merrybubbles,34.076045,118.358334,1349815080
merrybubbles,40.74969532,74.00344181,1341878700
merrybubbles,40.66034651,73.8304257,1344712380
merrybubbles,40.68734197,73.99020553,1342376340
merrybubbles,40.744254,73.992265,1343299440
merrybubbles,40.76828125,73.9818332,1343949000
merrybubbles,40.74476858,73.99271619,1347150420
merrybubbles,25.7654215,80.18564701,1341001980
merrybubbles,42.37591428,71.11515183,1343494500
merrybubbles,33.43833945,112.00194456,1344690000
merrybubbles,40.68968494,74.17938709,1344263520
merrybubbles,33.50507785,111.92851508,1344630480
merrybubbles,41.68194467,91.55864161,1350469380
merrybubbles,40.78055198,73.98072161,1342646460
merrybubbles,33.60506008,111.9105557,1344637080
merrybubbles,37.801795,122.408971,1344425040
merrybubbles,40.760642,73.98477,1350417840
merrybubbles,40.76403942,73.99757624,1342034460
merrybubbles,40.7507948,73.99357639,1351116240
merrybubbles,40.75280621,73.97717535,1351712040
merrybubbles,33.94483818,118.37460065,1349840700
merrybubbles,40.73163096,73.97909034,1351163880
merrybubbles,40.76848969,73.98188206,1343948580
merrybubbles,40.73102859,74.00061665,1349396100
merrybubbles,40.72936804,74.00056474,1349395320
merrybubbles,40.74484582,73.99257227,1344773760
merrybubbles,40.76820985,73.98178433,1343949060
merrybubbles,40.74950301,73.99216307,1344033960
merrybubbles,40.74960636,73.99194853,1344034380
merrybubbles,37.61513408,122.38631911,1344294360
merrybubbles,40.744254,73.992265,1343598300
merrybubbles,40.765166,73.971405,1346186040
merrybubbles,40.776265,73.948874,1343096220
merrybubbles,40.73099168,73.97857965,1348696320
merrybubbles,40.74470206,73.99285966,1346148360
merrybubbles,41.29774309,72.92661509,1351110660
merrybubbles,40.854181,73.888279,1346643660
merrybubbles,37.77355049,122.41600085,1344538860
merrybubbles,40.73167874,73.97909162,1351163700
merrybubbles,40.74093223,74.00535274,1347029040
merrybubbles,41.68192987,91.55884603,1350551280
merrybubbles,40.71978776,74.00638649,1349305920
merrybubbles,37.61576117,122.38790989,1344294180
merrybubbles,40.72201115,74.00430259,1347572700
merrybubbles,40.744717,73.993113,1344947640
merrybubbles,48.85836229,2.29457617,1336418100
merrybubbles,42.34572703,71.07886015,1351082940
merrybubbles,40.75645736,73.84606361,1347049380
merrybubbles,40.749901,73.991616,1345580460
merrybubbles,40.74093223,74.00535274,1347029100
merrybubbles,40.741482,73.99371984,1349708220
merrybubbles,37.76809159,122.42031265,1344470280
merrybubbles,42.3478499,71.08415542,1351076160
merrybubbles,40.74476858,73.99271619,1347138900
merrybubbles,40.744254,73.992265,1341172140
merrybubbles,40.64456836,73.78349304,1344709080
merrybubbles,33.50392872,111.92894589,1344632580
merrybubbles,40.74571801,73.99358002,1347921360
merrybubbles,40.740884,73.991841,1351293960
merrybubbles,40.721488,73.995029,1345149180
merrybubbles,40.73165331,73.9790343,1351545660
merrybubbles,40.77094988,73.98200145,1343944080
merrybubbles,40.73102533,74.0006023,1349396160
merrybubbles,40.747113,73.990348,1345579980
merrybubbles,33.43708212,112.00169253,1344603540
merrybubbles,40.765166,73.971405,1346187960
merrybubbles,34.10193065,118.33566606,1350103560
merrybubbles,40.74557403,73.99337118,1344907980
merrybubbles,40.74529174,73.99253829,1343675460
merrybubbles,37.77532603,122.399505,1344470580
merrybubbles,40.76823698,73.98180632,1343949180
merrybubbles,40.70875102,74.00949597,1347118860
merrybubbles,40.74443985,73.99231259,1344812700
merrybubbles,40.78953415,73.79179716,1351546980
merrybubbles,42.34762582,71.08376312,1351085580
merrybubbles,40.72765501,73.98534162,1352936280
merrybubbles,40.74218831,73.98792419,1345183320
merrybubbles,44.88439755,93.21178436,1350413340
merrybubbles,25.801335,80.198991,1341089040
merrybubbles,40.7316676,73.97911956,1348728180
merrybubbles,42.347043,71.084202,1351028340
merrybubbles,40.71972053,74.00633975,1349306040
merrybubbles,33.42208431,111.97929478,1344618000
merrybubbles,40.75537624,73.99432707,1351116180
merrybubbles,37.78044837,122.4037185,1344454260
merrybubbles,40.72955814,73.97712596,1351886700
merrybubbles,42.3416946,71.07949006,1351099260
merrybubbles,41.26386951,72.9747608,1351110960
merrybubbles,40.75641859,73.98609344,1350673380
merrybubbles,37.77702183,122.408318,1344470100
merrybubbles,40.73167898,73.97901713,1351546260
merrybubbles,40.75330657,73.99052394,1343333820
merrybubbles,40.74093223,74.00535274,1346975880
merrybubbles,40.744254,73.992265,1341279480
merrybubbles,40.744254,73.992265,1344723120
merrybubbles,40.74567555,74.00567983,1341499140
merrybubbles,37.78868338,122.38802791,1344539580
merrybubbles,40.76051939,73.98483599,1350300420
merrybubbles,34.02525586,118.32816388,1350006300
merrybubbles,40.744558,73.992686,1346234280
merrybubbles,40.744254,73.992265,1341180540
merrybubbles,40.74490987,73.99253,1344037680
merrybubbles,40.74442435,73.99239008,1344204840
merrybubbles,40.72173557,73.99593566,1345183620
merrybubbles,40.74476858,73.99271619,1347249060
merrybubbles,40.73170135,73.97913958,1348868880
merrybubbles,33.456975,112.040084,1344283200
merrybubbles,42.3416946,71.07949006,1350955080
merrybubbles,40.74093223,74.00535274,1347029040
merrybubbles,37.7768119,122.41695896,1344442980
merrybubbles,40.78953415,73.79179716,1351545780
merrybubbles,40.74501229,73.98852749,1343913840
merrybubbles,40.74495507,73.99253604,1344812400
merrybubbles,40.72626435,73.83823556,1349772840
merrybubbles,40.75648987,73.98626804,1345162440
merrybubbles,42.34763529,71.08363615,1351081980
merrybubbles,42.34790267,71.0839638,1351076160
merrybubbles,40.76280409,73.97765685,1344026520
merrybubbles,40.77219318,73.9830345,1348356000
merrybubbles,40.76613867,73.95502123,1348674240
merrybubbles,40.77725923,73.95521879,1341342960
merrybubbles,37.61640706,122.38615036,1344294120
merrybubbles,42.35095713,71.06524014,1343472780
merrybubbles,40.744254,73.992265,1342905840
merrybubbles,33.50378309,111.92951115,1344629520
merrybubbles,40.71978154,74.00649978,1349305860
merrybubbles,40.743342,73.995988,1345487280
merrybubbles,40.7419308,73.98476197,1346439000
merrybubbles,40.744254,73.992265,1342746360
merrybubbles,40.73162681,73.97912656,1348920000
merrybubbles,40.73164886,73.979161,1349125260
merrybubbles,40.744558,73.992686,1347316380
merrybubbles,37.78211206,122.40600944,1344454140
merrybubbles,40.7535966,73.9831996,1346960520
merrybubbles,40.744717,73.993113,1346148600
merrybubbles,40.72879223,73.83973271,1349772300
merrybubbles,40.73170311,73.97906557,1349124840
merrybubbles,40.73174124,73.97911667,1348919940
merrybubbles,37.77962607,122.40276572,1344454380
merrybubbles,41.16325668,73.23025894,1351112220
merrybubbles,41.88879641,91.70069218,1350419940
merrybubbles,40.74470476,73.99284245,1351386600
merrybubbles,40.74160986,73.99370551,1349709240
merrybubbles,40.7205995,73.96312594,1345361220
merrybubbles,40.74575184,73.98792639,1343785920
merrybubbles,34.02533621,118.32776787,1350005220
merrybubbles,33.49202529,111.92568567,1344642480
merrybubbles,40.73107062,74.00080825,1349394000
merrybubbles,37.7799217,122.40310335,1344454380
merrybubbles,40.744254,73.992265,1343173980
merrybubbles,42.34782809,71.08414072,1351076280
merrybubbles,40.744717,73.993113,1343996400
merrybubbles,40.74514518,73.99300201,1344174120
merrybubbles,34.0252762,118.32812691,1350005340
merrybubbles,40.71976872,74.00643377,1349305920
merrybubbles,40.744558,73.992686,1345424400
merrybubbles,40.73167561,73.97911283,1348869060
merrybubbles,40.74395713,73.99255551,1341524460
merrybubbles,40.75296713,73.97698535,1351712160
merrybubbles,40.74465268,73.99252423,1344773700
merrybubbles,40.74529174,73.99253829,1343153640
merrybubbles,40.74500734,73.99269945,1344812640
merrybubbles,40.73171042,73.97900905,1348871280
merrybubbles,40.74968174,73.99183241,1344033900
merrybubbles,40.73102599,74.0006411,1349395380
merrybubbles,40.77230736,73.9834592,1345495620
merrybubbles,40.745069,73.98860009,1343913840
merrybubbles,40.76042451,73.98469311,1350394080
merrybubbles,40.78055198,73.98072161,1342645200
merrybubbles,40.78056953,73.98085614,1349647620
merrybubbles,37.77352789,122.41600268,1344538800
merrybubbles,37.61502576,122.38633712,1344294360
merrybubbles,40.64647585,73.78235026,1344709800
merrybubbles,40.72262,73.99518825,1345153620
merrybubbles,40.76837992,73.98179379,1343949420
merrybubbles,40.76613867,73.95502123,1348674240
merrybubbles,33.6048576,111.91071292,1344636060
merrybubbles,40.744717,73.993113,1344958920
merrybubbles,40.74543269,74.00356232,1341879780
merrybubbles,42.34796886,71.08239332,1351023780
