micah,37.56683931,122.32359228,1341515460
micah,37.77029,122.43607,1333384560
micah,37.55719,122.31501,1345504980
micah,33.59145,112.12495,1332948060
micah,37.55719,122.31501,1346593740
micah,37.55719,122.31501,1353161400
micah,37.55719,122.31501,1341286440
micah,37.38159,122.13576,1351540080
micah,37.55719,122.31501,1341691200
micah,37.55719,122.31501,1332367260
micah,37.55719,122.31501,1333981440
micah,37.55719,122.31501,1333914240
micah,37.55719,122.31501,1353072960
micah,40.02931,105.24013,1344529080
micah,37.77029,122.43607,1332271500
micah,37.55719,122.31501,1352823660
micah,37.55719,122.31501,1345770660
micah,37.53152821,122.31642065,1350073440
micah,37.55719,122.31501,1332965880
micah,37.55719,122.31501,1345262340
micah,37.62823632,122.42653618,1346943960
micah,37.55719,122.31501,1350525720
micah,33.67421,111.85835,1332882180
micah,37.55719,122.31501,1345388400
micah,37.79837338,122.44272997,1353385260
micah,37.77029,122.43607,1332216420
micah,37.55719,122.31501,1348806420
micah,37.53152821,122.31642065,1350073020
micah,37.55719,122.31501,1349728800
micah,37.55719,122.31501,1351475880
micah,37.55719,122.31501,1349908620
micah,37.55719,122.31501,1347625260
micah,37.55719,122.31501,1345171080
micah,37.55719,122.31501,1349147820
micah,37.55719,122.31501,1346203380
micah,37.55719,122.31501,1332987480
micah,47.44228,122.29585,1345559460
micah,37.55719,122.31501,1341184260
micah,37.38159,122.13576,1351030080
micah,37.55719,122.31501,1346676060
micah,37.55719,122.31501,1352824260
micah,37.393759,122.078883,1348975140
micah,37.55719,122.31501,1352823600
micah,37.55719,122.31501,1341518580
micah,37.55719,122.31501,1353476160
micah,37.55719,122.31501,1349562660
micah,37.55719,122.31501,1346682060
micah,37.77029,122.43607,1332813960
micah,40.02931,105.24013,1344554100
micah,37.55719,122.31501,1346533860
micah,37.55719,122.31501,1343590320
micah,45.5432,122.65472,1332687120
micah,37.55719,122.31501,1333241400
micah,37.55719,122.31501,1341492180
micah,37.55719,122.31501,1347540360
micah,37.41332,122.08116,1342039500
micah,37.38159,122.13576,1351177980
micah,37.55719,122.31501,1348187580
micah,37.55719,122.31501,1341619980
micah,37.55719,122.31501,1346531760
micah,37.53152821,122.31642065,1341416460
micah,37.528452,122.285891,1345300740
micah,37.55719,122.31501,1341981660
micah,37.38159,122.13576,1340994660
micah,37.51599,122.29521,1343496540
micah,37.55719,122.31501,1347989220
micah,37.77302,122.39385,1343685540
micah,37.55719,122.31501,1341941760
micah,37.55719,122.31501,1349932260
micah,37.55719,122.31501,1345514760
micah,37.77029,122.43607,1332817680
micah,37.55719,122.31501,1336185900
micah,37.55719,122.31501,1341977280
micah,37.77029,122.43607,1332270540
micah,37.55719,122.31501,1350259560
micah,37.77029,122.43607,1332853080
micah,37.55719,122.31501,1348113000
micah,37.77029,122.43607,1333459620
micah,37.55719,122.31501,1349755560
micah,37.562096,122.31871255,1349655960
micah,37.55719,122.31501,1342486200
micah,37.55719,122.31501,1353275160
micah,33.30302205,111.84234381,1352396820
micah,37.55719,122.31501,1351971840
micah,37.55719,122.31501,1350800340
micah,37.77029,122.43607,1333717200
micah,37.55719,122.31501,1332013560
micah,37.55719,122.31501,1332477660
micah,37.55719,122.31501,1348111260
micah,40.02931,105.24013,1344557160
micah,37.55719,122.31501,1341409740
micah,37.55719,122.31501,1351563120
micah,37.55719,122.31501,1333080420
micah,37.55719,122.31501,1349008320
micah,37.55719,122.31501,1348099620
micah,37.55719,122.31501,1348924860
micah,37.77029,122.43607,1332358560
micah,37.78767,122.40727,1350234780
micah,37.55719,122.31501,1341768720
micah,37.55719,122.31501,1341893760
micah,37.55719,122.31501,1350757380
micah,33.67421,111.85835,1332940860
micah,37.55719,122.31501,1332355800
micah,37.55719,122.31501,1347625380
micah,37.55719,122.31501,1345637820
micah,37.55719,122.31501,1348178640
micah,37.55719,122.31501,1351972320
micah,37.55719,122.31501,1349826180
micah,37.55719,122.31501,1341721440
micah,37.38159,122.13576,1336419600
micah,37.55719,122.31501,1351771020
micah,37.77029,122.43607,1333666320
micah,37.55719,122.31501,1344271380
micah,37.55719,122.31501,1349565720
micah,37.55719,122.31501,1351525800
micah,37.55719,122.31501,1348187460
micah,37.55719,122.31501,1348595940
micah,37.55719,122.31501,1347623460
micah,37.55719,122.31501,1353104340
micah,37.55719,122.31501,1345640100
micah,37.55719,122.31501,1346532480
micah,45.5432,122.65472,1332598680
micah,37.55719,122.31501,1348756200
micah,37.55719,122.31501,1348544100
micah,37.5626396,122.28062169,1336498260
micah,37.55719,122.31501,1345254540
micah,37.55719,122.31501,1346448900
micah,37.55719,122.31501,1342875300
micah,37.77029,122.43607,1333636140
micah,37.55719,122.31501,1347623760
micah,37.7771208,122.3928644,1346372820
micah,37.42498,122.17027,1349460480
micah,37.77029,122.43607,1332798660
micah,37.55719,122.31501,1348422660
micah,37.55719,122.31501,1349561940
micah,34.02093,118.21075,1348839180
micah,37.55719,122.31501,1351304640
micah,37.55719,122.31501,1344777540
micah,37.55719,122.31501,1348416540
micah,37.55719,122.31501,1351493520
micah,37.55719,122.31501,1348056420
micah,37.55719,122.31501,1348543860
micah,37.55719,122.31501,1349642580
micah,37.55719,122.31501,1348879380
micah,37.55719,122.31501,1341892920
micah,37.55719,122.31501,1346682060
micah,37.55719,122.31501,1352682420
micah,37.55719,122.31501,1341619920
micah,37.55719,122.31501,1348145100
micah,37.55719,122.31501,1349794500
micah,45.58916885,122.59379625,1332513660
micah,37.55719,122.31501,1349836020
micah,37.55719,122.31501,1352643360
micah,37.55719,122.31501,1343400000
micah,37.53152821,122.31642065,1350149040
micah,37.55719,122.31501,1350521460
micah,37.56620892,122.32259033,1352654220
micah,37.55719,122.31501,1333712340
micah,37.77029,122.43607,1333158000
micah,37.55719,122.31501,1351336320
micah,37.55719,122.31501,1352261640
micah,37.56620892,122.32259033,1350152400
micah,37.55719,122.31501,1346499900
micah,37.59833,122.39992,1344450120
micah,37.792,122.39561,1349973000
micah,40.78088,73.97718,1343842620
micah,37.55719,122.31501,1344350880
micah,37.55719,122.31501,1346973180
micah,37.38159,122.13576,1342823820
micah,37.55719,122.31501,1351985040
micah,37.55719,122.31501,1350773160
micah,37.55719,122.31501,1342916280
micah,37.55719,122.31501,1341621720
micah,37.55719,122.31501,1333119960
micah,37.55719,122.31501,1350441780
micah,37.55719,122.31501,1332312900
micah,37.55719,122.31501,1332806520
micah,37.55719,122.31501,1341071520
micah,37.77302,122.39385,1341945720
micah,37.55719,122.31501,1347623280
micah,37.38159,122.13576,1336425360
micah,37.55719,122.31501,1352205960
micah,37.55719,122.31501,1349826000
micah,39.8562,104.81345,1344462720
micah,37.55719,122.31501,1350522600
micah,37.55719,122.31501,1348953720
micah,37.55719,122.31501,1352873760
micah,45.5432,122.65472,1332687300
micah,37.56677806,122.32255799,1353261660
micah,37.55719,122.31501,1345171560
micah,33.59145,112.12495,1332947760
micah,37.55719,122.31501,1350525840
micah,37.55719,122.31501,1347989220
micah,37.55719,122.31501,1333513320
micah,37.41332,122.08116,1341357360
micah,37.55719,122.31501,1348878960
micah,37.534794,122.31332302,1333500060
micah,37.48766866,122.20604589,1341002640
micah,37.74733,122.42823,1342756200
micah,37.55719,122.31501,1340855760
micah,37.55719,122.31501,1348876380
micah,37.55719,122.31501,1340941380
micah,37.55719,122.31501,1333302660
micah,37.55719,122.31501,1345946400
micah,37.55719,122.31501,1341977100
micah,37.55719,122.31501,1351863660
micah,37.55719,122.31501,1342655460
micah,37.55719,122.31501,1344912300
micah,37.55719,122.31501,1353474900
micah,37.77302,122.39385,1346260740
micah,37.55719,122.31501,1349744040
micah,37.55719,122.31501,1350848460
micah,37.55719,122.31501,1347679800
micah,37.55719,122.31501,1346538780
micah,37.53152821,122.31642065,1349302740
micah,37.55719,122.31501,1351863060
micah,37.55719,122.31501,1346593020
micah,37.55719,122.31501,1352874120
micah,37.55719,122.31501,1345091520
micah,39.8562,104.81345,1343147040
micah,37.55719,122.31501,1350075960
micah,37.55719,122.31501,1352035920
micah,37.55719,122.31501,1332009480
micah,37.55719,122.31501,1341074220
micah,37.55719,122.31501,1350619980
micah,45.5432,122.65472,1332637140
micah,37.55719,122.31501,1345946760
micah,37.38159,122.13576,1340829660
micah,37.55719,122.31501,1333221720
micah,37.55719,122.31501,1333711680
micah,37.55719,122.31501,1347131820
micah,37.55719,122.31501,1346697600
micah,37.55719,122.31501,1342880700
micah,37.55719,122.31501,1353245220
micah,37.55719,122.31501,1350076080
micah,37.55719,122.31501,1351054860
micah,37.55719,122.31501,1350504780
micah,37.55719,122.31501,1347925320
micah,37.55719,122.31501,1352256420
micah,37.77029,122.43607,1333629900
micah,37.61537779,122.38309688,1342560180
micah,37.55719,122.31501,1349497560
micah,39.92662,105.16475,1344610080
micah,33.59145,112.12495,1332946920
micah,37.77029,122.43607,1332273900
micah,37.55719,122.31501,1341636180
micah,37.77029,122.43607,1332459660
micah,37.38159,122.13576,1351538460
micah,37.55719,122.31501,1349871120
micah,37.55208069,122.31379543,1341074460
micah,37.47341,122.44689,1352830860
micah,37.55719,122.31501,1332848520
micah,37.55719,122.31501,1342710660
micah,37.53152821,122.31642065,1340892840
micah,37.77029,122.43607,1336423200
micah,37.55719,122.31501,1344995400
micah,37.77029,122.43607,1333561020
micah,37.55719,122.31501,1348166280
micah,37.55719,122.31501,1352823840
micah,37.42498,122.17027,1345860360
micah,37.55719,122.31501,1333211280
micah,37.55719,122.31501,1348488240
micah,37.55719,122.31501,1348245720
micah,33.59145,112.12495,1332948240
micah,37.77029,122.43607,1332090120
micah,40.02931,105.24013,1343059920
micah,37.77029,122.43607,1332813000
micah,37.55719,122.31501,1345083240
micah,37.55719,122.31501,1349136840
micah,37.55719,122.31501,1350223740
micah,39.8562,104.81345,1344461820
micah,37.55719,122.31501,1349743800
micah,37.51599,122.29521,1346508780
micah,37.55719,122.31501,1352331960
micah,37.425502,122.138993,1346331960
micah,37.534794,122.31332302,1333731660
micah,37.52951,122.00858,1332195000
micah,37.55719,122.31501,1353124500
micah,40.78088,73.97718,1343841120
micah,40.69744,73.97968,1346169240
micah,37.55719,122.31501,1346682540
micah,37.77029,122.43607,1332275760
micah,37.55719,122.31501,1344377760
micah,37.55719,122.31501,1344365820
micah,37.55719,122.31501,1353456840
micah,37.55719,122.31501,1346681940
micah,37.56677806,122.32255799,1341683040
micah,37.77029,122.43607,1332214140
micah,37.55719,122.31501,1341867480
micah,37.55719,122.31501,1349562840
micah,37.55719,122.31501,1346501220
micah,37.55719,122.31501,1332355680
micah,37.55719,122.31501,1342928700
micah,37.55719,122.31501,1343439300
micah,37.47341,122.44689,1352853900
micah,37.77029,122.43607,1332274560
micah,37.55719,122.31501,1351298700
micah,37.55719,122.31501,1353104220
micah,37.55719,122.31501,1341550680
micah,37.77302,122.39385,1341945780
micah,45.5432,122.65472,1332614460
micah,37.39159,122.072923,1340987460
micah,37.55719,122.31501,1348948500
micah,37.55719,122.31501,1349129400
micah,37.55719,122.31501,1336341480
micah,37.55719,122.31501,1341450840
micah,38.56154,121.46143,1352952120
micah,37.38159,122.13576,1342214100
micah,37.55719,122.31501,1343439360
micah,37.77029,122.43607,1333728720
micah,37.55719,122.31501,1345763460
micah,37.55719,122.31501,1341110220
micah,37.77029,122.43607,1333075320
micah,37.55719,122.31501,1350755700
micah,37.55719,122.31501,1345091280
micah,37.55719,122.31501,1344896760
micah,40.02931,105.24013,1344510420
micah,40.02931,105.24013,1344562740
micah,40.02931,105.24013,1344484080
micah,37.55719,122.31501,1350620040
micah,37.55719,122.31501,1346684580
micah,37.55719,122.31501,1350591540
micah,47.44364658,122.30259418,1345559400
micah,37.53152821,122.31642065,1349794920
micah,37.55719,122.31501,1352599560
micah,40.0215657,105.27494743,1333799700
micah,37.55719,122.31501,1349826000
micah,37.77029,122.43607,1336423200
micah,37.7773215,122.3951423,1341946200
micah,37.55719,122.31501,1343666700
micah,37.55719,122.31501,1331992200
micah,37.55719,122.31501,1350079620
micah,37.55719,122.31501,1333218480
micah,37.55719,122.31501,1349125680
micah,37.55719,122.31501,1352785200
micah,37.55719,122.31501,1344994920
micah,37.55719,122.31501,1348602120
micah,37.55719,122.31501,1352727780
micah,37.55719,122.31501,1342288260
micah,37.55719,122.31501,1346593980
micah,45.5432,122.65472,1332679620
micah,37.69573804,122.39201254,1346370840
micah,37.77029,122.43607,1332818520
micah,37.55719,122.31501,1342569840
micah,37.55719,122.31501,1344879360
micah,37.59833,122.39992,1342977000
micah,37.55719,122.31501,1348187280
micah,37.95379,122.07695,1336501380
micah,37.55719,122.31501,1352822580
micah,45.5432,122.65472,1332605940
micah,37.77029,122.43607,1344438420
micah,37.55719,122.31501,1333303140
micah,37.55719,122.31501,1351215000
micah,37.77029,122.43607,1333631820
micah,37.55719,122.31501,1346595960
micah,37.55719,122.31501,1343347320
micah,37.55719,122.31501,1347924660
micah,37.55719,122.31501,1351648200
micah,37.77099022,122.40130635,1342905780
micah,37.55719,122.31501,1351297140
micah,37.55719,122.31501,1353028740
micah,37.55719,122.31501,1347133020
micah,37.53522596,122.31294657,1349040600
micah,37.55719,122.31501,1341549660
micah,37.77029,122.43607,1351209780
micah,33.59145,112.12495,1332948780
micah,37.55719,122.31501,1341977220
micah,34.00862,118.49738,1348859400
micah,37.55719,122.31501,1342665420
micah,37.38159,122.13576,1351029960
micah,37.55719,122.31501,1344909780
micah,36.12916233,115.15252331,1350591300
micah,37.55719,122.31501,1345812660
micah,37.55719,122.31501,1343347380
micah,37.5351227,122.31286911,1343569320
micah,37.55719,122.31501,1349917440
micah,37.55719,122.31501,1341286740
micah,37.55719,122.31501,1349107320
micah,37.55719,122.31501,1347220680
micah,37.77029,122.43607,1332855540
micah,37.55719,122.31501,1343650980
micah,37.55719,122.31501,1352822700
micah,40.78088,73.97718,1343842500
micah,37.53152821,122.31642065,1350175080
micah,37.55719,122.31501,1351978020
micah,37.55719,122.31501,1351865700
micah,37.528452,122.285891,1349534760
micah,37.55719,122.31501,1351383180
micah,37.534794,122.31332302,1341888120
micah,37.55719,122.31501,1336177560
micah,37.55719,122.31501,1340983080
micah,37.55719,122.31501,1351381800
micah,37.55719,122.31501,1353381240
micah,37.53152821,122.31642065,1347824700
micah,37.55719,122.31501,1347132840
micah,37.55719,122.31501,1344427140
micah,37.77029,122.43607,1332777600
micah,37.55719,122.31501,1352668680
micah,37.55719,122.31501,1341768660
micah,37.77029,122.43607,1332849960
micah,37.55719,122.31501,1347132000
micah,37.55719,122.31501,1352904420
micah,37.38159,122.13576,1345661460
micah,37.55719,122.31501,1346725860
micah,45.5432,122.65472,1332601500
micah,37.55719,122.31501,1349810940
micah,37.55719,122.31501,1350949440
micah,37.75678,122.41591,1346263260
micah,37.55719,122.31501,1352330400
micah,37.76605,122.42375,1349383920
micah,37.55719,122.31501,1344897180
micah,37.55719,122.31501,1352946660
micah,37.33815,122.36981,1343735700
micah,37.55719,122.31501,1344427200
micah,37.55719,122.31501,1346685360
micah,37.55719,122.31501,1350387420
micah,37.55719,122.31501,1352082240
micah,37.55719,122.31501,1343426340
micah,37.55719,122.31501,1345640400
micah,37.55719,122.31501,1347131700
micah,37.77029,122.43607,1332357300
micah,37.53152821,122.31642065,1349883360
micah,37.55719,122.31501,1349912580
micah,37.50859,122.21408,1344195060
micah,37.55719,122.31501,1348960500
micah,37.55719,122.31501,1342561560
micah,37.55719,122.31501,1345640160
micah,37.55719,122.31501,1353330840
micah,37.55719,122.31501,1349554860
micah,37.77029,122.43607,1332272100
micah,37.77514,122.42953,1346690580
micah,37.56677806,122.32255799,1350161280
micah,37.427091,122.143896,1336408140
micah,40.69744,73.97968,1346503920
micah,37.55719,122.31501,1353206400
micah,37.38159,122.13576,1351188720
micah,37.55719,122.31501,1342710780
micah,37.47563,122.1553,1349115360
micah,37.77029,122.43607,1333584420
micah,37.55719,122.31501,1348715760
micah,37.55719,122.31501,1348342800
micah,37.77029,122.43607,1333157700
micah,37.56614506,122.32264968,1349631480
micah,37.55719,122.31501,1353104760
micah,37.55719,122.31501,1345245420
micah,37.38159,122.13576,1353088620
micah,37.55719,122.31501,1346536440
micah,37.55719,122.31501,1345602780
micah,37.55719,122.31501,1345946340
micah,37.53152821,122.31642065,1353214020
micah,37.55719,122.31501,1346677320
micah,37.55719,122.31501,1341942000
micah,37.45009,122.20081,1348766460
micah,37.53152821,122.31642065,1333894260
micah,37.55719,122.31501,1348964220
micah,37.47563,122.1553,1349115300
micah,37.55719,122.31501,1348245900
micah,37.55719,122.31501,1349924280
micah,37.55719,122.31501,1353381720
micah,37.55719,122.31501,1352785440
micah,37.42295483,122.14182115,1349386260
micah,37.55719,122.31501,1349218500
micah,37.7589491,122.41147123,1346263920
micah,37.55719,122.31501,1345171740
micah,37.77029,122.43607,1333112040
micah,37.55719,122.31501,1348266420
micah,37.55719,122.31501,1341612900
micah,37.55719,122.31501,1352822460
micah,37.55719,122.31501,1340983500
micah,37.55719,122.31501,1345299480
micah,40.78088,73.97718,1343859360
micah,37.55719,122.31501,1340837100
micah,37.55719,122.31501,1344824700
micah,37.61642405,122.38627911,1345598580
micah,37.55719,122.31501,1342879320
micah,37.55719,122.31501,1348707480
micah,37.55719,122.31501,1348113180
micah,37.55719,122.31501,1345510320
micah,37.55719,122.31501,1349743980
micah,37.55719,122.31501,1343423760
micah,37.77029,122.43607,1332777780
micah,37.77029,122.43607,1333569960
micah,37.55719,122.31501,1353382500
micah,37.5530665,122.31384873,1346091840
micah,37.55719,122.31501,1347926640
micah,47.44364658,122.30259418,1345585980
micah,37.55719,122.31501,1349307600
micah,37.26917,119.30661,1332850860
micah,37.55719,122.31501,1349129280
micah,39.74727586,104.99386783,1350776340
micah,37.55719,122.31501,1349014740
micah,37.55719,122.31501,1349138700
micah,37.55719,122.31501,1341835320
micah,37.55719,122.31501,1349129160
micah,37.55719,122.31501,1349353800
micah,37.55719,122.31501,1350416700
micah,37.55719,122.31501,1346545200
micah,33.30273735,111.84229553,1352479620
micah,37.55719,122.31501,1348416840
micah,37.55719,122.31501,1348111440
micah,37.55719,122.31501,1342907460
micah,37.77302,122.39385,1346253600
micah,37.55719,122.31501,1343359980
micah,37.55719,122.31501,1342270620
micah,37.55719,122.31501,1342130040
micah,37.55719,122.31501,1348457940
micah,37.55719,122.31501,1347419760
micah,37.55719,122.31501,1348099680
micah,37.53152821,122.31642065,1349485800
micah,37.55719,122.31501,1341893040
micah,37.77029,122.43607,1331998860
micah,37.55719,122.31501,1346682660
micah,37.55719,122.31501,1342711200
micah,37.55719,122.31501,1353105600
micah,37.38159,122.13576,1351270080
micah,37.55719,122.31501,1351804980
micah,37.55719,122.31501,1350755880
micah,37.55719,122.31501,1346593380
micah,37.55719,122.31501,1346993640
micah,37.55719,122.31501,1349828340
micah,37.47563,122.1553,1349462520
micah,37.55719,122.31501,1348187520
micah,37.51599,122.29521,1347114960
micah,37.77029,122.43607,1332812820
micah,37.58782,122.36722,1346612460
micah,40.02931,105.24013,1344563280
micah,37.38159,122.13576,1342798680
micah,37.55719,122.31501,1344211620
micah,37.55719,122.31501,1346976600
micah,37.55719,122.31501,1341765900
micah,37.55719,122.31501,1345897200
micah,37.55719,122.31501,1345910820
micah,37.55719,122.31501,1336360980
micah,37.77029,122.43607,1333045620
micah,37.77029,122.43607,1332856080
micah,37.55719,122.31501,1353219300
micah,37.55719,122.31501,1347321720
micah,37.49821,122.27074,1340834040
micah,37.55719,122.31501,1341722400
micah,37.55719,122.31501,1351492140
micah,37.55719,122.31501,1353474480
micah,37.55719,122.31501,1341836160
micah,37.55719,122.31501,1344909840
micah,37.55719,122.31501,1348614180
micah,37.77029,122.43607,1332283020
micah,37.61642405,122.38627911,1348872480
micah,37.55719,122.31501,1349223780
micah,37.77029,122.43607,1333662360
micah,37.55719,122.31501,1333642860
micah,37.55719,122.31501,1350875760
micah,37.534794,122.31332302,1345501320
micah,37.55719,122.31501,1333211460
micah,33.28282,111.86386,1352438880
micah,37.55719,122.31501,1344374400
micah,37.55719,122.31501,1346682780
micah,37.55719,122.31501,1352081880
micah,37.53152821,122.31642065,1349910540
micah,37.55719,122.31501,1342710960
micah,37.55719,122.31501,1346538780
micah,37.55719,122.31501,1345638660
micah,37.55719,122.31501,1349794020
micah,37.55719,122.31501,1347925440
micah,37.47563,122.1553,1349115480
micah,37.55719,122.31501,1347341220
micah,37.55719,122.31501,1342710600
micah,37.55719,122.31501,1348113240
micah,37.55719,122.31501,1347219660
micah,37.55719,122.31501,1343422140
micah,37.55719,122.31501,1342142280
micah,37.55719,122.31501,1333831860
micah,37.55719,122.31501,1346564400
micah,37.56083848,122.32337393,1341682080
micah,37.55719,122.31501,1350941880
micah,37.55719,122.31501,1352731140
micah,37.55719,122.31501,1345432380
micah,37.55719,122.31501,1350567420
micah,37.55719,122.31501,1346676420
micah,37.55719,122.31501,1349124360
micah,37.42498,122.17027,1349108820
micah,37.55719,122.31501,1348245660
micah,37.77029,122.43607,1333723500
micah,37.55719,122.31501,1349061360
micah,37.55719,122.31501,1353382440
micah,37.58782,122.36722,1344382140
micah,37.55719,122.31501,1349564700
micah,37.55719,122.31501,1344217140
micah,37.77697193,122.40855746,1349980020
micah,37.55719,122.31501,1350736920
micah,37.77029,122.43607,1332358920
micah,37.55719,122.31501,1345170900
micah,37.55719,122.31501,1348103160
micah,37.79264,122.43442,1350775320
micah,37.61642405,122.38627911,1348830840
micah,37.55719,122.31501,1349135820
micah,37.55719,122.31501,1349136900
micah,37.55719,122.31501,1341549780
micah,37.55719,122.31501,1332277380
micah,37.33815,122.36981,1345551780
micah,37.77029,122.43607,1333463640
micah,37.55719,122.31501,1341526980
micah,37.48841664,122.21076226,1346346960
micah,33.59145,112.12495,1332946860
micah,37.55719,122.31501,1341058440
micah,37.55719,122.31501,1353219360
micah,37.77302,122.39385,1346261160
micah,37.55719,122.31501,1346675700
micah,37.55719,122.31501,1346453280
micah,37.55719,122.31501,1346040480
micah,37.55719,122.31501,1353106920
micah,37.438017,122.15941787,1349368500
micah,37.77029,122.43607,1333635360
micah,37.55719,122.31501,1352527860
micah,37.61753,122.38651,1345599660
micah,37.55719,122.31501,1352056620
micah,37.53152821,122.31642065,1348934520
micah,37.534794,122.31332302,1333912440
micah,40.02931,105.24013,1344523680
micah,37.55719,122.31501,1341545580
micah,37.55719,122.31501,1344912540
micah,37.55719,122.31501,1341291600
micah,37.55719,122.31501,1341722460
micah,40.02931,105.24013,1344510660
micah,45.5432,122.65472,1332600240
micah,37.55719,122.31501,1341030240
micah,37.55719,122.31501,1346093520
micah,37.55719,122.31501,1349917200
micah,37.55719,122.31501,1345432620
micah,45.5432,122.65472,1332615240
micah,37.55719,122.31501,1347627000
micah,37.55719,122.31501,1352903220
micah,37.55719,122.31501,1353392100
micah,37.55719,122.31501,1349222880
micah,37.55719,122.31501,1333327200
micah,37.544423,122.29149155,1342132260
micah,37.55719,122.31501,1345244880
micah,37.55719,122.31501,1348177980
micah,40.01589047,105.28296651,1343085360
micah,37.55719,122.31501,1343524500
micah,33.67421,111.85835,1332883500
micah,37.36816,122.09545,1353003120
micah,37.55719,122.31501,1333211700
micah,45.5432,122.65472,1332688320
micah,37.55719,122.31501,1346536260
micah,37.55719,122.31501,1353105540
micah,37.55719,122.31501,1345170540
micah,37.55719,122.31501,1347894600
micah,37.55719,122.31501,1345172940
micah,34.02093,118.21075,1348839240
micah,37.55719,122.31501,1346203020
micah,37.55719,122.31501,1344740340
micah,37.38159,122.13576,1351038120
micah,37.55719,122.31501,1346451060
micah,37.55719,122.31501,1347836760
micah,37.55719,122.31501,1341110400
micah,37.77029,122.43607,1333079760
micah,45.5432,122.65472,1332546000
micah,37.53152821,122.31642065,1349364420
micah,37.55719,122.31501,1346244480
micah,37.43548299,122.13313352,1342824060
micah,37.55719,122.31501,1346451060
micah,37.425502,122.138993,1351281420
micah,37.55719,122.31501,1349958240
micah,37.38159,122.13576,1345419060
micah,37.55719,122.31501,1348629960
micah,37.55719,122.31501,1345770720
micah,37.55719,122.31501,1348150080
micah,37.42498,122.17027,1349119980
micah,37.55719,122.31501,1349138700
micah,37.38159,122.13576,1351029720
micah,37.55719,122.31501,1341416520
micah,45.5432,122.65472,1332546000
micah,37.55719,122.31501,1349035860
micah,37.55719,122.31501,1346414820
micah,37.55719,122.31501,1348621500
micah,37.53152821,122.31642065,1350002280
micah,37.55719,122.31501,1343509380
micah,39.8562,104.81345,1343146620
micah,37.55719,122.31501,1344105060
micah,37.55719,122.31501,1348720500
micah,37.55719,122.31501,1353373080
micah,37.55719,122.31501,1332725340
micah,37.55719,122.31501,1347988560
micah,37.38159,122.13576,1348682400
micah,37.55719,122.31501,1349048160
micah,37.55719,122.31501,1346465580
micah,37.77029,122.43607,1336424280
micah,37.77029,122.43607,1333668840
micah,43.2607,79.91352,1333375020
micah,37.55719,122.31501,1333302540
micah,37.55719,122.31501,1351305900
micah,39.8562,104.81345,1344462300
micah,37.55719,122.31501,1343347500
micah,34.00862,118.49738,1348859340
micah,37.55719,122.31501,1346708280
micah,37.77302,122.39385,1346253420
micah,37.55719,122.31501,1353195240
micah,37.55719,122.31501,1352377380
micah,37.55719,122.31501,1333154940
micah,37.562642,122.2806413,1336498380
micah,40.02931,105.24013,1344563220
micah,37.55719,122.31501,1350800280
micah,37.55719,122.31501,1345432200
micah,37.51599,122.29521,1346989860
micah,37.55719,122.31501,1351494300
micah,37.55719,122.31501,1349746260
micah,37.55719,122.31501,1351369740
micah,37.50859,122.21408,1336435560
micah,37.5406061,122.31451104,1346613660
micah,37.55719,122.31501,1333642680
micah,37.77029,122.43607,1333716900
micah,37.55719,122.31501,1349908500
micah,37.55719,122.31501,1342296540
micah,37.55719,122.31501,1341184080
micah,37.41332,122.08116,1342049040
micah,37.55719,122.31501,1347666480
micah,37.55719,122.31501,1332998640
micah,37.528452,122.285891,1346508300
micah,37.55719,122.31501,1342569840
micah,37.55719,122.31501,1351863960
micah,34.02093,118.21075,1348839300
micah,37.77302,122.39385,1343681520
micah,37.55719,122.31501,1344032100
micah,37.55719,122.31501,1332965760
micah,37.55719,122.31501,1333154880
micah,37.55719,122.31501,1353456420
micah,37.55719,122.31501,1348952700
micah,37.55719,122.31501,1346532060
micah,40.02931,105.24013,1353002340
micah,37.55719,122.31501,1343659740
micah,37.53118854,122.30778175,1342970520
micah,37.55719,122.31501,1353044280
micah,37.55719,122.31501,1348416720
micah,37.55719,122.31501,1347643140
micah,37.55719,122.31501,1333329120
micah,37.55719,122.31501,1352822460
micah,37.55719,122.31501,1348720920
micah,37.55719,122.31501,1344399780
micah,37.55719,122.31501,1347988620
micah,37.77029,122.43607,1332815520
micah,37.55719,122.31501,1350772320
micah,37.55719,122.31501,1351827480
micah,45.5432,122.65472,1332546780
micah,37.55719,122.31501,1349924520
micah,37.55719,122.31501,1349475600
micah,37.41332,122.08116,1351781820
micah,37.55719,122.31501,1353044400
micah,45.5432,122.65472,1332600540
micah,37.55719,122.31501,1350767280
micah,37.77029,122.43607,1333459500
micah,37.54467302,122.30603722,1341691920
micah,37.55719,122.31501,1350150060
micah,37.55719,122.31501,1349997000
micah,37.77029,122.43607,1333659360
micah,37.55719,122.31501,1349797860
micah,37.55719,122.31501,1336360680
micah,37.55719,122.31501,1351300500
micah,37.55719,122.31501,1353124620
micah,37.55719,122.31501,1332478740
micah,37.61576117,122.38790989,1332694980
micah,37.77029,122.43607,1332297600
micah,37.77029,122.43607,1332813840
micah,37.55719,122.31501,1349355120
micah,37.55719,122.31501,1341549300
micah,37.55719,122.31501,1332092400
micah,37.55719,122.31501,1343614200
micah,37.77029,122.43607,1332468060
micah,37.55719,122.31501,1332478800
micah,37.55719,122.31501,1342885380
micah,45.5432,122.65472,1332601680
micah,45.522175,122.68197656,1332599400
micah,37.56258581,122.3264272,1351874400
micah,37.55719,122.31501,1348952820
micah,37.55719,122.31501,1346349300
micah,37.55719,122.31501,1348187880
micah,37.55719,122.31501,1336360440
micah,37.55719,122.31501,1332012840
micah,37.77302,122.39385,1343681460
micah,37.55719,122.31501,1353381660
micah,37.528452,122.285891,1351952760
micah,37.55719,122.31501,1352682360
micah,37.55719,122.31501,1345771500
micah,37.55719,122.31501,1348056720
micah,37.55719,122.31501,1332250260
micah,37.55719,122.31501,1350525900
micah,37.55719,122.31501,1351306080
micah,37.77702183,122.408318,1345394400
micah,37.55719,122.31501,1350051360
micah,37.55719,122.31501,1347623040
micah,37.36816,122.09545,1353002820
micah,37.55719,122.31501,1348187640
micah,37.55719,122.31501,1348099440
micah,37.55719,122.31501,1341072240
micah,37.55719,122.31501,1348188120
micah,37.55719,122.31501,1347492780
micah,37.55719,122.31501,1342130340
micah,37.55719,122.31501,1332998520
micah,39.8562,104.81345,1344614280
micah,37.55719,122.31501,1346902320
micah,37.55719,122.31501,1353245820
micah,37.55719,122.31501,1350614160
micah,37.53779426,122.31187673,1351784880
micah,37.55719,122.31501,1343479380
micah,37.77029,122.43607,1333055580
micah,37.54888,122.310278,1349787540
micah,37.55719,122.31501,1350684960
micah,37.55719,122.31501,1332079680
micah,37.55719,122.31501,1343479860
micah,37.55719,122.31501,1353468480
micah,37.55719,122.31501,1349150820
micah,40.67774224,73.97377981,1346527860
micah,37.55719,122.31501,1341165300
micah,37.55719,122.31501,1343506320
micah,37.58782,122.36722,1332371580
micah,37.55719,122.31501,1332966300
micah,45.5432,122.65472,1332684900
micah,37.55719,122.31501,1336174800
micah,37.55719,122.31501,1349567460
micah,37.55719,122.31501,1353330180
micah,37.49821,122.27074,1351360560
micah,37.55719,122.31501,1346169540
micah,37.47341,122.44689,1352854800
micah,37.55719,122.31501,1351295760
micah,37.77029,122.43607,1333860600
micah,33.28282,111.86386,1352398380
micah,37.77029,122.43607,1333560780
micah,37.55719,122.31501,1345296540
micah,37.55719,122.31501,1332012720
micah,37.55719,122.31501,1345486800
micah,37.55719,122.31501,1346544780
micah,37.55719,122.31501,1350439080
micah,37.55719,122.31501,1342885320
micah,37.77029,122.43607,1333114380
micah,37.57004,122.22224,1336497600
micah,37.36816,122.09545,1353003060
micah,37.55719,122.31501,1350221220
micah,33.59145,112.12495,1332948180
micah,34.02093,118.21075,1351436880
micah,37.52924127,122.28875953,1344010080
micah,33.67421,111.85835,1332888960
micah,37.55719,122.31501,1347989340
micah,33.59145,112.12495,1332948600
micah,37.55719,122.31501,1344999660
micah,37.47563,122.1553,1345418820
micah,37.51599,122.29521,1342890840
micah,37.55719,122.31501,1345324080
micah,39.8562,104.81345,1344462480
micah,37.777089,122.421494,1346278080
micah,37.77029,122.43607,1332275100
micah,33.94389398,118.40502262,1348863960
micah,37.55719,122.31501,1345946640
micah,37.55719,122.31501,1346104920
micah,37.55719,122.31501,1346442600
micah,37.55719,122.31501,1351863480
micah,37.77029,122.43607,1332275280
micah,37.55719,122.31501,1349561700
micah,37.55719,122.31501,1333218480
micah,37.55719,122.31501,1346682600
micah,37.55719,122.31501,1347479280
micah,37.55719,122.31501,1345116420
micah,37.38159,122.13576,1351030440
micah,33.59145,112.12495,1332952980
micah,37.55719,122.31501,1347133620
micah,37.55719,122.31501,1349561700
micah,37.55719,122.31501,1347131820
micah,37.55719,122.31501,1348187760
micah,37.55719,122.31501,1350733800
micah,37.55719,122.31501,1344736860
micah,37.55719,122.31501,1346443800
micah,37.55719,122.31501,1345639740
micah,37.54537745,122.32053873,1345848900
micah,37.53152821,122.31642065,1350945360
micah,40.02931,105.24013,1344554400
micah,37.77029,122.43607,1332273780
micah,37.77029,122.43607,1333721640
micah,37.55719,122.31501,1348948620
micah,37.77302,122.39385,1341945600
micah,37.58782,122.36722,1332371280
micah,37.55719,122.31501,1349352540
micah,37.55719,122.31501,1348427220
micah,37.55719,122.31501,1341581400
micah,40.02931,105.24013,1344557280
micah,37.55719,122.31501,1349048280
micah,37.38159,122.13576,1336425360
micah,37.55719,122.31501,1353104640
micah,37.55719,122.31501,1348983540
micah,37.55719,122.31501,1342525680
micah,37.56620793,122.32242426,1332703920
micah,33.67421,111.85835,1332883560
micah,37.55719,122.31501,1345504380
micah,37.55719,122.31501,1351736460
micah,40.02931,105.24013,1344484320
micah,37.55719,122.31501,1348097640
micah,37.55719,122.31501,1348573200
micah,37.55719,122.31501,1336178160
micah,37.55719,122.31501,1340860440
micah,37.55719,122.31501,1333896600
micah,37.55719,122.31501,1342879980
micah,37.55719,122.31501,1352178120
micah,37.55719,122.31501,1333154460
micah,37.55719,122.31501,1345433520
micah,37.55719,122.31501,1350054240
micah,37.36970402,122.081262,1353002700
micah,37.55719,122.31501,1350079320
micah,37.55719,122.31501,1349394240
micah,37.55719,122.31501,1341805980
micah,37.49821,122.27074,1345756320
micah,37.55719,122.31501,1353195480
micah,37.77302,122.39385,1346260680
micah,37.55719,122.31501,1340983140
micah,37.55719,122.31501,1346326620
micah,37.55719,122.31501,1349889600
micah,34.02093,118.21075,1348865400
micah,37.55719,122.31501,1353369960
micah,37.55719,122.31501,1342957560
micah,34.17016645,118.65787388,1336180380
micah,37.55719,122.31501,1350760140
micah,37.77029,122.43607,1333465680
micah,37.55719,122.31501,1346594040
micah,37.55719,122.31501,1341721860
micah,37.55719,122.31501,1342908000
micah,37.53576592,122.29828279,1345551660
micah,37.55719,122.31501,1349959500
micah,37.55719,122.31501,1347624120
micah,37.77029,122.43607,1332812280
micah,37.55719,122.31501,1351169520
micah,37.55719,122.31501,1351683000
micah,37.55719,122.31501,1344183840
micah,37.53152821,122.31642065,1349794680
micah,37.55719,122.31501,1342571580
micah,37.55719,122.31501,1352642760
micah,37.78767,122.40727,1350234600
micah,37.55719,122.31501,1345170960
micah,37.55719,122.31501,1353205080
micah,33.67421,111.85835,1332887820
micah,45.5432,122.65472,1332646500
micah,37.55719,122.31501,1345262640
micah,37.47563,122.1553,1345996860
micah,37.55719,122.31501,1351863900
micah,37.38159,122.13576,1342823760
micah,37.55719,122.31501,1341549180
micah,37.77029,122.43607,1332274440
micah,37.55719,122.31501,1349487000
micah,37.55719,122.31501,1344910020
micah,37.55719,122.31501,1349475780
micah,37.55719,122.31501,1342665360
micah,45.5432,122.65472,1332687720
micah,37.55719,122.31501,1342665840
micah,37.55719,122.31501,1345771320
micah,37.55719,122.31501,1352903460
micah,37.53506052,122.31285156,1345505400
micah,37.53152821,122.31642065,1349290740
micah,37.77029,122.43607,1332817920
micah,37.77029,122.43607,1336422720
micah,37.55719,122.31501,1349139420
micah,37.77029,122.43607,1333492860
micah,37.77029,122.43607,1332272040
micah,37.55719,122.31501,1344211920
micah,37.55719,122.31501,1349058480
micah,37.55719,122.31501,1346675220
micah,37.55719,122.31501,1344897840
micah,37.59235737,122.36491674,1341967800
micah,37.55719,122.31501,1346465520
micah,37.77029,122.43607,1332275880
micah,36.52497384,121.81618757,1347806340
micah,37.55719,122.31501,1345254540
micah,37.55719,122.31501,1353204720
micah,37.55719,122.31501,1353244800
micah,37.55719,122.31501,1352822340
micah,37.77029,122.43607,1332269640
micah,37.55719,122.31501,1345639980
micah,37.55719,122.31501,1341549960
micah,37.55719,122.31501,1342288920
micah,40.02931,105.24013,1343078280
micah,37.55719,122.31501,1352739060
micah,37.55719,122.31501,1350614220
micah,37.55719,122.31501,1350767400
micah,37.77029,122.43607,1333571880
micah,37.77029,122.43607,1332297120
micah,37.55719,122.31501,1332967920
micah,37.55719,122.31501,1350441540
micah,37.44009138,122.16108015,1349366400
micah,37.55719,122.31501,1348780440
micah,37.77029,122.43607,1332297720
micah,37.53580928,122.29852355,1341092940
micah,37.55719,122.31501,1348450260
micah,37.55719,122.31501,1348707300
micah,37.53152821,122.31642065,1349577240
micah,37.55719,122.31501,1353035700
micah,37.55719,122.31501,1349066700
micah,37.55719,122.31501,1348614480
micah,37.79264,122.43442,1353291840
micah,37.79003996,122.39006639,1349979780
micah,45.5432,122.65472,1332625320
micah,37.77029,122.43607,1333117500
micah,37.38159,122.13576,1349386260
micah,37.55719,122.31501,1348277700
micah,37.55719,122.31501,1352177700
micah,37.55719,122.31501,1350771660
micah,37.55719,122.31501,1342848540
micah,37.55719,122.31501,1345134000
micah,37.55719,122.31501,1345771440
micah,37.55719,122.31501,1342488180
micah,37.77029,122.43607,1333076700
micah,37.55719,122.31501,1350846900
micah,37.50859,122.21408,1336435680
micah,37.55719,122.31501,1336508220
micah,37.55719,122.31501,1346104740
micah,37.55719,122.31501,1351781820
micah,37.55719,122.31501,1344032580
micah,37.55719,122.31501,1342875480
micah,37.55719,122.31501,1349996700
micah,37.55719,122.31501,1347925020
micah,37.55719,122.31501,1350611580
micah,37.53516607,122.31293028,1349291640
micah,37.55719,122.31501,1341636420
micah,37.55719,122.31501,1349623740
micah,37.55719,122.31501,1341780840
micah,40.78088,73.97718,1343842380
micah,37.53152821,122.31642065,1351214040
micah,37.55719,122.31501,1341549480
micah,37.77029,122.43607,1333860360
micah,37.77029,122.43607,1331999100
micah,37.38159,122.13576,1351031520
micah,37.55719,122.31501,1348343040
micah,37.38159,122.13576,1351541820
micah,37.55719,122.31501,1343400960
micah,37.55719,122.31501,1344875760
micah,37.55719,122.31501,1344105180
micah,37.55719,122.31501,1341164700
micah,37.77029,122.43607,1333925460
micah,37.55719,122.31501,1347642720
micah,37.55719,122.31501,1349008440
micah,37.55719,122.31501,1353157260
micah,37.55719,122.31501,1346103900
micah,37.55719,122.31501,1344824700
micah,37.55719,122.31501,1340860500
micah,37.502616,122.244721,1340834220
micah,37.55719,122.31501,1342880400
micah,37.38159,122.13576,1351266180
micah,37.55719,122.31501,1342059060
micah,37.55719,122.31501,1345172760
micah,37.38159,122.13576,1351538220
micah,37.38159,122.13576,1350068160
micah,37.55719,122.31501,1343304240
micah,45.52236939,122.68194839,1332600060
micah,33.59145,112.12495,1332949080
micah,37.50251625,122.24301406,1342824780
micah,37.55719,122.31501,1347319920
micah,45.5432,122.65472,1332625440
micah,37.55719,122.31501,1348056780
micah,37.50859,122.21408,1342215420
micah,37.53152821,122.31642065,1346543940
micah,37.55719,122.31501,1353381840
micah,37.55719,122.31501,1349365080
micah,37.47563,122.1553,1349122200
micah,37.55719,122.31501,1349745900
micah,37.52851578,122.290771,1352520060
micah,37.55719,122.31501,1349211900
micah,37.55719,122.31501,1351365120
micah,37.55719,122.31501,1347622980
micah,37.55719,122.31501,1348879500
micah,37.55719,122.31501,1341015360
micah,37.55719,122.31501,1348611480
micah,37.55719,122.31501,1351472760
micah,37.55719,122.31501,1347319980
micah,37.55719,122.31501,1342130400
micah,37.55719,122.31501,1353106800
micah,37.58782,122.36722,1332801780
micah,37.561827,122.32465418,1341682200
micah,37.53642748,122.29772329,1349464140
micah,37.53509802,122.31270543,1345510320
micah,37.562642,122.2806413,1336497960
micah,37.55719,122.31501,1349890200
micah,37.55719,122.31501,1341805560
micah,37.55719,122.31501,1341842460
micah,37.55719,122.31501,1345262700
micah,37.55719,122.31501,1346902500
micah,37.55719,122.31501,1351972140
micah,40.78088,73.97718,1343842620
micah,37.55719,122.31501,1341058560
micah,37.55719,122.31501,1342132920
micah,37.55719,122.31501,1350611520
micah,40.649216,73.794915,1343941380
micah,37.55719,122.31501,1346040660
micah,37.55719,122.31501,1349411340
micah,37.55719,122.31501,1348949220
micah,45.5432,122.65472,1332601680
micah,37.77029,122.43607,1332818160
micah,37.76075814,122.39752678,1345168920
micah,37.55719,122.31501,1349349540
micah,37.55719,122.31501,1349014800
micah,37.55719,122.31501,1348057020
micah,37.55719,122.31501,1347809160
micah,37.55719,122.31501,1336174140
micah,37.55719,122.31501,1344374580
micah,37.55719,122.31501,1352903280
micah,45.5432,122.65472,1332615360
micah,37.55719,122.31501,1343422200
micah,37.55719,122.31501,1333302840
micah,37.55719,122.31501,1333211820
micah,37.55719,122.31501,1347659400
micah,37.55719,122.31501,1346676360
micah,37.55719,122.31501,1352685900
micah,37.55719,122.31501,1346592780
micah,37.53439414,122.29438394,1341594060
micah,37.55719,122.31501,1333211460
micah,37.55719,122.31501,1353105660
micah,37.55719,122.31501,1348756020
micah,37.55719,122.31501,1347623400
micah,37.77029,122.43607,1332297600
micah,37.77029,122.43607,1333629900
micah,37.55719,122.31501,1347133260
micah,37.77029,122.43607,1332275220
micah,37.77029,122.43607,1332468600
micah,37.55719,122.31501,1346532000
micah,37.55719,122.31501,1341548940
micah,45.5432,122.65472,1332620940
micah,37.55719,122.31501,1350738000
micah,37.425502,122.138993,1353081120
micah,37.77029,122.43607,1332273960
micah,33.59145,112.12495,1332948420
micah,37.55719,122.31501,1348619880
micah,37.55719,122.31501,1342133040
micah,37.77029,122.43607,1333658580
micah,37.38159,122.13576,1348683120
micah,37.55719,122.31501,1346972940
micah,37.55719,122.31501,1341074820
micah,37.55719,122.31501,1342710720
micah,37.55719,122.31501,1348177860
micah,37.77302,122.39385,1343681700
micah,37.77029,122.43607,1332274620
micah,37.55719,122.31501,1346105760
micah,37.55719,122.31501,1345388580
micah,40.7197209,74.01008516,1346603280
micah,37.7547631,122.420864,1342186020
micah,37.55719,122.31501,1341054360
micah,37.77302,122.39385,1346253540
micah,37.47563,122.1553,1349116140
micah,37.55719,122.31501,1342665540
micah,37.77029,122.43607,1332811200
micah,37.55719,122.31501,1348022940
micah,45.5432,122.65472,1332676140
micah,37.550051,122.264728,1344722100
micah,37.55719,122.31501,1341878820
micah,37.77029,122.43607,1331998740
micah,37.55719,122.31501,1336177320
micah,37.55719,122.31501,1349825700
micah,37.48386673,122.18182292,1349122800
micah,37.55719,122.31501,1347479760
micah,37.55719,122.31501,1346593500
micah,37.61576117,122.38790989,1352383980
