michelledozois,40.78088,73.97718,1303055220
michelledozois,40.7302,73.9809,1289604900
michelledozois,40.71478703,74.01238511,1350767760
michelledozois,42.7726587,71.0860375,1303604100
michelledozois,40.72197456,73.95756823,1348603440
michelledozois,40.69744,73.97968,1305558960
michelledozois,40.69744,73.97968,1298491620
michelledozois,42.3556,71.0613,1290648660
michelledozois,40.72193921,73.95753953,1330031700
michelledozois,40.702435,73.987073,1322841540
michelledozois,40.69744,73.97968,1307556120
michelledozois,40.725959,74.008603,1321569060
michelledozois,40.69744,73.97968,1302620520
michelledozois,40.69744,73.97968,1294067580
michelledozois,40.69744,73.97968,1302808560
michelledozois,40.72364,73.996552,1332189540
michelledozois,40.7333511,73.989253,1331236080
michelledozois,40.7195,73.9881,1287945600
michelledozois,40.7255,73.9926,1287528540
michelledozois,40.69744,73.97968,1301521740
michelledozois,40.702435,73.987073,1330725540
michelledozois,40.7032,73.98861,1300971360
michelledozois,40.72602,73.9815,1292033700
michelledozois,40.72973041,73.99755478,1302121500
michelledozois,40.71451235,74.01063206,1328134320
michelledozois,40.69665,73.99494,1292526120
michelledozois,40.7028,73.9867,1292626680
michelledozois,40.722682,74.004809,1308601560
michelledozois,40.70595327,73.99656773,1351856760
michelledozois,40.679457,73.967849,1312924860
michelledozois,40.7032,73.98861,1300898820
michelledozois,42.62974536,70.94315418,1349018520
michelledozois,40.731698,73.98922694,1352331360
michelledozois,40.71819429,74.01055746,1352563620
michelledozois,40.7366803,74.0097125,1307740560
michelledozois,30.26693465,97.744326,1331418180
michelledozois,42.74663,75.77004,1288870080
michelledozois,40.7413313,73.98826361,1302821100
michelledozois,41.83353,87.73188,1341356340
michelledozois,40.7032,73.98861,1288969440
michelledozois,40.7032,73.98861,1300898640
michelledozois,40.78088,73.97718,1312893420
michelledozois,40.719328,73.985633,1320589260
michelledozois,40.69744,73.97968,1305894540
michelledozois,40.706963,74.003794,1323787740
michelledozois,40.69744,73.97968,1307640900
michelledozois,40.7521174,74.00869131,1304263500
michelledozois,42.78282,71.09038,1290654120
michelledozois,40.73008408,73.98925602,1333222380
michelledozois,40.721357,73.994278,1311896400
michelledozois,40.7032,73.98861,1299697920
michelledozois,40.72602,73.9815,1287539820
michelledozois,40.69744,73.97968,1307630460
michelledozois,40.69744,73.97968,1294061460
michelledozois,40.707555,74.007066,1330876260
michelledozois,40.70401877,73.98675917,1352503800
michelledozois,40.69744,73.97968,1300799280
michelledozois,40.69744,73.97968,1305559380
michelledozois,40.7198,73.9883,1288739340
michelledozois,40.7712,73.9563,1287338700
michelledozois,43.02932265,70.789734,1324918980
michelledozois,40.7032,73.98861,1299536040
michelledozois,40.69744,73.97968,1346023440
michelledozois,43.07333947,70.77971935,1325004120
michelledozois,42.33231,71.1714,1291044420
michelledozois,40.722252,73.9878389,1296870900
michelledozois,40.69744,73.97968,1300285440
michelledozois,30.2685,97.7365,1331409360
michelledozois,40.71892644,74.0018034,1311899820
michelledozois,40.74567555,74.00567983,1344692460
michelledozois,40.69744,73.97968,1300906080
michelledozois,40.78088,73.97718,1351545780
michelledozois,40.71752,74.00791,1296317760
michelledozois,42.8375516,70.9892963,1304866980
michelledozois,40.72602,73.9815,1298681220
michelledozois,40.7032,73.98861,1299588840
michelledozois,40.71727,73.99685,1296245820
michelledozois,40.78088,73.97718,1302478200
michelledozois,40.69744,73.97968,1300995180
michelledozois,40.78088,73.97718,1292200740
michelledozois,40.72183227,73.98999786,1352047440
michelledozois,40.69744,73.97968,1302620340
michelledozois,40.869376,73.008427,1306523520
michelledozois,40.71933912,74.00487185,1328480220
michelledozois,40.69744,73.97968,1299604380
michelledozois,40.69744,73.97968,1305554940
michelledozois,40.69744,73.97968,1307634000
michelledozois,40.72860578,73.98991561,1329523440
michelledozois,40.65347,73.95511,1293030240
michelledozois,40.69744,73.97968,1300803840
michelledozois,40.69744,73.97968,1300313700
michelledozois,40.71752,74.00791,1292193300
michelledozois,40.69744,73.97968,1301576880
michelledozois,40.676001,73.98014,1301850840
michelledozois,40.69744,73.97968,1307555760
michelledozois,40.729765,73.980866,1316464740
michelledozois,40.7032,73.98861,1300734780
michelledozois,40.78088,73.97718,1302728760
michelledozois,40.7032,73.98861,1290602580
michelledozois,40.7032,73.98861,1294950840
michelledozois,40.65347,73.95511,1292967540
michelledozois,40.69744,73.97968,1305566400
michelledozois,40.7032,73.98861,1294338300
michelledozois,42.78282,71.09038,1298155920
michelledozois,40.72801433,73.9933819,1329570360
michelledozois,40.7032,73.98861,1299164880
michelledozois,40.7805932,73.981318,1295994420
michelledozois,40.7198,73.9883,1288016880
michelledozois,40.69744,73.97968,1299610140
michelledozois,40.69744,73.97968,1303327200
michelledozois,40.69744,73.97968,1296857820
michelledozois,40.72240464,73.95522952,1348184580
michelledozois,42.62919791,70.944198,1317559560
michelledozois,40.70357834,74.01618004,1351359660
michelledozois,40.78088,73.97718,1302478260
michelledozois,40.70388757,73.98750356,1296213780
michelledozois,40.69744,73.97968,1296856620
michelledozois,42.379752,71.095212,1291163820
michelledozois,40.57464542,73.98450372,1346875980
michelledozois,40.71478703,74.01238511,1352765040
michelledozois,40.69744,73.97968,1300969020
michelledozois,40.73,73.9816,1288995360
michelledozois,40.722933,73.994193,1309474560
michelledozois,40.69665,73.99494,1292524500
michelledozois,40.725193,73.984518,1289614320
michelledozois,40.72607307,73.996132,1311106380
michelledozois,40.69744,73.97968,1302783240
michelledozois,40.7032,73.98861,1289578080
michelledozois,40.713838,73.98976,1288831440
michelledozois,40.72602,73.9815,1294448100
michelledozois,40.69744,73.97968,1305307980
michelledozois,40.69744,73.97968,1296857100
michelledozois,40.7414075,73.98843795,1332452340
michelledozois,40.726009,73.996281,1331757000
michelledozois,40.69744,73.97968,1287504720
michelledozois,40.7317223,73.98933649,1292457480
michelledozois,40.7606337,73.9763076,1289764560
michelledozois,42.3653395,71.0567864,1308963960
michelledozois,40.7148,73.9908,1292291820
michelledozois,30.267,97.73908,1331326620
michelledozois,42.3502775,71.0795445,1309093320
michelledozois,40.78088,73.97718,1302728280
michelledozois,40.727119,73.993104,1315052160
michelledozois,40.76122,73.967338,1292108880
michelledozois,40.7032,73.98861,1295903520
michelledozois,40.69744,73.97968,1307557680
michelledozois,40.7367897,73.990199,1318689960
michelledozois,40.702435,73.987073,1341497700
michelledozois,40.7032,73.98861,1292882700
michelledozois,40.715602,73.9906526,1305754380
michelledozois,40.69744,73.97968,1303420980
michelledozois,40.703005,73.986745,1302310560
michelledozois,40.72602,73.9815,1287539820
michelledozois,40.71752,74.00791,1292202780
michelledozois,30.26752141,97.73670613,1299986880
michelledozois,40.71752,74.00791,1287960960
michelledozois,40.69744,73.97968,1298664180
michelledozois,42.283842,74.567244,1346531760
michelledozois,40.745212,73.978328,1320352800
michelledozois,40.69744,73.97968,1287679320
michelledozois,40.75284888,73.97708416,1287790320
michelledozois,40.7452129,73.9783098,1291936860
michelledozois,40.72602,73.9815,1287540420
michelledozois,40.74260751,73.96644115,1328523900
michelledozois,40.7032,73.98861,1296844200
michelledozois,40.69744,73.97968,1298490960
michelledozois,30.26879717,97.7423358,1331576640
michelledozois,40.69744,73.97968,1302186300
michelledozois,40.7325323,73.9877252,1288464420
michelledozois,40.718862,73.945087,1319996160
michelledozois,40.7032,73.98861,1299538380
michelledozois,40.7032,73.98861,1294771920
michelledozois,40.707555,74.007066,1319986440
michelledozois,40.74260751,73.96644115,1341345180
michelledozois,40.7025731,73.9866587,1287580560
michelledozois,40.69744,73.97968,1302698820
michelledozois,40.69744,73.97968,1303832580
michelledozois,40.7414075,73.98843795,1332460020
michelledozois,42.3481093,71.0895248,1291400640
michelledozois,40.70165068,73.98654699,1306233120
michelledozois,40.72193921,73.95753953,1330037160
michelledozois,40.69744,73.97968,1302715860
michelledozois,40.72801433,73.9933819,1330171140
michelledozois,40.73458,74.00397,1287412980
michelledozois,42.78282,71.09038,1303687320
michelledozois,40.7032,73.98861,1295008320
michelledozois,42.36688362,71.07497692,1291065060
michelledozois,40.7302,73.9809,1289700180
michelledozois,42.78282,71.09038,1293147420
michelledozois,40.72602,73.9815,1290286560
michelledozois,40.70325778,73.99587254,1352150820
michelledozois,40.727114,73.983717,1288470900
michelledozois,42.283842,74.567244,1346931240
michelledozois,40.7032,73.98861,1290471240
michelledozois,40.70919832,74.01118577,1351425240
michelledozois,40.7499875,74.0027094,1307487000
michelledozois,40.7032,73.98861,1299078600
michelledozois,40.69744,73.97968,1300382940
michelledozois,40.69744,73.97968,1300314600
michelledozois,40.7032,73.98861,1300795860
michelledozois,40.69744,73.97968,1308008340
michelledozois,40.7032,73.98861,1298398440
michelledozois,40.78088,73.97718,1302216060
michelledozois,42.78282,71.09038,1301224740
michelledozois,40.69744,73.97968,1304607540
michelledozois,40.70263485,73.99300575,1346963460
michelledozois,40.69744,73.97968,1305902220
michelledozois,40.7029,73.9895,1292362500
michelledozois,40.703026,73.986745,1311884520
michelledozois,40.69744,73.97968,1303929540
michelledozois,30.26317,97.73683,1331574960
michelledozois,40.69744,73.97968,1305203700
michelledozois,40.7032,73.98861,1287760140
michelledozois,40.7032,73.98861,1298990280
michelledozois,40.71324019,74.015944,1351431780
michelledozois,40.72601,73.983562,1313187660
michelledozois,40.69744,73.97968,1307547300
michelledozois,40.69744,73.97968,1299159540
michelledozois,40.72153437,73.99645215,1330284420
michelledozois,40.7032,73.98861,1290009780
michelledozois,40.7032,73.98861,1288183560
michelledozois,40.72124187,73.95485401,1314219180
michelledozois,40.7032,73.98861,1292524680
michelledozois,40.707555,74.007066,1312122180
michelledozois,42.3632745,71.0256635,1291223460
michelledozois,40.707555,74.007066,1316358480
michelledozois,40.72054258,73.98959398,1319574600
michelledozois,40.7032,73.98861,1295969640
michelledozois,40.70334491,73.99053812,1332427020
michelledozois,40.69744,73.97968,1299615420
michelledozois,42.33807,71.07655,1293147060
michelledozois,40.71752,74.00791,1295916240
michelledozois,40.69744,73.97968,1302185520
michelledozois,40.729963,73.986686,1322957040
michelledozois,40.69744,73.97968,1299609840
michelledozois,40.78088,73.97718,1304281800
michelledozois,40.78088,73.97718,1303011600
michelledozois,40.7032,73.98861,1296562620
michelledozois,40.7032,73.98861,1300971300
michelledozois,40.70370334,73.98729864,1351859040
michelledozois,40.69744,73.97968,1300393380
michelledozois,40.69744,73.97968,1307638080
michelledozois,40.72699046,73.98384333,1314396480
michelledozois,37.47341,122.44689,1291071000
michelledozois,40.69744,73.97968,1305744120
michelledozois,40.69744,73.97968,1307556240
michelledozois,40.743937,73.983982,1297123080
michelledozois,40.71752,74.00791,1297381860
michelledozois,30.263577,97.740086,1331564640
michelledozois,40.73378729,73.99303526,1327164000
michelledozois,40.72602,73.9815,1298674560
michelledozois,40.69744,73.97968,1295612400
michelledozois,40.69744,73.97968,1302029040
michelledozois,42.352614,71.055364,1301250900
michelledozois,40.7032,73.98861,1296843060
michelledozois,40.70370334,73.98729864,1350071220
michelledozois,40.78088,73.97718,1307402760
michelledozois,40.69744,73.97968,1302542160
michelledozois,40.722994,73.986048,1304121300
michelledozois,40.685657,74.002177,1336251540
michelledozois,40.65347,73.95511,1292267940
michelledozois,40.7521174,74.00869131,1315158720
michelledozois,40.69744,73.97968,1308677880
michelledozois,40.70370334,73.98729864,1331933760
michelledozois,40.70298053,73.99565578,1314367740
michelledozois,40.7208858,73.9878534,1288734960
michelledozois,40.7032,73.98861,1297086420
michelledozois,40.7032,73.98861,1299775860
michelledozois,42.91086327,70.81018925,1309125600
michelledozois,40.7032,73.98861,1300476000
michelledozois,40.69744,73.97968,1302715320
michelledozois,40.78088,73.97718,1303323300
michelledozois,40.674797,73.987559,1322606160
michelledozois,40.7032,73.98861,1299264900
michelledozois,40.7032,73.98861,1288548420
michelledozois,40.78088,73.97718,1302963060
michelledozois,30.26676354,97.74153349,1300205280
michelledozois,40.73001497,73.99150372,1327760700
michelledozois,40.78088,73.97718,1292200320
michelledozois,40.70370334,73.98729864,1345758060
michelledozois,40.72602,73.9815,1287827040
michelledozois,40.747639,73.987249,1312145160
michelledozois,40.7032,73.98861,1294334820
michelledozois,40.69744,73.97968,1297803780
michelledozois,40.78088,73.97718,1304297580
michelledozois,40.72602,73.9815,1294280940
michelledozois,40.727973,73.99349135,1323074580
michelledozois,40.78088,73.97718,1302990120
michelledozois,40.7244943,73.99334747,1329514080
michelledozois,40.7032,73.98861,1300734900
michelledozois,40.72602,73.9815,1297379100
michelledozois,40.70370334,73.98729864,1333474860
michelledozois,40.66390777,73.97094727,1345995900
michelledozois,40.69744,73.97968,1300804440
michelledozois,42.78282,71.09038,1293303120
michelledozois,40.721291,73.994262,1327617780
michelledozois,42.83789822,70.98953303,1348930500
michelledozois,40.78088,73.97718,1303011240
michelledozois,40.69744,73.97968,1299620640
michelledozois,40.78088,73.97718,1302991080
michelledozois,40.72602,73.9815,1292782440
michelledozois,30.2020877,97.6669329,1300210500
michelledozois,40.726045,73.989937,1292118480
michelledozois,40.69744,73.97968,1304445840
michelledozois,40.7032,73.98861,1300968300
michelledozois,40.72054258,73.98959398,1321493640
michelledozois,40.70370334,73.98729864,1333970580
michelledozois,42.33807,71.07655,1293317820
michelledozois,40.69744,73.97968,1302261720
michelledozois,40.78088,73.97718,1292782980
michelledozois,40.7032,73.98861,1298407200
michelledozois,40.703192,73.990547,1319748780
michelledozois,40.69744,73.97968,1299613920
michelledozois,40.725399,73.97831076,1312491720
michelledozois,40.69744,73.97968,1304616960
michelledozois,42.3471692,71.0944388,1291422540
michelledozois,40.72602,73.9815,1292981460
michelledozois,40.69744,73.97968,1299613620
michelledozois,40.70348203,73.995148,1332410880
michelledozois,40.757599,74.000532,1305476160
michelledozois,40.72602,73.9815,1289050980
michelledozois,42.19360733,74.74225616,1346608680
michelledozois,40.70370334,73.98729864,1331931120
michelledozois,40.69744,73.97968,1302020460
michelledozois,40.718858,73.987223,1327846620
michelledozois,40.702435,73.987073,1322777160
michelledozois,40.7032,73.98861,1294241880
michelledozois,40.7312265,73.98887973,1329766080
michelledozois,40.707555,74.007066,1312727400
michelledozois,40.69744,73.97968,1297803660
michelledozois,40.707555,74.007066,1318771440
michelledozois,40.72602,73.9815,1295130660
michelledozois,40.686284,73.983948,1307563560
michelledozois,40.72602,73.9815,1297368720
michelledozois,40.741797,73.997271,1314914400
michelledozois,40.48838,74.44097,1303581540
michelledozois,40.69744,73.97968,1298493300
michelledozois,40.69744,73.97968,1298904240
michelledozois,40.78088,73.97718,1302736200
michelledozois,40.7032,73.98861,1295533500
michelledozois,40.72054258,73.98959398,1317933960
michelledozois,40.7281609,73.993762,1303802580
michelledozois,40.7032,73.98861,1292346300
michelledozois,40.69744,73.97968,1299078960
michelledozois,40.70348203,73.995148,1331152140
michelledozois,30.27261,97.74348,1299959280
michelledozois,40.70370334,73.98729864,1332962460
michelledozois,40.75219868,73.99373531,1305322320
michelledozois,40.7032,73.98861,1295017740
michelledozois,40.69744,73.97968,1303212120
michelledozois,40.69744,73.97968,1303421640
michelledozois,40.7032,73.98861,1287756840
michelledozois,42.18900195,76.85684231,1324839600
michelledozois,40.730029,73.956604,1331154480
michelledozois,40.69744,73.97968,1295536380
michelledozois,40.732168,73.987988,1315230120
michelledozois,40.747608,73.985228,1312142160
michelledozois,30.229354,97.74280807,1331641320
michelledozois,42.3504438,71.079463,1309018500
michelledozois,40.71444998,74.00246003,1323863160
michelledozois,40.69744,73.97968,1301600640
michelledozois,40.78088,73.97718,1316468640
michelledozois,40.72812792,73.9936631,1333801260
michelledozois,40.69744,73.97968,1302787740
michelledozois,40.7147442,73.9910515,1288821900
michelledozois,40.69744,73.97968,1301572440
michelledozois,40.78088,73.97718,1302986820
michelledozois,40.78088,73.97718,1302729240
michelledozois,42.35079,71.08782,1291414020
michelledozois,40.69744,73.97968,1302783300
michelledozois,40.7032,73.98861,1289221260
michelledozois,40.7032,73.98861,1294060740
michelledozois,40.57464542,73.98450372,1346879160
michelledozois,40.72195742,73.99249077,1317155280
michelledozois,40.69744,73.97968,1303409040
michelledozois,40.71752,74.00791,1297381440
michelledozois,40.69744,73.97968,1296067740
michelledozois,40.78088,73.97718,1302478320
michelledozois,40.72748642,73.98632169,1341605220
michelledozois,40.68505,73.977876,1322924760
michelledozois,40.7667427,73.9928654,1353186360
michelledozois,40.69744,73.97968,1301682960
michelledozois,40.71779411,73.98433685,1287942180
michelledozois,40.7032,73.98861,1295534100
michelledozois,40.70370334,73.98729864,1342217220
michelledozois,40.68741519,73.96922529,1315070100
michelledozois,40.723639,73.996761,1302559200
michelledozois,40.69744,73.97968,1300313640
michelledozois,40.7032,73.98861,1292967180
michelledozois,40.715602,73.9906526,1305312720
michelledozois,40.78088,73.97718,1302986700
michelledozois,40.69744,73.97968,1302186960
michelledozois,42.33455,71.19811,1291291560
michelledozois,40.70370334,73.98729864,1330005240
michelledozois,40.724671,73.980181,1347922440
michelledozois,40.73,73.981,1303166100
michelledozois,40.69744,73.97968,1300998240
michelledozois,40.73362,74.002586,1314911820
michelledozois,40.7032,73.98861,1295019180
michelledozois,42.7726759,71.0859864,1303604940
michelledozois,42.360616,71.275994,1290806700
michelledozois,40.7024726,73.9870779,1301412360
michelledozois,40.72973041,73.99755478,1307477220
michelledozois,40.72501469,73.99909973,1289160780
michelledozois,30.26538503,97.73830999,1331410560
michelledozois,40.72999058,73.99120331,1323856860
michelledozois,40.78088,73.97718,1292782800
michelledozois,40.7375578,73.9895188,1305388020
michelledozois,40.69744,73.97968,1296844680
michelledozois,40.746004,74.000153,1307907300
michelledozois,42.3625524,71.0988688,1291328100
michelledozois,42.33231,71.1714,1291044660
michelledozois,40.71752,74.00791,1294281660
michelledozois,40.738546,73.985772,1289785860
michelledozois,41.787905,87.74070024,1331292000
michelledozois,40.716329,73.990954,1321474320
michelledozois,40.75018302,73.99227619,1321223460
michelledozois,40.7032,73.98861,1288289760
michelledozois,40.69046427,73.99560506,1322948280
michelledozois,40.7032,73.98861,1299255300
michelledozois,40.7032,73.98861,1287493500
michelledozois,40.732194,73.986617,1323543840
michelledozois,40.65347,73.95511,1292525700
michelledozois,40.72748642,73.98632169,1342042260
michelledozois,40.69744,73.97968,1295018400
michelledozois,40.71184955,74.00634304,1323785940
michelledozois,40.7147853,74.01422739,1351431060
michelledozois,40.7032,73.98861,1290084540
michelledozois,42.33455,71.19811,1291291380
michelledozois,40.7749589,73.9447912,1309630680
michelledozois,40.69744,73.97968,1301053020
michelledozois,40.7205995,73.96312594,1307796360
michelledozois,40.78088,73.97718,1292200560
michelledozois,40.69744,73.97968,1307548380
michelledozois,40.731533,73.969025,1351432980
michelledozois,40.7032,73.98861,1287756960
michelledozois,40.7032,73.98861,1296843540
michelledozois,40.71752,74.00791,1292190420
michelledozois,40.69744,73.97968,1301673780
michelledozois,40.69744,73.97968,1303153800
michelledozois,40.718768,74.005142,1316900700
michelledozois,40.69744,73.97968,1298399700
michelledozois,42.3956,71.1223,1290911160
michelledozois,40.78088,73.97718,1305375000
michelledozois,40.70311887,73.987736,1327613760
michelledozois,40.71299,74.00344,1292512680
michelledozois,40.78088,73.97718,1304299740
michelledozois,30.26399646,97.74008681,1331319300
michelledozois,40.7032,73.98861,1300971480
michelledozois,40.7032,73.98861,1299161700
michelledozois,40.69744,73.97968,1303154460
michelledozois,40.66390777,73.97094727,1345993620
michelledozois,40.69744,73.97968,1298492340
michelledozois,40.69744,73.97968,1296858960
michelledozois,40.7032,73.98861,1299158580
michelledozois,40.7025,73.992945,1353105720
michelledozois,40.72875478,73.99170756,1288646820
michelledozois,40.667135,73.981471,1311612480
michelledozois,40.7032,73.98861,1297292640
michelledozois,40.7232,73.9828,1292644320
michelledozois,40.69744,73.97968,1296858840
michelledozois,40.7536059,73.9833702,1292085540
michelledozois,42.3556,71.0613,1290648840
michelledozois,40.72602,73.9815,1291583520
michelledozois,40.65347,73.95511,1292268120
michelledozois,42.3474,71.0948,1291418040
michelledozois,40.78088,73.97718,1302478140
michelledozois,40.75826,73.97536,1287489600
michelledozois,40.72602,73.9815,1294448040
michelledozois,40.7026434,73.9934553,1288795620
michelledozois,40.7219188,73.95749599,1304190000
michelledozois,40.718022,73.98983,1327191180
michelledozois,40.69744,73.97968,1307629800
michelledozois,42.90431136,70.81156265,1324921500
michelledozois,40.7032,73.98861,1296843420
michelledozois,40.673615,73.99171,1351206960
michelledozois,40.70336067,73.99067889,1352236860
michelledozois,40.72602,73.9815,1290213840
michelledozois,40.69744,73.97968,1303417440
michelledozois,40.69744,73.97968,1307555940
michelledozois,40.73399679,73.98937317,1307481300
michelledozois,40.70370334,73.98729864,1329837540
michelledozois,40.7032,73.98861,1294838100
michelledozois,40.69744,73.97968,1305921600
michelledozois,40.712016,74.01684,1350222240
michelledozois,40.7032,73.98861,1294337940
michelledozois,40.7645554,73.9809083,1351959000
michelledozois,40.733525,74.002817,1314906300
michelledozois,40.7032,73.98861,1296046020
michelledozois,40.7032,73.98861,1295887080
michelledozois,40.72891738,73.98691177,1314436620
michelledozois,40.7032,73.98861,1287489540
michelledozois,40.69744,73.97968,1300285320
michelledozois,40.71444998,74.00246003,1323775800
michelledozois,40.74785844,73.85252237,1316275620
michelledozois,40.7032,73.98861,1300466640
michelledozois,40.7413056,73.9810239,1304638320
michelledozois,40.75680923,73.988954,1310211420
michelledozois,40.78088,73.97718,1316468820
michelledozois,40.69744,73.97968,1303480740
michelledozois,40.69744,73.97968,1304619000
michelledozois,40.7032,73.98861,1289931960
michelledozois,40.71752,74.00791,1292202660
michelledozois,40.70368165,73.98702023,1327690740
michelledozois,40.72602,73.9815,1288745580
michelledozois,40.7148,73.9908,1299117000
michelledozois,40.69744,73.97968,1303211400
michelledozois,40.7032,73.98861,1289423040
michelledozois,40.69744,73.97968,1303158000
michelledozois,40.72218307,73.94993484,1305160860
michelledozois,30.27261,97.74348,1299879300
michelledozois,42.78282,71.09038,1290654000
michelledozois,40.728267,73.988682,1287795000
michelledozois,40.7183,73.9919,1300911360
michelledozois,40.7032,73.98861,1294334640
michelledozois,40.69744,73.97968,1299712200
michelledozois,42.78282,71.09038,1293303060
michelledozois,40.72602,73.9815,1297448340
michelledozois,40.750051,73.9862821,1291520700
michelledozois,40.72602,73.9815,1295200260
michelledozois,42.817104,71.103138,1310817240
michelledozois,40.71752,74.00791,1297381560
michelledozois,40.71529762,74.01478529,1351433640
michelledozois,40.72006791,73.98831323,1351198080
michelledozois,40.7148,73.9908,1288045800
michelledozois,40.7032,73.98861,1287489540
michelledozois,40.71529762,74.01478529,1348356060
michelledozois,40.67764121,73.97381203,1349537580
michelledozois,40.72602,73.9815,1298673960
michelledozois,40.71299,74.00344,1298295300
michelledozois,40.72406207,73.99387544,1329344400
michelledozois,40.69744,73.97968,1307547540
michelledozois,40.70321233,73.99475455,1314369540
michelledozois,40.745212,73.978328,1310680320
michelledozois,40.69744,73.97968,1301432280
michelledozois,40.71083635,74.01786221,1347132120
michelledozois,40.69744,73.97968,1298473320
michelledozois,40.69744,73.97968,1307550000
michelledozois,40.7032,73.98861,1292513820
michelledozois,40.69744,73.97968,1300801020
michelledozois,40.7292669,74.02113863,1351096620
michelledozois,40.71752,74.00791,1295816160
michelledozois,42.350089,71.080333,1317474120
michelledozois,40.71439579,74.01532595,1351430280
michelledozois,42.34355,71.03394,1291215720
michelledozois,40.70308018,73.98669604,1332446580
michelledozois,40.741386,73.9892002,1306601400
michelledozois,40.721291,73.994262,1346363520
michelledozois,40.722229,73.983012,1304025360
michelledozois,40.7032,73.98861,1299603540
michelledozois,40.7032,73.98861,1295887380
michelledozois,40.7307924,73.990635,1311718620
michelledozois,30.27261,97.74348,1299959880
michelledozois,40.7032,73.98861,1299698940
michelledozois,40.7032,73.98861,1299166500
michelledozois,40.7024726,73.9870779,1295047320
michelledozois,40.72602,73.9815,1287539940
michelledozois,40.71752,74.00791,1297382280
michelledozois,40.72602,73.9815,1288134900
michelledozois,40.65347,73.95511,1292358900
michelledozois,40.70311887,73.987736,1330636740
michelledozois,40.722809,73.98539469,1326318840
michelledozois,40.7682,73.9842,1307746380
michelledozois,40.729002,73.988973,1292454060
michelledozois,40.69744,73.97968,1302612900
michelledozois,40.71752,74.00791,1294281840
michelledozois,41.819926,71.395365,1311339960
michelledozois,40.69744,73.97968,1302281400
michelledozois,40.69744,73.97968,1302809820
michelledozois,40.78088,73.97718,1302990000
michelledozois,40.69744,73.97968,1307620500
michelledozois,40.7032,73.98861,1299775740
michelledozois,40.7032,73.98861,1297790580
michelledozois,40.715602,73.9906526,1292722560
michelledozois,40.71477384,73.9911723,1351462740
michelledozois,40.7032,73.98861,1291826280
michelledozois,40.69744,73.97968,1301432220
michelledozois,40.69744,73.97968,1298493420
michelledozois,40.69744,73.97968,1301674320
michelledozois,40.69744,73.97968,1302809400
michelledozois,40.7032,73.98861,1287757860
michelledozois,40.7492797,73.9827474,1287606900
michelledozois,40.69744,73.97968,1300801980
michelledozois,40.7032,73.98861,1299164880
michelledozois,40.7032,73.98861,1289566680
michelledozois,40.72602,73.9815,1291945740
michelledozois,40.72602,73.9815,1290213840
michelledozois,40.71752,74.00791,1297382340
michelledozois,40.72641318,73.99382114,1328565120
michelledozois,40.69665,73.99494,1292938560
michelledozois,40.7032,73.98861,1288565280
michelledozois,40.69744,73.97968,1303156380
michelledozois,40.69744,73.97968,1300284780
michelledozois,40.7032,73.98861,1292346480
michelledozois,40.6844222,73.9776738,1309609140
michelledozois,40.719973,73.988231,1301604060
michelledozois,40.7032,73.98861,1298565240
michelledozois,40.78088,73.97718,1302478680
michelledozois,40.69744,73.97968,1298663760
michelledozois,40.7032,73.98861,1298398320
michelledozois,40.74780967,73.98704052,1290309060
michelledozois,40.7032,73.98861,1294337880
michelledozois,42.78282,71.09038,1290993420
michelledozois,40.69744,73.97968,1307556180
michelledozois,40.7032,73.98861,1296843660
michelledozois,40.68509202,73.977685,1322932680
michelledozois,40.71752,74.00791,1288220880
michelledozois,40.69744,73.97968,1301320740
michelledozois,40.7032,73.98861,1298470140
michelledozois,40.69744,73.97968,1295612280
michelledozois,40.72798238,73.9950335,1295649480
michelledozois,40.7032,73.98861,1292948340
michelledozois,40.69744,73.97968,1307446740
michelledozois,40.7028,73.9867,1303254480
michelledozois,40.7032,73.98861,1294337940
michelledozois,40.70370334,73.98729864,1342225200
michelledozois,42.774857,71.086167,1324937280
michelledozois,40.69744,73.97968,1305720900
michelledozois,40.767616,73.9662391,1299335580
michelledozois,42.33807,71.07655,1293317640
michelledozois,40.7032,73.98861,1287490200
michelledozois,40.69744,73.97968,1294142580
michelledozois,40.7032,73.98861,1295969820
michelledozois,40.71324019,74.015944,1351291200
michelledozois,40.58471428,73.81067103,1344789900
michelledozois,40.69744,73.97968,1296858480
michelledozois,40.78088,73.97718,1302729300
michelledozois,40.72602,73.9815,1299759840
michelledozois,40.76294,73.9877011,1295473860
michelledozois,40.69744,73.97968,1302791700
michelledozois,40.69744,73.97968,1296067920
michelledozois,40.74260751,73.96644115,1330025940
michelledozois,42.62974536,70.94315418,1349014980
michelledozois,40.7032,73.98861,1288104840
michelledozois,40.7148,73.9908,1304986680
michelledozois,40.7032,73.98861,1299162480
michelledozois,40.71988372,73.98809636,1346273760
michelledozois,30.2025773,97.66714811,1299812880
michelledozois,40.71752,74.00791,1292169660
michelledozois,40.69744,73.97968,1301921640
michelledozois,40.71360909,73.98936605,1296958800
michelledozois,40.69744,73.97968,1299610080
michelledozois,40.69744,73.97968,1302280620
michelledozois,40.69744,73.97968,1305559740
michelledozois,40.69744,73.97968,1307628960
michelledozois,40.71752,74.00791,1294282080
michelledozois,40.69744,73.97968,1298489580
michelledozois,40.735611,74.006651,1296920760
michelledozois,40.72447355,73.993319,1320273360
michelledozois,40.7032,73.98861,1294156440
michelledozois,40.71478703,74.01238511,1352769000
michelledozois,40.714628,73.99104,1318891860
michelledozois,40.78088,73.97718,1304299320
michelledozois,42.78282,71.09038,1290654240
michelledozois,40.69744,73.97968,1303123560
michelledozois,42.352614,71.055364,1317710760
michelledozois,40.75826,73.97536,1287499920
michelledozois,42.375619,71.093237,1291155540
michelledozois,40.70370334,73.98729864,1342227780
michelledozois,40.722588,74.004925,1328660820
michelledozois,40.7040087,73.9866728,1288549320
michelledozois,40.72602,73.9815,1288787580
michelledozois,40.69744,73.97968,1307547480
michelledozois,40.7032,73.98861,1294427820
michelledozois,40.7032,73.98861,1300376760
michelledozois,41.83353,87.73188,1351686180
michelledozois,40.7032,73.98861,1294334880
michelledozois,40.7032,73.98861,1296844200
michelledozois,40.7274539,73.98871422,1325291760
michelledozois,40.703005,73.986745,1330010820
michelledozois,40.72602,73.9815,1291583520
michelledozois,40.69744,73.97968,1296844680
michelledozois,40.72602,73.9815,1288460340
michelledozois,40.74039647,73.98723364,1290301680
michelledozois,40.70919832,74.01118577,1351345860
michelledozois,40.729464,73.989086,1299300960
michelledozois,42.18904571,76.85637494,1322331240
michelledozois,40.70401877,73.98675917,1352500200
michelledozois,40.69744,73.97968,1299160260
michelledozois,40.7032,73.98861,1299537840
michelledozois,40.7032,73.98861,1293029160
michelledozois,40.7032,73.98861,1288211160
michelledozois,40.71727,73.99685,1296245820
michelledozois,40.70401877,73.98675917,1352495460
michelledozois,40.72602,73.9815,1288787580
michelledozois,40.73458,74.00397,1287412020
michelledozois,40.7032,73.98861,1300969740
michelledozois,40.78088,73.97718,1304297640
michelledozois,40.708157,74.015787,1323297180
michelledozois,40.703253,74.00609493,1332410640
michelledozois,40.78088,73.97718,1307402460
michelledozois,40.71752,74.00791,1297607760
michelledozois,42.6354673,71.3653737,1291392840
michelledozois,40.71917242,73.96151662,1315097400
michelledozois,40.72602,73.9815,1299759420
michelledozois,30.26527596,97.74545789,1299976380
michelledozois,40.7160519,74.0073775,1318780380
michelledozois,40.702445,73.989079,1329323340
michelledozois,40.7032,73.98861,1300282320
michelledozois,40.69744,73.97968,1298490180
michelledozois,40.72988184,73.99101958,1333285620
michelledozois,40.75044987,73.99221104,1332880740
michelledozois,40.78088,73.97718,1302737520
michelledozois,40.75372797,73.98368836,1330274460
michelledozois,40.72602,73.9815,1289264700
michelledozois,40.72602,73.9815,1291945680
michelledozois,40.71878915,73.99235409,1322695500
