mithrandir13,36.58926422,72.0802771,1342048260
mithrandir13,36.59288194,72.1050092,1336246020
mithrandir13,36.60937105,72.09179723,1353241680
mithrandir13,36.627814,71.831052,1346241780
mithrandir13,36.601746,72.099087,1345944660
mithrandir13,36.59050782,72.08927453,1346278500
mithrandir13,36.709784,71.836916,1352905380
mithrandir13,36.81531889,73.0220188,1344353280
mithrandir13,36.556882,71.55068,1352988900
mithrandir13,36.79141568,73.066957,1342290000
mithrandir13,36.60128886,72.08829379,1352649000
mithrandir13,36.58926422,72.0802771,1343164320
mithrandir13,36.60584627,72.10887117,1344335520
mithrandir13,36.61786845,72.10809525,1336323780
mithrandir13,36.604191,72.104853,1344534360
mithrandir13,36.61846197,72.10895106,1352029380
mithrandir13,36.61846197,72.10895106,1352029380
mithrandir13,36.60937105,72.09179723,1353152400
mithrandir13,36.42489967,71.95806742,1352734740
mithrandir13,36.60727,72.109373,1342785240
mithrandir13,36.60818481,72.10206604,1343312160
mithrandir13,36.556882,71.55068,1344597840
mithrandir13,36.651662,71.85009,1341415320
mithrandir13,36.8159158,73.02384853,1348335900
mithrandir13,36.61113587,72.09947513,1341577440
mithrandir13,36.61846197,72.10895106,1349020860
mithrandir13,36.59050782,72.08927453,1345068420
mithrandir13,36.60702621,72.10444512,1348689480
mithrandir13,36.60128886,72.08829379,1347380940
mithrandir13,36.627922,71.836921,1345645620
mithrandir13,36.627814,71.831052,1345117320
mithrandir13,33.44466704,70.65343827,1344875820
mithrandir13,36.60970599,72.10086823,1347826620
mithrandir13,36.61846197,72.10895106,1345998420
mithrandir13,36.6160483,72.1072915,1350815520
mithrandir13,36.73745,71.03529,1341635340
mithrandir13,36.62752464,72.10693774,1336329960
mithrandir13,36.604191,72.104853,1350574920
mithrandir13,36.59289836,72.10447074,1336246200
mithrandir13,36.60727,72.109373,1340907660
mithrandir13,36.59918657,72.10677097,1344726480
mithrandir13,33.4467166,70.6608343,1344027660
mithrandir13,36.74404027,72.47600433,1341598920
mithrandir13,36.61762623,72.10784052,1336323180
mithrandir13,34.6054084,70.9826164,1352678460
mithrandir13,36.62583911,72.11064245,1349013060
mithrandir13,36.60825913,72.10282087,1341696120
mithrandir13,36.60020593,72.0936262,1336341960
mithrandir13,36.60774207,72.09420997,1343068620
mithrandir13,36.61846197,72.10895106,1347206220
mithrandir13,36.61131593,72.09944041,1343132940
mithrandir13,36.604191,72.104853,1348577940
mithrandir13,33.4219,70.58112,1350171720
mithrandir13,36.60727,72.109373,1341505080
mithrandir13,36.73745,71.03529,1325957340
mithrandir13,36.556882,71.55068,1345813620
mithrandir13,36.61108813,72.09957349,1351676100
mithrandir13,36.60746267,72.10244935,1336482540
mithrandir13,36.604191,72.104853,1340910600
mithrandir13,36.61126886,72.10464183,1349693820
mithrandir13,36.62583429,72.11081553,1348400820
mithrandir13,36.503136,72.212929,1345544520
mithrandir13,36.62514,72.1121309,1352239740
mithrandir13,36.60976048,72.10187045,1343216880
mithrandir13,36.6099167,72.1036575,1352715480
mithrandir13,36.60701502,72.10104308,1341247500
mithrandir13,36.6259236,72.11081,1348870200
mithrandir13,36.60797376,72.0941174,1349121360
mithrandir13,36.6176033,72.10771322,1336324800
mithrandir13,36.6025374,72.0850709,1350832080
mithrandir13,36.60727,72.109373,1343825340
mithrandir13,33.33209548,70.70402563,1344096720
mithrandir13,36.60855865,72.10349625,1343318460
mithrandir13,36.61595427,72.1048964,1350168300
mithrandir13,36.61452868,72.09486008,1346785800
mithrandir13,36.558334,71.550731,1345817460
mithrandir13,36.61846197,72.10895106,1352404740
mithrandir13,36.604191,72.104853,1347534300
mithrandir13,36.60693751,72.0977683,1344465300
mithrandir13,36.601898,72.092258,1330350780
mithrandir13,36.60895083,72.10138445,1345144680
mithrandir13,33.50963173,70.59321457,1349685960
mithrandir13,36.62605985,72.11052686,1347991920
mithrandir13,36.61846197,72.10895106,1346871540
mithrandir13,36.61846197,72.10895106,1342370340
mithrandir13,36.60970599,72.10073948,1342896300
mithrandir13,36.61846197,72.10895106,1349900220
mithrandir13,36.62800077,71.8305509,1343645100
mithrandir13,36.556882,71.55068,1346414100
mithrandir13,36.60774207,72.09420997,1345488060
mithrandir13,36.61846197,72.10895106,1352471400
mithrandir13,36.52682013,72.95745524,1342278600
mithrandir13,36.62606596,72.11055804,1352072880
mithrandir13,36.60163822,72.09924948,1348961580
mithrandir13,36.55660508,71.55045581,1352977380
mithrandir13,36.6259937,72.1135398,1353153660
mithrandir13,36.60748249,72.10937452,1349951340
mithrandir13,36.61846197,72.10895106,1350820200
mithrandir13,36.59824,72.107027,1342912380
mithrandir13,36.6176862,72.10744643,1344791820
mithrandir13,36.60128886,72.08829379,1342922160
mithrandir13,36.59754459,72.10618973,1343922660
mithrandir13,36.604191,72.104853,1345837980
mithrandir13,36.62728854,71.83128056,1342713780
mithrandir13,36.60796473,72.0988992,1341255960
mithrandir13,36.09531173,72.81143227,1350231600
mithrandir13,36.60748249,72.10937452,1349366040
mithrandir13,36.60937105,72.09179723,1353243180
mithrandir13,36.6259736,72.11061286,1343168760
mithrandir13,36.60965598,72.10085794,1343411220
mithrandir13,36.556882,71.55068,1344597840
mithrandir13,36.59050782,72.08927453,1346278500
mithrandir13,36.627814,71.831052,1349260800
mithrandir13,36.556882,71.55068,1345203780
mithrandir13,36.60693751,72.0977683,1344972960
mithrandir13,36.62715303,71.83147166,1342719120
mithrandir13,36.5933194,72.10441992,1336246860
mithrandir13,36.627814,71.831052,1348658700
mithrandir13,36.60020565,72.09362619,1336501440
mithrandir13,36.60864207,72.1121979,1346369580
mithrandir13,36.627814,71.831052,1345117320
mithrandir13,36.62728854,71.83128056,1342713780
mithrandir13,36.893213,72.429374,1341844200
mithrandir13,36.82557898,73.05892038,1351093320
mithrandir13,36.55660508,71.55045581,1351682640
mithrandir13,36.61846197,72.10895106,1344788880
mithrandir13,36.65721275,72.26905442,1351087260
mithrandir13,36.60720837,72.09268827,1341018720
mithrandir13,36.58926422,72.0802771,1341175860
mithrandir13,36.60774207,72.09420997,1343258820
mithrandir13,36.604191,72.104853,1347534300
mithrandir13,36.62543418,72.11012486,1348353900
mithrandir13,36.59675882,72.10567748,1343148360
mithrandir13,36.558334,71.550731,1340977560
mithrandir13,36.558334,71.550731,1340977560
mithrandir13,36.62641446,72.10677202,1336329840
mithrandir13,36.60020479,72.09362526,1336267380
mithrandir13,36.54320482,72.95886814,1342272540
mithrandir13,36.61783933,72.10794925,1336325040
mithrandir13,36.558334,71.550731,1345212780
mithrandir13,36.61846197,72.10895106,1346871540
mithrandir13,36.59050782,72.08927453,1349299140
mithrandir13,36.73745,71.03529,1325958240
mithrandir13,36.73745,71.03529,1325961840
mithrandir13,36.606346,72.102284,1341310620
mithrandir13,36.627981,71.835718,1349270040
mithrandir13,36.61846197,72.10895106,1344455460
mithrandir13,36.60748249,72.10937452,1348847400
mithrandir13,36.60748249,72.10937452,1344965520
mithrandir13,36.60727,72.109373,1342094580
mithrandir13,36.61846197,72.10895106,1347649260
mithrandir13,36.619631,72.958369,1342281300
mithrandir13,36.627814,71.831052,1344426060
mithrandir13,36.830666,72.471885,1341839760
mithrandir13,36.59283428,72.10506398,1336246500
mithrandir13,36.62579636,72.11088074,1352842320
mithrandir13,36.73745,71.03529,1325953080
mithrandir13,36.556882,71.55068,1343902800
mithrandir13,36.7301445,72.86021641,1342297440
mithrandir13,36.59824,72.107027,1342912380
mithrandir13,36.61846197,72.10895106,1341160080
mithrandir13,36.626754,71.832558,1342018740
mithrandir13,36.604191,72.104853,1346785740
mithrandir13,36.60970599,72.10086823,1349033520
mithrandir13,36.58926422,72.0802771,1351889760
mithrandir13,36.58926422,72.0802771,1351548840
mithrandir13,36.627814,71.831052,1345638300
mithrandir13,36.61791644,72.10809909,1336324740
mithrandir13,36.62568962,72.11074437,1344872820
mithrandir13,36.61762452,72.10771502,1336324680
mithrandir13,36.60727,72.109373,1341505080
mithrandir13,36.81531889,73.0220188,1344342840
mithrandir13,36.59824,72.107027,1341702720
mithrandir13,36.176628,72.812063,1350217800
mithrandir13,36.604191,72.104853,1344280980
mithrandir13,36.62885743,71.83215499,1346924940
mithrandir13,36.60748249,72.10937452,1344272280
mithrandir13,36.60128886,72.08829379,1344698760
mithrandir13,36.60128886,72.08829379,1340824500
mithrandir13,36.604838,72.534301,1350643620
mithrandir13,36.622684,72.13074503,1351977840
mithrandir13,36.61221381,72.10442776,1342570200
mithrandir13,33.53847216,70.6639942,1344088680
mithrandir13,36.60965598,72.10085794,1342896420
mithrandir13,36.604191,72.104853,1343311140
mithrandir13,36.59918657,72.10677097,1345935840
mithrandir13,36.604191,72.104853,1347044280
mithrandir13,36.60970599,72.10086823,1349033460
mithrandir13,36.60128886,72.08829379,1341714420
mithrandir13,36.6275099,72.10693495,1336330740
mithrandir13,36.600215,72.093509,1333208160
mithrandir13,36.59954025,72.10196875,1345224780
mithrandir13,36.62724239,71.83228818,1346931000
mithrandir13,36.627814,71.831052,1346250300
mithrandir13,36.74709,72.473131,1345723980
mithrandir13,36.59566579,72.09995535,1346342040
mithrandir13,36.82740719,73.0542326,1344348300
mithrandir13,36.61846197,72.10895106,1343578140
mithrandir13,36.60727,72.109373,1341921000
mithrandir13,36.60128886,72.08829379,1342871280
mithrandir13,36.59918657,72.10677097,1345330740
mithrandir13,36.627814,71.831052,1347459000
mithrandir13,36.7485702,72.5196576,1325518020
mithrandir13,36.60128886,72.08829379,1342140240
mithrandir13,36.604191,72.104853,1352204940
mithrandir13,36.61221381,72.10442776,1341878580
mithrandir13,36.905376,72.383658,1341850980
mithrandir13,36.60607371,72.10482697,1346358780
mithrandir13,36.72651255,71.82061954,1341404940
mithrandir13,36.65681839,71.82051086,1352899620
mithrandir13,36.60019443,72.10637176,1350771000
mithrandir13,36.60128886,72.08829379,1341714420
mithrandir13,36.6271496,72.0818478,1345471920
mithrandir13,36.604191,72.104853,1351695360
mithrandir13,36.54741123,72.93845242,1342268940
mithrandir13,36.61846197,72.10895106,1344455460
mithrandir13,36.6251677,72.1198493,1344475140
mithrandir13,33.4313864,70.62492377,1344020880
mithrandir13,36.59050782,72.08927453,1345673820
