ninzlimpiada,14.30056542,120.95749855,1348387260
ninzlimpiada,14.2270107,120.9744968,1352464260
ninzlimpiada,1.36770409,103.87386823,1344003120
ninzlimpiada,14.2270109,120.9744971,1352388900
ninzlimpiada,14.30201217,120.95549546,1348387800
ninzlimpiada,14.30388169,120.99336781,1345955160
ninzlimpiada,1.36755374,103.87373233,1342225980
ninzlimpiada,14.30123078,120.95655441,1345964700
ninzlimpiada,14.29766744,120.95820162,1350434340
ninzlimpiada,14.30388169,120.99336781,1333079880
ninzlimpiada,14.2270106,120.9744973,1352637540
ninzlimpiada,13.533383,121.865328,1333673460
ninzlimpiada,14.4130646,120.9725893,1347755280
ninzlimpiada,14.3049535,120.9835222,1350396000
ninzlimpiada,14.2270108,120.9744972,1352377740
ninzlimpiada,14.32453437,120.99336781,1343642940
ninzlimpiada,14.232101,120.97323,1350803940
ninzlimpiada,14.30123078,120.95655441,1333159860
ninzlimpiada,14.2734431,120.98692354,1344667200
ninzlimpiada,14.2270111,120.9744971,1350653100
ninzlimpiada,1.351019,103.872311,1343537700
ninzlimpiada,14.3194962,120.992543,1344957780
ninzlimpiada,14.3178498,120.9927325,1344956400
ninzlimpiada,14.3232092,120.9858924,1345005000
ninzlimpiada,14.30388169,120.99336781,1348111740
ninzlimpiada,14.216649,120.9829,1351128240
ninzlimpiada,14.2270107,120.974497,1352448720
ninzlimpiada,14.3205412,120.9940275,1345036560
ninzlimpiada,14.94907433,120.7811499,1351314480
ninzlimpiada,14.22458747,120.97042341,1348485000
ninzlimpiada,14.3050477,120.9833448,1347458820
ninzlimpiada,14.3244956,120.9875163,1344992760
ninzlimpiada,14.3051406,120.9832652,1351744380
ninzlimpiada,14.32453437,120.99336781,1346758500
ninzlimpiada,1.3678083,103.8738612,1343260920
ninzlimpiada,14.3050973,120.983203,1351905480
ninzlimpiada,14.2270107,120.974497,1352445360
ninzlimpiada,14.28153038,120.96326447,1332542160
ninzlimpiada,14.227011,120.9744983,1352470440
ninzlimpiada,1.36755374,103.87373233,1341518100
ninzlimpiada,14.5980731,121.000163,1351305960
ninzlimpiada,14.3050973,120.983203,1351906380
ninzlimpiada,14.22458747,120.97042341,1348814400
ninzlimpiada,14.2261251,120.97480704,1348473840
ninzlimpiada,1.2618632,103.81927419,1341610500
ninzlimpiada,1.36755374,103.87373233,1343177280
ninzlimpiada,14.2263884,120.9739444,1352794560
ninzlimpiada,14.30083083,120.95731638,1352618820
ninzlimpiada,14.29907912,120.95880111,1345934640
ninzlimpiada,14.2270119,120.9744986,1352528940
ninzlimpiada,14.3314834,120.9836643,1345013160
ninzlimpiada,1.36755374,103.87373233,1342998780
ninzlimpiada,14.60792129,120.99228959,1347070320
ninzlimpiada,14.228475,120.974897,1349401140
ninzlimpiada,14.2270109,120.9744971,1350643320
ninzlimpiada,1.35664815,103.99016056,1341505980
ninzlimpiada,14.40517023,120.97689629,1346047260
ninzlimpiada,14.2270107,120.974497,1350474420
ninzlimpiada,14.6006077,120.99134858,1351478040
ninzlimpiada,14.22990287,120.97492469,1349433180
ninzlimpiada,14.2270107,120.974497,1352443200
ninzlimpiada,14.2270109,120.9744982,1352420520
ninzlimpiada,14.2263884,120.9739444,1352797620
ninzlimpiada,14.22458747,120.97042341,1348215900
ninzlimpiada,14.2270107,120.9744972,1352650500
ninzlimpiada,14.65627494,121.0322754,1341040560
ninzlimpiada,14.3205412,120.9940275,1344955440
ninzlimpiada,14.32453437,120.99336781,1344146580
ninzlimpiada,14.32928863,120.94088788,1349480400
ninzlimpiada,14.2270106,120.9744973,1352636580
ninzlimpiada,14.2270107,120.9744971,1350451680
ninzlimpiada,14.22458747,120.97042341,1349005800
ninzlimpiada,1.30466083,103.83146154,1342251960
ninzlimpiada,14.6343994,121.0352783,1352436960
ninzlimpiada,1.357946,103.870949,1343617560
ninzlimpiada,1.35067826,103.87274981,1343991600
ninzlimpiada,14.290395,120.980018,1344724320
ninzlimpiada,14.2270107,120.974497,1350653940
ninzlimpiada,14.3194962,120.992543,1344957360
ninzlimpiada,1.13076737,104.05533314,1341653580
ninzlimpiada,1.36755374,103.87373233,1341807180
ninzlimpiada,14.5583613,120.98583341,1346994300
ninzlimpiada,1.35066046,103.87271872,1344053220
ninzlimpiada,14.29557777,120.97628596,1352011680
ninzlimpiada,1.36755374,103.87373233,1343467800
ninzlimpiada,14.21426738,120.97042341,1353059880
ninzlimpiada,14.2263884,120.9739444,1352794440
ninzlimpiada,15.19395617,120.52961026,1351464720
ninzlimpiada,14.26340567,120.97402096,1332899700
ninzlimpiada,14.2270108,120.9744972,1352706960
ninzlimpiada,14.22295447,120.97188837,1345771740
ninzlimpiada,1.36195513,103.87423064,1343558340
ninzlimpiada,14.60527101,120.98820066,1346302500
ninzlimpiada,14.30388169,120.99336781,1351927860
ninzlimpiada,15.19227129,120.52337523,1351326420
ninzlimpiada,14.2270119,120.9744986,1351157460
ninzlimpiada,14.2331376,120.9709626,1350558180
ninzlimpiada,14.2270107,120.974497,1350877320
ninzlimpiada,14.3049535,120.9835222,1350393600
ninzlimpiada,14.3011892,120.95668316,1350276480
ninzlimpiada,14.59837634,121.00006937,1346059980
ninzlimpiada,14.3200187,120.9932852,1344988980
ninzlimpiada,14.3050477,120.9833448,1347459180
ninzlimpiada,14.50696175,121.00385547,1341476220
ninzlimpiada,1.361995,103.873832,1342605540
ninzlimpiada,14.29951639,120.95466623,1348388340
ninzlimpiada,1.3047177,103.83199366,1342070220
ninzlimpiada,14.32453437,120.99336781,1341268440
ninzlimpiada,14.6096229,120.98959923,1346401380
ninzlimpiada,14.30358791,120.95230865,1332549780
ninzlimpiada,14.60792129,120.99278809,1346473080
ninzlimpiada,14.2331376,120.9709626,1350558420
ninzlimpiada,13.90555543,121.62455223,1333960140
ninzlimpiada,14.2270107,120.974497,1352446200
ninzlimpiada,14.3200187,120.9932852,1345010820
ninzlimpiada,1.29365895,103.85775089,1343527560
ninzlimpiada,14.3205412,120.9940275,1345004880
ninzlimpiada,14.2270107,120.9744968,1352419980
ninzlimpiada,14.22458747,120.97042341,1349348820
ninzlimpiada,14.29054545,120.98188775,1350430020
ninzlimpiada,14.2263884,120.9739444,1352795160
ninzlimpiada,14.40590322,120.96385002,1336453320
ninzlimpiada,14.22458747,120.97042341,1348399980
ninzlimpiada,14.30123078,120.95655441,1348191840
ninzlimpiada,14.30388169,120.99336781,1347357120
ninzlimpiada,14.3205412,120.9940275,1345071720
ninzlimpiada,14.22986721,120.97347937,1352329680
ninzlimpiada,14.22458747,120.97042341,1350905700
ninzlimpiada,1.36964149,103.84946823,1342071000
ninzlimpiada,14.6096229,120.98959923,1351478700
ninzlimpiada,14.2270111,120.9744971,1352451300
ninzlimpiada,15.1794481,120.544475,1351464420
ninzlimpiada,15.1907814,120.5157753,1351407360
ninzlimpiada,15.18382,120.515421,1351420380
ninzlimpiada,14.3051406,120.9832652,1351769400
ninzlimpiada,14.3050973,120.983203,1351907040
ninzlimpiada,14.3049686,120.9835255,1350422040
ninzlimpiada,14.2270105,120.9744992,1350445740
ninzlimpiada,14.3169391,120.99691047,1346035440
ninzlimpiada,14.2270107,120.9744969,1352525940
ninzlimpiada,14.2270109,120.9744971,1350653160
ninzlimpiada,14.3178498,120.9927325,1344956460
ninzlimpiada,14.2270107,120.974497,1352445540
ninzlimpiada,14.59837634,121.00006937,1346242500
ninzlimpiada,14.3194962,120.992543,1345032960
ninzlimpiada,14.3050542,120.9831639,1352604120
ninzlimpiada,1.36770409,103.87386823,1343540640
ninzlimpiada,14.2270109,120.9744982,1350639180
ninzlimpiada,14.2270108,120.9744972,1351059900
ninzlimpiada,14.30119381,120.95698022,1349076000
ninzlimpiada,14.579,120.9726,1350780060
ninzlimpiada,14.2270105,120.974497,1350652140
ninzlimpiada,14.30152162,120.95619022,1333170240
ninzlimpiada,14.3200187,120.9932852,1344988800
ninzlimpiada,15.1907814,120.5157753,1351384080
ninzlimpiada,14.3178498,120.9927325,1344956100
ninzlimpiada,14.3050668,120.983184,1351981620
ninzlimpiada,14.22458747,120.97042341,1350718440
ninzlimpiada,1.30318371,103.83487701,1343376180
ninzlimpiada,14.3049686,120.9835255,1350422220
ninzlimpiada,14.22400688,120.97358581,1349401800
ninzlimpiada,14.30152162,120.95619022,1348456380
ninzlimpiada,1.3678313,103.8738671,1343653140
ninzlimpiada,14.32649144,120.95181432,1345329180
ninzlimpiada,14.30113679,120.95634149,1349078280
ninzlimpiada,14.32001436,120.9852711,1344680880
ninzlimpiada,14.42886881,120.96824134,1346992740
ninzlimpiada,14.59018073,120.9834562,1347073860
ninzlimpiada,14.4118597,120.973528,1347882000
ninzlimpiada,14.48837883,120.9824031,1341473100
ninzlimpiada,14.2270107,120.974497,1350445500
ninzlimpiada,14.30059681,120.95732759,1353052440
ninzlimpiada,14.2263884,120.9739444,1352794860
ninzlimpiada,14.58968867,120.98303318,1347072240
ninzlimpiada,14.59837634,121.00006937,1347001020
ninzlimpiada,14.2270107,120.9744968,1352420160
ninzlimpiada,15.1908988,120.5158836,1351343460
ninzlimpiada,14.321167,120.961932,1351909980
ninzlimpiada,15.18382,120.515421,1351406940
ninzlimpiada,14.4118597,120.973528,1347878880
