nycgov,40.69373183,73.98863197,1321375620
nycgov,40.73056031,73.98910121,1319454060
nycgov,40.71382514,74.01056494,1322841960
nycgov,40.78197998,73.95186561,1319189460
nycgov,40.76317449,73.98271522,1323277140
nycgov,40.78237406,73.95094964,1320488580
nycgov,40.58058466,73.82949829,1351945560
nycgov,40.78248801,73.95103231,1319272860
nycgov,40.7823967,73.95107672,1323250800
nycgov,40.71427439,74.01128833,1320936660
nycgov,40.71010437,73.99565798,1320231540
nycgov,40.71181044,74.00271358,1321268820
nycgov,40.76316794,73.98271756,1323272400
nycgov,40.78164329,73.95262929,1319189520
nycgov,40.5748479,73.96163464,1352562300
nycgov,40.68927033,73.99220784,1321368000
nycgov,40.72371804,73.99069017,1321350180
nycgov,40.78283862,73.95263573,1320503280
nycgov,40.78245407,73.95103861,1323337860
nycgov,40.71420883,74.01120428,1320935520
nycgov,40.71376881,74.0045727,1320664080
nycgov,40.78242432,73.95094198,1322912040
nycgov,40.69744,73.97968,1323362400
nycgov,40.69744,73.97968,1323351540
nycgov,40.71196357,74.00282407,1320407040
nycgov,40.69744,73.97968,1323360780
nycgov,40.76313113,73.98270783,1323271800
nycgov,40.78228391,73.95086829,1319368800
nycgov,40.73517587,73.9909555,1323550800
nycgov,40.73138928,74.00545939,1319989860
nycgov,40.78155203,73.95305175,1321475400
nycgov,40.78233769,73.95083261,1323524220
nycgov,40.71066303,74.00456811,1320839700
nycgov,40.7612728,73.97541533,1322681160
nycgov,40.78172471,73.95182001,1322683800
nycgov,40.75076481,73.99407073,1320592260
nycgov,40.78279874,73.95204295,1320500760
nycgov,40.72132966,73.99342535,1319454600
nycgov,40.69744,73.97968,1323360300
nycgov,40.69249097,73.98682265,1323355080
nycgov,40.78228181,73.95049489,1323426420
nycgov,40.7136957,74.00545656,1323372780
nycgov,40.78190444,73.95632017,1323080580
nycgov,40.78245612,73.95086655,1323301560
nycgov,40.71086806,74.00476759,1321550160
nycgov,40.78225331,73.95086234,1323524100
nycgov,40.70930405,74.01027918,1351171920
nycgov,40.72896168,74.00237278,1320530400
