nzajicova,38.895224,77.002823,1319544420
nzajicova,38.908365,77.04023,1327518420
nzajicova,38.92498027,77.0738863,1351432800
nzajicova,38.908189,77.058552,1319922660
nzajicova,38.88811002,77.01984644,1319390340
nzajicova,38.924962,77.07394589,1351301160
nzajicova,38.92314,77.05467,1308008040
nzajicova,38.90602653,77.06407,1319381760
nzajicova,38.896348,77.032854,1319393640
nzajicova,38.89817282,77.02129771,1332968220
nzajicova,38.9060092,77.0645752,1306327920
nzajicova,38.89817282,77.02129771,1327440300
nzajicova,38.91721453,77.0418003,1327803600
nzajicova,38.91721453,77.0418003,1329612600
nzajicova,38.905276,77.062963,1306779420
nzajicova,38.923665,77.069735,1306490040
nzajicova,38.9060092,77.0645752,1306760640
nzajicova,38.90476005,77.06694603,1345933500
nzajicova,38.92314,77.05467,1307826120
nzajicova,38.916694,77.068342,1336221120
nzajicova,38.897794,77.029333,1322684460
nzajicova,40.75532403,73.97579304,1323247200
nzajicova,38.894135,77.030633,1318337760
