osum,34.431754,119.707132,1313335860
osum,34.426888,119.70125717,1322006280
osum,34.4169496,119.6957202,1313622540
osum,34.398648,119.51819752,1319822880
osum,34.397589,119.51901376,1318614540
osum,34.42272377,119.651239,1321137840
osum,36.1475113,115.15725911,1322852700
osum,34.424003,119.703697,1317856920
osum,34.41869,119.6988614,1324427460
osum,34.42953174,119.87538815,1322250180
osum,34.41707088,119.69552994,1325197020
osum,34.42252913,119.70389,1324076640
osum,34.421674,119.640996,1325473440
osum,34.39485272,119.51373448,1324061460
osum,34.3985045,119.5176075,1321888020
osum,34.41707088,119.69552994,1313704800
osum,34.426888,119.70125717,1333287900
osum,34.421041,119.703473,1322664900
osum,34.42446089,119.70346928,1324564740
osum,34.42799193,119.87478733,1324755060
osum,34.42319828,119.69047461,1333489860
osum,34.42272377,119.651239,1312283460
osum,34.41792939,119.69678521,1322275320
osum,34.44060003,119.74088673,1322353620
osum,34.421591,119.698728,1320157200
osum,34.436056,119.72549,1321803060
osum,34.39892497,119.51864362,1320938280
osum,34.42777954,119.87647176,1331473380
osum,34.41775238,119.69653845,1319242320
osum,34.42777954,119.87647176,1324762680
osum,34.424228,119.683249,1312562400
osum,34.4198463,119.69991776,1336340040
osum,34.426654,119.685591,1320584580
osum,34.435189,119.72473907,1325276340
osum,34.419826,119.69952,1322401980
osum,34.4263023,119.685112,1324155720
osum,34.398567,119.51852024,1318355280
osum,34.42446089,119.70346928,1316886300
osum,34.439756,119.735825,1327968000
osum,34.431754,119.707132,1312730460
osum,34.41983225,119.69992876,1324681980
osum,34.439756,119.735825,1322349480
osum,34.419988,119.700002,1324427460
osum,34.422803,119.65125,1333060200
osum,34.421224,119.6773733,1312652040
osum,34.41924162,119.66729981,1336249440
osum,34.40258988,119.699049,1325440020
osum,34.439973,119.737394,1328371260
osum,34.417161,119.695416,1313704740
osum,34.436056,119.72549,1333894500
osum,34.43917751,119.72907,1330290840
osum,34.421591,119.698728,1314457080
osum,34.421824,119.70147,1325011740
osum,34.429423,119.885449,1324828140
osum,34.42174893,119.65032,1313880840
osum,34.429434,119.885228,1321197300
osum,34.40213577,119.72071577,1317502140
osum,34.413391,119.699496,1318339140
osum,34.419951,119.700415,1324427700
osum,34.418281,119.69756998,1318716540
osum,34.429423,119.885449,1321927260
osum,34.42954944,119.87259865,1324846260
osum,34.397589,119.51901376,1321292580
osum,34.41983225,119.69992876,1312755660
osum,34.429423,119.885449,1322433060
osum,34.398567,119.51852024,1323370500
osum,34.42910697,119.86706257,1327366980
osum,34.93425215,120.44360857,1330184880
osum,34.41983225,119.69992876,1324080660
osum,34.42594195,119.702967,1321112520
osum,34.41983225,119.69992876,1316213220
osum,34.418967,119.699953,1321571460
osum,34.420821,119.644182,1322657700
osum,34.439503,119.77198114,1317763260
osum,34.41708858,119.82916832,1324343760
osum,34.429423,119.885449,1325440020
osum,34.42105629,119.676808,1322775600
osum,34.428891,119.68862728,1328213940
osum,34.425202,119.701147,1325089680
osum,34.418404,119.69547,1329592980
osum,34.4312979,119.88730544,1336328160
osum,34.41707088,119.69552994,1323986820
osum,34.41707088,119.69552994,1317939660
osum,34.424228,119.683249,1326240300
osum,34.44060003,119.74088673,1336272840
osum,34.413391,119.699496,1312479540
osum,34.422279,119.689474,1317387480
osum,34.43037466,119.88228144,1318898220
osum,34.398567,119.51852024,1321293000
osum,34.413391,119.699496,1313082720
osum,34.431754,119.707132,1315144860
osum,34.4017413,119.5190807,1317999900
osum,34.41582,119.693821,1326239220
osum,34.43250508,119.85620499,1326413820
osum,34.429423,119.885449,1323133500
osum,34.420373,119.69850365,1333401360
osum,34.428592,119.717133,1325259240
osum,34.420609,119.705422,1320157200
osum,34.41956674,119.69943523,1324515960
osum,34.424228,119.683249,1325036580
osum,34.441073,119.831416,1332111960
osum,34.41867515,119.692079,1323639720
osum,34.433505,119.835421,1313277660
osum,34.42174893,119.65032,1312282620
osum,34.42199,118.58163501,1336172520
osum,34.42106245,119.700948,1327624140
osum,34.418891,119.69837925,1330043040
osum,34.421463,119.677836,1326240840
osum,36.14723194,115.15624523,1322961900
osum,34.41964103,119.700487,1332623220
osum,34.42272377,119.651239,1314905340
osum,34.42977643,119.69088477,1333461000
osum,34.41707088,119.69552994,1316121960
osum,34.422239,119.680083,1330989060
osum,34.421455,119.698941,1325626860
osum,34.4229699,119.7003031,1320665340
osum,34.42062736,119.69850365,1313182500
osum,34.42174893,119.65032,1325473440
osum,34.44015,119.729432,1325176980
osum,34.41327384,119.85560417,1332707220
osum,34.4421046,119.8306387,1313862840
osum,34.431754,119.707132,1314535380
osum,34.429423,119.885449,1328578920
osum,34.41901803,119.69738066,1318628400
osum,34.4207757,119.68944783,1325105580
osum,34.42105629,119.676808,1325168880
osum,34.42669989,119.68544483,1332278040
osum,34.421224,119.6773733,1325168880
osum,34.425202,119.701147,1325776920
osum,34.4207757,119.68944783,1322315280
osum,34.42251,119.680696,1317424380
osum,34.417161,119.695416,1315519020
osum,34.43581,119.822114,1322827320
osum,34.22487922,119.14863825,1321219440
osum,34.40437801,119.69598055,1319765100
osum,34.42164238,119.641328,1313880540
osum,34.42193,119.652067,1318885440
osum,34.42105629,119.676808,1325626200
osum,34.40979971,119.68551993,1336266480
osum,37.29683,121.81741,1333152720
osum,34.44333563,119.83230114,1324233900
osum,34.421781,119.665773,1323917460
osum,34.42251,119.680696,1315007520
osum,34.43930088,119.75282192,1318094400
osum,34.4210123,119.7011876,1317997920
osum,34.61377095,120.192797,1322785560
osum,34.428891,119.68862728,1319304300
osum,34.42975297,119.87218022,1321191780
osum,34.421224,119.6773733,1313158920
osum,34.42972642,119.87187982,1321191060
osum,34.417071,119.69558,1328827980
osum,34.424685,119.681817,1313969820
osum,34.398567,119.51852024,1322073180
osum,34.42446089,119.70346928,1326032880
osum,34.4240754,119.6694619,1320617700
osum,34.42319828,119.69047461,1333489860
osum,34.429434,119.885228,1319985060
osum,34.419098,119.698994,1322273880
osum,34.4210123,119.7011876,1320496440
osum,34.438225,119.74847385,1319422740
osum,34.41459265,119.69141006,1316901060
osum,34.429434,119.885228,1319502420
osum,34.424685,119.681817,1326070680
osum,34.417597,119.66955661,1317599280
osum,34.417024,119.696018,1329518280
osum,34.41983225,119.69992876,1329691560
osum,34.424048,119.705727,1332335100
osum,34.421455,119.698941,1330558080
osum,34.39892497,119.51864362,1323961320
osum,34.417161,119.695416,1313622540
osum,34.43700028,119.74861622,1316987100
osum,34.41467,119.69158173,1316901360
osum,34.418281,119.69756998,1319753940
osum,34.4214332,119.64822696,1327324800
osum,34.262268,119.22790204,1325293740
osum,34.41901803,119.69738066,1332630600
osum,34.42977643,119.69088477,1342098240
osum,34.424685,119.681817,1330992600
osum,34.4229699,119.7003031,1320429120
osum,34.413391,119.699496,1317726600
osum,34.43575361,119.82832932,1332040980
osum,34.419826,119.69952,1324674840
osum,34.42446089,119.70346928,1332795780
osum,34.426665,119.68873,1317342180
osum,34.422803,119.65125,1333923540
osum,34.41707088,119.69552994,1324594020
osum,34.41867515,119.692079,1328457300
osum,34.42446089,119.70346928,1325776080
osum,34.436056,119.72549,1336315680
osum,34.4284,119.71671398,1316134800
osum,34.423277,119.705744,1329920760
osum,34.42114098,119.70372089,1332795000
osum,34.42194164,119.65027571,1317743580
osum,34.42669989,119.68544483,1332450600
osum,34.47185041,119.71346176,1330810260
osum,34.41918617,119.69986439,1326750540
osum,34.42062736,119.69850365,1318946940
osum,34.42174893,119.65032,1332770640
osum,34.422453,119.698403,1313194860
osum,34.41970115,119.7002124,1332624180
osum,34.39892497,119.51864362,1321888080
osum,34.42272377,119.651239,1319932620
osum,34.421591,119.698728,1317423720
osum,34.428071,119.71132565,1331681940
osum,34.41744261,119.69679594,1325722620
osum,34.443316,119.78813052,1319151420
osum,34.428891,119.68862728,1327097160
osum,34.429423,119.885449,1321810560
osum,34.4346705,119.745951,1326065700
osum,34.424228,119.683249,1313599260
osum,34.424685,119.681817,1320534360
osum,34.421224,119.6773733,1318339260
osum,34.398567,119.51852024,1323283260
osum,35.269456,116.0693872,1323113520
osum,34.42164238,119.641328,1316305680
osum,34.417071,119.69558,1329436860
osum,34.42272377,119.651239,1328702640
osum,34.435767,119.821711,1319158080
osum,34.424685,119.681817,1312762920
osum,34.43005385,119.73525882,1328021100
osum,34.41707088,119.69552994,1328827680
osum,34.418281,119.69756998,1320359880
osum,34.43674,119.64164,1324478400
osum,34.421781,119.665773,1325730780
osum,34.42206502,119.70763743,1318894740
osum,34.398663,119.517463,1320673560
osum,34.424685,119.681817,1312762920
osum,34.41707088,119.69552994,1313097840
osum,34.418967,119.691648,1319591460
osum,34.397465,119.51899,1329417660
osum,34.42319828,119.69047461,1330987920
osum,34.421766,119.665948,1320105480
osum,34.41901801,119.69870567,1322275380
osum,34.439503,119.77198114,1326413820
osum,34.9636826,120.44382585,1332599100
osum,34.421068,119.676991,1312651800
osum,34.421455,119.698941,1325083800
osum,34.413391,119.699496,1315307040
osum,34.421047,119.701267,1333211820
osum,34.421041,119.703473,1322401980
osum,34.4214332,119.64822696,1327324800
osum,34.424228,119.683249,1318809600
osum,34.418967,119.691648,1336231740
osum,34.428505,119.876482,1314536700
osum,34.42910697,119.86706257,1323384240
osum,34.439756,119.735825,1325182740
osum,34.398648,119.51819752,1317317640
osum,34.42194164,119.65027571,1313883840
osum,34.43664634,119.79174614,1316360700
osum,34.42272377,119.651239,1322662200
osum,34.42106245,119.700948,1341365880
osum,34.4214332,119.64512572,1332769980
osum,34.426888,119.70125717,1332193440
osum,34.42062736,119.69850365,1320241620
osum,34.424685,119.681817,1319591460
osum,34.429423,119.885449,1324353480
osum,34.428905,119.712618,1325081160
osum,34.419154,119.676037,1319918220
osum,34.4229622,119.667885,1328797440
osum,34.424685,119.681817,1318378020
osum,34.4198463,119.69991776,1333400340
osum,34.42062736,119.69850365,1313182500
osum,34.421041,119.703473,1321976820
osum,34.41327384,119.85560417,1326416580
osum,34.26482724,119.213854,1325301900
osum,34.397465,119.51899,1341694860
osum,34.418967,119.691648,1326806340
osum,34.429423,119.885449,1327251660
osum,34.424048,119.705727,1331903280
osum,34.42062736,119.69850365,1320767340
osum,34.43006389,119.69061322,1328021880
osum,34.429423,119.885449,1326667920
osum,34.424228,119.683249,1317742080
osum,34.41867515,119.692079,1325356080
osum,34.26853072,119.24871683,1331485980
osum,34.42062736,119.69850365,1320442320
osum,34.42212939,119.70291,1319837100
osum,34.42420542,119.68778908,1324140720
osum,34.42910697,119.86706257,1321914540
osum,34.41983225,119.69992876,1326066960
osum,34.44213231,119.83230114,1324235580
osum,34.42446089,119.70346928,1327529040
osum,34.422279,119.689474,1312898100
osum,34.41983225,119.69992876,1326320820
osum,34.41956674,119.69943523,1324266240
osum,34.41980741,119.69943102,1322400840
osum,34.42164238,119.641328,1324923780
osum,34.41920282,119.71007346,1333206360
osum,34.429423,119.885449,1326055140
osum,34.42106245,119.700948,1324598580
osum,34.39614415,119.514238,1327347960
osum,34.430063,119.691574,1318339980
osum,34.429423,119.885449,1322251080
osum,34.421781,119.665773,1324494720
osum,34.39614415,119.514238,1324321140
osum,34.41457093,119.69744504,1313415900
osum,34.39702928,119.516356,1324492080
osum,34.42323074,119.6813035,1319652120
osum,34.42114098,119.70372089,1327436100
osum,34.4284,119.71671398,1332116520
osum,34.42062736,119.69850365,1315407120
osum,34.425202,119.701147,1327412280
osum,34.404281,119.693533,1313155680
osum,34.4199533,119.6986664,1312419900
osum,34.439973,119.737394,1330871460
osum,34.421463,119.677836,1316521860
osum,34.4285052,119.87341404,1324340340
osum,34.42972642,119.87187982,1331472480
osum,34.4263023,119.685112,1324155720
osum,34.424685,119.681817,1320666840
osum,34.39649284,119.521626,1314124380
osum,34.398567,119.51852024,1323370500
osum,36.121897,115.156154,1322875440
osum,34.43006389,119.69061322,1328021880
osum,32.829589,117.20479232,1326552360
osum,34.404417,119.696906,1318555380
osum,36.12187,115.171694,1322951340
osum,34.422803,119.65125,1331421360
osum,34.41983225,119.69992876,1330285320
osum,34.42062736,119.69850365,1319720100
osum,34.41849205,119.69739902,1324515960
osum,34.422452,119.703294,1313155620
osum,34.422452,119.703294,1312891980
osum,36.14723194,115.15624523,1323019740
osum,34.424685,119.681817,1322316720
osum,34.42910697,119.86706257,1334017860
osum,34.429423,119.885449,1325564040
osum,34.61377095,120.192797,1312501800
osum,32.7084174,117.16019869,1326572640
osum,34.422883,119.70276525,1314278940
osum,34.41707088,119.69552994,1331844360
osum,34.42948749,119.87400949,1322250120
osum,34.398567,119.51852024,1332441120
osum,34.42370422,118.57924819,1323126840
osum,34.441476,119.82425451,1315773900
osum,34.421093,119.701228,1319844600
osum,34.42777954,119.87647176,1336330200
osum,34.398567,119.51852024,1319736000
osum,34.26846866,119.24968243,1321212180
osum,34.42420542,119.68778908,1327095600
osum,34.419151,119.69831668,1324675680
osum,34.424228,119.683249,1319584380
osum,34.4181595,119.69619098,1329693240
osum,34.43006389,119.69061322,1328623500
osum,34.41909324,119.69910264,1327704060
osum,34.439973,119.737394,1318075080
osum,34.426888,119.70125717,1324770540
osum,34.43883,119.751522,1322357340
osum,34.421591,119.698728,1312484640
osum,34.3964285,119.52292442,1326489780
osum,34.424439,119.6831364,1324141260
osum,34.41707088,119.69552994,1325715240
osum,34.413391,119.699496,1314615420
osum,34.421591,119.698728,1318554780
osum,34.42669989,119.68544483,1330986600
osum,34.42143738,119.677604,1314471900
osum,34.41707088,119.69552994,1321568880
osum,34.42954944,119.87259865,1333309680
osum,36.11715923,115.17262816,1322953200
osum,34.41792939,119.69678521,1324516140
osum,34.426888,119.70125717,1316953740
osum,34.42777954,119.87647176,1321195200
osum,34.42910697,119.86706257,1333413540
osum,34.421455,119.698941,1321976160
osum,34.39892497,119.51864362,1315568340
osum,36.14723194,115.15624523,1322852700
osum,34.4284,119.71671398,1332888780
osum,34.43033831,119.71341085,1330606920
osum,34.419814,119.699541,1320587040
osum,34.400685,119.512766,1321908720
osum,34.421995,119.703733,1323891600
osum,34.42272377,119.651239,1324753320
osum,34.41707088,119.69552994,1329434160
osum,34.421781,119.665773,1322083620
osum,34.428592,119.717133,1325964960
osum,34.418258,119.673861,1330990620
osum,34.398567,119.51852024,1333044120
osum,34.398648,119.51819752,1317405060
osum,34.425127,119.696135,1325192340
osum,34.41707088,119.69552994,1320357960
osum,34.42062736,119.69850365,1319468040
osum,34.41964103,119.700487,1324516200
osum,34.431754,119.707132,1313937060
osum,36.08822814,115.17581463,1322967180
osum,34.39982,119.519364,1329514740
osum,34.421455,119.698941,1325769000
osum,34.41792939,119.69678521,1324676700
osum,34.41981,119.700004,1320443340
osum,34.41707088,119.69552994,1319751600
osum,34.420719,119.641793,1313238180
osum,34.398648,119.51819752,1323283260
osum,34.424685,119.681817,1325463300
osum,34.398648,119.51819752,1322073180
osum,34.418781,119.700433,1312674420
osum,34.418967,119.699953,1329263160
osum,34.39628899,119.512229,1322828340
osum,34.44220309,119.83086348,1325290440
osum,34.4312979,119.88730544,1330271220
osum,34.42446089,119.70346928,1336313580
osum,34.44061685,119.726592,1312385580
osum,34.44213231,119.83230114,1330442640
osum,34.40910487,119.685359,1324645680
osum,34.43757544,119.79153156,1316360760
osum,34.4207757,119.68944783,1322333580
osum,34.42281044,119.701266,1325085240
osum,36.14799433,115.15534401,1322924160
osum,34.397403,119.516873,1324490880
osum,34.4300352,119.720736,1325982000
osum,34.39614415,119.514238,1322677260
osum,34.4188719,119.6983419,1312760280
osum,34.4346133,119.82497334,1320590760
osum,34.422565,119.680552,1332631380
osum,34.421463,119.677836,1325117040
osum,34.41858433,119.69964981,1314627300
osum,34.42319828,119.69047461,1333239000
osum,34.429423,119.885449,1324761360
osum,34.435189,119.72473907,1325096100
osum,34.426888,119.70125717,1333894440
osum,34.429423,119.885449,1325417940
osum,34.4188719,119.6983419,1313181720
osum,34.42272377,119.651239,1324930140
osum,34.42972642,119.87187982,1332077700
osum,34.4271054,119.6958648,1314628500
osum,34.437372,119.72646,1321720800
osum,34.413391,119.699496,1316516940
osum,34.422242,119.689479,1321975440
osum,34.44160142,119.83268738,1313862720
osum,34.42446089,119.70346928,1329918120
osum,34.428891,119.68862728,1330799820
osum,34.41930123,119.70059395,1330901340
osum,34.424685,119.681817,1317128520
osum,34.42272377,119.651239,1332966300
osum,34.41944283,119.7004652,1322268300
osum,34.424685,119.681817,1326899040
osum,34.41917732,119.69987512,1324516080
osum,34.424003,119.703697,1316887980
osum,34.39982,119.519364,1329514740
osum,34.427911,119.687248,1336235400
osum,34.421455,119.698941,1325462580
osum,34.42617341,117.37643619,1322838120
osum,34.39614415,119.514238,1318875960
osum,34.422883,119.70276525,1332163920
osum,34.4189099,119.691971,1318375380
osum,34.398567,119.51852024,1326479580
osum,34.418781,119.700433,1333146900
osum,34.420373,119.69850365,1336517640
osum,34.414544,119.691823,1332885300
osum,34.422336,119.702803,1320498360
osum,34.4188719,119.6983419,1315180980
osum,34.41919502,119.69613075,1313013900
osum,34.430063,119.691574,1325599740
osum,34.42434584,119.70683813,1336187640
osum,34.44082279,119.82629299,1325357640
osum,34.41278127,119.6889,1333841580
osum,34.423702,119.668414,1331171100
osum,34.43937167,119.75164175,1313453640
osum,34.398567,119.51852024,1333130220
osum,34.439503,119.77198114,1312926240
osum,34.42910697,119.86706257,1325889300
osum,34.41919502,119.69613075,1328134380
osum,34.41944283,119.7004652,1324427460
osum,34.41903571,119.6999073,1320443340
osum,34.429423,119.885449,1325902920
osum,34.41909324,119.69910264,1327717320
osum,32.8304261,117.20262749,1326562920
osum,32.832404,117.20162325,1326524760
osum,34.429434,119.885228,1320592500
osum,34.421455,119.698941,1325799540
osum,34.421224,119.6773733,1328971920
osum,34.42131911,119.70133424,1321455600
osum,34.42742556,119.87225533,1322247600
osum,34.42062736,119.69850365,1314627300
osum,34.429423,119.885449,1324860060
osum,34.431754,119.707132,1318170960
osum,34.4213333,119.686363,1329684960
osum,34.42446089,119.70346928,1325088480
osum,34.421093,119.701228,1333216980
osum,34.435886,119.825501,1330268280
osum,34.43664634,119.79174614,1313451540
osum,34.429423,119.885449,1326164280
osum,34.419469,119.676265,1320158040
osum,34.42777954,119.87647176,1324759080
osum,34.42594195,119.702967,1332001320
osum,34.42954944,119.87259865,1332100080
osum,34.02093,118.21075,1346969520
osum,34.430333,119.713301,1325081280
osum,34.41707088,119.69552994,1325801520
osum,34.41918617,119.69986439,1313111520
osum,34.42742556,119.87225533,1322427060
osum,34.423702,119.668414,1333582440
osum,34.429434,119.885228,1321120500
osum,34.42114098,119.70372089,1331931360
osum,34.42446089,119.70346928,1314280260
osum,34.422657,119.702302,1324142460
osum,34.428891,119.68862728,1320865200
osum,34.43006389,119.69061322,1330441680
osum,34.41867515,119.692079,1321802340
osum,34.41707088,119.69552994,1320966660
osum,34.435189,119.72473907,1320256740
osum,34.41707088,119.69552994,1315873080
osum,34.4285849,119.876351,1322250480
osum,34.42594195,119.702967,1316274540
osum,34.42594195,119.702967,1333718940
osum,34.421609,119.69995,1328360520
osum,34.439503,119.77198114,1320183360
osum,34.413391,119.699496,1317126840
osum,35.44124544,115.67304428,1322847660
osum,34.41707088,119.69552994,1333054740
osum,34.42744326,119.87071037,1325553480
osum,34.42910697,119.86706257,1332205200
osum,34.42114098,119.70372089,1331907300
osum,34.39982,119.519364,1327526520
osum,34.398567,119.51852024,1323712560
osum,34.26735148,119.247998,1321209180
osum,34.423702,119.668414,1328740980
osum,34.439756,119.735825,1325966280
osum,34.429423,119.885449,1325359680
osum,36.12915764,115.17269254,1322941140
osum,34.914204,120.459702,1321314720
osum,34.42118526,119.68445602,1320672480
osum,34.421455,119.698941,1324071720
osum,34.421455,119.698941,1322664300
osum,34.41980462,119.69958563,1330122300
osum,36.14723194,115.15624523,1322888400
osum,34.424228,119.683249,1322605260
osum,34.436056,119.72549,1329665160
osum,34.42977643,119.69088477,1332853020
osum,34.39614415,119.514238,1331234760
osum,34.3980735,119.519694,1327326180
osum,34.4229699,119.7003031,1319219880
osum,34.40989708,119.69220668,1322333640
osum,34.4421854,119.83097076,1325886540
osum,34.42174893,119.65032,1325035680
osum,34.08255,118.39953,1333392840
osum,34.42446089,119.70346928,1332169200
osum,34.43937167,119.75164175,1330789140
osum,34.41919502,119.69613075,1332970740
osum,34.42062736,119.69850365,1320494520
osum,34.418781,119.700433,1329262500
osum,34.41919502,119.69613075,1330730940
osum,34.42397338,119.70598178,1324961880
osum,34.424228,119.683249,1322001240
osum,34.42434584,119.70683813,1312584120
osum,34.41679846,119.677459,1313794260
osum,34.413391,119.699496,1314702480
osum,34.42412459,119.70573306,1332938760
osum,34.413391,119.699496,1316116020
osum,34.418967,119.691648,1313624580
osum,34.4220495,119.7037061,1312244040
osum,34.439756,119.735825,1325182740
osum,34.421029,119.693006,1324499460
osum,34.41823031,119.69719291,1321123080
osum,34.417071,119.69558,1324595700
osum,34.42164238,119.641328,1316305680
osum,34.43937167,119.75164175,1317947520
osum,34.417341,119.696357,1319945700
osum,34.419814,119.699541,1314616080
osum,36.122661,115.1654097,1322870520
osum,34.421591,119.698728,1315004580
osum,34.439756,119.735825,1327968000
osum,34.419988,119.700002,1324682580
osum,34.44311886,119.79073763,1322527560
osum,34.396024,119.514351,1324061640
osum,34.4300817,119.6913001,1320239580
osum,34.930477,120.457725,1321314660
osum,34.419138,119.69870183,1333152360
osum,34.42203927,119.65035081,1330815060
osum,34.420435,119.702652,1328916420
osum,34.42910697,119.86706257,1331596860
osum,34.41708858,119.82916832,1314545580
osum,34.424228,119.683249,1314141720
osum,34.424685,119.681817,1326929640
osum,34.422242,119.689479,1328021160
osum,34.42910697,119.86706257,1336431600
osum,34.429423,119.885449,1325512020
osum,34.417161,119.695416,1316385480
osum,34.422803,119.65125,1333923540
osum,34.42446089,119.70346928,1332933660
osum,34.429423,119.885449,1322409480
osum,34.42446089,119.70346928,1332334980
osum,34.42977643,119.69088477,1331645880
osum,34.42272377,119.651239,1318967100
osum,34.40437801,119.69598055,1319678340
osum,34.41867515,119.692079,1327097100
osum,34.42436354,119.70243931,1324311840
osum,34.429434,119.885228,1318898220
osum,34.42777954,119.87647176,1332205260
osum,34.41983225,119.69992876,1322265180
osum,34.4207757,119.68944783,1322604420
osum,34.421041,119.703473,1323725160
osum,34.439503,119.77198114,1325628240
osum,34.416523,119.695692,1324679280
osum,34.424304,119.680804,1330988880
osum,34.43958277,119.74895759,1333294920
osum,34.424685,119.681817,1320534360
osum,34.42114098,119.70372089,1332590160
osum,34.42446089,119.70346928,1331901360
osum,34.42726626,119.87143993,1322247660
osum,34.43937167,119.75164175,1320966600
osum,34.400912,119.722514,1317492840
osum,34.436056,119.72549,1326641580
osum,34.404047,119.693328,1326739680
osum,34.42412459,119.70573306,1312482300
osum,34.428891,119.68862728,1336240680
osum,34.42106245,119.700948,1315271760
osum,34.42106245,119.700948,1327624140
osum,34.420554,119.697988,1320157200
osum,32.82920574,117.20538855,1326587940
osum,34.26229742,119.22868609,1325301900
osum,34.42744326,119.87071037,1325460840
osum,34.419229,119.698374,1320359040
osum,34.42012,119.70005,1326925860
osum,34.424048,119.705727,1332939240
osum,34.41707088,119.69552994,1322777760
osum,34.429434,119.885228,1317579780
osum,34.41956674,119.69943523,1324427400
osum,34.413391,119.699496,1312480020
osum,34.417161,119.695416,1313704740
osum,34.422936,119.65183,1332363720
osum,34.42954944,119.87259865,1322418600
osum,34.3958084,119.5137587,1321473480
osum,34.42403913,119.68778908,1321975740
osum,34.43946719,119.761618,1321132440
osum,34.42975297,119.87218022,1322229480
osum,34.41918617,119.69986439,1329264300
osum,34.42062736,119.69850365,1319214060
osum,34.431754,119.707132,1319983200
osum,34.43459094,119.801886,1316361120
osum,34.421455,119.698941,1334004900
osum,34.42218,119.703487,1324074840
osum,34.421591,119.698728,1319213760
osum,34.41983225,119.69992876,1313964660
osum,34.41707088,119.69552994,1315519020
osum,34.398648,119.51819752,1318615020
osum,34.413391,119.699496,1313082720
osum,34.42975297,119.87218022,1330176600
osum,34.421674,119.640996,1317603000
osum,34.428891,119.68862728,1320518460
osum,34.423152,119.704156,1312240980
osum,34.439756,119.735825,1332113880
osum,34.39892497,119.51864362,1316177460
osum,34.427466,119.686665,1333496700
osum,34.41944283,119.7004652,1322268300
osum,34.441476,119.82425451,1330896000
osum,34.414186,119.735299,1313260800
osum,34.41962814,119.70006561,1333147440
osum,34.4346133,119.82497334,1312730520
osum,34.42106245,119.700948,1327717260
osum,34.398648,119.51819752,1318615020
osum,34.41823916,119.70044374,1313517900
osum,34.424685,119.681817,1317729840
osum,34.42319828,119.69047461,1330987920
osum,34.429434,119.885228,1316367540
osum,34.429423,119.885449,1322229480
osum,34.42594195,119.702967,1325769900
osum,34.413391,119.699496,1315913160
osum,34.418281,119.69756998,1315182720
osum,34.41944283,119.7004652,1321571820
osum,34.42977643,119.69088477,1331042520
osum,34.41933663,119.69869494,1324418880
osum,34.431754,119.707132,1317567240
osum,34.41867515,119.692079,1322664240
osum,34.424048,119.705727,1332335100
osum,36.09185215,115.17482758,1323051240
