pahlkadot,37.787059,122.410454,1321669500
pahlkadot,37.811766,122.247659,1316991840
pahlkadot,37.841721,122.275042,1278777180
pahlkadot,32.70906054,117.1604762,1310593920
pahlkadot,37.5987785,122.38432313,1302010860
pahlkadot,38.90649825,77.03826493,1326898620
pahlkadot,34.233981,96.684371,1276864800
pahlkadot,51.51783641,0.08186102,1352634180
pahlkadot,37.788015,122.398776,1318282620
pahlkadot,38.90739177,77.04209243,1330377480
pahlkadot,40.21244072,74.00218964,1344260520
pahlkadot,37.79393238,122.39492227,1349389500
pahlkadot,37.76889134,122.45845199,1310914620
pahlkadot,32.82463,117.10903,1349888220
pahlkadot,37.817355,122.239903,1282997400
pahlkadot,21.30708741,157.85791397,1329851880
pahlkadot,37.81287,122.24677625,1349632800
pahlkadot,51.52142809,0.12621403,1352636460
pahlkadot,30.26538503,97.73830999,1342033800
pahlkadot,35.64156856,139.71532881,1348782600
pahlkadot,37.805212,122.471866,1321567020
pahlkadot,37.66169,121.887367,1278176580
pahlkadot,42.21755713,83.35216239,1306097040
pahlkadot,40.725164,74.007811,1318973280
pahlkadot,37.86735998,122.26272563,1317584940
pahlkadot,37.817757,122.245044,1316277540
pahlkadot,38.4113,122.841,1277509260
pahlkadot,39.95239352,75.1636076,1316021340
pahlkadot,39.87700745,75.24244308,1316165940
pahlkadot,40.29605,111.69546,1330195200
pahlkadot,37.8106987,122.24772729,1342286640
pahlkadot,37.77927,122.4195,1326040920
pahlkadot,37.808985,122.2546,1319382840
pahlkadot,38.95371887,77.447927,1285151880
pahlkadot,37.8445777,122.2531668,1303001280
pahlkadot,37.788299,122.399983,1294442100
pahlkadot,40.6889079,73.9929473,1285354920
pahlkadot,21.30417057,157.85564827,1329848820
pahlkadot,37.81287,122.24677625,1330799340
pahlkadot,37.4203236,122.2142644,1284236520
pahlkadot,37.77883,122.4199,1326039540
pahlkadot,40.71265873,74.00588036,1318940520
pahlkadot,38.89857742,77.03750288,1348584720
pahlkadot,37.788299,122.399983,1315610100
pahlkadot,37.17762709,3.594037,1322136060
pahlkadot,37.8466773,122.28470922,1314395340
pahlkadot,37.8114599,122.266077,1320510660
pahlkadot,37.61642405,122.38627911,1347488700
pahlkadot,37.62109806,122.39007711,1320580680
pahlkadot,42.36831045,71.02154732,1285139940
pahlkadot,38.8936,77.01458,1345720680
pahlkadot,37.784714,122.4043,1321557540
pahlkadot,37.853842,122.287245,1283347020
pahlkadot,37.7760717,122.4160188,1351617900
pahlkadot,37.808211,122.269778,1313888040
pahlkadot,51.5032398,0.12753367,1352469780
pahlkadot,37.77883,122.4196,1326042600
pahlkadot,39.03941067,94.59234918,1347455280
pahlkadot,37.77960633,122.39032388,1342726560
pahlkadot,37.33275047,121.90119624,1326661560
pahlkadot,37.788206,122.399792,1328651640
pahlkadot,37.80759703,122.26890564,1346441940
pahlkadot,37.8321157,122.257797,1321391100
pahlkadot,39.940019,75.152809,1320706080
pahlkadot,41.83353,87.73188,1041799980
pahlkadot,47.44370463,122.3026371,1288010580
pahlkadot,37.82544,122.253268,1288452480
pahlkadot,37.80541004,122.27260709,1346441580
pahlkadot,38.25693809,85.76162548,1347928980
pahlkadot,40.0025,75.11804,1333113720
pahlkadot,38.18390636,85.74089344,1348083180
pahlkadot,37.77556746,122.41369125,1351619280
pahlkadot,37.788015,122.398776,1316478240
pahlkadot,37.771368,122.40204,1283383740
pahlkadot,37.806094,122.432007,1315410600
pahlkadot,47.6242402,122.33577639,1331665020
pahlkadot,37.8321157,122.257797,1319750820
pahlkadot,36.109629,115.175193,1305160260
pahlkadot,37.8321157,122.257797,1318708680
pahlkadot,37.8321157,122.257797,1319750820
pahlkadot,37.817355,122.239903,1319679000
pahlkadot,37.7793,122.4199,1326042420
pahlkadot,41.3081565,72.9242298,1306577520
pahlkadot,51.75483833,1.25817162,1352483220
pahlkadot,37.76794146,122.39283443,1349124120
pahlkadot,37.419152,122.148292,1284227160
pahlkadot,37.62344346,121.7564106,1284914400
pahlkadot,40.69744,73.97968,1332285720
pahlkadot,37.77934,122.42,1326039420
pahlkadot,41.87800002,87.6477704,1330189800
pahlkadot,39.29984965,94.72202606,1347462360
pahlkadot,37.79394849,122.2748065,1283104860
pahlkadot,39.95253334,75.16684234,1316004420
pahlkadot,41.308402,72.931543,1306578900
pahlkadot,37.80464615,122.27112938,1346442480
