paulbz,47.66717052,122.366045,1313247000
paulbz,40.71021491,73.96283627,1320525180
paulbz,40.70367718,73.98841572,1318686540
paulbz,40.78088,73.97718,1347986760
paulbz,40.70209026,73.98709488,1325534220
paulbz,40.70209026,73.98709488,1325933400
paulbz,40.70244884,73.98733616,1320619140
paulbz,40.7401526,74.00755405,1317381480
paulbz,40.7401526,74.00755405,1350140280
paulbz,37.73570782,122.42496585,1352251500
paulbz,42.34358993,71.07175291,1319224560
paulbz,40.70292476,73.98858229,1329511320
paulbz,37.469892,122.21336061,1323772980
paulbz,40.7405419,74.0067586,1319728200
paulbz,40.72257423,74.00141811,1328462880
paulbz,40.77142562,73.97350073,1350832200
paulbz,47.63010979,122.14258003,1301055840
paulbz,40.73960018,73.98946953,1313945220
paulbz,40.74962997,73.99209976,1321636920
paulbz,47.61625957,122.20183563,1315264500
paulbz,40.70240703,73.98875101,1351544580
paulbz,40.7484018,73.992525,1319140920
paulbz,40.75739368,73.99330097,1325785740
paulbz,47.63453007,122.35706997,1308522720
paulbz,40.74919956,73.99327397,1346418180
paulbz,40.70237541,73.98736477,1313872680
paulbz,36.09587955,115.17669964,1326306780
paulbz,40.70380116,73.97816467,1331632080
paulbz,40.72112804,73.99304867,1350779040
paulbz,40.70217991,73.98719025,1319754720
paulbz,40.73906331,73.98965836,1319568480
paulbz,40.687309,73.991064,1349989800
paulbz,40.7401526,74.00755405,1349082900
paulbz,40.721748,73.994553,1316808000
paulbz,40.703653,73.992401,1318789980
paulbz,40.74957978,73.983112,1327000260
paulbz,40.747705,73.99442,1317908580
paulbz,40.70084,73.99160004,1321567980
paulbz,40.70217991,73.98711014,1318538880
paulbz,40.0025,75.11804,1290364440
paulbz,40.67791398,73.97368181,1347136920
paulbz,40.748167,73.99269962,1322488980
paulbz,40.70341567,73.99051666,1352656440
paulbz,40.76376,73.982761,1323119520
paulbz,40.70159374,73.995924,1351934640
paulbz,47.64984035,122.3601799,1303064640
paulbz,40.70343111,73.98868723,1331846820
paulbz,40.71434617,73.96107674,1350749880
paulbz,40.75020504,73.98810959,1320681900
paulbz,40.7570751,73.985742,1317658920
paulbz,40.7401526,74.00755405,1352108160
paulbz,40.64456836,73.78349304,1326278220
paulbz,40.7035,73.989341,1318691520
paulbz,37.603669,122.38369,1323959520
paulbz,40.74621184,73.99382047,1331068740
paulbz,40.73960114,73.98923588,1316079240
paulbz,47.65903854,122.35023022,1300075920
paulbz,36.12698364,115.15133667,1326401460
paulbz,47.64393044,122.13331985,1312891800
paulbz,40.70301713,73.98678839,1327354980
paulbz,37.33815,122.36981,1328377320
paulbz,40.70301713,73.98678839,1319487420
paulbz,41.78832097,87.74368286,1324281600
paulbz,40.70244884,73.98736954,1319939940
paulbz,40.70243751,73.990154,1351698000
paulbz,40.70244884,73.98736954,1318765860
paulbz,40.740468,74.005703,1325100720
paulbz,47.61303,122.34206,1351092180
paulbz,40.76175596,73.96790028,1322841240
paulbz,40.71432018,73.99411964,1325960880
paulbz,40.685726,73.985689,1318678800
paulbz,37.775968,122.393007,1342351200
paulbz,40.739858,74.034197,1351517580
paulbz,37.60742283,122.38162899,1328747460
paulbz,40.7401526,74.00755405,1350938160
paulbz,40.70311887,73.987736,1319746080
paulbz,40.74952412,73.99451065,1329348480
paulbz,40.40201092,74.98157978,1324643700
paulbz,40.75921,73.981776,1349861880
paulbz,37.78601,122.39546,1327327080
paulbz,47.66865253,122.37857056,1294794420
paulbz,40.70217991,73.98729992,1327151040
paulbz,40.70298958,73.98857975,1321220400
paulbz,40.71397209,73.97695446,1317579600
paulbz,40.753422,73.986822,1324398720
paulbz,40.74578372,73.98807317,1322689140
paulbz,40.70200539,73.98731518,1324511100
paulbz,40.73145008,73.98746872,1330175580
paulbz,39.10076141,84.51389503,1304016060
paulbz,37.78209298,122.4005726,1323894420
paulbz,40.72084999,74.00086975,1328223480
paulbz,37.61708693,122.38254547,1323705960
paulbz,40.747934,73.987084,1317933660
paulbz,40.74044524,73.99637461,1352747220
paulbz,40.76644328,73.95429646,1348412700
paulbz,40.70324518,73.98972617,1351676160
paulbz,40.724101,73.997983,1323536580
paulbz,40.75789908,73.98569744,1351268220
paulbz,40.74919956,73.99327397,1316171280
paulbz,40.735697,74.006838,1320599460
paulbz,40.70255,73.986446,1319054040
paulbz,40.75004578,73.99153614,1318413060
paulbz,51.91135025,0.16413403,1293108600
paulbz,40.7401526,74.00755405,1351175820
paulbz,40.74077034,74.00652981,1317384780
paulbz,40.19194031,75.47109032,1322137020
paulbz,40.71704238,74.00609481,1317027000
paulbz,40.74971795,73.98797,1320680040
paulbz,40.7058882,73.99000168,1325292180
paulbz,40.70366478,73.98841572,1325541900
paulbz,40.70244884,73.98736954,1319487600
paulbz,37.77865982,122.41493034,1323822180
paulbz,40.70367718,73.98841572,1318712640
paulbz,40.73906331,73.98965836,1318434540
paulbz,40.7401526,74.00755405,1319722740
paulbz,37.78601,122.39546,1303827420
paulbz,40.74851681,73.99283409,1336393500
paulbz,40.70065,73.99307,1352194980
paulbz,40.70240703,73.98875101,1351466940
paulbz,36.08476002,115.15173912,1326476760
paulbz,40.70367622,73.98841572,1319748660
paulbz,40.70411988,73.98666161,1351600980
paulbz,40.685726,73.985689,1325192040
paulbz,40.73145008,73.98746872,1330172820
paulbz,40.70244884,73.98734188,1323167460
paulbz,40.745884,73.988116,1316445360
paulbz,47.63103008,122.14229965,1314209040
paulbz,40.71634665,73.98854256,1321957680
paulbz,40.70261609,73.98976066,1351801200
paulbz,40.70244884,73.98747921,1328471760
paulbz,40.726716,73.99205362,1327761360
paulbz,47.66747475,122.35970974,1308484380
paulbz,40.685485,73.9944433,1325374860
paulbz,40.70389014,73.98941632,1351782120
paulbz,47.64381027,122.30224991,1315604940
paulbz,40.70289577,73.98122666,1346497320
paulbz,40.71991179,74.008574,1316951280
paulbz,40.767251,73.965478,1320961320
paulbz,40.74710147,73.99343355,1333707720
paulbz,40.698722,73.992358,1324933440
paulbz,40.67279111,73.97666951,1351431300
paulbz,40.76083767,73.97995949,1320662280
paulbz,40.74940968,73.98659992,1320683520
paulbz,39.10060978,84.51415253,1304060880
paulbz,40.73959541,73.98918533,1313942700
paulbz,40.687442,73.986153,1351363080
paulbz,40.189395,75.46882,1290718740
paulbz,37.7889204,122.40814018,1303788660
paulbz,40.74967957,73.99211979,1319041320
paulbz,40.73145008,73.98746872,1330176120
paulbz,40.71417999,73.99417019,1320879840
paulbz,40.73959541,73.98918533,1313939460
paulbz,40.7401526,74.00755405,1350653460
paulbz,40.70244884,73.98734188,1323025080
