persiancowboy,35.09563809,106.65885419,1347724260
persiancowboy,29.5421344,98.37247789,1321973820
persiancowboy,30.27418994,97.74046898,1316634660
persiancowboy,30.270191,97.751026,1305404040
persiancowboy,36.1468,79.843563,1333151460
persiancowboy,30.28870072,97.73058156,1332593940
persiancowboy,36.152806,79.854999,1308143400
persiancowboy,30.30715164,97.7402544,1332092460
persiancowboy,30.17564651,97.78394222,1330806120
persiancowboy,29.98601438,95.34484863,1325764140
persiancowboy,29.56129272,98.434873,1332210540
persiancowboy,33.52006795,101.77995276,1331327100
persiancowboy,30.30652,97.735568,1329863880
persiancowboy,30.301014,97.746012,1329855420
persiancowboy,36.59467566,105.45170646,1331392260
persiancowboy,29.65458557,95.25441143,1318558020
persiancowboy,32.8230751,96.71685219,1347143520
persiancowboy,29.528894,98.431169,1308585240
persiancowboy,30.26865724,97.73606071,1331941980
persiancowboy,30.26455252,97.7472219,1332790800
persiancowboy,30.27195885,97.74555613,1320001080
persiancowboy,31.89353263,104.822381,1313883060
persiancowboy,35.113294,106.64407969,1349484000
persiancowboy,30.211697,97.663854,1330213560
persiancowboy,35.09558981,106.60327119,1352327160
persiancowboy,30.26524328,97.74702561,1331936880
persiancowboy,30.3991608,97.7247026,1312220760
persiancowboy,29.74324122,95.386792,1318633620
persiancowboy,35.09279884,106.64662193,1347065700
persiancowboy,29.7371055,95.5388724,1304696400
persiancowboy,38.86142,77.08788,1333817640
persiancowboy,30.24661144,97.76870728,1325382960
persiancowboy,30.27685841,97.73231506,1331171940
persiancowboy,20.62829388,87.0750526,1325890560
persiancowboy,36.47623457,105.73499387,1331415480
persiancowboy,36.59491971,105.44992711,1324666380
persiancowboy,32.8230751,96.71685219,1344263520
persiancowboy,29.57638339,98.41971548,1327194180
persiancowboy,29.48826,98.503726,1320407700
persiancowboy,36.1468,79.843563,1308052980
persiancowboy,37.566901,77.572637,1307880780
persiancowboy,30.401436,97.726361,1327003500
persiancowboy,32.69855355,117.16988155,1343262900
persiancowboy,30.297521,97.7410249,1307055960
persiancowboy,30.32356351,97.72736907,1314219540
persiancowboy,30.2692498,97.75796833,1329422100
persiancowboy,35.129428,106.55013118,1351354260
persiancowboy,30.8930341,102.24525763,1314030600
persiancowboy,29.54787489,98.57740536,1341615540
persiancowboy,35.19512023,106.59518455,1350839940
persiancowboy,32.71150259,117.17095561,1343136300
persiancowboy,30.27685841,97.73231506,1331176680
persiancowboy,30.27418994,97.74046898,1313009520
persiancowboy,36.59467566,105.45170646,1331399400
persiancowboy,30.26944506,97.73772629,1331932080
persiancowboy,30.26953866,97.74198059,1332006420
persiancowboy,30.26560122,97.76408394,1328980380
persiancowboy,30.24661144,97.76870728,1325386800
persiancowboy,29.79549801,95.36643505,1323539520
persiancowboy,30.278301,97.744303,1306697640
persiancowboy,29.47922482,98.49215806,1320409860
persiancowboy,30.26630909,97.73997011,1331943900
persiancowboy,35.092335,106.619647,1345577760
persiancowboy,30.27445168,97.74044222,1329645060
persiancowboy,30.27814683,97.744059,1321297800
persiancowboy,30.27189128,97.75398631,1331918040
persiancowboy,35.19512023,106.59518455,1350246960
persiancowboy,30.27300392,97.7710247,1330462860
persiancowboy,35.0796372,106.67939257,1347201000
persiancowboy,30.27418994,97.74046898,1332600540
persiancowboy,30.28576417,97.74086096,1320627600
persiancowboy,40.0716791,76.7831386,1306490880
persiancowboy,34.14688467,118.25531244,1343064720
persiancowboy,30.24661144,97.76870728,1325387040
persiancowboy,36.0415648,79.84030706,1333234140
persiancowboy,30.28326987,97.7385807,1318191720
persiancowboy,30.277992,97.744434,1306697640
persiancowboy,34.0772964,118.47407341,1342808220
persiancowboy,37.566645,77.571044,1307877480
persiancowboy,36.576271,105.438847,1324673640
persiancowboy,29.611933,98.467206,1342198680
persiancowboy,30.28575281,97.73107052,1351720500
persiancowboy,35.19355604,106.59630112,1350177420
persiancowboy,30.717526,95.567365,1318897560
persiancowboy,30.231352,97.735832,1321197900
persiancowboy,20.61853523,87.0937094,1326387120
persiancowboy,30.222066,97.83737183,1320765480
persiancowboy,20.50804824,86.95352554,1326279960
persiancowboy,34.9895972,106.69586034,1347813780
persiancowboy,30.32461926,97.77431846,1333750800
persiancowboy,30.26689121,97.74869675,1331864940
persiancowboy,32.8230751,96.71685219,1344313140
persiancowboy,35.08068,106.60961405,1345587720
persiancowboy,30.26953866,97.74198059,1332017940
persiancowboy,29.722638,95.351656,1318503000
persiancowboy,30.31505023,97.73532341,1344456720
persiancowboy,30.16637112,97.78964996,1313174760
persiancowboy,30.26630909,97.73997011,1331776440
persiancowboy,30.2789709,97.74587631,1305408060
persiancowboy,30.26321877,97.75265694,1332109440
persiancowboy,34.07628777,118.47478688,1344392880
persiancowboy,30.26288517,97.74795771,1328982540
persiancowboy,31.893313,104.84745,1313974320
persiancowboy,30.26181022,97.74982452,1331851440
persiancowboy,29.42572624,98.48622501,1344108300
persiancowboy,30.266317,97.7434702,1321153980
persiancowboy,30.277992,97.744434,1305567780
persiancowboy,30.28887492,97.73836076,1332968520
persiancowboy,29.7543,95.457609,1309098900
persiancowboy,29.5636803,98.43628936,1316264100
persiancowboy,30.2729591,97.74848984,1329925380
persiancowboy,30.308253,97.715328,1324169760
persiancowboy,29.62617686,95.56279293,1316897760
persiancowboy,30.27441231,97.76937246,1329162840
persiancowboy,34.014427,118.49470334,1344894480
persiancowboy,29.77073824,95.41016579,1323566100
persiancowboy,30.36200307,97.74198347,1328308320
persiancowboy,30.26321877,97.75265694,1330807680
persiancowboy,30.279889,97.742071,1321063860
persiancowboy,30.275848,97.74022728,1305037620
persiancowboy,30.26809573,97.749813,1331948820
persiancowboy,34.05164,118.43832479,1342902420
persiancowboy,20.50418942,86.95835352,1326334140
persiancowboy,30.26524328,97.74702561,1332031920
persiancowboy,30.27418994,97.74046898,1319302860
persiancowboy,30.26181022,97.74982452,1330465560
persiancowboy,30.27441231,97.76937246,1329425820
persiancowboy,30.26547604,97.7638927,1341352920
persiancowboy,37.565739,77.571137,1307824560
persiancowboy,30.28242409,97.702981,1316734200
persiancowboy,29.41789985,98.4848839,1323432180
persiancowboy,35.092335,106.619647,1345577760
persiancowboy,30.27008516,97.73127437,1332690480
persiancowboy,29.52457,98.388361,1340964000
persiancowboy,30.26524328,97.74702561,1332026340
persiancowboy,32.74590433,105.916676,1313701020
persiancowboy,35.10296409,106.65306398,1351286640
persiancowboy,36.5951566,105.45028756,1324578480
persiancowboy,32.43748899,104.2529908,1324738080
persiancowboy,30.24661144,97.76870728,1325389320
persiancowboy,30.2850487,97.7290535,1327443000
persiancowboy,29.62617686,95.56279293,1316904840
persiancowboy,30.277992,97.744434,1304532060
persiancowboy,30.26247743,97.74913788,1321644660
persiancowboy,30.723656,95.546519,1318873500
persiancowboy,36.13309171,79.84541416,1333426020
persiancowboy,27.68620937,97.35244135,1318700880
persiancowboy,30.28009,97.74268905,1328218920
persiancowboy,34.06326344,118.35897446,1342826940
persiancowboy,30.27017559,97.75408181,1336413240
persiancowboy,35.08027564,106.606692,1348793520
persiancowboy,30.28167631,97.74068356,1306702320
persiancowboy,35.07920693,106.48058485,1346512440
persiancowboy,35.09421588,106.6161529,1344624240
persiancowboy,35.10296409,106.65306398,1351281720
persiancowboy,35.07920693,106.48058485,1346512920
persiancowboy,37.53897972,77.43378639,1307803500
persiancowboy,30.27441231,97.76937246,1351473960
persiancowboy,30.26944506,97.73772629,1331931660
persiancowboy,29.5234002,98.39071563,1350912300
persiancowboy,29.45303679,98.4847337,1322079000
persiancowboy,30.27418994,97.74046898,1330705740
persiancowboy,30.272601,97.756221,1341763980
persiancowboy,30.264174,97.727414,1330450800
persiancowboy,32.87563,105.96088707,1313700960
persiancowboy,29.36038263,98.47993524,1344111600
persiancowboy,30.30142722,97.72077084,1312936560
persiancowboy,30.25584684,97.76341796,1331070840
persiancowboy,30.28025885,97.74385583,1320252480
persiancowboy,35.19512023,106.59518455,1350839880
persiancowboy,34.08867036,118.31829071,1342718580
persiancowboy,30.26514623,97.75613308,1329168960
persiancowboy,29.45569217,98.491729,1322929320
persiancowboy,30.29805,97.718959,1328062380
persiancowboy,30.26974651,97.73626778,1331924640
persiancowboy,32.17631,104.44205663,1313944080
persiancowboy,35.15805597,106.65522289,1347813420
persiancowboy,36.166425,79.866683,1308143400
persiancowboy,30.27685841,97.73231506,1331155680
persiancowboy,30.26524328,97.74702561,1332007380
persiancowboy,30.26689121,97.74869675,1331874780
persiancowboy,30.273344,97.632231,1317264180
persiancowboy,33.637736,84.436019,1306595100
persiancowboy,35.19355604,106.59630112,1350172920
persiancowboy,32.8230751,96.71685219,1344275100
persiancowboy,30.23164937,97.73689475,1321115820
persiancowboy,35.10296409,106.65306398,1351818600
persiancowboy,30.30502123,97.74349451,1314298380
persiancowboy,35.10296409,106.65306398,1349985840
persiancowboy,30.2702254,97.74156151,1329704460
persiancowboy,35.085001,106.649336,1345843980
persiancowboy,30.27798,97.743111,1306952280
persiancowboy,30.26539962,97.7406491,1332354780
persiancowboy,29.56103937,98.45451727,1340922300
persiancowboy,30.48701213,98.0978479,1333856700
persiancowboy,29.611933,98.467206,1342365360
persiancowboy,29.7362003,95.54093957,1323616860
persiancowboy,29.58492465,98.31611844,1342217880
persiancowboy,32.78258,106.17601,1313672280
persiancowboy,30.27418994,97.74046898,1319298960
persiancowboy,30.267734,97.740717,1331836200
persiancowboy,30.27441231,97.76937246,1341263220
persiancowboy,37.566645,77.571044,1307559300
persiancowboy,30.23681123,97.76281178,1327699620
persiancowboy,30.26630909,97.73997011,1331789880
persiancowboy,30.25584684,97.76341796,1315430040
persiancowboy,29.7260954,95.3905175,1304705940
persiancowboy,30.29090378,97.74197102,1328135520
persiancowboy,30.2692,97.742056,1329656520
persiancowboy,30.267734,97.740717,1331837400
persiancowboy,35.09353628,106.61849563,1347384120
persiancowboy,29.552348,98.40601087,1315266600
persiancowboy,29.772034,95.379724,1348868580
persiancowboy,35.19667051,106.59509821,1350840180
persiancowboy,30.26556322,97.7481401,1306799580
persiancowboy,32.8230751,96.71685219,1347146280
persiancowboy,30.27155845,97.71018416,1330640040
persiancowboy,30.27418994,97.74046898,1332602280
persiancowboy,32.77872354,96.80648088,1344194940
persiancowboy,29.68477188,95.41074514,1312633560
persiancowboy,29.77116663,95.34845352,1348868220
persiancowboy,30.28523399,97.72883892,1317931620
persiancowboy,30.48701213,98.0978479,1333856820
persiancowboy,40.0716791,76.7831386,1306437540
persiancowboy,34.08867036,118.31829071,1344042480
persiancowboy,29.46595634,98.47088473,1329580080
persiancowboy,30.39814,97.74657,1341784440
persiancowboy,36.59479862,105.45136317,1331427420
persiancowboy,29.45303679,98.4847337,1321987860
persiancowboy,30.27441231,97.76937246,1328983920
persiancowboy,31.89353263,104.822381,1313720040
persiancowboy,30.24661144,97.76870728,1325385720
persiancowboy,30.32102167,97.77359881,1333749240
persiancowboy,30.30142722,97.72077084,1308953100
persiancowboy,30.27822968,97.7441597,1306952340
persiancowboy,35.10296409,106.65306398,1348936020
persiancowboy,36.37555818,105.59216579,1324647480
persiancowboy,30.275854,97.739858,1330720920
persiancowboy,0.0,0.0,1320101280
persiancowboy,35.10218641,106.56540602,1349219640
persiancowboy,30.40183051,97.7263914,1327004040
persiancowboy,30.28870072,97.73058156,1332524880
persiancowboy,37.53897972,77.43378639,1307796180
persiancowboy,30.278301,97.744303,1306617120
persiancowboy,30.26689121,97.74869675,1331874900
persiancowboy,35.19667051,106.59509821,1350168900
persiancowboy,30.26437819,97.74720132,1317940740
persiancowboy,30.275854,97.739858,1330620540
persiancowboy,36.59479862,105.45136317,1331558220
persiancowboy,30.26181022,97.74982452,1331850120
persiancowboy,30.29805,97.718959,1329940980
persiancowboy,30.27691145,97.62768953,1332553140
persiancowboy,35.10296409,106.65306398,1352494740
persiancowboy,30.267172,97.761793,1321817460
persiancowboy,30.28242409,97.702981,1316734200
persiancowboy,30.267172,97.761793,1330461840
persiancowboy,30.267158,97.736703,1331953740
persiancowboy,30.26989379,97.74710253,1328506260
persiancowboy,20.62659725,87.07244807,1325932440
persiancowboy,32.76532715,106.18172407,1313695020
persiancowboy,30.39605498,97.74899604,1325293440
persiancowboy,34.08867036,118.31829071,1342930320
persiancowboy,30.27675282,98.40345019,1324763460
persiancowboy,30.48701213,98.0978479,1333839960
persiancowboy,30.277992,97.744434,1304529420
persiancowboy,30.30034343,97.71973014,1328232600
persiancowboy,30.2729591,97.74848984,1330454700
persiancowboy,33.65955,84.434667,1306549980
persiancowboy,32.71073694,117.15588674,1343182140
persiancowboy,30.73578641,95.58435917,1318870800
persiancowboy,29.77073824,95.41016579,1323568620
persiancowboy,35.19077539,106.479217,1345413780
persiancowboy,29.51876189,98.49775314,1322235180
persiancowboy,38.88076,77.10222,1345335300
persiancowboy,30.26514623,97.75613308,1329168660
persiancowboy,30.3049,97.743305,1306685520
persiancowboy,30.26630909,97.73997011,1331777340
persiancowboy,35.0796372,106.67939257,1346592060
persiancowboy,34.08867036,118.31829071,1342723080
persiancowboy,30.2692498,97.75796833,1329422220
persiancowboy,27.68620937,97.35244135,1318703040
persiancowboy,35.10296409,106.65306398,1351775700
persiancowboy,29.56870972,98.38445888,1324916580
persiancowboy,29.5596564,98.45449584,1344031560
persiancowboy,29.68507897,95.534095,1323478080
persiancowboy,30.288138,97.730783,1332510120
persiancowboy,30.29775,97.75335,1324071480
persiancowboy,29.4672131,98.46586704,1329567660
persiancowboy,35.19447206,106.59532268,1350208200
persiancowboy,30.26524328,97.74702561,1331939880
persiancowboy,30.304706,97.72655593,1322757900
persiancowboy,30.201981,97.664852,1305133140
persiancowboy,30.288258,97.748278,1336226940
persiancowboy,35.19512023,106.59518455,1350218100
persiancowboy,30.27395904,98.8839533,1313267160
persiancowboy,29.485132,98.458159,1304795880
persiancowboy,30.27300392,97.7710247,1351474380
persiancowboy,30.26630909,97.73997011,1331947020
persiancowboy,35.08492499,106.62079234,1351622460
persiancowboy,29.7161863,95.4153001,1304719080
persiancowboy,35.09121787,106.67992228,1350251100
persiancowboy,30.263577,97.740086,1331823660
persiancowboy,30.28187246,97.740684,1332449280
persiancowboy,35.19512023,106.59518455,1350839460
persiancowboy,36.0836502,115.14985085,1342649760
persiancowboy,30.26087604,97.75307904,1329519960
persiancowboy,31.89353263,104.822381,1313976900
persiancowboy,30.263577,97.740086,1331921340
persiancowboy,30.267734,97.740717,1331829420
persiancowboy,30.17564651,97.78394222,1330791540
persiancowboy,30.26122,97.748985,1310492580
persiancowboy,30.2873463,97.73149967,1331248320
persiancowboy,30.267734,97.740717,1331831220
persiancowboy,30.26706781,97.73972079,1331762100
persiancowboy,30.27801454,97.74426162,1306697640
persiancowboy,30.26541167,97.75699469,1328650020
persiancowboy,30.267172,97.761793,1328651160
persiancowboy,30.2622504,97.757762,1319648220
persiancowboy,29.56103937,98.45451727,1341528180
persiancowboy,29.61273926,98.46573569,1342543020
persiancowboy,30.275854,97.739858,1330692900
persiancowboy,35.19512023,106.59518455,1350233640
persiancowboy,29.941344,95.403951,1305758520
persiancowboy,30.27020793,97.75005519,1330139940
persiancowboy,30.30142722,97.72077084,1305240720
persiancowboy,30.267734,97.740717,1331833380
persiancowboy,30.25584684,97.76341796,1348275060
persiancowboy,35.04731013,106.61488657,1342644120
persiancowboy,30.288258,97.748278,1336233060
persiancowboy,30.29547781,97.78432578,1305487260
persiancowboy,30.26689121,97.74869675,1331865180
persiancowboy,39.918072,75.39050843,1311239820
persiancowboy,30.288258,97.748278,1336228500
persiancowboy,30.40152861,97.726264,1326480960
persiancowboy,30.26953866,97.74198059,1332012840
persiancowboy,30.27685841,97.73231506,1331172600
persiancowboy,30.264886,97.72949338,1321654380
persiancowboy,30.270808,97.753675,1329871200
persiancowboy,31.891536,104.86078,1313974320
persiancowboy,35.19512023,106.59518455,1350246840
persiancowboy,30.43215329,97.94305086,1315751520
persiancowboy,30.2692,97.742056,1329655920
persiancowboy,30.22340095,97.84406662,1322858340
persiancowboy,35.09558981,106.60327119,1348691760
persiancowboy,35.209884,106.435958,1345413900
persiancowboy,35.09171211,106.63616769,1349274780
persiancowboy,35.08730267,106.64918376,1352299080
persiancowboy,30.26556322,97.7481401,1317844980
persiancowboy,30.20255876,97.66759872,1342594260
persiancowboy,35.092335,106.619647,1345057800
persiancowboy,29.722018,95.345025,1318601820
persiancowboy,30.27171565,97.74532242,1319995980
persiancowboy,29.7266269,95.3910481,1304701440
persiancowboy,30.27300392,97.7710247,1341267060
persiancowboy,34.06726294,118.39003444,1342734300
persiancowboy,35.08934402,106.64796448,1352244000
persiancowboy,30.27418994,97.74046898,1330604700
persiancowboy,35.19355604,106.59630112,1350180480
persiancowboy,31.89353263,104.822381,1313883060
persiancowboy,30.29805,97.718959,1327972260
persiancowboy,30.211697,97.663854,1330176660
persiancowboy,30.2476992,97.75613514,1350750300
persiancowboy,29.729144,95.366519,1318512360
persiancowboy,35.19667051,106.59509821,1350207480
persiancowboy,29.76594202,95.35879612,1318614420
persiancowboy,30.26539962,97.7406491,1331743740
persiancowboy,30.2702254,97.74156151,1329704460
persiancowboy,31.891536,104.86078,1313776800
persiancowboy,30.26524328,97.74702561,1332025860
persiancowboy,30.267158,97.736703,1332007020
persiancowboy,30.48701213,98.09857828,1333824780
persiancowboy,30.440878,97.91552067,1315737420
persiancowboy,30.27200639,97.753274,1310920260
persiancowboy,30.26514623,97.75613308,1332713100
persiancowboy,30.279876,97.74213,1350704220
persiancowboy,30.26524328,97.74702561,1332963600
persiancowboy,35.16491158,106.59004493,1350510840
persiancowboy,30.27155845,97.71018416,1315314840
persiancowboy,34.155444,118.254057,1343063160
persiancowboy,30.265381,97.764094,1307226780
persiancowboy,30.3044,97.7259,1304973240
persiancowboy,31.89353263,104.822381,1313976900
persiancowboy,29.75284669,95.36497593,1318522140
persiancowboy,35.19512023,106.59518455,1350216840
persiancowboy,30.27685841,97.73231506,1331172420
persiancowboy,36.13309171,79.84541416,1333451520
persiancowboy,30.309236,95.448841,1323527520
persiancowboy,30.214624,97.750882,1321722780
persiancowboy,35.32878117,106.56500101,1345830480
persiancowboy,31.893313,104.84745,1313768100
persiancowboy,35.127611,106.62225261,1349299140
persiancowboy,30.27189128,97.75398631,1331914560
persiancowboy,30.26539962,97.7406491,1332777420
persiancowboy,30.25608761,97.74626697,1327363320
persiancowboy,30.36200307,97.74198347,1323203520
persiancowboy,30.273344,97.632231,1304554860
persiancowboy,35.31612256,106.54656748,1346696700
persiancowboy,30.2873463,97.73149967,1328824560
persiancowboy,29.56118318,98.45383158,1340981760
persiancowboy,30.277185,97.630985,1308681720
persiancowboy,29.73484015,95.59459448,1304694480
persiancowboy,29.611933,98.467206,1342034220
persiancowboy,29.68477188,95.41074514,1312633740
persiancowboy,30.272601,97.756221,1341761100
