radbull,33.94383167,118.40937853,1333581180
radbull,34.01245198,118.48881125,1342575840
radbull,53.46305933,2.2913374,1344365220
radbull,34.018728,118.501121,1320024300
radbull,33.3141137,104.54649232,1349752200
radbull,30.20226204,97.66828537,1332074640
radbull,33.3141137,104.54649232,1349877000
radbull,33.99216093,118.47171843,1320191340
radbull,51.50485739,0.03509569,1343925840
radbull,51.50495278,0.21423876,1319903220
radbull,33.94389398,118.40502262,1320016440
radbull,51.44312484,2.56828494,1319799600
radbull,51.503697,0.080055,1319442240
radbull,51.50259,0.217529,1319921820
radbull,51.514592,0.301716,1319699100
radbull,33.3141137,104.54649232,1349791740
radbull,51.4717604,0.48120975,1342008120
radbull,33.8638589,118.26159954,1320373920
radbull,53.19659826,2.87970543,1344662400
radbull,30.266921,97.744503,1331833200
radbull,53.18798477,2.89133549,1328980740
radbull,33.99859687,118.47328068,1342178220
radbull,51.50459787,0.08056115,1319449440
radbull,51.50560389,0.21890044,1319906820
radbull,34.01550458,118.49921767,1343172540
radbull,33.313879,104.546779,1349455200
radbull,51.9378625,5.20927906,1347104760
radbull,30.26865724,97.73606071,1331862600
radbull,51.52888,0.2974326,1321104240
radbull,34.018728,118.501121,1320284400
radbull,51.552303,0.300184,1321125000
radbull,51.47181386,0.4494524,1319973060
radbull,51.5396358,0.01317501,1343486640
radbull,40.76376,73.982761,1347976200
radbull,51.41090653,1.30274598,1319781960
