raylovett,38.87521,104.7568,1326164640
raylovett,38.87521,104.7568,1326427260
raylovett,38.87521,104.7568,1319594520
raylovett,38.87521,104.7568,1329762000
raylovett,38.87521,104.7568,1333418580
raylovett,38.872556,104.819957,1324878000
raylovett,38.87521,104.7568,1326599400
raylovett,38.87521,104.7568,1325481540
raylovett,38.87521,104.7568,1333418220
raylovett,38.87521,104.7568,1326169980
raylovett,38.87521,104.7568,1326603180
raylovett,38.87521,104.7568,1329761160
raylovett,38.87521,104.7568,1326167940
raylovett,38.87521,104.7568,1329761280
raylovett,38.87521,104.7568,1336276620
raylovett,38.87521,104.7568,1326856980
raylovett,38.87521,104.7568,1336274280
raylovett,38.872556,104.819957,1323854400
raylovett,38.87521,104.7568,1329761520
raylovett,38.87521,104.7568,1326606480
raylovett,38.87521,104.7568,1333514460
raylovett,38.87521,104.7568,1329761460
raylovett,38.87521,104.7568,1325480580
raylovett,38.87521,104.7568,1333419360
raylovett,38.872556,104.819957,1324838040
raylovett,38.87521,104.7568,1326166440
raylovett,38.87521,104.7568,1333672800
raylovett,38.87521,104.7568,1333513200
raylovett,38.872556,104.819957,1324970940
raylovett,38.87521,104.7568,1330029960
raylovett,38.87521,104.7568,1333683960
raylovett,38.87521,104.7568,1336269960
raylovett,38.87521,104.7568,1336273920
raylovett,38.87521,104.7568,1326167700
raylovett,38.872556,104.819957,1332044280
raylovett,38.87521,104.7568,1326161940
raylovett,38.87521,104.7568,1329761340
raylovett,38.872556,104.819957,1326351840
raylovett,38.87521,104.7568,1325481360
raylovett,38.872556,104.819957,1326394740
raylovett,38.872556,104.819957,1322801760
raylovett,38.87521,104.7568,1325481120
raylovett,38.872556,104.819957,1331525640
raylovett,38.87521,104.7568,1326512940
raylovett,38.87521,104.7568,1326167640
raylovett,38.87521,104.7568,1325481600
raylovett,38.87521,104.7568,1326171060
raylovett,38.87521,104.7568,1329762060
raylovett,38.87521,104.7568,1326163680
raylovett,38.87521,104.7568,1336417260
raylovett,38.87521,104.7568,1336267320
raylovett,38.87521,104.7568,1326169920
raylovett,38.87521,104.7568,1321918380
raylovett,38.87521,104.7568,1325129580
raylovett,38.872556,104.819957,1332150000
raylovett,38.87521,104.7568,1326170100
raylovett,38.87521,104.7568,1333723200
raylovett,38.87521,104.7568,1326851280
raylovett,38.87521,104.7568,1326169440
raylovett,38.87521,104.7568,1325464440
raylovett,38.87521,104.7568,1326258420
raylovett,38.87521,104.7568,1326850860
raylovett,38.872556,104.819957,1322613060
raylovett,38.87521,104.7568,1329761340
raylovett,38.87521,104.7568,1326260220
raylovett,38.87521,104.7568,1326161760
raylovett,38.87521,104.7568,1325553960
raylovett,38.87521,104.7568,1333723260
raylovett,38.87521,104.7568,1326346320
raylovett,38.87521,104.7568,1325481720
raylovett,38.87521,104.7568,1333418040
raylovett,38.87521,104.7568,1326169080
raylovett,38.87521,104.7568,1325464860
raylovett,38.87521,104.7568,1329761220
raylovett,38.87521,104.7568,1333419240
raylovett,38.87521,104.7568,1326169320
raylovett,38.87521,104.7568,1329761400
raylovett,38.87521,104.7568,1326353880
raylovett,38.87521,104.7568,1319861280
raylovett,38.87521,104.7568,1333682880
raylovett,38.87521,104.7568,1333681020
raylovett,38.872556,104.819957,1333477980
raylovett,38.87521,104.7568,1336273800
raylovett,38.872556,104.819957,1336235100
raylovett,38.87521,104.7568,1326257940
raylovett,38.87521,104.7568,1326597060
raylovett,38.87521,104.7568,1326169920
raylovett,38.87521,104.7568,1329761220
raylovett,38.87521,104.7568,1325481360
raylovett,38.872556,104.819957,1326520260
raylovett,38.87521,104.7568,1326606420
raylovett,38.87521,104.7568,1326167880
raylovett,38.87521,104.7568,1326354480
raylovett,38.87521,104.7568,1326164460
raylovett,38.87521,104.7568,1325481480
raylovett,38.87521,104.7568,1325374620
raylovett,38.87521,104.7568,1326165360
raylovett,38.87521,104.7568,1333419180
raylovett,38.87521,104.7568,1326161220
raylovett,38.87521,104.7568,1329761100
raylovett,38.87521,104.7568,1333723260
raylovett,38.87521,104.7568,1329761400
raylovett,38.87521,104.7568,1319762160
raylovett,38.872556,104.819957,1343917680
raylovett,38.87521,104.7568,1329336900
raylovett,38.87521,104.7568,1334025180
raylovett,38.87521,104.7568,1325307000
raylovett,38.87521,104.7568,1326169320
raylovett,38.87521,104.7568,1326850860
raylovett,38.87521,104.7568,1325480520
raylovett,38.87521,104.7568,1325217000
raylovett,38.87521,104.7568,1329761580
raylovett,38.872556,104.819957,1332091680
raylovett,38.87521,104.7568,1326170580
raylovett,38.87521,104.7568,1326346260
raylovett,38.87521,104.7568,1326258180
raylovett,38.87521,104.7568,1336281060
raylovett,38.87521,104.7568,1333411860
raylovett,38.87521,104.7568,1329761700
raylovett,38.87521,104.7568,1325480580
raylovett,38.87521,104.7568,1333514520
raylovett,38.87521,104.7568,1336336080
