rickmurray,41.885153,87.621821,1312537320
rickmurray,40.00553087,105.268131,1313533860
rickmurray,42.100505,87.771618,1309611060
rickmurray,41.885056,87.629894,1318541280
rickmurray,42.08088151,87.79764891,1318016820
rickmurray,42.08766992,87.79791713,1324242960
rickmurray,40.58451195,105.077195,1313347920
rickmurray,37.78555133,122.410525,1317906360
rickmurray,41.97727092,87.90440083,1340873400
rickmurray,41.94704637,87.65632431,1342642560
rickmurray,42.100666,87.771613,1324727580
rickmurray,44.209313,69.065775,1350640860
rickmurray,41.94793669,87.65592098,1309705860
rickmurray,41.97727092,87.90440083,1318951680
rickmurray,42.10583,87.7336685,1310028300
rickmurray,51.51135332,0.14162064,1308219060
rickmurray,42.10162953,87.77054787,1310114880
rickmurray,41.97727092,87.90440083,1327697220
rickmurray,42.08088151,87.79764891,1310315400
rickmurray,41.97727092,87.90440083,1330813980
rickmurray,41.944997,87.649057,1309640520
rickmurray,41.883876,87.623551,1315318860
rickmurray,42.080592,87.7983447,1301150460
rickmurray,40.7255676,74.0052795,1306192920
rickmurray,51.4814488,0.4448481,1308308520
rickmurray,36.082779,115.139669,966235980
rickmurray,41.88765921,87.621667,1316027820
rickmurray,41.9059246,87.62842554,1349122380
rickmurray,42.100666,87.771613,1321194480
rickmurray,42.09449667,87.719028,1304168700
rickmurray,41.88504404,87.62183849,1324034580
rickmurray,41.88882832,87.63668591,1348050660
rickmurray,51.51390393,0.14018297,1308224640
rickmurray,42.10934262,87.82140255,1346508600
rickmurray,41.787905,87.74070024,1315568520
rickmurray,40.57842665,105.078992,1313414460
rickmurray,42.100538,87.7714,1312027080
rickmurray,42.091239,87.721605,1324683840
rickmurray,42.10583,87.7336685,1299494760
rickmurray,41.8924982,87.6274023,1299591120
rickmurray,42.1015303,87.7709023,1303641960
rickmurray,42.10583,87.7336685,1304328420
rickmurray,41.8965476,87.643525,1311718920
rickmurray,41.885153,87.621821,1311678480
rickmurray,41.88825329,87.63012886,1306441140
rickmurray,41.284538,70.094206,1341929700
rickmurray,41.8820595,87.6391082,1310032500
rickmurray,41.28377008,70.09543423,1341597960
rickmurray,51.5101309,0.1429867,1308213420
rickmurray,32.21593,80.78002,1320427140
rickmurray,51.47143961,0.45747757,1307845380
rickmurray,41.88533,87.62163,1322495640
rickmurray,42.100505,87.771618,1301563080
rickmurray,42.100538,87.7714,1314005160
rickmurray,40.72540497,74.00519371,1316563260
rickmurray,42.10162953,87.77054787,1306583040
rickmurray,42.1048926,87.7339254,1318534680
rickmurray,42.10583,87.7336685,1307439780
rickmurray,42.100538,87.7714,1318324440
rickmurray,42.093387,87.722044,1300435620
rickmurray,41.885401,87.621662,1317039180
rickmurray,41.88543865,87.62173037,1344272340
rickmurray,41.885257,87.621523,1304681880
rickmurray,37.90677,122.54564,1312325580
rickmurray,40.7240373,74.0032237,1302051720
rickmurray,41.787905,87.74070024,1315770960
rickmurray,41.263259,95.929911,1313263140
rickmurray,42.100944,87.77144,1324549320
rickmurray,39.139247,88.565462,1305923760
rickmurray,41.97727092,87.90440083,1302782460
rickmurray,42.1079338,87.82191753,1328365020
rickmurray,42.10732887,87.80496597,1322242200
rickmurray,51.5213601,0.1622478,1307848140
rickmurray,41.885257,87.621523,1306832220
rickmurray,42.07361889,87.69113839,1309699740
rickmurray,42.08774241,87.79786744,1345151940
rickmurray,41.944116,87.663844,1312225980
rickmurray,41.885257,87.621523,1301573880
rickmurray,42.165002,87.854736,1325940900
rickmurray,41.885257,87.621523,1302872460
rickmurray,41.881411,87.62436,1319815380
rickmurray,42.02723643,87.77406692,1318691700
rickmurray,42.100666,87.771613,1322916240
rickmurray,42.100538,87.7714,1316681280
rickmurray,42.09954152,87.76954037,1311972540
rickmurray,30.268794,97.740465,1331302260
rickmurray,42.100666,87.771613,1325070240
rickmurray,40.7271612,74.02047157,1306099500
rickmurray,41.885401,87.621662,1312878240
rickmurray,42.09975421,87.768517,1315047900
rickmurray,42.097238,87.798899,1325019360
rickmurray,41.88316,87.628225,1322787420
rickmurray,42.10179269,87.77203,1316963520
rickmurray,41.88506338,87.6216677,1346247060
rickmurray,36.10237645,115.16860485,1323736140
rickmurray,40.73261,73.987754,1324408200
rickmurray,42.10159768,87.77200699,1301476680
rickmurray,42.10583,87.7336685,1305625620
rickmurray,43.09228,70.8166457,1319136900
rickmurray,39.4843188,88.1751239,1305912420
rickmurray,42.10499869,87.732687,1320053280
rickmurray,42.100538,87.7714,1310378160
rickmurray,40.72493338,74.00739312,1299147600
rickmurray,40.7247634,74.0077776,1306233900
rickmurray,42.10583,87.7336685,1303291680
rickmurray,42.10643738,87.80097485,1309012560
rickmurray,41.885153,87.621821,1311245880
rickmurray,41.88438744,87.62403488,1311712260
rickmurray,42.08088151,87.79764891,1322917020
rickmurray,41.885401,87.621662,1316182980
rickmurray,42.099856,87.768655,1324732680
rickmurray,42.10162953,87.77054787,1310814600
rickmurray,39.112191,88.560946,1305922320
rickmurray,42.10523261,87.732808,1316079720
rickmurray,41.97933665,87.9144001,1306087800
rickmurray,42.10162953,87.77054787,1309349700
rickmurray,42.100538,87.7714,1319902740
rickmurray,42.09902338,87.76904855,1317071160
rickmurray,40.98658802,85.18796682,1299787980
rickmurray,37.61576117,122.38790989,1317992340
rickmurray,40.729933,74.038677,1316547960
rickmurray,41.88310942,87.62158871,1307478780
rickmurray,40.015069,105.260487,1313452800
rickmurray,42.08088151,87.79764891,1316882880
rickmurray,38.94969728,92.29579926,1315641720
rickmurray,37.78514206,122.432567,1317908280
rickmurray,40.7255676,74.0052795,1302853200
rickmurray,40.747763,74.006995,1302795840
rickmurray,42.100538,87.7714,1317720300
rickmurray,41.88124517,87.6740028,1326231240
rickmurray,40.7257,74.0094,1306181820
rickmurray,41.885257,87.621523,1304443020
rickmurray,33.53759,86.56278,1332842100
rickmurray,43.85792,70.10377,1319365380
rickmurray,42.10583,87.7336685,1301658480
rickmurray,41.95189444,87.64931202,1347050460
rickmurray,42.08766992,87.79791713,1325628300
rickmurray,41.888098,87.629431,1308820440
rickmurray,41.97732675,87.90723324,1324372620
rickmurray,36.12635861,115.16668439,1352817840
rickmurray,41.882323,87.629108,1305828480
rickmurray,41.88532458,87.62199549,1328531520
rickmurray,41.88232662,87.64051437,1307354880
rickmurray,42.3665227,71.0244007,1300706640
rickmurray,42.100538,87.7714,1311150480
rickmurray,41.884605,87.645376,1316685240
rickmurray,43.66937,79.394593,1323439260
rickmurray,41.885401,87.621662,1316709960
rickmurray,41.885401,87.621662,1317122760
rickmurray,41.97727092,87.90440083,1352721900
rickmurray,41.89917866,87.62564421,1301942040
rickmurray,42.10162953,87.77054787,1309250880
rickmurray,42.09742633,87.81582355,1323167160
rickmurray,41.885401,87.621662,1314880980
rickmurray,41.88524403,87.62170627,1326977220
rickmurray,42.171006,87.824407,1302431400
rickmurray,51.5213601,0.1622478,1308238740
rickmurray,41.97407433,87.65635731,1350217800
rickmurray,41.89148779,87.62548538,1345668900
rickmurray,40.58542192,105.07818308,1313354040
rickmurray,42.141776,87.792629,1310592300
rickmurray,30.26168873,97.74231373,1331241900
rickmurray,42.10499,87.73246,1344418320
rickmurray,41.8822707,87.64063239,1302896700
rickmurray,42.10162953,87.77054787,1309510860
rickmurray,41.947304,87.656447,1306873680
rickmurray,42.098805,87.768836,1315000980
rickmurray,41.97727092,87.90440083,1306080480
rickmurray,41.88096978,87.64144676,1328892420
rickmurray,51.5392903,0.1097783,1307887140
rickmurray,40.76539,73.967804,1299186840
rickmurray,41.94779305,87.65551329,1306875480
rickmurray,41.8849306,87.6219964,1309943460
rickmurray,42.105199,87.732717,1326104400
rickmurray,40.715466,74.009321,1316548560
rickmurray,51.5183022,0.1557441,1308241740
rickmurray,42.10583,87.7336685,1301904120
rickmurray,37.61706,122.383509,1321570140
rickmurray,42.102127,87.770484,1316342340
rickmurray,51.5213601,0.1622478,1307905080
rickmurray,43.66937,79.394593,1323480120
rickmurray,41.97727092,87.90440083,1302035160
rickmurray,36.10241112,115.16946316,1323783120
rickmurray,40.7247634,74.0077776,1302271200
rickmurray,42.08088151,87.79764891,1321103820
rickmurray,42.102388,87.781157,1324783620
rickmurray,40.7255327,74.005634,1316626200
rickmurray,41.8854609,87.6262309,1303419240
rickmurray,41.787905,87.74070024,1311192240
rickmurray,42.100505,87.771618,1303724280
rickmurray,41.25708144,70.06389141,1341758280
rickmurray,41.885329,87.622134,1323353700
rickmurray,30.263969,97.738078,1331416440
rickmurray,36.10736936,115.17654419,1321481040
rickmurray,51.4713011,0.4878265,1308304500
rickmurray,42.10162953,87.77054787,1307436060
rickmurray,40.7247634,74.0077776,1302180000
rickmurray,30.2025773,97.66714811,1299923400
rickmurray,51.52925269,0.17101765,1307976480
rickmurray,42.0995742,87.7690708,1304720880
rickmurray,30.263577,97.740086,1331391360
rickmurray,41.8844623,87.6450307,1302605040
rickmurray,41.88239851,87.64045,1316170200
rickmurray,41.885257,87.621523,1303314780
rickmurray,41.254691,95.931681,1313274060
rickmurray,40.68968494,74.17938709,1324381920
rickmurray,41.88924368,87.63038635,1319709420
rickmurray,42.10755174,87.80466557,1301762280
rickmurray,41.90007808,87.62712993,1348952100
rickmurray,30.2640398,97.7427256,1300149600
rickmurray,42.08766992,87.79791713,1322861700
rickmurray,33.522777,112.020921,1300289220
rickmurray,41.885257,87.621523,1306942200
rickmurray,41.97727092,87.90440083,1319381700
rickmurray,42.1056866,87.8480505,1318627860
rickmurray,41.885153,87.621821,1311776040
rickmurray,41.885559,87.620909,1325087700
rickmurray,41.73426376,87.56434984,1325873940
rickmurray,41.885257,87.621523,1298297580
rickmurray,41.97727092,87.90440083,1332531660
rickmurray,42.10159768,87.77200699,1302962880
rickmurray,41.884606,87.649089,1326836820
rickmurray,30.266889,97.739681,1299872940
rickmurray,41.885401,87.621662,1314089400
rickmurray,41.97727092,87.90440083,1332326640
rickmurray,41.88504404,87.62183849,1324298220
rickmurray,42.04671131,87.68111229,1310828040
rickmurray,41.8852745,87.622447,1320842280
rickmurray,41.8751503,87.677738,1311157500
rickmurray,40.72478703,74.00739849,1316617920
rickmurray,40.00553087,105.268131,1313609880
rickmurray,42.100538,87.7714,1311430320
rickmurray,42.10643738,87.80097485,1303500420
rickmurray,42.10523261,87.732808,1316422140
rickmurray,42.100666,87.771613,1322040480
rickmurray,41.8849306,87.6219964,1308642540
rickmurray,41.89138727,87.6257553,1348961460
rickmurray,40.7240373,74.0032237,1306223400
rickmurray,42.1056866,87.8480505,1318105860
rickmurray,32.2517188,80.8398658,1320424860
rickmurray,42.0878099,87.797994,1309378860
rickmurray,42.08762183,87.798959,1318677180
rickmurray,42.04667944,87.67924547,1307401380
rickmurray,38.89413922,77.04879284,1301329680
rickmurray,42.165002,87.854736,1320021060
rickmurray,41.885153,87.621821,1310724840
rickmurray,41.89332735,87.62672413,1348997400
rickmurray,42.171183,87.824622,1310896860
rickmurray,41.885163,87.621742,1316191740
rickmurray,43.8520563,88.9408107,1311361020
rickmurray,41.97727092,87.90440083,1315945620
rickmurray,41.94601611,87.655471,1342376820
rickmurray,38.96279275,92.28734785,1315604880
rickmurray,41.884605,87.645376,1320228000
rickmurray,42.10208,87.773024,1325346300
rickmurray,42.102068,87.785092,1310419020
rickmurray,41.873268,87.624485,1311194820
rickmurray,42.135591,87.7883219,1307205600
rickmurray,41.88994,87.626914,1316040780
rickmurray,42.100538,87.7714,1315990200
rickmurray,38.9013494,77.0431243,1301314500
rickmurray,51.528865,0.0902531,1308063240
rickmurray,36.11221028,115.17674804,1326377940
rickmurray,41.96221857,88.05149317,1348819740
rickmurray,42.10162953,87.77054787,1312534980
rickmurray,42.0767634,87.7092166,1300873080
rickmurray,42.1021,87.785155,1325881440
rickmurray,42.034018,87.6907029,1305839040
rickmurray,42.10159768,87.77200699,1302310620
rickmurray,41.97727092,87.90440083,1324513860
rickmurray,41.97727092,87.90440083,1319615580
rickmurray,42.1039677,87.832429,1317491400
rickmurray,51.5213601,0.1622478,1308250560
rickmurray,40.7255676,74.0052795,1299183000
rickmurray,51.5215479,0.1572248,1308108000
rickmurray,36.0836502,115.14985085,1323796740
rickmurray,42.10523261,87.732808,1315990740
rickmurray,42.1056866,87.8480505,1318627860
rickmurray,42.067,87.692456,1307299560
rickmurray,42.10763929,87.80425787,1305480060
rickmurray,41.94160885,88.13410055,1318685640
rickmurray,41.97727092,87.90440083,1320330780
rickmurray,36.0836502,115.14985085,1326481860
rickmurray,30.263577,97.740086,1331312220
rickmurray,37.61576117,122.38790989,1317824760
rickmurray,42.104138,87.81293,1305383460
rickmurray,51.5213601,0.1622478,1308079860
rickmurray,41.97727092,87.90440083,1326291240
rickmurray,41.903243,87.67553329,1349694840
rickmurray,42.08088151,87.79764891,1308405960
rickmurray,41.885257,87.621523,1303403220
rickmurray,41.9777734,87.90611744,1299081060
rickmurray,30.20255876,97.66759872,1331217720
rickmurray,41.885257,87.621523,1305213480
rickmurray,42.1079338,87.82191753,1325251740
rickmurray,42.10162953,87.77054787,1312966800
rickmurray,42.07672,87.70704,1316880720
rickmurray,42.05188581,87.74753988,1307282040
rickmurray,40.6948587,74.1752243,1324494780
rickmurray,41.97727092,87.90440083,1318012320
rickmurray,42.105199,87.732717,1323253620
rickmurray,38.74792506,90.36941528,1311162780
rickmurray,42.147304,87.797019,1312730040
rickmurray,42.04887,87.684789,1310831940
rickmurray,42.08120153,87.79762482,1321104180
rickmurray,42.10763929,87.80425787,1315052640
rickmurray,40.72478703,74.00739849,1324471920
rickmurray,33.94389398,118.40502262,1352604480
rickmurray,41.8852745,87.622447,1321277460
rickmurray,41.90007808,87.62712993,1325800020
rickmurray,42.10162953,87.77054787,1314527760
rickmurray,42.09449667,87.719028,1306355580
rickmurray,41.97727092,87.90440083,1347403380
rickmurray,40.72478703,74.00739849,1324384380
rickmurray,42.100538,87.7714,1317202620
rickmurray,42.167043,87.844617,1312713120
rickmurray,41.97727092,87.90440083,1317806160
rickmurray,30.266889,97.739681,1299872640
rickmurray,41.87422647,87.64549255,1325845740
rickmurray,38.74223494,90.36735535,1315579020
rickmurray,41.8755171,87.6306967,1307526720
rickmurray,42.10162953,87.77054787,1309606680
rickmurray,43.64703814,70.31044006,1319072280
rickmurray,41.97727092,87.90440083,1300630320
rickmurray,41.884605,87.645376,1316426400
rickmurray,42.10162953,87.77054787,1310294880
rickmurray,38.88985424,77.0372553,1327686660
rickmurray,42.04907917,87.684784,1314987360
rickmurray,36.11249811,115.17571357,1326308460
rickmurray,40.6920929,74.17891502,1302859920
rickmurray,43.09228,70.8166457,1319118300
rickmurray,42.08766992,87.79791713,1325020140
rickmurray,42.10583,87.7336685,1305190080
rickmurray,42.100505,87.771618,1310117520
rickmurray,41.885257,87.621523,1305549000
rickmurray,40.72478703,74.00739849,1319637840
rickmurray,40.7271612,74.02047157,1299227640
rickmurray,42.16674,87.84508,1318071240
rickmurray,38.8530437,77.04231262,1301334120
rickmurray,42.0995742,87.7690708,1307221860
rickmurray,36.0833931,115.12513733,1321483200
rickmurray,41.957386,87.708376,1322258460
rickmurray,42.136612,87.790345,1324147200
rickmurray,36.0836502,115.14985085,1352738700
rickmurray,32.25723311,80.71556568,1320504660
rickmurray,42.100047,87.768564,1299252180
rickmurray,42.10523261,87.732808,1319535720
rickmurray,42.100505,87.771618,1305707580
rickmurray,42.1672021,87.8450569,1306749900
rickmurray,42.09742633,87.81582355,1320661320
rickmurray,41.28427262,70.10004759,1342005180
rickmurray,42.171006,87.824407,1304162520
rickmurray,42.10051019,87.77156973,1347872880
rickmurray,40.012413,105.26018258,1313668200
rickmurray,42.100538,87.7714,1314611340
rickmurray,51.5213601,0.1622478,1307848140
rickmurray,38.9019046,77.04336405,1319049180
rickmurray,40.72563905,74.005528,1324407120
rickmurray,41.89150425,87.630747,1316526780
rickmurray,42.10162953,87.77054787,1307004180
rickmurray,42.105199,87.732717,1324030800
rickmurray,41.891135,87.624225,1322600640
rickmurray,44.209313,69.065775,1350577020
rickmurray,42.14691184,87.8501918,1315136220
rickmurray,40.72337631,74.00314987,1306102140
rickmurray,41.7729755,70.05307909,1341342480
rickmurray,42.10583,87.7336685,1305796740
rickmurray,32.2171001,80.7226807,1320440760
rickmurray,41.884605,87.645376,1310042760
rickmurray,41.96221857,88.05149317,1348666920
rickmurray,43.47768122,80.54798126,1315492440
rickmurray,41.78692904,87.74199307,1323427200
rickmurray,41.885257,87.621523,1301401140
rickmurray,42.0849364,87.7428842,1325346780
rickmurray,41.894805,87.634974,1311111480
rickmurray,42.080573,87.75595915,1320607800
rickmurray,41.885401,87.621662,1316191620
rickmurray,41.885153,87.621821,1310399400
rickmurray,41.88553763,87.62090206,1316774820
rickmurray,38.8530437,77.04231262,1319055660
rickmurray,41.88570824,87.62081447,1344889260
rickmurray,42.10583,87.7336685,1305708120
rickmurray,39.139247,88.565462,1305923760
rickmurray,41.97727092,87.90440083,1347294240
rickmurray,42.08120153,87.79762482,1310316240
rickmurray,41.97727092,87.90440083,1328949780
rickmurray,41.8858664,87.622018,1317139380
rickmurray,41.884605,87.645376,1323170940
rickmurray,41.888063,87.66240075,1312393380
rickmurray,41.88524403,87.62170627,1325763780
rickmurray,30.26379953,97.74158804,1331309760
rickmurray,42.10583,87.7336685,1305021000
rickmurray,41.97727092,87.90440083,1321588440
rickmurray,40.7271612,74.02047157,1306255740
rickmurray,43.63320209,79.39707756,1344966360
rickmurray,41.8924982,87.6274023,1303985820
rickmurray,41.28603014,70.09650707,1342177920
rickmurray,42.0747483,87.8054819,1303379820
rickmurray,42.08110873,87.797644,1322917200
rickmurray,42.1672021,87.8450569,1301742840
rickmurray,41.787905,87.74070024,1323628500
rickmurray,41.8849306,87.6219964,1307356620
rickmurray,41.88532458,87.62199549,1328008020
rickmurray,38.950565,92.33141899,1315685280
rickmurray,42.10523261,87.732808,1318325340
rickmurray,42.098805,87.768836,1327009980
rickmurray,42.08766992,87.79791713,1325020140
rickmurray,42.1039677,87.832429,1317491400
rickmurray,41.27776586,70.09199487,1341666480
rickmurray,42.0995742,87.7690708,1306962120
rickmurray,42.718271,87.869254,1323024840
rickmurray,41.97727092,87.90440083,1307809200
rickmurray,41.8844623,87.6450307,1298398560
rickmurray,42.100666,87.771613,1322916240
rickmurray,42.3643,71.0793,1300724220
rickmurray,41.8849306,87.6219964,1307721060
rickmurray,41.88438744,87.62403488,1307477580
rickmurray,40.7255676,74.0052795,1300751700
rickmurray,41.8849306,87.6219964,1307357160
rickmurray,42.101188,87.78608,1324604880
rickmurray,41.885257,87.621523,1305635340
rickmurray,41.97727092,87.90440083,1326497340
rickmurray,41.9664622,87.708277,1313936460
rickmurray,41.885257,87.621523,1300962540
rickmurray,41.97727092,87.90440083,1316537040
rickmurray,42.08110873,87.797644,1326639540
rickmurray,41.3194108,89.0044761,1347713940
rickmurray,41.89602971,87.62318194,1305728100
rickmurray,42.10162953,87.77054787,1308395520
rickmurray,33.443929,111.83019,1300205100
rickmurray,38.900357,77.03371241,1315854960
rickmurray,40.7225093,73.997654,1302173460
rickmurray,42.08774241,87.79786744,1342474440
rickmurray,42.71867733,87.869416,1323036480
rickmurray,36.0836502,115.14985085,1323717240
rickmurray,41.97727092,87.90440083,1323816840
rickmurray,42.105199,87.732717,1342691340
rickmurray,42.10583,87.7336685,1298974860
rickmurray,36.0836502,115.14985085,1326307860
rickmurray,42.105199,87.732717,1324332180
rickmurray,42.0767634,87.7092166,1298371080
rickmurray,41.88239851,87.64045,1326798900
rickmurray,51.5213601,0.1622478,1308042060
rickmurray,51.13164626,114.01077032,1340988060
rickmurray,51.49714537,0.13702333,1308147480
rickmurray,37.61576117,122.38790989,1317992340
rickmurray,42.100047,87.768564,1309444200
rickmurray,41.88573452,87.62093649,1323204060
rickmurray,42.100538,87.7714,1310378160
rickmurray,40.72478703,74.00739849,1324490580
rickmurray,42.07698519,87.79779541,1351345380
rickmurray,41.885404,87.621781,1323257460
rickmurray,41.8849306,87.6219964,1307530500
rickmurray,51.5101309,0.1429867,1308109380
rickmurray,41.8851586,87.6205745,1306940220
rickmurray,41.885404,87.621781,1318848720
rickmurray,42.100505,87.771618,1310027460
rickmurray,42.0688015,87.7678369,1316296740
rickmurray,41.8849306,87.6219964,1308751680
rickmurray,36.10241112,115.16946316,1323719880
rickmurray,41.88532458,87.62199549,1330951620
rickmurray,41.8852745,87.622447,1320664860
rickmurray,51.5213601,0.1622478,1307950860
rickmurray,42.10583,87.7336685,1310118300
rickmurray,42.105199,87.732717,1322648340
rickmurray,42.10583,87.7336685,1310719620
rickmurray,43.686568,79.6036835,1315442640
rickmurray,42.047186,87.678648,1306697460
rickmurray,51.522036,0.162953,1307974140
rickmurray,40.7271612,74.02047157,1299227880
rickmurray,41.885163,87.622257,1319455320
rickmurray,33.522777,112.020921,1300289220
rickmurray,37.42159449,122.21156839,1308874020
rickmurray,38.74223494,90.36735535,1315766040
rickmurray,42.71406339,87.792297,1323083940
rickmurray,41.50667956,81.69003046,1341088800
rickmurray,41.88524403,87.62170627,1326811860
rickmurray,40.015069,105.260487,1313535780
rickmurray,42.10162953,87.77054787,1309777740
rickmurray,41.97727092,87.90440083,1331565840
rickmurray,38.9014549,77.042374,1319017800
rickmurray,42.07308531,87.69081116,1342359240
rickmurray,36.118945,115.162545,1321458780
rickmurray,41.885329,87.622134,1322828760
rickmurray,42.10130628,87.78125243,1342302960
rickmurray,42.0768713,87.7071085,1309288920
rickmurray,41.9664622,87.708277,1315776060
rickmurray,40.015069,105.260487,1313535780
rickmurray,42.10559,87.73296,1328180940
rickmurray,41.97727092,87.90440083,1331203500
rickmurray,42.100505,87.771618,1307697240
rickmurray,42.0747483,87.8054819,1308745080
rickmurray,40.6920929,74.17891502,1306257600
rickmurray,40.1122,88.208098,1304260140
rickmurray,41.8852564,87.62178821,1352924280
rickmurray,42.1015303,87.7709023,1304067000
rickmurray,32.14517,81.18353,1320586620
rickmurray,40.7247634,74.0077776,1306145280
rickmurray,42.10583,87.7336685,1306923960
rickmurray,42.10780644,87.80148983,1308405000
rickmurray,41.94825587,87.65547037,1342364400
rickmurray,37.61642405,122.38627911,1347321720
rickmurray,42.087068,87.700999,1311887520
rickmurray,42.1079338,87.82191753,1317240180
rickmurray,41.97727092,87.90440083,1324371660
rickmurray,42.15821813,87.77574062,1313175960
rickmurray,41.885401,87.621662,1315994520
rickmurray,41.885257,87.621523,1303729860
rickmurray,41.88781522,87.62898643,1316461980
rickmurray,41.32939871,69.99696772,1341670500
rickmurray,41.884605,87.645376,1316685240
rickmurray,42.15821813,87.77574062,1309894020
rickmurray,42.102068,87.785092,1309291440
rickmurray,41.8975144,87.6282041,1305713280
rickmurray,42.087689,87.79783666,1314218340
rickmurray,41.97727092,87.90440083,1301301060
rickmurray,41.88524403,87.62170627,1327315680
rickmurray,42.100505,87.771618,1309551060
rickmurray,41.97727092,87.90440083,1315841100
rickmurray,41.885329,87.622134,1322558220
rickmurray,38.90184879,77.042833,1315914600
rickmurray,42.171006,87.824407,1308478560
rickmurray,42.100666,87.771613,1326103800
rickmurray,41.89917866,87.62565494,1301998260
rickmurray,41.894805,87.634974,1311111780
rickmurray,41.885329,87.622134,1323258540
rickmurray,42.10162953,87.77054787,1307271480
rickmurray,41.8755171,87.6306967,1312454700
rickmurray,42.08766992,87.79791713,1336336920
rickmurray,42.0995742,87.7690708,1310072640
rickmurray,40.68968494,74.17938709,1319625420
rickmurray,40.0171636,105.2556324,1313613300
rickmurray,42.100666,87.771613,1324727580
rickmurray,42.09902338,87.76904855,1322343060
rickmurray,42.10162953,87.77054787,1310114880
rickmurray,41.787905,87.74070024,1323425880
rickmurray,42.09996,87.768303,1322088480
rickmurray,41.885329,87.622134,1322743500
rickmurray,41.8849306,87.6219964,1308574380
rickmurray,41.28460178,70.09887728,1341607440
rickmurray,40.724226,74.002147,1302214680
rickmurray,41.89039379,87.63287544,1300912620
rickmurray,30.26201409,97.74236798,1299875940
rickmurray,41.288257,70.097035,1341936120
rickmurray,42.09975421,87.768517,1324727760
rickmurray,41.891524,87.625191,1325797320
rickmurray,42.0779033,87.77123451,1346100840
rickmurray,42.10583,87.7336685,1307698080
rickmurray,42.040885,87.68007,1304800500
rickmurray,41.255437,95.931158,1313273940
rickmurray,41.88505983,87.62206743,1322847720
rickmurray,32.214729,80.704961,1320486900
rickmurray,42.093387,87.722044,1307352900
rickmurray,41.885257,87.621523,1305111540
rickmurray,42.08238146,87.756376,1332000000
rickmurray,42.10583,87.7336685,1306314540
rickmurray,41.885257,87.621523,1305733620
rickmurray,41.885404,87.621781,1322049960
rickmurray,42.08127965,87.76050568,1305225180
rickmurray,41.885257,87.621523,1298134980
rickmurray,42.100666,87.771613,1324652040
rickmurray,42.1021,87.785155,1327795260
rickmurray,41.885401,87.621662,1315308360
rickmurray,30.263577,97.740086,1331307480
rickmurray,41.947304,87.656447,1305303360
rickmurray,42.102068,87.785092,1302962880
rickmurray,42.105199,87.732717,1325071440
rickmurray,42.098805,87.768836,1318885740
rickmurray,30.266889,97.739681,1299872760
rickmurray,40.68968494,74.17938709,1330793340
rickmurray,40.7240373,74.0032237,1306100400
rickmurray,42.1021,87.785164,1299282360
rickmurray,29.9858657,95.33377647,1328967720
rickmurray,42.17136831,87.82467772,1345372020
rickmurray,41.88532458,87.62199549,1328699160
rickmurray,42.10162953,87.77054787,1328448240
rickmurray,51.5193482,0.1619336,1307877420
rickmurray,41.8822707,87.64063239,1305832740
rickmurray,41.97727092,87.90440083,1320595920
rickmurray,42.10583,87.7336685,1310637240
rickmurray,41.885153,87.621821,1311951600
rickmurray,41.97496584,87.90036678,1321379280
rickmurray,43.09228,70.8166457,1319107140
rickmurray,42.067671,87.689112,1310690760
rickmurray,41.885324,87.621826,1319553180
rickmurray,41.88991855,87.62852194,1343679960
rickmurray,42.10732887,87.80496597,1324647660
rickmurray,41.885401,87.621662,1314697800
rickmurray,42.10523261,87.732808,1318499280
rickmurray,42.05794904,87.80361007,1343989620
rickmurray,40.7240373,74.0032237,1306175400
rickmurray,41.88524403,87.62170627,1325676000
rickmurray,41.903165,87.675348,1324228320
rickmurray,41.884605,87.645376,1314181320
rickmurray,42.1494928,87.8332735,1305237600
rickmurray,38.855358,77.043418,1319061600
rickmurray,51.5213601,0.1622478,1308197220
rickmurray,41.94739627,87.65636116,1336426560
rickmurray,42.10162953,87.77054787,1306669800
rickmurray,42.105199,87.732717,1323948180
rickmurray,41.885401,87.621662,1317725640
rickmurray,40.01544423,105.27725101,1313592900
rickmurray,41.885324,87.621826,1320057300
rickmurray,41.9469,87.6567,1309703460
rickmurray,36.107096,115.178493,1321447680
rickmurray,41.8915833,87.6253591,1310914620
rickmurray,41.90593935,87.62855568,1349214780
rickmurray,42.10643738,87.80097485,1306761420
rickmurray,41.97727092,87.90440083,1341003660
rickmurray,40.68968494,74.17938709,1316545500
rickmurray,42.1039677,87.832429,1317408600
rickmurray,42.100505,87.771618,1302363120
rickmurray,42.072663,87.798926,1305275880
rickmurray,42.100666,87.771613,1321955040
rickmurray,42.100505,87.771618,1309185840
rickmurray,41.885217,87.62167,1318778640
rickmurray,33.522777,112.020921,1300136760
rickmurray,42.100538,87.7714,1318077900
rickmurray,40.68968494,74.17938709,1319652540
rickmurray,42.1015303,87.7709023,1303558620
rickmurray,41.97727092,87.90440083,1352622180
rickmurray,40.6920929,74.17891502,1302858060
rickmurray,40.58443063,105.07739425,1313403660
rickmurray,41.886568,87.624754,1304112360
rickmurray,40.6948587,74.1752243,1302293100
rickmurray,40.725301,74.005412,1302827160
rickmurray,42.086905,87.700761,1318016160
rickmurray,41.885257,87.621523,1305808380
rickmurray,41.88504404,87.62183849,1323861480
rickmurray,43.647046,70.3097266,1319368200
rickmurray,41.96221857,88.05149317,1348910160
rickmurray,41.87782133,87.63008595,1319753760
rickmurray,42.1021,87.785164,1319402280
rickmurray,41.885401,87.621662,1312811820
rickmurray,40.188006,88.238148,1305909300
rickmurray,42.10763929,87.80425787,1316883240
rickmurray,42.405086,77.243482,1341174000
rickmurray,42.82999719,78.78884643,1342223100
rickmurray,42.1015303,87.7709023,1306058760
rickmurray,42.08238146,87.756376,1325259780
rickmurray,41.27197481,70.09283509,1341688560
rickmurray,41.88239851,87.64045,1320176400
rickmurray,42.088718,87.801149,1307107200
rickmurray,41.8877,87.6218,1302552480
rickmurray,42.10280764,87.81161785,1309626480
rickmurray,41.885217,87.62167,1318845420
rickmurray,40.722588,74.004925,1324425000
rickmurray,42.165002,87.854736,1342995420
rickmurray,41.99861788,87.72262667,1316511660
rickmurray,40.00553087,105.268131,1313609880
rickmurray,42.100538,87.7714,1310208480
rickmurray,42.08229889,87.75647163,1325258580
rickmurray,41.89727412,87.64351182,1349283000
rickmurray,42.102068,87.785092,1308434820
rickmurray,41.890036,87.628778,1323373380
rickmurray,42.08766992,87.79791713,1328220300
rickmurray,42.10583,87.7336685,1315300020
rickmurray,40.68968494,74.17938709,1316628120
rickmurray,43.686382,79.622706,1315507140
rickmurray,41.88922,87.6310988,1298329200
rickmurray,43.63320209,79.39707756,1323621720
rickmurray,41.88524403,87.62170627,1326201360
rickmurray,51.5213601,0.1622478,1307950860
rickmurray,40.7247634,74.0077776,1300784880
rickmurray,42.0878099,87.797994,1313094420
rickmurray,42.10162953,87.77054787,1309431540
rickmurray,42.04890621,87.68480151,1353183000
rickmurray,41.885257,87.621523,1300438440
rickmurray,42.100538,87.7714,1312795320
rickmurray,42.135591,87.7883219,1307131860
rickmurray,42.09742633,87.81582355,1314350940
rickmurray,41.65086893,70.27702763,1341580680
rickmurray,41.885314,87.6223166,1310130180
rickmurray,42.04883202,87.684642,1325186160
rickmurray,41.885257,87.621523,1302600840
rickmurray,42.100666,87.771613,1342294800
rickmurray,40.012413,105.26018258,1313433720
rickmurray,51.04474646,114.06322896,1340964600
rickmurray,41.885257,87.621523,1300895340
rickmurray,42.1065879,87.7351739,1305538680
rickmurray,51.5212801,0.1627597,1307881560
rickmurray,41.885257,87.621523,1303910520
rickmurray,41.9733184,87.6598013,1298211180
rickmurray,41.891524,87.625191,1323371520
rickmurray,42.089282,87.82434806,1341050580
rickmurray,41.96221857,88.05149317,1349004660
rickmurray,41.8852745,87.622447,1320144780
rickmurray,41.885257,87.621523,1302529920
rickmurray,42.089306,87.82438517,1311582000
rickmurray,38.900177,77.037695,1318971060
rickmurray,41.885324,87.621826,1319801700
rickmurray,41.645447,87.82091,1328218740
rickmurray,41.88901921,87.62771221,1345657860
rickmurray,42.1042723,87.82075882,1317483300
rickmurray,39.84471054,75.39337568,1336319640
rickmurray,42.10583,87.7336685,1310547120
rickmurray,42.10162953,87.77054787,1310634180
rickmurray,42.099507,87.76979148,1314392040
rickmurray,42.090189,87.824791,1322406360
rickmurray,42.100538,87.7714,1320138300
rickmurray,42.10583,87.7336685,1314693720
rickmurray,42.28832032,71.59247317,1342194600
rickmurray,42.10162953,87.77054787,1307182800
rickmurray,42.10162953,87.77054787,1313924640
rickmurray,43.65728501,79.38360214,1323468240
rickmurray,42.1015303,87.7709023,1305884040
rickmurray,42.100505,87.771618,1309941420
rickmurray,38.85862648,77.043392,1319066340
