rpilney,30.467707,97.761693,1352827680
rpilney,30.17149588,97.8236711,1352859060
rpilney,30.13232295,97.64116287,1353160740
rpilney,30.20231338,97.81866951,1351084860
rpilney,30.20055589,97.83823013,1351945080
rpilney,30.2315107,97.8413918,1352611080
rpilney,30.2828889,97.7401696,1353008580
rpilney,30.18322386,97.8477037,1352848620
rpilney,30.216436,97.79883312,1351026120
rpilney,30.17149588,97.8236711,1352765760
rpilney,30.2143243,97.82922366,1353251280
rpilney,30.17149588,97.8236711,1352685720
rpilney,30.20233254,97.81848756,1351080960
rpilney,30.15414946,97.79399246,1351887300
rpilney,30.2023542,97.8185831,1351085400
rpilney,30.11602278,97.8950082,1351883100
rpilney,30.23678658,97.79093742,1352670660
rpilney,30.19920208,97.86878586,1352506500
rpilney,30.17564651,97.78394222,1351177620
rpilney,30.1832823,97.848144,1352853660
rpilney,30.20232279,97.81848424,1351080900
rpilney,30.48617,97.6685919,1351003740
rpilney,30.22288181,97.8414917,1352609940
