rushwan,4.17571002,73.51419996,1340849280
rushwan,4.17296817,73.50640201,1352601960
rushwan,4.175869,73.514274,1346206140
rushwan,4.17800649,73.51713896,1347614280
rushwan,4.17800649,73.51713896,1341764820
rushwan,4.177344,73.511705,1341157380
rushwan,4.1732863,73.51773173,1349771100
rushwan,4.175869,73.514274,1346119680
rushwan,4.17322125,73.51818335,1343818740
rushwan,4.17491409,73.51505756,1349319180
rushwan,4.175869,73.514274,1352335080
rushwan,4.17581517,73.5143378,1351844880
rushwan,4.175869,73.514274,1351041240
rushwan,4.17296817,73.50640201,1344595320
rushwan,4.175869,73.514274,1347928680
rushwan,4.17800649,73.51713896,1343575560
rushwan,4.175869,73.514274,1341105960
rushwan,4.171034,73.50303,1342530300
rushwan,4.177919,73.509646,1349843640
rushwan,4.226471,73.53794,1343990340
rushwan,4.17478652,73.50713548,1342167600
rushwan,4.17800649,73.51713896,1347934140
rushwan,4.17800649,73.51713896,1349951280
rushwan,4.17296817,73.50640201,1351240680
rushwan,4.17800649,73.51713896,1341484800
rushwan,4.17941,73.511523,1343296620
rushwan,4.225497,73.520607,1351146480
rushwan,4.17800649,73.51713896,1341558600
rushwan,4.17800649,73.51713896,1352446980
rushwan,4.175869,73.514274,1350347640
rushwan,4.17322125,73.51818335,1342677480
rushwan,4.17322125,73.51818335,1353046560
rushwan,4.17783529,73.51733208,1348903140
rushwan,4.17755574,73.51559468,1344314940
rushwan,4.17296817,73.50640201,1350315000
rushwan,4.17800649,73.51713896,1341505980
rushwan,4.176759,73.514102,1342246800
rushwan,4.20718291,73.52590011,1343299320
rushwan,4.177919,73.509646,1346332260
rushwan,4.173242,73.517791,1350920340
rushwan,4.19448482,73.52595806,1350187200
rushwan,4.17800649,73.51713896,1352274060
rushwan,4.21479382,73.5446447,1340981040
rushwan,4.17800649,73.51713896,1348849740
rushwan,4.17322125,73.51818335,1346393640
rushwan,4.177919,73.509646,1346738340
rushwan,4.175869,73.514274,1349138520
rushwan,4.17024337,73.51630211,1345732860
rushwan,4.178208,73.513237,1351558620
rushwan,4.17800649,73.51713896,1352017740
rushwan,4.175869,73.514274,1342677660
rushwan,4.17881972,73.50619555,1347857400
rushwan,4.17296817,73.50640201,1351905720
rushwan,4.1795951,73.5149407,1344768780
rushwan,4.175869,73.514274,1341455460
rushwan,4.174767,73.51851225,1342782900
rushwan,4.17800649,73.51713896,1343921760
rushwan,4.175869,73.514274,1343629980
rushwan,4.170469,73.516848,1350922260
rushwan,4.175869,73.514274,1341798360
rushwan,4.177919,73.509646,1350028920
rushwan,4.17800649,73.51713896,1342715520
rushwan,4.175869,73.514274,1351602000
rushwan,4.175869,73.514274,1341623820
rushwan,4.17800649,73.51713896,1345976940
rushwan,4.17024337,73.51630211,1345556760
rushwan,4.17800649,73.51713896,1345392000
rushwan,4.17747148,73.51851225,1351332660
rushwan,4.17800649,73.51713896,1341166320
rushwan,1.40423,103.831407,1348269960
rushwan,2.740861,101.718755,1348711380
rushwan,4.1732863,73.51773173,1348991760
rushwan,4.175869,73.514274,1344774780
rushwan,4.17024337,73.51630211,1346430420
rushwan,4.17461448,73.50423217,1340986380
rushwan,4.17296817,73.50640201,1349858040
rushwan,4.175869,73.514274,1351237620
rushwan,4.1795142,73.5150062,1346350860
rushwan,4.1765566,73.50964487,1344409440
rushwan,4.175869,73.514274,1343665680
rushwan,4.17800649,73.51713896,1344877440
rushwan,4.173852,73.501379,1341658020
rushwan,4.17526721,73.50938201,1349098020
rushwan,4.17800649,73.51713896,1349277000
rushwan,4.17800649,73.51713896,1346174760
rushwan,4.17800649,73.51713896,1340879460
rushwan,4.176803,73.51404369,1341471420
rushwan,4.17296817,73.50640201,1351352760
rushwan,4.17024337,73.51630211,1345214280
rushwan,4.17296817,73.50640201,1341064680
rushwan,4.175869,73.514274,1342316040
rushwan,4.17296817,73.50640201,1352988360
rushwan,4.17555612,73.51412416,1342498800
rushwan,4.17800649,73.51713896,1346425500
rushwan,4.17800649,73.51713896,1349060700
rushwan,4.175869,73.514274,1352250420
rushwan,4.17024337,73.51630211,1340968440
rushwan,4.175869,73.514274,1350952260
rushwan,4.17555612,73.51412416,1351404720
rushwan,4.17800649,73.51713896,1346605080
rushwan,4.175869,73.514274,1351730340
rushwan,1.289377,103.859505,1348322580
rushwan,4.175869,73.514274,1345951140
rushwan,4.17800649,73.51713896,1345361880
rushwan,4.17973313,73.509921,1342804200
rushwan,4.176759,73.514102,1343626740
rushwan,4.1732863,73.51773173,1351689660
rushwan,4.17800649,73.51713896,1353226740
rushwan,4.17555612,73.51412416,1341911760
rushwan,4.175674,73.51338301,1349192280
rushwan,4.1732863,73.51773173,1344791580
rushwan,4.17800649,73.51713896,1340906460
rushwan,4.17800649,73.51713896,1345646760
rushwan,4.175869,73.514274,1345707600
rushwan,4.17322125,73.51818335,1352177700
rushwan,4.190665,73.531884,1346915040
rushwan,4.17827351,73.5137683,1342268460
rushwan,4.17322125,73.51818335,1344422580
rushwan,4.17330636,73.50755811,1352449680
rushwan,4.175869,73.514274,1341801420
rushwan,4.17800649,73.51713896,1342367940
rushwan,4.175869,73.514274,1343876040
rushwan,4.173852,73.501379,1347879600
rushwan,4.175869,73.514274,1342625100
rushwan,4.175869,73.514274,1341970740
rushwan,4.17572451,73.50839996,1348889700
rushwan,4.17800649,73.51713896,1347291420
rushwan,4.17800649,73.51713896,1344616380
rushwan,4.175869,73.514274,1352163660
rushwan,4.17800649,73.51713896,1346396940
rushwan,4.17296817,73.50640201,1342764720
rushwan,4.17800649,73.51713896,1344181920
rushwan,4.175869,73.514274,1341712680
rushwan,4.178008,73.517193,1340971140
rushwan,4.17800649,73.51713896,1342162740
rushwan,4.16944619,73.50553036,1341571140
rushwan,4.178426,73.514587,1343984820
rushwan,4.175869,73.514274,1344824280
rushwan,4.17800649,73.51713896,1344445020
rushwan,4.17800649,73.51713896,1341850140
rushwan,4.17491409,73.51505756,1345627140
rushwan,4.175869,73.514274,1350437640
rushwan,4.17060718,73.51558328,1351928880
rushwan,4.17322125,73.51818335,1342796700
rushwan,4.175674,73.51338301,1350368520
rushwan,4.17800649,73.51713896,1348816080
rushwan,1.293159,103.85278,1348323060
rushwan,4.175869,73.514274,1345342200
rushwan,4.175869,73.514274,1347841860
rushwan,4.175869,73.514274,1347409440
rushwan,4.175869,73.514274,1351556880
rushwan,4.175869,73.514274,1349226600
rushwan,4.17800649,73.51713896,1347530760
rushwan,4.17322125,73.51818335,1342719000
rushwan,4.173852,73.501379,1341565260
rushwan,4.175869,73.514274,1345455420
rushwan,4.175869,73.514274,1352766660
rushwan,4.175869,73.514274,1351392420
rushwan,4.175869,73.514274,1352624940
rushwan,4.175869,73.514274,1341804060
rushwan,4.173852,73.501379,1342435500
rushwan,4.17322125,73.51818335,1349243760
rushwan,4.177343,73.512582,1351417140
rushwan,4.17800649,73.51713896,1342626420
rushwan,4.17296817,73.50640201,1351526220
rushwan,4.17800649,73.51713896,1342279680
rushwan,4.17800649,73.51713896,1345999140
rushwan,4.17800649,73.51713896,1345309740
rushwan,4.1732863,73.51773173,1346127300
rushwan,4.175869,73.514274,1349313240
rushwan,4.1795323,73.5144945,1345200360
rushwan,4.17800649,73.51713896,1351695660
rushwan,4.17741733,73.50398871,1350126240
rushwan,4.170434,73.516776,1342165200
rushwan,4.17800649,73.51713896,1351695720
rushwan,4.17322125,73.51818335,1342761780
rushwan,5.69179825,73.34085073,1346943180
rushwan,4.17555612,73.51412416,1345876620
rushwan,4.177903,73.516927,1350186180
rushwan,4.17296817,73.50640201,1344391140
rushwan,4.17322125,73.51818335,1347150600
rushwan,4.17024337,73.51630211,1352998020
rushwan,4.17158627,73.50108862,1350467940
rushwan,4.17322125,73.51818335,1345718160
rushwan,4.17508424,73.51424001,1341463860
rushwan,4.175869,73.514274,1352680560
rushwan,4.17617674,73.50929618,1345458000
rushwan,1.289377,103.859505,1348403940
rushwan,4.175869,73.514274,1343193480
rushwan,4.173852,73.501379,1341059520
rushwan,4.1732863,73.51773173,1350748080
rushwan,4.17491409,73.51505756,1350207780
rushwan,4.175869,73.514274,1350699240
rushwan,4.17800649,73.51713896,1345910520
rushwan,4.17296817,73.50640201,1341321540
rushwan,4.17800649,73.51713896,1344006540
rushwan,4.175674,73.51338301,1346604060
rushwan,4.174083,73.510087,1346759580
rushwan,4.174767,73.51851225,1342870560
rushwan,4.175869,73.514274,1352513040
rushwan,4.17228878,73.501317,1340964780
rushwan,4.177903,73.507396,1344762600
rushwan,4.17227377,73.50589246,1344400860
rushwan,4.175869,73.514274,1343913240
rushwan,4.175869,73.514274,1346471580
rushwan,4.175869,73.514274,1353119220
rushwan,4.17800649,73.51713896,1341165660
rushwan,4.17322125,73.51818335,1344162120
rushwan,4.17765472,73.50740254,1343039880
rushwan,4.175869,73.514274,1343011800
rushwan,4.174671,73.515959,1341647220
rushwan,4.17223129,73.50731382,1352115180
rushwan,1.293996,103.852904,1348330500
rushwan,4.17747148,73.51851225,1341115080
rushwan,4.1732863,73.51773173,1340952840
rushwan,4.2116657,73.52414195,1353062520
rushwan,4.175869,73.514274,1349930340
rushwan,4.17800649,73.51713896,1352198580
rushwan,4.175674,73.51338301,1340902140
rushwan,4.17692363,73.502809,1344960840
rushwan,4.175869,73.514274,1344539460
rushwan,4.17765472,73.50740254,1345338900
rushwan,4.17024337,73.51630211,1342453980
rushwan,4.17800649,73.51713896,1349022840
rushwan,4.175869,73.514274,1341196560
rushwan,4.17296817,73.50640201,1351255140
rushwan,4.17800649,73.51713896,1341412380
rushwan,4.17800649,73.51713896,1343146500
rushwan,4.175869,73.514274,1341284940
rushwan,4.1751602,73.51142049,1344223560
rushwan,4.175869,73.514274,1345867920
rushwan,4.17800649,73.51713896,1352966520
rushwan,4.17228878,73.501317,1344161100
rushwan,4.17800649,73.51713896,1346338080
rushwan,4.17296817,73.50640201,1347610920
rushwan,1.289377,103.859505,1348403760
rushwan,4.17800649,73.51713896,1341068340
rushwan,4.175869,73.514274,1341459600
rushwan,5.689975,73.343772,1346936460
rushwan,4.17461448,73.50423217,1341464460
rushwan,4.175869,73.514274,1342245120
rushwan,4.17296817,73.50640201,1344003840
rushwan,4.17322125,73.51818335,1343061360
rushwan,4.175869,73.514274,1347150720
rushwan,4.175869,73.514274,1351645020
rushwan,4.173852,73.501379,1341837360
rushwan,4.175869,73.514274,1342231620
rushwan,4.173852,73.501379,1342004160
rushwan,4.17800649,73.51713896,1343844360
rushwan,4.17800649,73.51713896,1343404380
rushwan,4.17296817,73.50640201,1342356780
rushwan,1.35522602,103.98765564,1348740300
rushwan,4.17800649,73.51713896,1352795340
rushwan,4.17555612,73.51412416,1341126540
rushwan,4.175674,73.51338301,1349268540
rushwan,4.17296817,73.50640201,1341671400
rushwan,4.1771984,73.5096971,1351391100
rushwan,4.169235,73.510076,1341315300
rushwan,4.17827351,73.5137683,1342268280
rushwan,4.17800649,73.51713896,1345652520
rushwan,4.17800649,73.51713896,1342681020
rushwan,4.173852,73.501379,1341232680
rushwan,4.0985525,73.398923,1350631620
rushwan,4.175869,73.514274,1346558220
rushwan,4.175869,73.514274,1350014160
rushwan,4.1732863,73.51773173,1349196300
rushwan,4.17322125,73.51818335,1349327640
rushwan,4.172419,73.501958,1343568360
rushwan,4.177919,73.509646,1342333080
rushwan,4.175674,73.51338301,1352385900
rushwan,4.175591,73.508298,1341760620
rushwan,4.17434,73.517453,1342015740
rushwan,4.17723072,73.51003647,1342779000
rushwan,4.1774635,73.5127616,1352799480
rushwan,4.175869,73.514274,1348969320
rushwan,4.175674,73.51338301,1350539340
rushwan,4.17296817,73.50640201,1347555600
rushwan,4.17060718,73.51558328,1346725320
rushwan,4.17296817,73.50640201,1351265940
rushwan,4.175869,73.514274,1341021780
rushwan,4.17296817,73.50640201,1350583980
rushwan,4.17800649,73.51713896,1353050340
rushwan,4.17322125,73.51818335,1349150160
rushwan,4.17322125,73.51818335,1353129180
rushwan,4.178725,73.507165,1350126060
rushwan,4.175869,73.514274,1351994160
rushwan,4.175869,73.514274,1343316000
rushwan,4.17555612,73.51412416,1342588500
rushwan,4.17648506,73.51539052,1344924780
rushwan,4.17800649,73.51713896,1352308260
rushwan,4.17800649,73.51713896,1347564240
rushwan,4.17800649,73.51713896,1343243760
rushwan,4.175869,73.514274,1342241040
rushwan,4.175869,73.514274,1341373020
rushwan,4.177353,73.507034,1349963340
rushwan,4.17800649,73.51713896,1343584260
rushwan,4.175869,73.514274,1350780840
rushwan,4.17296817,73.50640201,1348761000
rushwan,4.175869,73.514274,1353198900
rushwan,4.17024337,73.51630211,1353052980
rushwan,4.17555612,73.51412416,1348032120
rushwan,4.17491409,73.51505756,1342251120
rushwan,4.17800649,73.51713896,1349110380
rushwan,4.175104,73.515251,1342251780
rushwan,1.302453,103.84529,1348373100
rushwan,4.17060718,73.51558328,1347338760
rushwan,4.17322125,73.51818335,1346569800
rushwan,4.174767,73.51851225,1342797540
rushwan,4.17526721,73.50938201,1341647580
rushwan,4.17322125,73.51818335,1341556200
rushwan,1.289116,103.858767,1348322640
rushwan,4.175869,73.514274,1342244460
rushwan,4.175869,73.514274,1350520800
rushwan,4.17800649,73.51713896,1346084040
rushwan,4.17296817,73.50640201,1342144140
rushwan,4.17800649,73.51713896,1343843040
rushwan,4.17800649,73.51713896,1341118740
rushwan,4.173852,73.501379,1341047580
rushwan,4.175674,73.51338301,1341207540
rushwan,4.17800649,73.51713896,1341673320
rushwan,4.17555612,73.51412416,1341306660
