scottcb71,40.13408786,75.312064,1340929500
scottcb71,40.23163452,75.22059498,1341479100
scottcb71,40.05395145,75.56531044,1329308820
scottcb71,40.21901949,75.24700284,1343063520
scottcb71,40.13474268,75.30636481,1318961940
scottcb71,39.83279551,75.37852764,1343591940
scottcb71,40.22965529,75.21923885,1343063460
scottcb71,39.275098,74.57112305,1342867860
scottcb71,40.24358932,75.287103,1341511980
scottcb71,40.23163452,75.22059498,1341577020
scottcb71,39.27735598,74.56667662,1342739100
scottcb71,40.23163452,75.22059498,1341841260
scottcb71,40.07838749,75.3098309,1312921800
scottcb71,39.83279551,75.37852764,1313268960
scottcb71,40.13672041,75.31233829,1311926460
scottcb71,40.10038895,75.3045782,1340921820
scottcb71,39.27116842,74.58077431,1311352620
scottcb71,39.27025061,74.58844357,1310907600
scottcb71,40.13472305,75.30643185,1330560600
scottcb71,39.273089,74.5768738,1311380880
scottcb71,40.34772159,75.03507614,1302438060
scottcb71,40.10054411,75.30470966,1330217220
scottcb71,40.11846605,75.30712108,1319994660
scottcb71,40.076463,75.320467,1311453900
scottcb71,40.207359,75.225508,1322427720
scottcb71,40.246073,75.29678578,1322392020
scottcb71,40.1347899,75.30639489,1329508080
scottcb71,40.21901949,75.24700284,1341595440
scottcb71,40.05242729,75.55981552,1327936200
scottcb71,40.13408786,75.312064,1344086520
scottcb71,40.11480661,75.27982235,1344685980
scottcb71,40.116388,75.28274248,1314045120
scottcb71,39.92963254,75.19744635,1311456840
scottcb71,40.13408786,75.312064,1332355380
scottcb71,40.21901949,75.24700284,1341853920
scottcb71,40.13456198,75.30646772,1329506460
scottcb71,40.1347313,75.30634971,1319843160
scottcb71,40.23164288,75.22051781,1343905200
scottcb71,39.83279551,75.37852764,1344800820
scottcb71,39.27354,74.575479,1311291180
scottcb71,40.240766,75.284315,1332788400
scottcb71,39.83279551,75.37852764,1342294440
scottcb71,39.90991342,75.156502,1311420480
scottcb71,40.088082,75.39117903,1327950960
scottcb71,40.13472277,75.3064623,1329095520
scottcb71,40.2591303,75.26599,1312836480
scottcb71,40.23163452,75.22059498,1342001760
scottcb71,40.06009119,75.56383615,1308568980
scottcb71,40.134659,75.306321,1314045540
scottcb71,39.27116842,74.58077431,1342373580
scottcb71,40.13475801,75.30647495,1316598780
scottcb71,40.09440258,75.361176,1340980680
scottcb71,40.08840575,75.39253392,1342216320
scottcb71,39.83279551,75.37852764,1312659060
scottcb71,39.27116842,74.58077431,1311416940
scottcb71,39.83215288,75.37833452,1344802620
scottcb71,40.134659,75.306321,1311896340
scottcb71,39.83215288,75.37833452,1343257500
scottcb71,40.21901949,75.24700284,1341476220
scottcb71,40.131606,75.33446,1340929260
scottcb71,39.27300182,74.57733291,1342571280
scottcb71,40.240766,75.284315,1322426280
scottcb71,40.21901949,75.24700284,1342114740
scottcb71,39.27735598,74.56667662,1311204960
scottcb71,40.03637364,75.56520903,1317405240
scottcb71,39.27315359,74.576842,1342655340
scottcb71,40.08803686,75.39256096,1342214640
scottcb71,40.134742,75.30645,1327843440
scottcb71,39.27063355,74.57931349,1311177480
scottcb71,40.05435867,75.56585312,1328020260
scottcb71,40.32454365,75.56437385,1309378620
scottcb71,40.05449813,75.56140732,1308569340
scottcb71,40.22943195,75.21774594,1333701480
scottcb71,40.14623451,75.31722612,1336511580
scottcb71,40.24401589,75.29206442,1319977080
scottcb71,40.105848,75.29177,1313343120
scottcb71,40.759711,73.976458,1322326320
scottcb71,40.09241045,75.26147604,1312148280
scottcb71,39.27222157,74.57978696,1342655040
scottcb71,40.13471798,75.30649669,1319842200
scottcb71,40.1003128,75.30441874,1333849860
scottcb71,40.10038895,75.3045782,1341868380
scottcb71,39.27514972,74.57125198,1342569840
scottcb71,40.21901949,75.24700284,1340904660
scottcb71,40.21901949,75.24700284,1341994620
scottcb71,40.13408786,75.312064,1341535440
scottcb71,40.05435867,75.56585312,1327922760
scottcb71,40.05668093,75.56309507,1321362780
scottcb71,40.24358932,75.287103,1341511980
scottcb71,39.83279551,75.37852764,1343257440
scottcb71,39.55087925,74.73603129,1311418860
scottcb71,40.13470554,75.30644137,1329506160
scottcb71,40.24041886,75.23277118,1342114800
scottcb71,40.088082,75.39117903,1342214520
scottcb71,40.23140195,75.22148387,1336400640
scottcb71,40.13408786,75.312064,1336514040
scottcb71,40.08904599,75.39296079,1342216620
scottcb71,39.27116842,74.58077431,1311173580
scottcb71,39.901135,75.167287,1311466020
scottcb71,40.10038895,75.3045782,1341868380
scottcb71,39.27315359,74.576842,1342475760
scottcb71,40.05517369,75.56020861,1308675000
scottcb71,39.27116842,74.58077431,1311273840
scottcb71,40.23163452,75.22059498,1340894820
scottcb71,40.083735,75.395035,1311875700
scottcb71,40.13470808,75.3063135,1318808580
scottcb71,39.27222157,74.57951238,1342736160
scottcb71,39.83215288,75.37833452,1342294560
scottcb71,40.133988,75.33249724,1340929260
scottcb71,39.83279551,75.37852764,1341778380
scottcb71,40.05435867,75.56585312,1312554000
scottcb71,39.27116842,74.58077431,1342733280
scottcb71,40.09199308,75.39788246,1313190780
scottcb71,39.2732839,74.577482,1311381120
scottcb71,40.13474408,75.30645955,1316305740
scottcb71,40.17623762,75.09095466,1332631980
scottcb71,40.23163452,75.22059498,1341929040
scottcb71,39.27178293,74.58161746,1342313340
scottcb71,40.05061887,75.55789017,1327923240
scottcb71,40.257556,75.266211,1342115760
scottcb71,40.31909,75.56694,1311710460
scottcb71,40.0963266,75.29522896,1311791100
scottcb71,39.27354,74.575479,1311371580
scottcb71,39.27116842,74.58077431,1311352620
scottcb71,40.05435867,75.56585312,1322479860
scottcb71,40.23163452,75.22059498,1344415020
scottcb71,40.13474704,75.30629919,1319843280
scottcb71,40.13408786,75.312064,1342874100
scottcb71,40.06705063,75.58379173,1308672720
scottcb71,40.134659,75.306321,1311422700
scottcb71,39.982211,75.338392,1312657920
scottcb71,40.13408786,75.312064,1336432440
scottcb71,40.13479257,75.3064364,1308789120
scottcb71,40.24836031,75.2776559,1342120200
scottcb71,40.134673,75.30644763,1343424180
scottcb71,39.271518,74.580459,1342475700
scottcb71,40.13474637,75.30643814,1329085800
scottcb71,40.11619,75.282299,1312138380
scottcb71,40.240766,75.284315,1322262120
scottcb71,40.13474408,75.30645955,1316305320
scottcb71,40.0884801,75.39367676,1327959060
scottcb71,39.83215288,75.37833452,1343591940
