steelcitydiva,40.41380234,79.59967158,1347056460
steelcitydiva,40.41380234,79.59967158,1348051140
steelcitydiva,40.41485596,79.59934998,1348872720
steelcitydiva,40.41380234,79.59967158,1350064560
steelcitydiva,40.39480328,79.57152843,1350160200
steelcitydiva,40.41466668,79.59930417,1347702660
steelcitydiva,40.30849248,79.59226329,1348325220
steelcitydiva,40.42059326,79.63529968,1348252680
steelcitydiva,40.41485596,79.59934998,1348872720
steelcitydiva,40.41452408,79.59942627,1347747840
steelcitydiva,40.41485596,79.59934998,1349300520
steelcitydiva,40.43706538,79.76070659,1349355900
steelcitydiva,40.399214,79.58708152,1348534140
steelcitydiva,40.41380234,79.59967158,1347219960
steelcitydiva,40.41380234,79.59967158,1347725340
steelcitydiva,40.39480328,79.57152843,1349017200
steelcitydiva,40.42134422,79.56654766,1350152820
steelcitydiva,40.40092519,79.585115,1347830640
steelcitydiva,40.42889887,79.66899912,1348082580
steelcitydiva,40.49897687,79.9442586,1350674340
steelcitydiva,40.49897687,79.9442586,1350675300
steelcitydiva,40.3746668,79.63821888,1350216900
steelcitydiva,40.42452913,79.66166943,1349530020
steelcitydiva,40.41380234,79.59967158,1347063840
steelcitydiva,40.41536648,79.64071744,1350769500
steelcitydiva,40.399214,79.58708152,1348534140
steelcitydiva,40.292128,79.52652425,1350748680
steelcitydiva,40.43232983,79.79924869,1347054660
steelcitydiva,40.41380234,79.59967158,1349021160
steelcitydiva,40.43702887,79.76076682,1347133200
steelcitydiva,40.40082758,79.58448408,1348753860
steelcitydiva,40.41583538,79.62213683,1347913200
