stephagresta,40.37563308,74.01091696,1322352240
stephagresta,37.785182,122.400484,1271971080
stephagresta,40.09379875,74.03652191,1278884220
stephagresta,40.697806,74.175078,1274339820
stephagresta,40.763309,73.968791,1307542620
stephagresta,40.409884,73.996434,1273741140
stephagresta,41.486324,71.316014,1286037360
stephagresta,40.72426,74.00364,1270039680
stephagresta,37.5599,122.284,1272122100
stephagresta,40.748396,73.978087,1316029800
stephagresta,40.349419,74.066585,1269097260
stephagresta,36.10795878,115.17774582,1287103440
stephagresta,40.75536933,74.01113639,1315953660
stephagresta,40.750093,73.975875,1292276280
stephagresta,40.3249,74.05778,1273332120
stephagresta,30.26620261,97.74059772,1331425380
stephagresta,40.72426,74.00364,1274964840
stephagresta,40.75826,73.97536,1277363040
stephagresta,40.33637,74.03317,1273054560
stephagresta,30.13165255,98.01359968,1331589300
stephagresta,37.780423,122.391646,1269620760
stephagresta,40.68987,74.17821,1268830920
stephagresta,21.276809,157.828458,1325523600
stephagresta,40.747067,73.990205,1319106180
stephagresta,36.13203092,115.15296337,1326317940
stephagresta,30.27015929,97.74968505,1268699340
stephagresta,40.75590473,73.98888588,1275996360
stephagresta,40.3249,74.05778,1273141260
stephagresta,40.7206,74.0053,1274298480
stephagresta,40.4097638,74.1327479,1270332240
stephagresta,40.3408928,74.589873,1272722820
stephagresta,30.272746,97.76914,1268500320
stephagresta,21.27968725,157.83059567,1324916940
stephagresta,40.763422,73.99559,1288728240
stephagresta,37.78491646,122.40048521,1271974500
stephagresta,40.75366162,73.97884369,1328871540
stephagresta,30.26797248,97.74929881,1331399400
stephagresta,40.73458,74.00397,1274280360
stephagresta,40.3083,73.9776,1268945520
stephagresta,37.785182,122.400484,1271962560
stephagresta,40.351139,74.065145,1269088920
stephagresta,36.114646,115.172816,1290096780
stephagresta,40.697806,74.175078,1269452520
stephagresta,35.221612,80.847408,1274370480
stephagresta,40.42305,74.02431,1274178600
stephagresta,20.7745421,156.4509999,1283809980
stephagresta,30.271105,97.770655,1268412240
stephagresta,30.2622,97.7397,1268666940
stephagresta,40.7567,73.9716,1274728740
stephagresta,30.266132,97.745825,1268353500
stephagresta,40.756072,73.990343,1275996240
stephagresta,40.734299,73.992472,1316114700
stephagresta,40.34997,74.0702,1272625920
stephagresta,40.351249,74.065403,1269089460
stephagresta,40.76053699,73.98455143,1350303360
stephagresta,41.893611,87.61617601,1326838260
stephagresta,40.74755,73.98521,1286299500
stephagresta,30.26610994,97.74593532,1331255220
stephagresta,30.28115302,97.73763215,1300038120
stephagresta,37.787539,122.39871,1271889780
stephagresta,40.41186227,74.18754101,1343117820
stephagresta,40.74189218,74.0051508,1278618900
stephagresta,40.352237,74.038706,1283014560
stephagresta,21.36776742,157.93893814,1325369700
stephagresta,40.351784,74.065546,1277642100
stephagresta,37.77029,122.43607,1316527440
stephagresta,40.3552936,74.074947,1282956780
stephagresta,36.11603686,115.17426968,1322584320
stephagresta,40.7523995,73.9901114,1291980840
stephagresta,37.786695,122.402812,1271973900
stephagresta,40.34997,74.0702,1272625920
stephagresta,40.34997,74.0702,1275922380
stephagresta,40.340326,74.066232,1271585880
stephagresta,36.10955366,115.17375469,1326218760
stephagresta,30.13165486,98.0134964,1300142760
stephagresta,40.2521,74.2946,1277593080
stephagresta,37.785182,122.400484,1269572640
stephagresta,40.349551,74.066064,1269096540
stephagresta,40.34997,74.0702,1272637500
stephagresta,37.77823,122.40962,1271874900
stephagresta,30.2689,97.7458,1268700660
stephagresta,37.33270782,121.90126061,1271983080
stephagresta,20.687416,156.441922,1283457120
stephagresta,40.35332,74.075065,1269099900
stephagresta,40.349884,74.068616,1269097920
stephagresta,40.350526,74.07001,1333190400
stephagresta,40.343371,74.056477,1273617660
stephagresta,40.34997,74.0702,1271624520
stephagresta,40.22045313,73.99996877,1341350940
stephagresta,40.72426,74.00364,1273068480
stephagresta,32.7090471,117.1600977,1312594080
stephagresta,40.705769,74.149535,1270391640
stephagresta,40.42491317,73.9819926,1279467060
stephagresta,21.585948,158.102749,1325187720
stephagresta,37.620402,122.395171,1272302100
stephagresta,30.26070917,97.73776873,1331485680
stephagresta,41.8959029,87.6227338,1309184760
stephagresta,40.735611,74.006651,1292536080
stephagresta,40.361219,74.043576,1270292400
stephagresta,40.363484,74.035996,1289159640
stephagresta,40.754416,73.976294,1317739020
stephagresta,40.34997,74.0702,1272647940
stephagresta,37.429688,122.25508163,1320243360
stephagresta,41.89074521,87.62453914,1317766860
stephagresta,21.31376424,157.66361475,1325532480
stephagresta,40.34997,74.0702,1272625920
stephagresta,30.203032,97.668919,1268811780
stephagresta,40.35077962,74.06556487,1277642280
stephagresta,30.20226204,97.6700449,1331653200
stephagresta,40.706039,74.009174,1276547580
stephagresta,40.351784,74.065546,1282916340
stephagresta,40.349272,74.066862,1279232520
stephagresta,40.75854644,73.96750608,1332445440
stephagresta,40.34902985,74.06523228,1350767160
stephagresta,40.3016,73.9813,1273268040
stephagresta,21.396832,157.731017,1325268420
stephagresta,40.35332,74.075065,1273927920
stephagresta,30.265769,97.735534,1268417580
stephagresta,40.73458,74.00397,1274294820
stephagresta,40.75798,73.977489,1322243820
stephagresta,40.756165,73.985066,1270677660
stephagresta,40.6946472,74.1749239,1331224260
stephagresta,40.3521298,74.0657857,1269094380
stephagresta,40.42305,74.02431,1272366240
stephagresta,40.40787637,73.97850052,1325961420
stephagresta,37.78379098,122.40477562,1271819100
stephagresta,40.72426,74.00364,1275407520
stephagresta,30.2622,97.7397,1268415660
stephagresta,40.37561492,74.01394844,1273344060
stephagresta,40.3249,74.05778,1273138680
stephagresta,40.37793612,74.01157737,1277413740
stephagresta,40.35328155,74.07479167,1282860000
stephagresta,40.34997,74.0702,1275041220
stephagresta,40.34997,74.0702,1272916140
stephagresta,40.34997,74.0702,1272625980
stephagresta,37.77823,122.40962,1272023700
stephagresta,35.400206,80.697128,1274472240
stephagresta,37.6007867,122.3824541,1272296160
stephagresta,40.764492,73.97177,1328022840
stephagresta,30.262403,97.742872,1268689980
stephagresta,40.28962523,74.05246496,1309464780
stephagresta,40.75889,73.98487,1275995040
stephagresta,40.33637,74.03317,1275908340
stephagresta,40.352983,74.0729829,1269085800
stephagresta,39.62420161,74.1947937,1329661620
stephagresta,37.785182,122.400484,1269603360
stephagresta,40.37008,73.994836,1343485260
stephagresta,40.350786,74.065875,1277642040
stephagresta,37.77302,122.39385,1271969520
stephagresta,30.26168873,97.74231373,1331431380
stephagresta,40.752729,73.989548,1291983480
stephagresta,40.735829,74.005947,1320591600
stephagresta,38.89753,77.03914,1295997600
stephagresta,30.26622114,97.74461031,1331593800
stephagresta,40.212259,74.003138,1295737980
stephagresta,30.267532,97.741346,1268613120
stephagresta,40.430467,74.011526,1272403200
stephagresta,30.262403,97.742872,1268620980
stephagresta,40.340935,74.066403,1343475660
stephagresta,39.953518,75.1979,1280494200
stephagresta,40.340326,74.066232,1271105520
stephagresta,40.3083,73.9776,1268945520
stephagresta,36.10894326,115.17435187,1326309000
stephagresta,30.270649,97.7535599,1268755620
stephagresta,39.5904835,74.2182362,1318090320
stephagresta,40.449967,74.489385,1280520720
stephagresta,36.11250064,115.17611504,1290218700
stephagresta,40.758738,73.967798,1292410320
stephagresta,30.26200483,97.74260402,1268692860
stephagresta,40.352983,74.0729829,1269104100
stephagresta,40.75807853,73.96639026,1342014480
stephagresta,30.262403,97.742872,1268365140
stephagresta,40.34997,74.0702,1270507800
stephagresta,40.7420385,74.00470018,1278618540
stephagresta,38.36305,121.96468,1272288540
stephagresta,39.60515915,74.20852661,1321121580
stephagresta,40.30069275,73.97892952,1341398100
stephagresta,40.72426,74.00364,1274714940
stephagresta,40.3083,73.9776,1307895060
stephagresta,30.35063,97.75262,1268325180
stephagresta,36.11333271,115.17607212,1290208920
stephagresta,37.61640706,122.38606453,1269626640
stephagresta,40.33876165,74.04189706,1324209300
stephagresta,38.356916,121.986934,1272218160
stephagresta,30.262403,97.742872,1268609100
stephagresta,40.338494,74.04166155,1350040380
stephagresta,40.34997,74.0702,1270821960
stephagresta,30.262403,97.742872,1268529660
stephagresta,40.69638797,74.17737007,1283176020
stephagresta,38.89864825,77.00562,1273602720
stephagresta,30.262403,97.742872,1268517420
stephagresta,40.7556,73.9814,1274817060
stephagresta,41.486627,71.3162049,1286037240
stephagresta,40.34997,74.0702,1269945960
stephagresta,40.351789,74.065498,1269093600
stephagresta,40.3249,74.05778,1273332240
stephagresta,40.331824,74.062651,1271452800
stephagresta,37.797552,122.400725,1310047440
stephagresta,20.917791,156.695101,1283542680
stephagresta,40.352261,74.307089,1332079620
stephagresta,40.43623409,74.01077271,1288170960
stephagresta,30.285137,97.741671,1300038060
stephagresta,38.366164,121.961824,1272244980
stephagresta,40.34997,74.0702,1271760360
stephagresta,40.69576976,74.17732716,1326188460
stephagresta,36.2724199,115.008648,1287185100
stephagresta,37.785182,122.400484,1269479880
stephagresta,38.36305,121.96468,1272202560
stephagresta,30.2491364,97.74978559,1268345040
stephagresta,39.737316,75.5511395,1273609140
stephagresta,40.544674,73.97075,1277411100
stephagresta,30.262403,97.742872,1268449620
stephagresta,30.26627663,97.74426698,1331563200
stephagresta,37.785182,122.400484,1271885400
stephagresta,40.348939,74.064829,1273870140
stephagresta,36.090266,115.176589,1287073800
stephagresta,40.34997,74.0702,1268851020
stephagresta,40.72426,74.00364,1270572420
stephagresta,40.7233,74.0064,1270650960
stephagresta,20.916252,156.380377,1283880960
stephagresta,35.22895,80.85389,1274463660
stephagresta,30.26250698,97.74224938,1268477700
stephagresta,35.432752,80.757476,1274478300
stephagresta,30.2649567,97.7389274,1268674980
stephagresta,40.33637,74.03317,1274112300
stephagresta,21.277868,157.828088,1284060240
stephagresta,40.768354,73.984659,1270064400
stephagresta,40.69868995,74.17992353,1320916080
stephagresta,40.350786,74.065875,1275163080
stephagresta,40.34997,74.0702,1272897600
stephagresta,40.75891205,73.96777925,1328008200
stephagresta,40.763502,73.995761,1320787500
stephagresta,40.8891746,74.2476696,1290802260
stephagresta,30.26362651,97.73952484,1268483160
stephagresta,40.72426,74.00364,1271162160
stephagresta,40.34997,74.0702,1272844140
stephagresta,40.34997,74.0702,1275934620
stephagresta,40.740543,73.995756,1303990260
stephagresta,40.706258,74.00934,1276543800
stephagresta,37.44796,122.160642,1320188340
stephagresta,40.3386567,74.0416367,1284818400
stephagresta,37.613349,122.384889,1269631680
stephagresta,32.70803,117.162748,1312552080
stephagresta,40.72426,74.00364,1274191560
stephagresta,30.26070275,97.737766,1320975060
stephagresta,30.24941764,97.75007613,1331508240
stephagresta,40.34997,74.0702,1271624400
stephagresta,25.76813,80.13397,1288812060
stephagresta,37.77823,122.40962,1272023700
stephagresta,40.72426,74.00364,1275416640
stephagresta,40.34997,74.0702,1272625860
stephagresta,30.24871,97.74447,1268404080
stephagresta,40.722252,74.000069,1279040700
stephagresta,37.48436736,122.22613525,1272065460
stephagresta,30.269623,97.7486692,1331474160
stephagresta,30.24916,97.7502669,1299972360
stephagresta,40.72426,74.00364,1273066680
stephagresta,40.340326,74.066232,1270911180
stephagresta,30.26213868,97.74240758,1268610240
stephagresta,30.264206,97.740635,1268687820
stephagresta,37.77823,122.40962,1271884140
stephagresta,41.4865917,71.3161849,1286048880
stephagresta,38.36305,121.96468,1272202620
stephagresta,21.276267,157.8266219,1284166800
stephagresta,38.85354501,77.04360008,1273568700
stephagresta,40.747026,73.95798,1315948200
stephagresta,39.87280701,75.67828998,1328981040
stephagresta,40.72426,74.00364,1275581520
stephagresta,40.7246816,73.9985004,1279049700
stephagresta,37.618016,122.386643,1271813880
stephagresta,40.34997,74.0702,1270414260
stephagresta,30.2645161,97.74141312,1300124580
stephagresta,30.2652564,97.73971018,1331481840
stephagresta,40.33637,74.03317,1273153080
stephagresta,21.276732,157.827965,1325115660
stephagresta,40.763416,73.99657928,1320787500
stephagresta,36.08517621,115.14925003,1290256080
stephagresta,40.72654,73.94468,1271722200
stephagresta,40.345268,74.064694,1277642760
stephagresta,40.3249,74.05778,1273332960
stephagresta,30.2025773,97.66714811,1291153740
stephagresta,37.786695,122.402812,1271817480
stephagresta,20.945402,156.690111,1283546700
stephagresta,37.77302,122.39385,1271969460
stephagresta,28.41816103,81.43941235,1287062700
stephagresta,40.340326,74.066232,1271516160
stephagresta,30.20541462,97.66729832,1268808660
stephagresta,30.266132,97.745825,1268355300
stephagresta,40.34997,74.0702,1270983060
stephagresta,30.2625145,97.74072647,1268661600
stephagresta,37.78338397,122.40348816,1301338680
stephagresta,41.89879535,87.62304783,1326891600
stephagresta,40.697806,74.175078,1274339820
stephagresta,20.92902,156.366976,1283897760
stephagresta,30.2598064,97.7234012,1268493960
stephagresta,30.26003561,97.7385968,1320971700
stephagresta,40.72426,74.00364,1272389280
stephagresta,38.97759344,76.48685932,1336240020
stephagresta,40.35332,74.075065,1269099960
stephagresta,40.7618924,73.97915482,1344011700
stephagresta,21.2794077,157.8279065,1284083700
stephagresta,40.3249,74.05778,1273184460
stephagresta,40.747067,73.990205,1319030160
stephagresta,40.7391,74.0018,1285886940
stephagresta,40.42305,74.02431,1274180820
stephagresta,40.740011,74.005663,1317210900
stephagresta,30.2669,97.7438,1268441580
stephagresta,32.70798,117.1655572,1312498380
stephagresta,30.267716,97.740523,1331336940
stephagresta,40.759721,74.004236,1315944900
stephagresta,40.350405,74.066258,1272667320
stephagresta,40.761323,73.987214,1276118220
stephagresta,40.3609672,74.04361105,1270292520
stephagresta,40.72426,74.00364,1275583860
stephagresta,40.754778,73.973319,1270757520
stephagresta,40.3249,74.05778,1273138620
stephagresta,40.362304,73.972724,1273266180
stephagresta,40.284922,74.044741,1269178080
stephagresta,40.75889,73.98487,1275995640
stephagresta,39.503785,79.325312,1275682800
stephagresta,30.262403,97.742872,1268517420
stephagresta,37.77823,122.40962,1271896740
stephagresta,40.42305,74.02431,1270722120
stephagresta,36.087535,115.174742,1287025140
stephagresta,30.24916,97.7502669,1268352240
stephagresta,21.277052,157.82663,1284057180
stephagresta,40.73711,74.030837,1270313160
stephagresta,38.74223494,90.36735535,1316538240
stephagresta,40.3249,74.05778,1273138620
stephagresta,40.33300181,74.06145573,1271452920
stephagresta,37.783986,122.40131,1301414100
stephagresta,37.783961,122.400956,1301415480
stephagresta,30.24916,97.7502669,1268580420
stephagresta,40.72426,74.00364,1274191560
stephagresta,40.34997,74.0702,1272625740
stephagresta,40.35056704,74.06566143,1300648200
stephagresta,21.70498352,157.99726096,1325277300
stephagresta,33.75597,118.12524,1295748300
stephagresta,30.26446781,97.73882432,1331386320
stephagresta,40.75900604,73.96776777,1349697420
stephagresta,41.890579,87.6310902,1326845280
stephagresta,40.754313,73.986988,1270668900
stephagresta,37.77823,122.40962,1272026100
stephagresta,37.77823,122.40962,1271943480
stephagresta,21.28280639,157.83688545,1325006580
stephagresta,30.26774082,97.74149895,1321013100
stephagresta,35.22123931,80.84347487,1274532600
stephagresta,30.26362651,97.73952484,1268762340
stephagresta,40.75028,74.003415,1330973100
stephagresta,40.72426,74.00364,1274789340
stephagresta,40.34997,74.0702,1271760480
stephagresta,40.741185,74.363365,1270320540
stephagresta,40.33637,74.03317,1273153020
stephagresta,40.74189218,74.0051508,1278618420
stephagresta,39.85479478,75.64126877,1328995620
stephagresta,40.74898,73.97123,1287474000
stephagresta,20.681503,156.443335,1283621940
stephagresta,40.33637,74.03317,1275908220
stephagresta,40.35164217,74.06544807,1342966380
stephagresta,38.36686285,121.95515156,1272132900
stephagresta,36.090305,115.176692,1287163500
stephagresta,40.34997,74.0702,1275497220
stephagresta,40.34997,74.0702,1268849460
stephagresta,40.34997,74.0702,1270832340
stephagresta,35.432752,80.757476,1274364720
stephagresta,37.4841982,122.2261908,1272065340
stephagresta,40.7233,74.0064,1269366360
stephagresta,40.758934,73.967776,1315995480
stephagresta,20.89361691,156.43784523,1284047220
stephagresta,40.345268,74.064694,1269012660
stephagresta,40.368375,73.990115,1270936080
stephagresta,36.08670597,115.14903796,1326214740
stephagresta,30.26168873,97.74231373,1331257680
stephagresta,21.27671682,157.82776261,1325618220
stephagresta,40.3758994,74.0105259,1286574060
stephagresta,21.27968725,157.83059567,1325008500
stephagresta,32.70743791,117.1599251,1312589700
stephagresta,40.763516,73.969276,1288261920
stephagresta,40.34997,74.0702,1270489920
stephagresta,39.00318063,76.45805642,1336253820
stephagresta,40.34997,74.0702,1270983000
stephagresta,30.264548,97.73893,1300111380
stephagresta,37.77302,122.39385,1272041160
stephagresta,40.6920929,74.17891502,1301302920
stephagresta,40.368375,73.990115,1269785580
stephagresta,40.338167,74.065388,1282843860
stephagresta,40.740543,73.995756,1276014240
stephagresta,40.78070825,73.97388697,1330527060
stephagresta,40.706039,74.009174,1276547340
stephagresta,30.2641657,97.7468823,1268779260
stephagresta,38.3449,122.326,1272144960
stephagresta,40.3530823,74.064834,1296248160
stephagresta,41.97727092,87.90440083,1309298700
stephagresta,40.42305,74.02431,1274180580
stephagresta,32.708369,117.163073,1312548420
stephagresta,40.707,74.00841,1275387180
stephagresta,40.3609334,74.04378562,1322926500
stephagresta,40.37767458,74.01167393,1291327140
stephagresta,40.34997,74.0702,1272637200
