stevewoz,37.790327,122.42217,1325816820
stevewoz,32.91727641,97.04147678,1350601860
stevewoz,37.61803462,122.38186071,1336321620
stevewoz,38.96051001,119.94306564,1343235420
stevewoz,37.21495049,121.9603014,1314042480
stevewoz,37.23389343,121.957889,1326862740
stevewoz,37.21581003,121.96437453,1344967860
stevewoz,24.55116829,81.80068821,1309986600
stevewoz,1.36082489,103.99014473,1330434660
stevewoz,37.25022883,121.845715,1330121400
stevewoz,51.5040371,0.1490507,1302015660
stevewoz,37.25033631,121.84491277,1330817760
stevewoz,38.93132275,119.97025653,1351358280
stevewoz,37.32344707,122.00261593,1323614880
stevewoz,31.23735769,121.49519172,1347572820
stevewoz,37.25646361,121.87743187,1323631920
stevewoz,37.01333225,121.59269256,1333859520
stevewoz,37.014341,121.58567887,1332021900
stevewoz,33.5387188,111.9256152,1303165080
stevewoz,37.665623,122.46670246,1328833680
stevewoz,37.01314216,121.58807516,1333410540
stevewoz,37.234083,121.957904,1319761680
stevewoz,37.321548,122.031964,1329176700
stevewoz,55.94778206,3.36370468,1345614000
stevewoz,37.232137,121.955542,1325213700
stevewoz,42.3252375,83.05149078,1304539260
stevewoz,37.232137,121.955542,1321583100
stevewoz,28.4266,81.314889,1310234340
stevewoz,1.36082489,103.99014473,1330671000
stevewoz,37.01314216,121.58807516,1332021900
stevewoz,37.348564,121.95965,1314027600
stevewoz,37.215026,121.960375,1326083880
stevewoz,26.13029768,28.23246079,1349963520
stevewoz,37.21426696,121.95841312,1311794040
stevewoz,37.77042806,122.48578824,1349546160
stevewoz,37.014341,121.58567887,1333410420
stevewoz,27.38437406,153.1207855,1347835380
stevewoz,24.55767239,81.80404499,1309983360
stevewoz,39.00206566,94.78607476,1328219820
stevewoz,37.77146,122.413323,1073920020
stevewoz,37.01314216,121.58807516,1330302360
stevewoz,37.33593643,121.894033,1321567920
stevewoz,37.61637306,122.38610744,1309864740
stevewoz,37.36647363,122.03197002,1325634000
stevewoz,37.21495049,121.9603014,1320671400
stevewoz,36.10246258,115.16952308,1330985160
stevewoz,37.788316,122.408864,1323472920
stevewoz,37.225183,121.982254,1311608880
stevewoz,25.73041989,80.23789644,1352845380
stevewoz,37.790327,122.42217,1324591080
stevewoz,37.3303129,121.88837,1302906420
stevewoz,36.09185215,115.17482758,1302508440
stevewoz,22.220056,159.49731,1313524260
stevewoz,36.12635861,115.16668439,1314625920
stevewoz,37.28733591,121.93468094,1303007760
stevewoz,37.32344707,122.00261593,1320664080
stevewoz,38.93132275,119.97025653,1351451640
stevewoz,37.21499321,121.96039259,1310501400
stevewoz,25.75039731,80.26092185,1352927700
stevewoz,37.25033631,121.84491277,1323300060
stevewoz,37.23015828,121.9809596,1311547440
stevewoz,37.21581003,121.96437453,1344258720
stevewoz,37.233797,121.955332,1315361580
stevewoz,37.21581003,121.96437453,1333864020
stevewoz,51.503887,0.148894,1319030160
stevewoz,37.232808,121.957714,1324607040
stevewoz,37.33275047,121.90119624,1306077660
stevewoz,35.616526,119.65890348,1320436920
stevewoz,37.014341,121.58567887,1333498380
stevewoz,36.10288723,115.16963888,1331079000
stevewoz,37.0082134,121.56993804,1330138680
stevewoz,38.96679,119.94447,1324905780
stevewoz,37.260323,122.064473,1312937880
stevewoz,38.96051001,119.94306564,1324876860
stevewoz,38.678636,121.178412,1308205620
stevewoz,26.136429,28.23056,1315747560
stevewoz,37.25148068,121.86248124,1324237380
stevewoz,25.166148,80.37918,1309974300
stevewoz,37.25033631,121.84491277,1315356240
stevewoz,37.62048621,122.38984108,1345558200
stevewoz,34.097979,118.3298037,1314309420
stevewoz,37.21581003,121.96437453,1333161780
stevewoz,37.61759683,122.38842487,1341966000
stevewoz,37.21581003,121.96437453,1352151900
stevewoz,37.21581003,121.96437453,1349087400
stevewoz,50.11874762,122.94483565,1327188480
stevewoz,37.0082134,121.56993804,1329960180
stevewoz,37.23295157,121.95787883,1327640400
stevewoz,38.96051001,119.94306564,1329680340
stevewoz,37.215026,121.960375,1325477340
stevewoz,26.12954907,28.23486328,1349967480
stevewoz,37.32456985,122.032655,1327516560
stevewoz,33.9325006,151.17934227,1348517040
stevewoz,37.01333225,121.59269256,1334019060
stevewoz,37.32344707,122.00261593,1325936040
stevewoz,43.597082,110.768908,1315481820
stevewoz,37.25122223,121.868309,1315004040
stevewoz,25.79564098,80.28171301,1352837100
stevewoz,50.0483986,8.5706956,1316777880
stevewoz,37.21495049,121.9603014,1311987300
stevewoz,37.32456985,122.032655,1349019120
stevewoz,39.95356189,75.1958237,1341871260
stevewoz,37.21581003,121.96437453,1330040340
stevewoz,32.90452395,97.03541279,1345837320
stevewoz,38.89919099,77.02415943,1311015480
stevewoz,38.94969753,119.95459358,1343234160
stevewoz,37.23309608,121.95521593,1345384260
stevewoz,37.25033631,121.84491277,1311980820
stevewoz,39.00442812,94.84812498,1328272920
stevewoz,47.500675,19.052574,1316848680
stevewoz,26.34207593,80.07805824,1349306040
stevewoz,35.641861,120.6862302,1325698800
stevewoz,37.32601085,122.01519012,1325265480
stevewoz,40.71926313,73.99388472,1323209100
stevewoz,37.23389343,121.957889,1333934100
stevewoz,37.23309608,121.95521593,1350268860
stevewoz,44.88303112,93.20536584,1331290560
stevewoz,48.184129,16.32972541,1317133200
stevewoz,37.01314216,121.58807516,1332892200
stevewoz,37.232359,121.955564,1320111480
stevewoz,38.92879,119.97757,1324911420
stevewoz,41.94792,88.02696063,1351714920
stevewoz,38.96035,119.942921,1308083460
stevewoz,37.014341,121.58567887,1326158400
stevewoz,37.215026,121.960375,1328820300
stevewoz,40.97827812,28.8194561,1322183040
stevewoz,38.95909177,119.94124174,1313086080
stevewoz,37.232808,121.957714,1326515760
stevewoz,28.355038,80.684667,1310086560
stevewoz,37.02454376,121.56528473,1351905360
stevewoz,37.42083884,122.09522724,778224000
stevewoz,37.61637306,122.38610744,1316011620
stevewoz,36.169353,115.14098082,1331068560
stevewoz,36.13693893,115.16362667,1314493260
stevewoz,43.597082,110.768908,1315436700
stevewoz,12.96669169,77.59568453,1322796480
stevewoz,37.223322,121.983674,1318526760
stevewoz,37.39445388,122.0787397,1304378220
stevewoz,22.31239361,113.93511057,1342617660
stevewoz,40.69715259,74.17551398,1321366620
stevewoz,37.33161587,122.03326285,1318719540
stevewoz,36.101767,115.17398037,1314505020
stevewoz,37.366602,121.916418,1342724400
stevewoz,37.232271,121.958467,1324607040
stevewoz,37.15520541,121.64995641,1344638100
stevewoz,37.25033631,121.84491277,1326927480
stevewoz,37.2871,121.941,1301674140
stevewoz,37.22988205,121.98113143,1310498700
stevewoz,37.232137,121.955542,1328063700
stevewoz,31.22039873,121.5375638,1347684240
stevewoz,37.79047213,122.42233468,1332968220
stevewoz,55.74940998,37.59083748,1322293560
stevewoz,37.32344707,122.00261593,1326596220
stevewoz,19.42214861,99.08006072,1350372480
stevewoz,38.96051001,119.94306564,1324890780
stevewoz,47.49458855,19.04904842,1316793300
stevewoz,33.63800285,84.43604171,1349378040
stevewoz,37.21581003,121.96437453,1346335440
stevewoz,37.01333225,121.59269256,1333501080
stevewoz,36.119173,115.154432,1314650520
stevewoz,37.76945802,122.49074039,1344706440
stevewoz,37.01314216,121.58807516,1329959700
stevewoz,37.32601085,122.01519012,1301628720
stevewoz,26.34207593,80.07805824,1349289420
stevewoz,33.86765844,151.2074467,1348279320
stevewoz,37.77146,122.413323,1327017780
stevewoz,37.21495049,121.9603014,1323650340
stevewoz,37.76895071,122.49056339,1313270400
stevewoz,36.10640667,115.16727657,1330924200
stevewoz,37.02454376,121.56528473,1349049480
stevewoz,37.808136,122.270692,1329783600
stevewoz,37.32456985,122.032655,1329182220
stevewoz,37.223322,121.983674,1323638700
stevewoz,37.232137,121.955542,1325992680
stevewoz,33.79755142,117.91570187,1307741580
stevewoz,40.64456836,73.78349304,1323038760
stevewoz,37.215026,121.960375,1325040780
stevewoz,37.76732234,122.49502659,1344799560
stevewoz,55.728293,37.557327,1322376840
stevewoz,38.96049137,119.94298353,1345055100
stevewoz,37.33161587,122.03326285,1319403780
stevewoz,55.94942805,3.20688171,1345647600
stevewoz,37.25033631,121.84491277,1351890540
stevewoz,37.24447,122.03088,1312500300
stevewoz,37.25033631,121.84491277,1333067640
stevewoz,41.97809244,87.906847,1351806300
stevewoz,38.96051001,119.94306564,1351361580
stevewoz,37.223133,121.981431,1314978420
stevewoz,37.286423,121.949437,1309820160
stevewoz,37.399863,122.11179253,1317767880
stevewoz,38.94978612,119.95470384,1313160660
stevewoz,37.32344707,122.00261593,1319366760
stevewoz,37.33247413,121.889139,1329322380
stevewoz,37.335636,121.892925,1305919020
stevewoz,37.062951,121.573294,1327889460
stevewoz,37.76732234,122.49502659,1344794520
stevewoz,50.047745,8.575722,1321856460
stevewoz,37.36647363,122.03197002,1311806580
stevewoz,41.53281242,93.64854455,1331281380
stevewoz,33.64059766,84.42542553,1315679640
stevewoz,37.21581003,121.96437453,1349461560
stevewoz,41.98038943,87.90662169,1351807740
stevewoz,37.78397323,122.43304105,1346629740
stevewoz,37.25033631,121.84491277,1343000640
stevewoz,26.02476956,28.01030338,1349812380
stevewoz,37.014341,121.58567887,1327885560
stevewoz,37.23233581,121.95551818,1329267960
stevewoz,37.232562,121.95558,1318732920
stevewoz,28.00222623,153.42879295,1306988820
stevewoz,37.014341,121.58567887,1333238400
stevewoz,38.96049137,119.94298353,1343393700
stevewoz,37.232137,121.955542,1325989800
stevewoz,37.32601085,122.01519012,1311808800
stevewoz,37.24447,122.03088,1312500300
stevewoz,37.790311,122.422409,1315173540
stevewoz,32.70688,117.15869,1307408580
stevewoz,38.927683,95.25975108,1328458920
stevewoz,38.95481138,119.94405649,1343172120
stevewoz,40.780501,73.981132,1312329360
stevewoz,38.96049137,119.94298353,1343165640
stevewoz,37.21581003,121.96437453,1334010420
stevewoz,28.3984263,80.6156147,1310172960
stevewoz,37.37170156,121.92221366,1330126860
stevewoz,60.19437464,11.09943151,1316761440
stevewoz,37.21495049,121.9603014,1313850240
stevewoz,37.2871,121.941,1301613240
stevewoz,37.014341,121.58567887,1333157220
stevewoz,37.78770832,122.39713669,1325801160
stevewoz,59.903304,10.698807,1316601480
stevewoz,37.28769868,121.94048524,1319567340
stevewoz,48.202926,16.369263,1317114900
stevewoz,37.21581003,121.96437453,1331517720
stevewoz,37.32456985,122.032655,1316361060
stevewoz,34.12033169,118.13341141,1350883320
stevewoz,37.61439,122.38127,1316012400
stevewoz,32.90473113,97.03574538,1336305060
stevewoz,28.36066459,81.51057243,1309897500
stevewoz,37.21581003,121.96437453,1348902060
stevewoz,37.0131433,121.59269929,1332115800
stevewoz,37.01314216,121.58807516,1331340660
stevewoz,37.21495049,121.9603014,1320596520
stevewoz,37.76969704,122.46863365,1349533080
stevewoz,38.5699991,121.4908904,1323403320
stevewoz,37.33593643,121.894033,1318697580
stevewoz,34.05784902,118.41731146,1331743800
stevewoz,43.597482,110.770143,1315648200
stevewoz,37.33593643,121.894033,1331314140
stevewoz,37.23295157,121.95787883,1328846520
stevewoz,37.3208448,122.0321711,1316019960
stevewoz,37.32344707,122.00261593,1329930480
stevewoz,37.01360115,121.59232477,1348961760
stevewoz,37.232359,121.955564,1320457560
stevewoz,37.409521,122.083656,1310689980
stevewoz,37.28769868,121.94048524,1310668020
stevewoz,37.215026,121.960375,1324434900
stevewoz,37.014341,121.58567887,1332892080
stevewoz,37.2327664,121.95782329,1347161400
stevewoz,40.720728,73.995095,1323219300
stevewoz,37.23233581,121.95551818,1331518380
stevewoz,37.0082134,121.56993804,1334019900
stevewoz,37.399863,122.11179253,1312916460
stevewoz,38.408361,122.820164,1327802580
stevewoz,37.00535474,121.57260156,1349045340
stevewoz,38.95409788,119.946273,1343331540
stevewoz,37.21495049,121.9603014,1319849640
stevewoz,37.014341,121.58567887,1350078900
stevewoz,36.17041681,115.14310241,1333761720
stevewoz,37.23389343,121.957889,1341971460
stevewoz,37.61562519,122.3893261,1330742400
stevewoz,37.24447,122.03088,1310778120
stevewoz,33.88644872,118.40848804,1350853140
stevewoz,37.32294796,121.94928288,1312125360
stevewoz,33.091182,117.26607084,1320181560
stevewoz,37.014341,121.58567887,1344216000
stevewoz,37.21495049,121.9603014,1312592160
stevewoz,37.25650204,121.8773514,1311630060
stevewoz,37.232359,121.955564,1319370960
stevewoz,44.45954588,110.82834005,1315502700
stevewoz,37.014341,121.58567887,1331339100
stevewoz,37.278435,121.95103493,1310317200
stevewoz,50.04674503,8.56758305,1323002160
stevewoz,38.25873971,122.06423653,1329598920
stevewoz,38.896725,77.026111,1311098340
stevewoz,51.47413948,0.44254303,1320827280
stevewoz,38.69100342,121.16216183,1329770520
stevewoz,37.0082134,121.56993804,1333501260
stevewoz,38.94969753,119.95459358,1329757620
stevewoz,37.61759683,122.38842487,1351825500
stevewoz,40.6439171,73.78349304,1341253200
stevewoz,37.2879889,121.93404257,1311970020
stevewoz,43.597082,110.768908,1315531020
stevewoz,37.00302178,121.55366242,1343509800
stevewoz,37.25033631,121.84491277,1333490280
stevewoz,25.728374,80.24199,1341691380
stevewoz,37.232808,121.957714,1319762040
stevewoz,37.233797,121.955332,1314243180
stevewoz,55.74812983,37.58650303,1322296200
stevewoz,34.05746626,118.41561142,1331760000
stevewoz,38.53542697,121.74632549,1351596540
stevewoz,31.23735769,121.49519172,1347677820
stevewoz,38.9602514,119.94242191,1345055040
stevewoz,55.74065644,37.60905504,1322533860
stevewoz,37.00447191,121.55312061,1352236980
stevewoz,37.28769868,121.94048524,1326321240
stevewoz,37.32456985,122.032655,1329496740
stevewoz,37.32601085,122.01519012,1325466420
stevewoz,37.21495049,121.9603014,1320034140
stevewoz,37.28769868,121.94048524,1325272980
stevewoz,37.32456985,122.032655,1326670980
stevewoz,37.32456985,122.032655,1325897040
stevewoz,39.87552128,75.2377975,1341941220
stevewoz,37.233797,121.955332,1314065220
stevewoz,37.15520541,121.64995641,1346364360
stevewoz,25.79737285,80.28406696,1341827100
stevewoz,47.620349,13.016978,1317394860
stevewoz,37.215026,121.960375,1325126220
stevewoz,37.33161587,122.03326285,1326059940
stevewoz,37.0223939,121.56329155,1327890000
stevewoz,37.232808,121.957714,1326514800
stevewoz,21.9780859,159.3493445,1313694000
stevewoz,38.99867512,94.77759361,1328278920
stevewoz,40.78744,111.98403,1315661520
stevewoz,37.32344707,122.00261593,1327720680
stevewoz,37.01314216,121.58807516,1330053540
stevewoz,37.87370694,122.25432786,1348873920
stevewoz,37.21581003,121.96437453,1346270940
stevewoz,37.21581003,121.96437453,1344311700
stevewoz,37.2786583,121.9507996,1310424180
stevewoz,37.232808,121.957714,1324607040
stevewoz,37.014341,121.58567887,1333929360
stevewoz,37.25033631,121.84491277,1344977700
stevewoz,38.89919099,77.02415943,1310935620
stevewoz,6.12402099,106.65174018,1342320840
stevewoz,37.232137,121.955542,1325558940
stevewoz,37.399863,122.11179253,1323811800
stevewoz,47.50696846,19.04610872,1316846820
stevewoz,37.232137,121.955542,1324606980
stevewoz,37.215026,121.960375,1326487740
stevewoz,37.6149793,122.38348961,1349233860
stevewoz,55.94743362,3.3654213,1345782540
stevewoz,37.00428551,121.57225042,1344214980
stevewoz,37.33247413,121.889139,1321460940
stevewoz,38.96051001,119.94306564,1329670440
stevewoz,37.38479993,122.08252115,1350141840
stevewoz,37.81030443,122.26572382,1332265620
stevewoz,37.61861663,122.39248037,1332546960
stevewoz,38.96035,119.942921,1308076620
stevewoz,37.21581003,121.96437453,1345383720
stevewoz,39.95356189,75.1958237,1341845040
stevewoz,37.21581003,121.96437453,1330814400
stevewoz,37.232137,121.955542,1321494240
stevewoz,37.32344707,122.00261593,1323786900
stevewoz,37.783981,122.433007,1319242200
stevewoz,37.232271,121.958467,1326337980
stevewoz,37.21581003,121.96437453,1336388400
stevewoz,37.25033631,121.84491277,1344977700
stevewoz,37.304818,121.898286,1325201340
stevewoz,33.40423572,70.5829525,1341331380
stevewoz,37.21495049,121.9603014,1323292440
stevewoz,59.913609,10.733127,1316606760
stevewoz,37.21581003,121.96437453,1332220920
stevewoz,37.28769868,121.94048524,1342732920
stevewoz,37.225195,121.982245,1316125200
stevewoz,37.61324457,122.38992687,1352505420
stevewoz,37.215026,121.960375,1328053200
stevewoz,50.118621,122.94481396,1327273500
stevewoz,36.56878409,121.95028568,1352057460
stevewoz,37.014341,121.58567887,1348961400
stevewoz,38.95409788,119.946273,1345128960
stevewoz,37.86797941,122.25742598,1313284440
stevewoz,37.21502739,121.96040869,1309471260
stevewoz,27.47159866,153.03021382,1348031460
stevewoz,37.0082134,121.56993804,1330826760
stevewoz,37.014341,121.58567887,1333536480
stevewoz,37.233797,121.955332,1314924840
stevewoz,43.60368696,110.73617935,1315429260
stevewoz,37.21581003,121.96437453,1331520900
stevewoz,37.21581003,121.96437453,1349030220
stevewoz,27.3834857,153.12024236,1348260480
stevewoz,51.503887,0.148894,1318860540
stevewoz,22.3170421,113.930041,1336463880
stevewoz,37.21581003,121.96437453,1336333440
stevewoz,48.14185845,17.10931869,1316940960
stevewoz,37.2506096,121.87919408,1329089100
stevewoz,37.620598,122.386951,1328195940
stevewoz,37.79047213,122.42233468,1349562900
stevewoz,37.23389343,121.957889,1330239240
stevewoz,38.69100342,121.16216183,1351273140
stevewoz,42.3252375,83.05149078,1304713020
stevewoz,38.69100342,121.16216183,1345393080
stevewoz,40.718416,74.00068591,1323044940
stevewoz,37.215026,121.960375,1326237900
stevewoz,37.08265908,121.59575745,1350162120
stevewoz,37.014341,121.58567887,1325120580
stevewoz,37.33580738,121.89399797,1303593780
stevewoz,37.25033631,121.84491277,1351890840
stevewoz,37.01314216,121.58807516,1330228980
stevewoz,37.23233581,121.95551818,1330061160
stevewoz,37.25122154,121.86833,1327707120
stevewoz,22.31448788,113.92472506,1342303800
stevewoz,50.820404,0.14303,1302171300
stevewoz,37.0131433,121.59269929,1329959700
stevewoz,37.28767734,121.94047451,1302971220
stevewoz,37.228918,121.966309,1325878920
stevewoz,37.01375,121.58240197,1347153720
stevewoz,33.63800285,84.43604171,1349252040
stevewoz,37.21502739,121.96040869,1310328960
stevewoz,37.78464,122.40649,1320016380
stevewoz,37.61334754,122.39027023,1352505480
stevewoz,37.232137,121.955542,1326686220
stevewoz,40.64945258,73.78220558,1323261360
stevewoz,44.88267953,93.2057333,1331164920
stevewoz,37.66882413,144.8507452,1348525980
stevewoz,37.014341,121.58567887,1343515020
stevewoz,37.234083,121.957904,1320031620
stevewoz,37.23250573,121.95835096,1329269940
stevewoz,27.38098969,153.03294182,1348152660
stevewoz,37.024485,121.565335,1351958400
stevewoz,6.22689937,106.82692409,1342326840
stevewoz,22.220367,159.497339,1313523900
stevewoz,37.08456818,121.59751276,1350162120
stevewoz,38.96051001,119.94306564,1345056240
stevewoz,37.32344707,122.00261593,1325298600
stevewoz,37.32344707,122.00261593,1313342280
stevewoz,39.529305,119.815401,1308175140
stevewoz,33.534205,111.965626,1303162920
stevewoz,37.01333257,121.589047,1329095340
stevewoz,37.32344707,122.00261593,1318246500
stevewoz,37.01780319,121.57370758,1336478700
stevewoz,37.0082134,121.56993804,1332982680
stevewoz,37.309153,122.012091,1346620380
stevewoz,33.950614,151.17967398,1348268220
stevewoz,37.234325,121.957883,1316306940
stevewoz,37.2225388,121.98294307,1344732120
stevewoz,31.20478145,121.5537858,1347681600
stevewoz,37.28714812,121.94637537,1314053940
stevewoz,37.21581003,121.96437453,1349138340
stevewoz,37.0082134,121.56993804,1348962180
stevewoz,37.23389343,121.957889,1324607040
stevewoz,38.96024305,119.94263649,1313085960
stevewoz,37.23309608,121.95521593,1347158880
stevewoz,37.224117,121.98320578,1312825260
stevewoz,31.1541497,121.80613882,1347782220
stevewoz,35.61665118,119.65873692,1320160920
stevewoz,37.399863,122.11179253,1332281220
stevewoz,37.76732234,122.49502659,1344794580
stevewoz,37.00443193,121.57317006,1349045400
stevewoz,37.32412535,121.94740534,1313942820
stevewoz,37.232137,121.955542,1328925360
stevewoz,37.79126081,122.41325331,1343431980
stevewoz,37.76800083,122.49337435,1313351220
stevewoz,38.96049137,119.94298353,1345055100
stevewoz,42.331804,83.050899,1304529720
stevewoz,37.61453737,122.38256693,1331308560
stevewoz,37.61951743,122.38699794,1351607520
stevewoz,35.61412923,115.38562775,1303091820
stevewoz,34.058458,118.419799,1331898960
stevewoz,34.04305866,118.26724291,1303425000
stevewoz,32.70837227,117.1657455,1350750060
stevewoz,37.232271,121.958467,1325130060
stevewoz,38.96051001,119.94306564,1324844220
stevewoz,37.25033631,121.84491277,1333490280
stevewoz,37.33275047,121.90119624,1303596240
stevewoz,37.7904026,122.4224436,1301693280
stevewoz,34.12033169,118.13341141,1350972480
stevewoz,37.33605299,121.89410115,1344616200
stevewoz,37.21499321,121.96039259,1310786880
stevewoz,37.00447191,121.55312061,1348953660
stevewoz,37.05161488,121.58102851,1327889520
stevewoz,32.89611038,97.03670025,1350659520
stevewoz,37.21581003,121.96437453,1332038880
stevewoz,37.21495049,121.9603014,1319417340
stevewoz,21.97767286,159.34917927,1313435160
stevewoz,37.62012929,122.38816738,1351613760
stevewoz,37.32344707,122.00261593,1323345060
stevewoz,32.70837227,117.1657455,1350681180
stevewoz,37.28769868,121.94048524,1342732920
stevewoz,37.304818,121.898286,1324339020
stevewoz,51.47102764,0.47540808,1349703300
stevewoz,37.23015828,121.9809596,1314911760
stevewoz,37.3360357,121.8937256,1309641780
stevewoz,37.33478424,121.88887444,1311635220
stevewoz,37.21581003,121.96437453,1343703120
stevewoz,51.47133268,0.48099518,1350024960
stevewoz,37.33161587,122.03326285,1328132940
stevewoz,38.96201233,119.94429472,1345244280
stevewoz,37.75029014,122.20294476,1332201180
stevewoz,1.36389247,103.99366379,1330676640
stevewoz,12.96669169,77.59568453,1322689320
stevewoz,37.0131433,121.59269929,1330302360
stevewoz,37.33161587,122.03326285,1327629840
stevewoz,38.34814968,122.70856857,1327795800
stevewoz,34.06747,118.402008,1331761740
stevewoz,51.48801055,0.19707799,1319085840
stevewoz,36.46402545,121.3848468,1325715540
stevewoz,37.0131433,121.59269929,1332022020
stevewoz,37.41437555,122.07744956,1311781140
stevewoz,40.68695147,74.18166161,1345814100
stevewoz,37.32344707,122.00261593,1329406560
stevewoz,51.473162,0.447093,1320835200
stevewoz,37.28767734,121.94047451,1304357160
stevewoz,37.61715492,122.38984108,1350319200
stevewoz,34.983366,118.94815,1314289560
stevewoz,37.0131433,121.59269929,1330138080
stevewoz,37.00452819,121.55590188,1344209760
stevewoz,37.232359,121.955564,1320030240
stevewoz,37.61861663,122.39248037,1332880200
stevewoz,32.90194772,97.03775167,1336305900
stevewoz,33.93141404,151.17695957,1348268760
stevewoz,47.5028,19.057993,1316849820
stevewoz,55.757954,37.596355,1322365800
stevewoz,37.761857,121.433839,1313027640
stevewoz,37.23389343,121.957889,1326514740
stevewoz,24.02655832,104.66181399,1350398340
stevewoz,37.21581003,121.96437453,1346432400
stevewoz,36.119173,115.154432,1314475200
stevewoz,41.977239,87.907341,1351632240
stevewoz,37.01363844,121.59146101,1348961760
stevewoz,37.61640706,122.38615036,1330741800
stevewoz,38.9602514,119.94242191,1346457900
stevewoz,37.08563147,121.5978471,1350162120
stevewoz,36.16988599,115.1426276,1331068620
stevewoz,42.36517137,71.02227688,1346007360
stevewoz,37.61951743,122.38699794,1313410920
stevewoz,39.00260746,94.78584409,1328268000
stevewoz,37.0082134,121.56993804,1329444000
stevewoz,37.02454376,121.56528473,1349108340
stevewoz,37.25033631,121.84491277,1352414340
stevewoz,51.45826209,0.44987082,1321083180
stevewoz,50.047831,8.575232,1316493960
stevewoz,37.23250573,121.95835096,1343009100
stevewoz,37.61797076,122.38782406,1309865940
stevewoz,37.21581003,121.96437453,1344394980
stevewoz,37.768984,122.490911,1313277120
stevewoz,38.786542,95.241484,1328473620
stevewoz,40.68695147,74.18166161,1345814220
stevewoz,37.33269929,121.8892765,1321739400
stevewoz,37.21495049,121.9603014,1318457820
stevewoz,37.6200783,122.38842487,1323285180
stevewoz,33.536791,111.963432,1303162980
stevewoz,51.500936,0.19171894,1319124660
stevewoz,37.23250573,121.95835096,1326863820
stevewoz,34.05746626,118.41561142,1331921160
stevewoz,40.720646,73.995069,1323050580
stevewoz,37.014341,121.58567887,1344385200
stevewoz,38.96051001,119.94306564,1351472220
stevewoz,40.64245175,73.79061699,1323038880
stevewoz,37.23389343,121.957889,1329268860
stevewoz,37.15520541,121.64995641,1333923840
stevewoz,22.31254249,113.93532515,1342608840
stevewoz,47.739861,13.050902,1317620340
stevewoz,37.347898,121.959746,1314887040
stevewoz,28.581712,80.650366,1310120340
stevewoz,27.38480989,153.1207788,1348260540
stevewoz,51.17886209,1.82619542,1302101940
stevewoz,37.21505916,121.96041717,1326036420
stevewoz,38.6852632,121.1605707,1308486360
stevewoz,37.82503975,144.9508667,1348640640
stevewoz,37.21502739,121.96040869,1310439360
stevewoz,37.2506096,121.87919408,1332110160
stevewoz,38.95427186,119.94714542,1329619020
stevewoz,37.61256565,122.39348888,1342761720
stevewoz,37.352894,122.001917,1315245360
stevewoz,37.01314216,121.58807516,1329959700
stevewoz,31.15244201,121.80147171,1347682200
stevewoz,36.98012127,122.0103944,1344468540
stevewoz,37.214901,121.960264,1329346320
stevewoz,50.820404,0.14303,1302171300
stevewoz,37.28769868,121.94048524,1304810580
stevewoz,37.0082134,121.56993804,1333413900
stevewoz,33.93214453,151.17875218,1348268400
stevewoz,37.808136,122.270692,1332265620
stevewoz,42.349355,71.04141082,1346057760
stevewoz,38.95469267,119.94424849,1351360920
stevewoz,40.7431037,74.0076859,1307573820
stevewoz,37.22091464,121.97507397,1329933600
stevewoz,37.21581003,121.96437453,1349484780
stevewoz,37.08474211,121.59754062,1346279040
stevewoz,37.15520541,121.64995641,1329433680
stevewoz,38.96036328,119.9421534,1329670860
stevewoz,37.014341,121.58567887,1351899360
stevewoz,37.33275047,121.90119624,1304883480
stevewoz,37.32344707,122.00261593,1327075800
stevewoz,38.96051001,119.94306564,1324773660
stevewoz,37.338422,121.956092,1314887040
stevewoz,37.61759683,122.38842487,1310905140
stevewoz,59.90303515,10.69846814,1316601480
stevewoz,37.039027,121.540514,1327900920
stevewoz,37.32344707,122.00261593,1318246500
stevewoz,37.2238929,121.983605,1301765400
stevewoz,37.21581003,121.96437453,1351953600
stevewoz,51.496475,0.206781,1318967820
stevewoz,37.01314216,121.58807516,1333536480
stevewoz,37.32344707,122.00261593,1318774800
stevewoz,38.94896302,77.45258331,1344151620
stevewoz,37.01314216,121.58807516,1333498740
stevewoz,37.215026,121.960375,1329856260
stevewoz,37.21581003,121.96437453,1342580160
stevewoz,37.61759683,122.38842487,1327160100
stevewoz,37.232137,121.955542,1324433520
stevewoz,37.232137,121.955542,1326335460
stevewoz,51.47066437,0.45790672,1318844580
stevewoz,38.93132275,119.97025653,1351451640
stevewoz,37.33593643,121.894033,1321740540
stevewoz,37.232137,121.955542,1327462140
stevewoz,37.21499321,121.96039259,1311617400
stevewoz,29.853411,31.0295,1315818900
stevewoz,40.720728,73.995095,1323252600
stevewoz,38.89919099,77.02415943,1311100860
stevewoz,37.23233581,121.95551818,1330829160
stevewoz,51.47266928,0.48846245,1349699700
stevewoz,37.2327664,121.95782329,1341712920
stevewoz,38.94969753,119.95459358,1345129500
stevewoz,44.8821702,93.20392549,1331165040
stevewoz,37.014341,121.58567887,1326158400
stevewoz,37.28733591,121.93468094,1314060660
stevewoz,37.32344707,122.00261593,1327816260
stevewoz,38.69100342,121.16216183,1345393080
stevewoz,29.852583,31.0287205,1315759620
stevewoz,55.964974,37.415023,1322203680
stevewoz,37.21581003,121.96437453,1343848740
stevewoz,33.86765844,151.2074467,1348432620
stevewoz,37.01360115,121.59232477,1344822360
stevewoz,47.51576599,19.08254385,1316852580
stevewoz,37.23389343,121.957889,1341712920
stevewoz,37.32456985,122.032655,1316191380
stevewoz,37.61709543,122.3890847,1327159020
stevewoz,37.21581003,121.96437453,1332331140
stevewoz,37.32456985,122.032655,1323881640
stevewoz,37.25033631,121.84491277,1329951300
stevewoz,37.01363844,121.59146101,1345421520
stevewoz,22.220829,159.497594,1313443020
stevewoz,37.399777,122.111843,1309308780
stevewoz,37.232137,121.955542,1326593100
stevewoz,37.80348905,122.4489161,1329588300
stevewoz,51.47397479,0.48823405,1352555880
stevewoz,47.62582,12.999626,1317618540
stevewoz,37.21495049,121.9603014,1313952600
stevewoz,37.01375,121.58240197,1344646320
stevewoz,31.23735769,121.49519172,1347522240
stevewoz,37.32344707,122.00261593,1327922760
stevewoz,50.04531723,8.56697559,1322992200
stevewoz,22.220829,159.497594,1313622780
stevewoz,37.77146,122.413323,1329526800
stevewoz,37.01314216,121.58807516,1332979380
stevewoz,37.35212,121.98912007,1343689320
stevewoz,44.45959389,110.83123147,1315502760
stevewoz,37.23309608,121.95521593,1343008260
stevewoz,55.75035195,37.61821747,1322373300
stevewoz,37.21499321,121.96039259,1311561240
stevewoz,37.790327,122.42217,1319233380
stevewoz,50.047089,8.568288,1316776140
stevewoz,37.36647363,122.03197002,1309539180
stevewoz,37.232137,121.955542,1326861720
stevewoz,40.715119,73.966584,1321138260
stevewoz,37.79047213,122.42233468,1329520680
stevewoz,40.976774,28.82002,1321873440
stevewoz,38.95409788,119.946273,1351360920
stevewoz,37.0234218,121.56522274,1330054380
stevewoz,39.87450235,75.24681777,1341837240
stevewoz,55.74863707,37.58817673,1322356680
stevewoz,33.87285635,151.19906187,1348292280
stevewoz,37.79130496,122.41294397,1323486480
stevewoz,37.409508,122.083644,1314147780
stevewoz,28.396701,80.61175,1310112840
stevewoz,37.22790398,121.98170832,1314038340
stevewoz,36.97543824,121.96493626,1336352940
stevewoz,37.32344707,122.00261593,1324215900
stevewoz,36.10386742,115.17276764,1314501480
stevewoz,37.25033631,121.84491277,1331331660
stevewoz,37.232808,121.957714,1327461240
stevewoz,37.23309608,121.95521593,1344994620
stevewoz,38.95409788,119.946273,1345157460
stevewoz,37.28687923,121.93288922,1318155720
stevewoz,55.75288791,37.62259483,1322373300
stevewoz,31.15104639,121.79816723,1347343500
stevewoz,37.351864,121.970944,1315061220
stevewoz,37.25033631,121.84491277,1318627320
stevewoz,38.69100342,121.16216183,1313172600
stevewoz,37.0131433,121.59269929,1329959700
stevewoz,19.4358299,99.0811063,1328779560
stevewoz,38.960486,119.94299022,1313086020
stevewoz,37.232137,121.955542,1328844600
stevewoz,32.896367,97.045488,1328546700
stevewoz,37.01375,121.58240197,1348961940
stevewoz,37.014341,121.58567887,1326071820
stevewoz,37.25033631,121.84491277,1311548760
stevewoz,37.0082134,121.56993804,1326157860
stevewoz,37.232137,121.955542,1323743340
stevewoz,37.233797,121.955332,1313289300
stevewoz,31.23735769,121.49519172,1347489900
stevewoz,37.614968,122.389716,1330742460
stevewoz,55.94942805,3.20688171,1345707780
stevewoz,42.35792546,71.05973851,1346092320
stevewoz,34.18331704,118.39622498,1351095780
stevewoz,37.232137,121.955542,1324431060
stevewoz,22.22006551,159.4969368,1313442960
stevewoz,33.9315632,151.17810907,1347827520
stevewoz,37.232562,121.95558,1318270860
stevewoz,26.07316693,80.14371872,1349369220
stevewoz,49.19782899,123.17350477,1327427520
stevewoz,37.01314216,121.58807516,1348961880
stevewoz,37.08265908,121.59575745,1346279040
stevewoz,37.014341,121.58567887,1344644340
stevewoz,37.01363844,121.59146101,1349048640
stevewoz,37.32601085,122.01519012,1311896160
stevewoz,37.21581003,121.96437453,1333049940
stevewoz,1.257087,103.820247,1330484580
stevewoz,37.41437555,122.07744956,1314201540
stevewoz,50.84619103,4.35287118,1352715420
stevewoz,37.25033631,121.84491277,1333402740
stevewoz,26.35332291,80.08387594,1349296500
stevewoz,38.95909177,119.94124174,1313045100
stevewoz,37.86797941,122.25742598,1326413940
stevewoz,37.21581003,121.96437453,1350100560
stevewoz,22.220829,159.497594,1313522400
stevewoz,37.32344707,122.00261593,1325124840
stevewoz,37.32344707,122.00261593,1333376880
stevewoz,37.32456985,122.032655,1325897040
stevewoz,42.36301515,71.01905823,1346183340
stevewoz,37.232271,121.958467,1325992020
stevewoz,26.134656,28.233085,1315742340
stevewoz,37.618014,122.38806933,1309867800
stevewoz,50.047865,8.575976,1322629560
stevewoz,50.043817,8.562078,1316775480
stevewoz,37.29458,121.9495672,1316366460
stevewoz,39.29430462,94.71751213,1345990080
stevewoz,40.786963,111.983238,1311340020
stevewoz,37.0131433,121.59269929,1333158660
stevewoz,3.715317,101.736843,1310158620
stevewoz,37.77007019,122.49245167,1344707520
stevewoz,37.24364563,122.03125522,1313971260
stevewoz,24.12616038,104.53399333,1350394500
stevewoz,37.00428551,121.57225042,1349045340
stevewoz,37.29286699,121.99017048,1320709620
stevewoz,37.590063,122.34980915,1332271620
stevewoz,37.232137,121.955542,1324702020
stevewoz,37.00452819,121.5538672,1349038860
stevewoz,37.61493256,122.38250256,1349233920
stevewoz,37.232359,121.955564,1319264160
stevewoz,37.0131433,121.59269929,1332982380
stevewoz,33.640026,84.42624092,1315984680
stevewoz,37.23309608,121.95521593,1344912480
stevewoz,37.232359,121.955564,1319329800
stevewoz,37.358843,121.92777,1311352800
stevewoz,37.45084352,121.90273738,1345030500
stevewoz,37.21581003,121.96437453,1330291200
stevewoz,43.47997784,110.7625401,1315525140
stevewoz,37.61474134,122.38340378,1316011860
stevewoz,37.3848249,122.0822471,1302825240
stevewoz,33.4821474,117.6714235,1307326620
stevewoz,37.00302178,121.55366242,1349038920
stevewoz,37.232808,121.957714,1325302500
stevewoz,37.23389343,121.957889,1327460520
stevewoz,39.29992245,94.72178357,1328208300
stevewoz,37.232562,121.95558,1318132800
stevewoz,38.898098,77.024445,1311090900
stevewoz,37.333242,121.887554,1312579080
stevewoz,37.32601085,122.01519012,1326683820
stevewoz,59.91450967,10.736266,1316513640
stevewoz,37.23309608,121.95521593,1343612100
stevewoz,37.399863,122.11179253,1324425720
stevewoz,37.33605299,121.89410115,1343083740
stevewoz,51.47266928,0.48846245,1350021120
stevewoz,37.21581003,121.96437453,1344182700
stevewoz,34.07299522,118.35948944,1314379500
stevewoz,51.501119,0.192942,1319132940
stevewoz,37.233977,121.955202,1311906540
stevewoz,37.32344707,122.00261593,1330141260
stevewoz,37.384391,122.081491,1310696460
stevewoz,37.80811648,122.2705257,1329783480
stevewoz,37.232137,121.955542,1326080460
stevewoz,38.960154,119.940889,1313045580
stevewoz,37.215026,121.960375,1325727660
stevewoz,37.61161376,122.39014149,1318803720
stevewoz,37.0082134,121.56993804,1333536780
stevewoz,37.232808,121.957714,1326337800
stevewoz,37.32344707,122.00261593,1319366760
stevewoz,37.15520541,121.64995641,1320712920
stevewoz,37.00302178,121.55366242,1346279580
stevewoz,37.014341,121.58567887,1346287800
stevewoz,37.614722,122.382479,1315403820
stevewoz,1.306156,103.828115,1330655520
stevewoz,38.96024305,119.94263649,1313045160
stevewoz,34.06393647,118.399019,1331850120
stevewoz,28.52398302,80.68186641,1310052660
stevewoz,37.0082134,121.56993804,1333859220
stevewoz,19.435718,99.082188,1328772900
stevewoz,37.32344707,122.00261593,1331508180
stevewoz,39.00260746,94.78584409,1328218560
stevewoz,37.309153,122.012091,1315263240
stevewoz,37.28769868,121.94048524,1310314920
stevewoz,37.21581003,121.96437453,1349620500
stevewoz,37.233977,121.955202,1311822000
stevewoz,37.15520541,121.64995641,1333150440
stevewoz,37.32456985,122.032655,1331499960
stevewoz,22.31530176,113.93483162,1330417380
stevewoz,37.014341,121.58567887,1331510580
stevewoz,37.23309608,121.95521593,1343612100
stevewoz,37.21495049,121.9603014,1318154760
stevewoz,43.597482,110.770143,1315629840
stevewoz,37.86797941,122.25742598,1331446440
stevewoz,37.233399,121.955492,1315361580
stevewoz,59.914246,10.733535,1316541900
stevewoz,55.74812983,37.58650303,1322458440
stevewoz,33.091182,117.26607084,1320376440
stevewoz,40.722788,73.994129,1323180540
stevewoz,38.96051001,119.94306564,1351283760
stevewoz,37.78987939,122.3941644,1331557860
stevewoz,37.15520541,121.64995641,1326580740
stevewoz,38.94969753,119.95459358,1351360860
stevewoz,26.129766,28.235478,1315924380
stevewoz,37.25033631,121.84491277,1331415960
stevewoz,1.28442867,103.86235653,1330563960
stevewoz,48.185389,16.372824,1317116160
stevewoz,37.28714812,121.94637537,1323733560
stevewoz,40.69014864,74.17528331,1321114560
stevewoz,22.220372,159.497394,1313549160
stevewoz,37.33099932,121.88808762,1327107240
stevewoz,25.783977,80.262925,1341755520
stevewoz,37.215026,121.960375,1327036620
stevewoz,38.5698837,121.4909482,1308280200
stevewoz,37.21502739,121.96040869,1309471140
stevewoz,37.25116684,121.87895939,1333321320
stevewoz,37.232562,121.95558,1318270860
stevewoz,37.01428584,121.58601791,1347153660
stevewoz,37.25646361,121.87743187,1321555560
stevewoz,37.36647363,122.03197002,1312751940
stevewoz,36.969826,122.02604771,1319933880
stevewoz,36.12063,115.137144,1314712740
stevewoz,37.23250573,121.95835096,1330240320
stevewoz,37.25033631,121.84491277,1324247400
stevewoz,37.79047213,122.42233468,1326755460
stevewoz,51.47266928,0.48846245,1352794200
stevewoz,37.335899,121.894043,1305233280
stevewoz,37.77146864,122.4132865,1351983360
stevewoz,37.32344707,122.00261593,1325881320
stevewoz,40.71438,73.965084,1321136400
stevewoz,31.23735769,121.49519172,1347351900
stevewoz,34.07602997,118.34921332,1331935080
stevewoz,37.21581003,121.96437453,1351127700
stevewoz,40.49663549,74.44138527,1321154760
stevewoz,37.215026,121.960375,1326685500
stevewoz,37.21499321,121.96039259,1311457140
stevewoz,38.94706117,119.95942704,1346590380
stevewoz,38.94969753,119.95459358,1343319120
stevewoz,37.777816,122.39236475,1312732080
stevewoz,60.19363869,11.10447407,1316507700
stevewoz,40.64088867,73.78971577,1312454340
stevewoz,37.014348,121.585716,1351900860
stevewoz,38.96035,119.942921,1308019200
stevewoz,29.852583,31.0287205,1315832100
stevewoz,38.89919099,77.02415943,1311015480
stevewoz,37.768027,122.493653,1313262180
stevewoz,37.33593643,121.894033,1330223940
stevewoz,37.15520541,121.64995641,1327449180
stevewoz,26.12957747,28.2344996,1349742780
stevewoz,37.232808,121.957714,1325129640
stevewoz,37.226611,121.97468,1325968920
stevewoz,40.68992085,74.17510629,1345810680
stevewoz,37.330512,121.888338,1302906540
stevewoz,37.829472,122.28747367,1324677300
stevewoz,37.01314216,121.58807516,1332982440
stevewoz,37.232271,121.958467,1319762400
stevewoz,37.338422,121.956092,1314887040
stevewoz,29.824934,30.957914,1315908360
stevewoz,38.94706117,119.95942704,1346538420
stevewoz,37.21581003,121.96437453,1351911720
stevewoz,50.03729676,8.56040955,1316493900
stevewoz,37.28769868,121.94048524,1311705300
stevewoz,50.05022256,8.57135296,1321853520
stevewoz,26.02476956,28.01030338,1349753520
stevewoz,50.05022256,8.57135296,1322626800
stevewoz,37.00535474,121.57260156,1348962360
stevewoz,37.617817,122.386763,1313753100
stevewoz,37.32640571,122.03193309,1343792700
stevewoz,33.63987081,84.43930462,1349378700
stevewoz,37.23309608,121.95521593,1351128360
stevewoz,37.32456985,122.032655,1317834060
stevewoz,34.10096674,118.34167957,1314329820
stevewoz,40.69372392,74.17237043,1321367940
stevewoz,37.0131433,121.59269929,1330826220
stevewoz,6.23474712,106.8255321,1342505100
stevewoz,37.232808,121.957714,1324432920
stevewoz,48.184129,16.32972541,1317109980
stevewoz,37.01314216,121.58807516,1333929360
stevewoz,33.93167441,151.17690836,1348519440
stevewoz,38.96035,119.942921,1308014580
stevewoz,37.232137,121.955542,1325300340
stevewoz,22.220829,159.497594,1313522400
stevewoz,37.014341,121.58567887,1332979320
stevewoz,38.97329199,95.23358818,1345860420
stevewoz,37.23389343,121.957889,1343008320
stevewoz,37.61707283,122.38347067,1344175440
stevewoz,37.232271,121.958467,1320031980
stevewoz,37.32456985,122.032655,1351206300
stevewoz,37.77833859,122.3894012,1312734840
stevewoz,37.232271,121.958467,1324433160
stevewoz,37.21495049,121.9603014,1315008120
stevewoz,37.225195,121.982245,1325870280
stevewoz,41.53317383,93.6500144,1331284140
stevewoz,38.6852632,121.1605707,1308402360
stevewoz,37.76848996,122.49172968,1344794580
stevewoz,50.820404,0.14303,1302240600
stevewoz,33.86765844,151.2074467,1348508280
stevewoz,37.25033631,121.84491277,1320531960
stevewoz,37.00302178,121.55366242,1342046700
stevewoz,33.539564,111.9244228,1303252200
stevewoz,37.32456985,122.032655,1343835300
stevewoz,40.69664827,74.17739153,1345585320
stevewoz,38.96024305,119.94263649,1343296200
stevewoz,38.894839,77.021491,1344114300
stevewoz,49.19615366,123.17747316,1327173360
stevewoz,37.61256565,122.39348888,1342238220
stevewoz,37.66819568,144.84615326,1348697760
stevewoz,37.215026,121.960375,1325999760
stevewoz,59.903091,10.698644,1316601540
stevewoz,37.00428551,121.57225042,1348962300
stevewoz,28.52311577,80.68188787,1310052600
stevewoz,37.23250573,121.95835096,1345384200
stevewoz,38.96024305,119.94263649,1324863480
stevewoz,49.1978027,123.17969799,1347288360
stevewoz,40.807739,111.950277,1315423860
stevewoz,59.914246,10.733535,1316627820
stevewoz,37.21581003,121.96437453,1343615580
stevewoz,38.9602514,119.94242191,1351394700
stevewoz,33.63980393,84.425689,1315684260
stevewoz,37.25022883,121.845715,1326931860
stevewoz,25.1538816,80.388559,1309974360
stevewoz,42.72043573,84.49397833,1304679960
stevewoz,40.65020146,73.78259182,1323261480
stevewoz,25.771977,80.329461,1341780120
stevewoz,24.02346922,104.67569013,1350505080
stevewoz,26.129684,28.233152,1315918320
stevewoz,37.21581003,121.96437453,1330750020
stevewoz,37.232137,121.955542,1325127300
stevewoz,37.21581003,121.96437453,1352347980
stevewoz,37.233977,121.955202,1312763460
stevewoz,37.23309608,121.95521593,1332985920
stevewoz,37.0131433,121.59269929,1331513040
stevewoz,37.232137,121.955542,1327725060
stevewoz,37.23250573,121.95835096,1341971460
stevewoz,37.0131433,121.59269929,1329876480
stevewoz,39.29318024,94.71246854,1328535480
stevewoz,35.66288776,121.25710665,1325708580
stevewoz,37.01314216,121.58807516,1330826160
stevewoz,37.32456985,122.032655,1330041780
stevewoz,37.335338,121.88345327,1330214580
stevewoz,37.00447191,121.55312061,1325719320
stevewoz,38.95909177,119.94124174,1313045340
stevewoz,37.399863,122.11179253,1329258060
stevewoz,33.79888877,117.91853428,1307727900
stevewoz,37.21505916,121.96041717,1326036420
stevewoz,37.2506096,121.87919408,1327878720
stevewoz,27.47430197,153.02040601,1348119660
stevewoz,38.5344073,121.74902916,1351553760
stevewoz,37.2327664,121.95782329,1348800120
stevewoz,37.32338308,121.81245804,1321400340
stevewoz,37.00447191,121.55312061,1349038860
stevewoz,37.79047213,122.42233468,1343595420
stevewoz,37.66778804,144.84617472,1348694040
stevewoz,37.61333904,122.3887682,1330357320
stevewoz,29.62067529,31.10489988,1315753560
stevewoz,37.250165,121.843086,1304461020
stevewoz,37.21495049,121.9603014,1316022540
stevewoz,37.00443193,121.57317006,1345417080
stevewoz,37.21495049,121.9603014,1319945280
stevewoz,34.05845491,118.4190774,1331851140
stevewoz,37.21581003,121.96437453,1345549560
stevewoz,47.43333469,19.26267564,1316785440
stevewoz,37.24364563,122.03125522,1320543900
stevewoz,37.01333225,121.59269256,1333536540
stevewoz,37.33275047,121.90119624,1305922920
stevewoz,48.3533402,11.79056168,1317629940
stevewoz,37.23250573,121.95835096,1327461420
stevewoz,37.86939079,122.26219475,1326413880
stevewoz,29.852583,31.0287205,1315815600
stevewoz,38.96051001,119.94306564,1343235420
stevewoz,6.12346553,106.64982319,1342585800
stevewoz,27.46917324,153.02677274,1347841680
stevewoz,37.014341,121.58567887,1345417440
stevewoz,37.21495049,121.9603014,1312512240
stevewoz,37.25303068,121.8794167,1312654140
stevewoz,37.0131433,121.59269929,1330053420
stevewoz,44.88429492,93.20876956,1331292420
stevewoz,37.25033631,121.84491277,1315092600
stevewoz,37.61851465,122.39301682,1316450820
stevewoz,37.25033631,121.84491277,1325029440
stevewoz,37.23309608,121.95521593,1333072740
stevewoz,37.01314216,121.58807516,1334019060
stevewoz,19.43735571,99.07766819,1328560080
stevewoz,37.21581003,121.96437453,1333416840
stevewoz,40.69760811,74.17525649,1345581300
stevewoz,37.215026,121.960375,1325389920
stevewoz,37.61834468,122.39121437,1328798520
stevewoz,37.559245,122.341801,1320002940
stevewoz,37.61333904,122.3887682,1336406400
stevewoz,40.78840639,111.978943,1315659120
stevewoz,39.29312557,94.71274853,1328535600
stevewoz,36.08143049,115.1371479,1331141400
stevewoz,37.32456985,122.032655,1323641340
stevewoz,38.95469267,119.94424849,1351306440
stevewoz,38.69100342,121.16216183,1351528380
stevewoz,38.960154,119.940889,1313086020
stevewoz,50.047571,8.560948,1316497860
stevewoz,37.21495049,121.9603014,1323961920
stevewoz,37.21502739,121.96040869,1309645980
stevewoz,37.0082134,121.56993804,1333930860
stevewoz,37.78464,122.40649,1324079400
stevewoz,37.324579,122.03263521,1314831840
stevewoz,32.89556768,97.03621058,1345835760
stevewoz,32.89513745,97.03710794,1350659580
stevewoz,37.30142966,121.949507,1326331320
stevewoz,37.62048621,122.38984108,1321394100
stevewoz,37.33275047,121.90119624,1326845520
stevewoz,38.96024305,119.94263649,1351299180
stevewoz,38.89619337,77.02577949,1311019560
stevewoz,37.61810673,122.38770336,1313752260
stevewoz,37.79258838,122.401014,1319454720
stevewoz,55.94787818,3.36507797,1345782360
stevewoz,42.36286453,71.01786733,1346178180
stevewoz,37.229466,121.98114235,1323638100
stevewoz,37.21505916,121.96041717,1325999700
stevewoz,26.01712293,28.00340676,1349944980
stevewoz,37.61493256,122.38250256,1312478640
stevewoz,37.32640571,122.03193309,1329545280
stevewoz,50.820404,0.14303,1302107520
stevewoz,38.9602514,119.94242191,1351426980
stevewoz,48.14146339,17.10921049,1316942400
stevewoz,38.96078278,119.94071336,1324990080
stevewoz,38.97366495,95.23474932,1345930980
stevewoz,37.77146864,122.4132865,1351983660
stevewoz,34.38550471,118.57159965,1330878540
stevewoz,38.96051001,119.94306564,1324875060
stevewoz,37.6209281,122.39039898,1313413140
stevewoz,37.25033631,121.84491277,1328914980
stevewoz,37.32344707,122.00261593,1330745940
stevewoz,37.25033631,121.84491277,1343521260
stevewoz,37.223379,121.983688,1313891220
stevewoz,37.00452819,121.5538672,1348953600
stevewoz,33.6394816,84.43577756,1349254680
stevewoz,38.960154,119.940889,1313059080
stevewoz,37.21499321,121.96039259,1310671320
stevewoz,37.62048621,122.38984108,1327437180
stevewoz,40.49663549,74.44138527,1321120500
stevewoz,38.927683,95.25975108,1328489820
stevewoz,37.25033631,121.84491277,1350263160
stevewoz,51.51219797,0.12352377,1319035560
stevewoz,37.2499851,121.87463902,1324159200
stevewoz,37.78498282,122.418852,1331426640
stevewoz,37.33500747,121.88027288,1333106340
stevewoz,37.23389343,121.957889,1325128620
stevewoz,37.01314216,121.58807516,1333157220
stevewoz,37.32344707,122.00261593,1325035440
stevewoz,37.23309608,121.95521593,1333933620
stevewoz,37.223133,121.981431,1313963640
stevewoz,37.61803874,122.39331722,1321805880
stevewoz,37.26022503,122.06440516,1343949000
stevewoz,37.232137,121.955542,1326338460
stevewoz,37.01375,121.58240197,1351905180
stevewoz,37.232359,121.955564,1319759640
stevewoz,28.00626157,153.42971563,1307073180
stevewoz,37.23389343,121.957889,1324432320
stevewoz,47.49458855,19.04904842,1316860380
stevewoz,40.17782816,44.51155901,1320860220
stevewoz,37.309153,122.012091,1324746780
stevewoz,37.32344707,122.00261593,1325936040
stevewoz,37.25033631,121.84491277,1313878140
stevewoz,37.223133,121.981431,1343753640
stevewoz,28.3984263,80.6156147,1310011740
stevewoz,37.221398,121.98096,1327668960
stevewoz,28.524193,80.682334,1310052600
stevewoz,37.33593643,121.894033,1312575660
stevewoz,37.21581003,121.96437453,1332439320
stevewoz,40.17782816,44.51155901,1321007640
stevewoz,37.25033631,121.84491277,1323555240
stevewoz,59.914246,10.733535,1316512560
stevewoz,37.25033631,121.84491277,1327971240
stevewoz,37.21581003,121.96437453,1344958440
stevewoz,37.32344707,122.00261593,1323603240
stevewoz,39.5272281,119.8135014,1308181140
stevewoz,37.225183,121.982254,1311886320
stevewoz,28.355038,80.684667,1310163060
stevewoz,36.126409,115.165229,1314718500
stevewoz,37.21581003,121.96437453,1351832400
stevewoz,37.409664,122.083668,1302829020
stevewoz,34.12033169,118.13341141,1351024860
stevewoz,37.21581003,121.96437453,1332999600
stevewoz,38.90500078,77.02296031,1311081960
stevewoz,38.92938557,95.26017666,1328306880
stevewoz,13.20054884,77.7098608,1322673780
stevewoz,37.25033631,121.84491277,1332025260
stevewoz,55.75006212,37.58317709,1322259600
stevewoz,43.597482,110.770143,1315580880
stevewoz,37.32456985,122.032655,1330041780
stevewoz,37.21581003,121.96437453,1342003020
stevewoz,37.21581003,121.96437453,1352419260
stevewoz,37.28733591,121.93468094,1313368560
stevewoz,25.78395331,80.26299603,1341617400
stevewoz,37.215026,121.960375,1325217780
stevewoz,37.21495049,121.9603014,1317694920
stevewoz,37.2865506,121.93279266,1313757780
stevewoz,37.225195,121.982245,1328030220
stevewoz,37.0082134,121.56993804,1327718340
stevewoz,37.61474134,122.38340378,1349402880
stevewoz,37.08540729,121.59777466,1345410960
stevewoz,38.960486,119.94299022,1313045160
stevewoz,49.19782899,123.17350477,1327171800
stevewoz,47.5028,19.057993,1316840520
stevewoz,32.71871044,117.17273037,1350779040
stevewoz,37.01314216,121.58807516,1332115680
stevewoz,38.960486,119.94299022,1313045280
stevewoz,37.28769868,121.94048524,1309368780
stevewoz,48.14146339,17.10921049,1317055740
stevewoz,38.69100342,121.16216183,1346597940
stevewoz,33.85903716,151.208537,1348380240
stevewoz,37.32601085,122.01519012,1325637240
stevewoz,34.07299522,118.35948944,1314316740
stevewoz,37.21495049,121.9603014,1315324140
stevewoz,37.014341,121.58567887,1349046000
stevewoz,40.720728,73.995095,1323174600
stevewoz,37.61562519,122.3893261,1350066480
stevewoz,37.232359,121.955564,1319329800
stevewoz,37.323409,122.002852,1305369240
stevewoz,37.25033631,121.84491277,1316386800
stevewoz,37.33593643,121.894033,1326839940
stevewoz,47.50069189,19.05305028,1316848500
stevewoz,35.62670777,120.68865383,1324570500
stevewoz,37.367387,121.915733,1324584900
stevewoz,37.32344707,122.00261593,1326934140
stevewoz,40.68597166,74.18008902,1345822860
stevewoz,37.768984,122.490911,1313262780
stevewoz,38.948756,77.452623,1311145320
stevewoz,37.61709543,122.3890847,1350316320
stevewoz,37.23389343,121.957889,1325301840
stevewoz,37.28767734,121.94047451,1301760420
stevewoz,38.95909177,119.94124174,1343165580
stevewoz,37.78913699,122.40720034,1331553300
stevewoz,37.25033631,121.84491277,1344378840
stevewoz,37.28769868,121.94048524,1349470260
stevewoz,37.232271,121.958467,1326514800
stevewoz,28.523611,80.682551,1310052600
stevewoz,48.185346,16.313053,1317123000
stevewoz,38.959931,119.942163,1313121180
stevewoz,37.33580738,121.89399797,1301781780
stevewoz,37.23295157,121.95787883,1329269460
stevewoz,42.06101933,88.04162195,1351700160
stevewoz,37.23233581,121.95551818,1329964740
stevewoz,37.808136,122.270692,1332265620
stevewoz,37.77007019,122.49245167,1349546280
stevewoz,38.9602514,119.94242191,1324915320
stevewoz,37.23250573,121.95835096,1327640760
stevewoz,40.64711241,73.79278636,1341260640
stevewoz,37.41437555,122.07744956,1314021900
stevewoz,37.08447455,121.59754062,1344814560
stevewoz,37.433818,121.89328,1345038840
stevewoz,37.255999,122.03526922,1310871900
stevewoz,37.232359,121.955564,1319762820
stevewoz,38.69100342,121.16216183,1346448060
stevewoz,49.19782899,123.17350477,1347286920
stevewoz,37.014341,121.58567887,1329958680
stevewoz,37.358692,121.90283886,1325547420
stevewoz,36.12635861,115.16668439,1314478920
stevewoz,32.8996957,97.03708649,1328545080
stevewoz,37.21581003,121.96437453,1331322720
stevewoz,37.79047213,122.42233468,1343445240
stevewoz,26.07316693,80.14371872,1349263800
stevewoz,37.329835,121.885628,1327961220
stevewoz,37.232137,121.955542,1323829080
stevewoz,38.94276,95.26975,1328381880
stevewoz,37.15520541,121.64995641,1332887460
stevewoz,33.76232696,118.19280624,1350846600
stevewoz,37.0082134,121.56993804,1325116260
stevewoz,37.15520541,121.64995641,1350162960
stevewoz,37.32456985,122.032655,1316017260
stevewoz,37.620121,122.38622834,1319228100
stevewoz,38.96024305,119.94263649,1329623280
stevewoz,50.8202929,0.1429918,1302171420
stevewoz,37.00447191,121.55312061,1349141880
stevewoz,37.00447191,121.55312061,1345411680
stevewoz,37.23309608,121.95521593,1341971520
stevewoz,37.42930801,122.16080189,1326560160
stevewoz,41.53317383,93.6500144,1331171220
stevewoz,47.815286,13.043072,1317218880
stevewoz,37.23389343,121.957889,1326336840
stevewoz,37.21495049,121.9603014,1319266440
stevewoz,28.52353055,80.68301439,1310052540
stevewoz,37.77833859,122.3894012,1319563140
stevewoz,37.232137,121.955542,1326514680
stevewoz,37.33275047,121.90119624,1303001460
stevewoz,37.21581003,121.96437453,1333938600
stevewoz,37.66983512,144.84836862,1348692240
stevewoz,37.260323,122.064473,1312075140
stevewoz,37.232359,121.955564,1319414280
stevewoz,37.21581003,121.96437453,1333533600
stevewoz,21.976981,159.349572,1313693880
stevewoz,37.014341,121.58567887,1330825020
stevewoz,37.233797,121.955332,1313979300
stevewoz,25.79772748,80.28110614,1341821520
stevewoz,37.33500747,121.88027288,1333198680
stevewoz,37.2327664,121.95782329,1343008980
stevewoz,50.03687707,8.54106849,1322626680
stevewoz,40.69760811,74.17525649,1345581300
stevewoz,37.21581003,121.96437453,1333080780
stevewoz,37.76800083,122.49305248,1344706440
stevewoz,33.63800285,84.43604171,1349378220
stevewoz,37.61709543,122.3890847,1320784500
stevewoz,37.399863,122.11179253,1320777180
stevewoz,37.61848065,122.38649368,1347276660
stevewoz,37.22808603,121.98096,1321470120
stevewoz,32.7849294,96.79482937,1350610140
stevewoz,26.135797,28.231455,1315747380
stevewoz,34.1523674,118.3461374,1332001080
stevewoz,37.232808,121.957714,1325991840
stevewoz,38.95310054,77.44912368,1344016140
stevewoz,47.49446532,19.05182719,1316856240
stevewoz,37.21495049,121.9603014,1312081980
stevewoz,39.95656559,75.19702048,1341862560
stevewoz,37.01333225,121.59269256,1333413600
stevewoz,34.05845491,118.4190774,1331839140
stevewoz,37.28769868,121.94048524,1312046160
stevewoz,37.00447191,121.55312061,1344210480
stevewoz,37.32456985,122.032655,1325370960
stevewoz,26.02476956,28.01030338,1349922540
stevewoz,37.223372,121.98371,1316195400
stevewoz,37.32459192,122.032662,1312217280
stevewoz,19.44045159,99.22409534,1328711580
stevewoz,37.2327664,121.95782329,1341971460
stevewoz,37.23250573,121.95835096,1348800240
stevewoz,37.61387436,122.38902513,1336406220
stevewoz,37.232271,121.958467,1325302800
stevewoz,37.08540729,121.59777466,1346279040
stevewoz,37.232137,121.955542,1325478720
stevewoz,35.3543038,119.331368,1333547700
stevewoz,36.56878409,121.95028568,1352120160
stevewoz,37.80811648,122.2705257,1329783660
stevewoz,37.33161587,122.03326285,1312153620
stevewoz,37.33500747,121.88027288,1333059060
stevewoz,32.90428975,97.03622818,1345837260
stevewoz,22.31236383,113.93549681,1330693920
stevewoz,37.429688,122.25508163,1323380880
stevewoz,31.94101,115.97425,1336502100
stevewoz,37.790327,122.42217,1319502480
stevewoz,50.84588619,4.35635805,1352738940
stevewoz,48.14146339,17.10921049,1317014880
stevewoz,43.03103534,87.93534279,1351722840
stevewoz,37.21505916,121.96041717,1325988600
stevewoz,37.32456985,122.032655,1319322600
stevewoz,37.08447455,121.59754062,1343509260
stevewoz,37.61562519,122.3893261,1342664760
stevewoz,37.01908036,121.57387233,1344646500
stevewoz,37.014341,121.58567887,1332114720
stevewoz,37.326461,122.031932,1325889900
stevewoz,37.61858263,122.39318848,1320784620
stevewoz,40.78823984,111.979082,1315659060
stevewoz,37.08474211,121.59754062,1344814560
stevewoz,37.25033631,121.84491277,1346712000
stevewoz,37.21499321,121.96039259,1311647040
stevewoz,37.21495049,121.9603014,1314195480
stevewoz,51.51248582,0.15078588,1341153900
stevewoz,37.25122154,121.86833,1319752440
stevewoz,37.15520541,121.64995641,1332368160
stevewoz,40.787573,111.982129,1311343980
stevewoz,51.496475,0.206781,1319103960
stevewoz,37.014341,121.58567887,1345329900
stevewoz,51.51248582,0.15078588,1341080100
stevewoz,37.2871,121.941,1301674140
stevewoz,37.2865506,121.93279266,1314208620
stevewoz,12.97615351,77.60157198,1322798760
stevewoz,37.232137,121.955542,1325303460
stevewoz,37.36647363,122.03197002,1319840280
stevewoz,37.769148,122.452545,1328827980
stevewoz,37.233114,121.955501,1316305200
stevewoz,37.61778959,122.38669052,1336321680
stevewoz,37.2327664,121.95782329,1350271440
stevewoz,36.127847,115.164814,1314484980
stevewoz,37.25033631,121.84491277,1327537980
stevewoz,37.23295157,121.95787883,1330240020
stevewoz,37.32459192,122.032662,1312668960
stevewoz,37.34797528,121.89907512,1346429040
stevewoz,51.47266928,0.48846245,1352548800
stevewoz,38.96024305,119.94263649,1324773660
stevewoz,34.385517,118.571589,1320166680
stevewoz,37.32456985,122.032655,1318198020
stevewoz,37.32456985,122.032655,1329353880
stevewoz,19.42160728,99.0785265,1350370680
stevewoz,51.496475,0.206781,1318848720
stevewoz,51.1879493,2.27756409,1341063480
stevewoz,37.61161376,122.39014149,1319228340
stevewoz,37.32456985,122.032655,1317688140
stevewoz,39.29962604,94.7219907,1328208720
stevewoz,36.081248,115.138596,1331141580
stevewoz,37.77007019,122.49245167,1344707460
stevewoz,37.25033631,121.84491277,1309389660
stevewoz,37.32456985,122.032655,1329865620
stevewoz,37.00302178,121.55366242,1342133280
stevewoz,31.15472668,121.80593302,1347783660
stevewoz,37.22790398,121.98170832,1311704160
stevewoz,37.23309608,121.95521593,1350183900
stevewoz,37.33161587,122.03326285,1345510740
stevewoz,1.28421546,103.8598652,1330443240
stevewoz,37.231499,121.97935,1325216820
stevewoz,40.685963,111.556047,1311177540
stevewoz,37.32456985,122.032655,1316361060
stevewoz,36.97543824,121.96493626,1319928360
stevewoz,37.36647363,122.03197002,1318454760
stevewoz,37.790327,122.42217,1317934800
stevewoz,36.98012127,122.0103944,1336344240
stevewoz,37.215026,121.960375,1325988660
stevewoz,27.46917324,153.02677274,1347918480
stevewoz,38.96024305,119.94263649,1343165640
stevewoz,37.215026,121.960375,1324141980
stevewoz,37.215026,121.960375,1326078420
stevewoz,37.25122223,121.868309,1314913560
stevewoz,37.21581003,121.96437453,1350186300
stevewoz,38.96024305,119.94263649,1308014580
stevewoz,37.36662498,121.9263044,1311352560
stevewoz,37.21581003,121.96437453,1345517580
stevewoz,19.42711164,99.19260654,1328620260
stevewoz,39.29309236,94.71309185,1345848060
stevewoz,37.232137,121.955542,1327459200
stevewoz,37.61493256,122.38250256,1312286400
stevewoz,50.048134,8.572587,1316494080
stevewoz,34.12033169,118.13341141,1350876480
stevewoz,37.28769868,121.94048524,1311956820
stevewoz,37.21581003,121.96437453,1331451180
stevewoz,37.25033631,121.84491277,1331415960
stevewoz,47.815286,13.043072,1317291000
stevewoz,55.748416,37.5880376,1322356440
stevewoz,37.21581003,121.96437453,1343040960
stevewoz,37.21495049,121.9603014,1312055040
stevewoz,37.21499321,121.96039259,1310699640
stevewoz,37.23309608,121.95521593,1348797720
stevewoz,37.77007019,122.49245167,1344708780
stevewoz,41.044707,29.016885,1321930320
stevewoz,37.223133,121.981431,1311610560
stevewoz,33.86765844,151.2074467,1348274340
stevewoz,37.01333225,121.59269256,1333930620
stevewoz,37.6149793,122.38348961,1315399980
stevewoz,37.23233581,121.95551818,1330061160
stevewoz,37.2871,121.941,1301674320
stevewoz,22.31452759,113.92423153,1336466820
stevewoz,37.347897,121.959452,1329923760
stevewoz,37.233977,121.955202,1311557340
stevewoz,38.960486,119.94299022,1313121120
stevewoz,37.23233581,121.95551818,1332030840
stevewoz,25.09486,80.440584,1309974720
stevewoz,37.00302178,121.55366242,1350073200
stevewoz,39.11123761,94.82596777,1328378460
stevewoz,37.399863,122.11179253,1320777180
stevewoz,38.90176266,77.02381611,1311025500
stevewoz,37.223133,121.981431,1319652060
stevewoz,38.973178,95.2334137,1328414100
stevewoz,38.90176266,77.02381611,1310934420
stevewoz,37.01360115,121.59232477,1345421520
stevewoz,22.31435885,113.93105507,1342291080
stevewoz,37.039027,121.540514,1327918620
stevewoz,37.21495049,121.9603014,1320456600
stevewoz,40.97652,28.816369,1322185620
stevewoz,37.61684897,122.38104343,1346207460
stevewoz,37.21495049,121.9603014,1318701780
stevewoz,21.976451,159.350393,1313723700
stevewoz,37.01314216,121.58807516,1331513040
stevewoz,38.95909177,119.94124174,1324772160
stevewoz,38.96051001,119.94306564,1329626400
stevewoz,37.01314216,121.58807516,1332374460
stevewoz,37.32456985,122.032655,1316280300
stevewoz,32.73347444,117.20133305,1350673440
stevewoz,33.63969105,84.43934083,1315989660
stevewoz,26.06912199,80.14389144,1349367720
stevewoz,19.4268017,99.19681996,1328722980
stevewoz,37.215026,121.960375,1324579260
stevewoz,37.0058085,174.78248119,1348715340
stevewoz,38.96035,119.942921,1308076620
stevewoz,37.23389343,121.957889,1328845740
stevewoz,37.00452819,121.5538672,1352241720
stevewoz,40.78840639,111.978943,1315411740
stevewoz,47.36665412,8.536214,1332647400
stevewoz,36.97477142,121.955513,1325974020
stevewoz,38.89628522,77.0258975,1344085800
stevewoz,40.786986,111.983187,1315416540
stevewoz,37.36647363,122.03197002,1305586380
stevewoz,37.25033631,121.84491277,1313185440
stevewoz,37.61324457,122.38992687,1349649600
stevewoz,37.21426696,121.95841312,1311825960
stevewoz,38.96024305,119.94263649,1313121120
stevewoz,37.32344707,122.00261593,1349627700
stevewoz,37.23309608,121.95521593,1333072680
stevewoz,41.977658,87.910645,1321822860
stevewoz,37.23389343,121.957889,1345384260
stevewoz,37.33161587,122.03326285,1317852540
stevewoz,37.2506096,121.87919408,1333318440
stevewoz,37.0082134,121.56993804,1326157860
stevewoz,22.31083529,113.92605543,1330417860
stevewoz,51.17886209,1.82619542,1318942140
stevewoz,32.79226762,96.80343808,1336208280
stevewoz,37.24447,122.03088,1310778060
stevewoz,37.23233581,121.95551818,1330237860
stevewoz,37.32079789,121.94965303,1318261560
stevewoz,37.22964843,121.98219991,1310499360
stevewoz,37.23233581,121.95551818,1332119880
stevewoz,37.23015828,121.9809596,1312130520
stevewoz,22.31389236,113.92514348,1336466880
stevewoz,24.03429588,104.68137874,1350581700
stevewoz,40.71863981,74.00064468,1323044940
stevewoz,36.12635861,115.16668439,1314514260
stevewoz,37.014341,121.58567887,1344819600
stevewoz,37.32344707,122.00261593,1332333180
stevewoz,37.215026,121.960375,1325483640
stevewoz,38.96078278,119.94071336,1324990080
stevewoz,37.21495049,121.9603014,1314763080
stevewoz,37.771075,122.412843,1323902220
stevewoz,35.61673207,119.65885443,1332011700
stevewoz,37.233399,121.955492,1316135580
stevewoz,22.22006551,159.4969368,1313522400
stevewoz,37.00443193,121.57317006,1348962300
stevewoz,42.36080137,71.05534047,1302289680
stevewoz,37.28687923,121.93288922,1318378080
stevewoz,37.33566794,121.88528538,1330214520
stevewoz,37.25033631,121.84491277,1313185440
stevewoz,49.8639,8.55511,1322976360
stevewoz,37.25033631,121.84491277,1344903540
stevewoz,33.80930157,117.92340517,1307765460
stevewoz,59.914246,10.733535,1316698740
stevewoz,24.717924,81.06758,1309978260
stevewoz,37.21499321,121.96039259,1310754960
stevewoz,37.409664,122.083668,1301615580
stevewoz,37.014341,121.58567887,1334019120
stevewoz,33.76232696,118.19280624,1350847140
stevewoz,37.23250573,121.95835096,1347161520
stevewoz,25.661851,80.387236,1309971720
stevewoz,38.95481138,119.94405649,1343337060
stevewoz,37.781722,122.43232459,1342743120
stevewoz,38.53542697,121.74632549,1351541460
stevewoz,37.2277725,121.9814668,1314901920
stevewoz,37.28892803,121.93333702,1349127900
stevewoz,48.357353,11.791784,1317636780
stevewoz,51.4601305,0.44726372,1321077060
stevewoz,38.96024305,119.94263649,1351283760
stevewoz,41.560023,93.79147512,1331216160
stevewoz,37.232808,121.957714,1326863520
stevewoz,37.21495049,121.9603014,1320529560
stevewoz,37.399777,122.111843,1303857360
stevewoz,13.20117569,77.710208,1322937360
stevewoz,36.12635861,115.16668439,1314718560
stevewoz,36.126409,115.165229,1314596820
stevewoz,37.21581003,121.96437453,1333482000
stevewoz,1.3616186,103.99153948,1330675020
stevewoz,19.43689927,99.0821615,1350345720
stevewoz,37.32459192,122.032662,1301851920
stevewoz,33.642983,84.43905733,1349381460
stevewoz,37.00729474,174.78231657,1348718640
stevewoz,37.232137,121.955542,1326765780
stevewoz,37.61858263,122.39318848,1317683760
stevewoz,37.278435,121.95103493,1332445620
stevewoz,37.23250573,121.95835096,1328846820
stevewoz,37.25033631,121.84491277,1348787340
stevewoz,37.351434,121.971458,1315062420
stevewoz,39.00206566,94.78607476,1345854000
stevewoz,37.23389343,121.957889,1325991060
stevewoz,37.29376366,121.93119215,1344961380
stevewoz,37.01314216,121.58807516,1333237680
stevewoz,37.32338307,122.0476986,1320102180
stevewoz,37.00302178,121.55366242,1342133280
stevewoz,37.21499321,121.96039259,1311361320
stevewoz,37.32344707,122.00261593,1351944120
stevewoz,37.21495049,121.9603014,1319771400
stevewoz,37.32456985,122.032655,1325957580
stevewoz,37.01314216,121.58807516,1333859460
stevewoz,37.61797076,122.38782406,1328193000
stevewoz,38.96051001,119.94306564,1351426920
stevewoz,50.84359612,4.35760589,1352736600
stevewoz,37.32456985,122.032655,1343921760
stevewoz,37.21495049,121.9603014,1323742440
stevewoz,37.23389343,121.957889,1327639620
stevewoz,40.151916,44.400194,1321052040
stevewoz,40.788053,111.981842,1311337380
stevewoz,19.436673,99.080602,1328771280
stevewoz,37.25033631,121.84491277,1324509000
stevewoz,34.0978235,118.34182427,1351085940
stevewoz,31.23735769,121.49519172,1347756180
stevewoz,37.32601085,122.01519012,1325378400
stevewoz,36.12635861,115.16668439,1314432480
stevewoz,37.23233581,121.95551818,1330750800
stevewoz,37.0131433,121.59269929,1333237680
stevewoz,37.014341,121.58567887,1330300500
stevewoz,37.232137,121.955542,1327638300
stevewoz,37.25033631,121.84491277,1319673660
stevewoz,37.25033631,121.84491277,1321657740
stevewoz,38.96051001,119.94306564,1343165580
stevewoz,40.69879569,74.18003082,1345587600
stevewoz,37.223133,121.981431,1318350240
stevewoz,31.23735769,121.49519172,1347691020
stevewoz,51.47208118,0.48090935,1352800980
