suki247,52.50940509,13.42407295,1304539920
suki247,52.50922877,13.42387372,1319357940
suki247,52.5092805,13.42409069,1296074820
suki247,48.18327447,11.61141157,1286353620
suki247,52.50923828,13.42407568,1292777700
suki247,52.50956761,13.42460948,1280562660
suki247,52.50937578,13.42404416,1288031520
suki247,52.50944429,13.42409136,1304539680
suki247,52.50940253,13.42406557,1315853040
suki247,52.50937578,13.42404416,1288031400
suki247,52.50959515,13.42367947,1290027660
suki247,48.17696116,11.55856133,1285049460
suki247,52.47143598,13.26504707,1291873140
suki247,52.5090136,13.42396,1286566440
suki247,52.50956761,13.42460948,1280562240
suki247,52.50899302,13.42422235,1277818560
suki247,52.50953996,13.42364609,1288031940
suki247,52.5092269,13.4240545,1304539920
suki247,52.50956761,13.42460948,1280562600
suki247,52.50956761,13.42460948,1280562900
suki247,52.50923052,13.42418736,1288468080
suki247,52.50791132,13.4227271,1317057060
suki247,52.50909736,13.42388088,1282323600
suki247,52.50934909,13.42404367,1296071760
suki247,52.50935344,13.42404375,1307646900
suki247,48.35764635,11.782794,1286356920
suki247,52.50956761,13.42460948,1279348920
suki247,52.50972974,13.42469084,1279174020
suki247,52.50972974,13.42469084,1279137600
suki247,52.50917572,13.42392068,1317056700
suki247,52.50930041,13.42403811,1292789280
suki247,52.50956761,13.42460948,1280513880
suki247,52.50899302,13.42422235,1277818920
suki247,52.53705883,13.42779052,1293017580
suki247,52.50972974,13.42469084,1279185420
suki247,52.50942881,13.42403184,1293316260
suki247,52.5090136,13.42396,1288030860
suki247,52.50937578,13.42404416,1288031280
suki247,52.50926054,13.42413985,1295896140
suki247,52.50923052,13.42418736,1288468080
suki247,52.5092585,13.42391232,1319358600
suki247,52.50937374,13.42403856,1304539800
suki247,52.50944217,13.42410181,1304539800
suki247,52.50921024,13.42395387,1292865420
suki247,52.527299,13.41566116,1288560480
suki247,52.51011925,13.42713087,1298196600
suki247,52.5090136,13.42396,1286738940
suki247,52.50956761,13.42460948,1279218300
suki247,52.50924941,13.4239926,1317061620
suki247,52.50956761,13.42460948,1279218240
suki247,52.50956761,13.42460948,1280513820
suki247,52.50913287,13.42403496,1293202500
suki247,52.50937578,13.42404416,1288031340
suki247,48.176044,11.557564,1285051860
suki247,52.50937578,13.42404416,1288031220
suki247,52.50924941,13.4239926,1317061560
suki247,52.50941744,13.42406088,1320699000
suki247,52.50923052,13.42418736,1288468260
suki247,52.5090136,13.42396,1285092660
