tessa,33.7872551,84.3833627,1299259920
tessa,33.78501,84.3793,1299157740
tessa,59.33361,17.98002,1313949780
tessa,33.76776,84.41806,1350552480
tessa,40.74118146,74.00233963,1352348940
tessa,40.687787,73.952064,1329799740
tessa,40.755027,73.98729801,1326938640
tessa,59.33361,17.98002,1313952660
tessa,48.85884,2.34693,1311604620
tessa,39.950804,75.14566663,1327518240
tessa,59.33361,17.98002,1313987760
tessa,60.3591,5.42346,1312800480
tessa,40.69744,73.97968,1351630560
tessa,40.69744,73.97968,1351204500
tessa,40.69744,73.97968,1351630320
tessa,59.33361,17.98002,1314287460
tessa,33.66888,84.47532,1350543480
tessa,40.73857556,73.98832798,1343080860
tessa,59.33361,17.98002,1314286200
tessa,33.63658,84.45783,1348385160
tessa,33.76776,84.41806,1316010480
tessa,40.69744,73.97968,1351587900
tessa,40.70159374,73.995924,1341505020
tessa,40.72215257,73.98682594,1343162820
tessa,40.69744,73.97968,1351587960
tessa,30.2652992,97.7384638,1300108380
tessa,49.10482,6.19605,1311934980
tessa,60.3591,5.42346,1312800180
tessa,33.774403,84.36624527,1306340340
tessa,40.69744,73.97968,1351595700
tessa,40.69744,73.97968,1341682620
tessa,40.69744,73.97968,1351617000
tessa,40.69744,73.97968,1341670080
tessa,40.69744,73.97968,1341911820
tessa,44.21508,20.9238,1310233080
tessa,30.27261,97.74348,1299931380
tessa,59.33361,17.98002,1313950500
tessa,48.87216377,2.33333409,1309869420
tessa,48.85884,2.34693,1310829420
tessa,40.78088,73.97718,1341912660
tessa,33.76776,84.41806,1349348220
tessa,40.72963947,73.99030012,1352324940
tessa,45.52472056,122.68368244,1346204340
tessa,44.21508,20.9238,1310233860
tessa,41.40288,2.17369,1307784120
tessa,40.69744,73.97968,1351616640
tessa,40.71493168,74.01143789,1345455060
tessa,51.51889124,0.12636423,1314707520
tessa,44.21508,20.9238,1310237040
tessa,59.97241,10.72153,1312386900
tessa,33.76776,84.41806,1349305920
tessa,49.10482,6.19605,1311688560
tessa,40.78088,73.97718,1341020100
tessa,33.78642384,84.37328339,1302376140
tessa,51.50824164,0.07615328,1309437480
tessa,40.69744,73.97968,1351621140
tessa,51.51175,0.16302,1309426260
tessa,49.00793184,2.5431633,1312256160
tessa,33.78501,84.3793,1299157980
tessa,49.10482,6.19605,1311684900
tessa,33.78501,84.3793,1299240540
tessa,33.78501,84.3793,1299608100
tessa,37.792341,122.410155,1348017900
tessa,30.26991374,97.73610771,1300056540
tessa,55.67278,12.5521,1312949160
tessa,44.21508,20.9238,1310236560
tessa,59.33361,17.98002,1313604780
tessa,47.4439149,122.3020195,1301607600
tessa,59.97241,10.72153,1312535520
tessa,48.85884,2.34693,1311605460
tessa,33.76296024,84.39461768,1304026380
tessa,40.71610719,73.95806865,1351788180
tessa,44.21508,20.9238,1310232660
tessa,40.772501,73.970151,1341687540
tessa,41.97727092,87.90440083,1342960320
tessa,40.71706889,73.95789446,1351244700
tessa,8.686451,115.168261,1320560040
tessa,33.76155989,84.38377619,1299191160
tessa,49.10482,6.19605,1311688320
tessa,40.69744,73.97968,1351552140
tessa,33.64063339,84.43508148,1300624200
tessa,33.77932568,84.41016912,1325806680
tessa,33.857531,84.312868,1326024300
tessa,51.51175,0.16302,1309422000
tessa,48.85884,2.34693,1311605100
tessa,40.72362,74.0048,1327505040
tessa,33.80131,84.38368,1299689820
tessa,30.53021293,88.21529769,1316636220
tessa,49.10482,6.19605,1311703740
tessa,40.70311887,73.987736,1333050240
tessa,40.69744,73.97968,1351598340
tessa,42.20874864,83.35979462,1321995900
tessa,51.47143961,0.45747757,1309662300
tessa,55.67446882,12.5747323,1313058960
tessa,8.706079,115.250517,1320904560
tessa,40.7165633,73.95798879,1351039740
tessa,48.85884,2.34693,1311604620
tessa,40.69744,73.97968,1351032960
tessa,40.69744,73.97968,1351682400
tessa,40.69744,73.97968,1341914220
tessa,33.64011086,84.43902165,1301584260
tessa,40.69744,73.97968,1351595760
tessa,30.26392304,97.74016857,1300042320
tessa,39.95597108,75.18358469,1327590420
tessa,33.76962273,84.39753056,1304720040
tessa,48.85884,2.34693,1310825880
tessa,40.78088,73.97718,1352348880
tessa,33.78632575,84.3871665,1305565740
tessa,40.69744,73.97968,1351352100
tessa,29.74237204,95.44930364,1316784060
tessa,40.74361546,73.98347855,1341911640
tessa,33.791745,84.326667,1299093780
tessa,40.69744,73.97968,1341680580
tessa,41.3843675,2.1696632,1307812320
tessa,33.82347861,84.44189128,1349495400
tessa,47.652941,122.139712,1301665740
tessa,52.35475,4.90405,1315508400
tessa,40.7285666,73.99993554,1342815240
tessa,33.7579561,84.3385603,1298988240
tessa,51.555459,0.0872664,1309545900
tessa,33.76776,84.41806,1349306220
tessa,40.721001,73.998018,1341670500
tessa,40.740543,73.995756,1307547840
tessa,49.10482,6.19605,1311764460
tessa,59.33361,17.98002,1313598720
tessa,51.51175,0.16302,1309387320
tessa,33.78501,84.3793,1299179880
tessa,33.94812,84.54222,1316428020
tessa,33.64063339,84.43508148,1299769020
tessa,37.52716213,126.96413398,1317512400
tessa,37.78211,122.40061,1299006060
tessa,40.78088,73.97718,1341914460
tessa,40.69744,73.97968,1351858200
tessa,34.599,58.379,1349700660
tessa,49.10482,6.19605,1311690120
tessa,40.78088,73.97718,1341913620
tessa,33.77087134,84.36450183,1301437980
tessa,33.766147,84.352024,1305673320
tessa,49.10482,6.19605,1311709860
tessa,41.88468392,87.65381395,1342897080
tessa,40.718804,73.963698,1303653240
tessa,49.10482,6.19605,1311683820
tessa,40.69744,73.97968,1351588260
tessa,37.78573591,122.40610713,1348251720
tessa,52.35475,4.90405,1315510080
tessa,40.72362,74.0048,1327597200
tessa,30.26774082,97.74149895,1300119120
tessa,49.10482,6.19605,1311936660
tessa,40.69744,73.97968,1352772120
tessa,30.26774082,97.74149895,1299990900
tessa,40.69744,73.97968,1351630500
tessa,51.51175,0.16302,1309603320
tessa,55.67278,12.5521,1313096280
tessa,40.78088,73.97718,1341913980
tessa,51.50827,0.09683311,1314977520
tessa,40.78088,73.97718,1351115820
tessa,51.51175,0.16302,1309603140
tessa,40.69744,73.97968,1351557120
tessa,34.59606,58.394,1349978220
tessa,41.83386,87.73188,1342958040
tessa,59.97241,10.72153,1312535580
tessa,8.692497,115.258654,1320750120
tessa,28.65575893,77.2419548,1319545620
tessa,40.69744,73.97968,1352323620
tessa,33.64092507,84.43166646,1348385400
tessa,49.10482,6.19605,1311686040
tessa,59.97241,10.72153,1312363140
tessa,33.7489,84.4005,1304802420
tessa,51.51175,0.16302,1309605540
tessa,33.76014018,84.39140021,1323349320
tessa,40.69744,73.97968,1351031760
tessa,40.78088,73.97718,1351590600
tessa,30.267868,97.736255,1300055880
tessa,51.5081858,0.0963305,1309443600
tessa,40.69744,73.97968,1351589400
tessa,51.52468572,0.08029461,1309252560
tessa,33.94812,84.54222,1316518200
tessa,48.85884,2.34693,1311168120
tessa,33.762538,84.333497,1302175620
tessa,33.7755,84.35853,1299030240
tessa,40.69744,73.97968,1352044800
tessa,49.10482,6.19605,1311768060
tessa,51.517139,0.1414112,1309368240
tessa,41.3945594,2.1745474,1307711100
tessa,28.632923,77.22299,1319327760
tessa,40.74986803,74.00909239,1341499980
tessa,40.72382097,73.98535073,1327103100
tessa,40.69744,73.97968,1351598280
tessa,33.76776,84.41806,1350545580
tessa,33.839338,84.381738,1305741720
tessa,41.3854819,2.1834169,1308341100
tessa,52.35475,4.90405,1315509360
tessa,34.49198,83.09674,1350650520
tessa,30.27261,97.74348,1300077240
tessa,33.76776,84.41806,1349495340
tessa,48.85884,2.34693,1310717340
tessa,40.69744,73.97968,1350780180
tessa,34.57102,82.68886,1350651660
tessa,33.76962273,84.39753056,1304718540
tessa,40.78088,73.97718,1341913800
tessa,40.69744,73.97968,1351300680
tessa,40.682925,73.9641651,1328542560
tessa,37.44874769,126.45115614,1316972820
tessa,40.73321008,73.98759842,1343091060
tessa,33.74605707,84.3651407,1349302800
tessa,33.76776,84.41806,1349456700
tessa,40.69744,73.97968,1352325420
tessa,40.69744,73.97968,1341913440
tessa,33.8885,84.28616638,1316450580
tessa,33.823303,84.441793,1324235100
tessa,40.69744,73.97968,1351560600
tessa,40.69744,73.97968,1351558080
tessa,48.85884,2.34693,1312215300
tessa,33.7764734,84.27142382,1349205480
tessa,40.69744,73.97968,1350919680
tessa,40.74099801,74.00822997,1341018840
tessa,30.269631,97.745576,1299936420
tessa,33.78501,84.3793,1299240540
tessa,49.10482,6.19605,1311709980
tessa,33.7542244,84.36850637,1325848620
tessa,41.09344,1.1529799,1308217200
tessa,34.89064,82.42457,1350655020
tessa,30.53021293,88.21529769,1316636400
tessa,33.80131,84.38368,1299264300
tessa,35.661744,139.702277,1318406160
tessa,40.67582191,73.98030486,1350860220
tessa,33.80131,84.38368,1299169080
tessa,41.97727092,87.90440083,1342886460
tessa,40.69744,73.97968,1352325480
tessa,59.33361,17.98002,1314215760
tessa,33.775707,84.355803,1324673940
tessa,40.69744,73.97968,1352044500
tessa,40.71697777,73.95802617,1351033680
tessa,40.69744,73.97968,1347789060
tessa,33.7614105,84.3588263,1301160360
tessa,45.25061572,19.86474037,1310330040
tessa,40.69744,73.97968,1351375440
tessa,55.67278,12.5521,1312949280
tessa,51.51175,0.16302,1309426200
tessa,40.757868,73.970744,1307472900
tessa,40.69744,73.97968,1351623000
tessa,40.78088,73.97718,1341914340
tessa,49.10482,6.19605,1311935280
tessa,34.8129577,58.5394907,1349600580
tessa,40.72240464,73.95522952,1352331420
tessa,33.78361,84.385824,1305936600
tessa,51.50130303,0.14210343,1309294680
tessa,40.71671174,73.95802121,1351555980
tessa,40.78088,73.97718,1341914580
tessa,33.76776,84.41806,1349433720
tessa,39.95092543,75.19300461,1327526820
tessa,52.35475,4.90405,1315143960
tessa,33.84714428,84.36306953,1324053180
tessa,59.33361,17.98002,1314287580
tessa,40.69744,73.97968,1351160460
tessa,48.85884,2.34693,1310939100
tessa,33.804249,84.437338,1324549560
tessa,40.78088,73.97718,1341913380
tessa,41.97727092,87.90440083,1342963860
tessa,51.51175,0.16302,1309388760
tessa,40.71685989,73.95804801,1351031880
tessa,33.78501,84.3793,1299672780
tessa,59.33361,17.98002,1314029100
tessa,40.71924855,73.96171813,1351894260
tessa,40.69744,73.97968,1352325480
tessa,59.97241,10.72153,1312535340
tessa,33.77643632,84.38989162,1300913220
tessa,30.2025773,97.66714811,1299783660
tessa,40.78088,73.97718,1341019980
tessa,40.69744,73.97968,1341905520
tessa,33.77655875,84.38950126,1351593780
tessa,41.378524,2.173668,1307796540
tessa,60.43499176,22.21585751,1313501340
tessa,60.3591,5.42346,1312800720
tessa,40.78088,73.97718,1341080220
tessa,40.7260588,73.99587254,1347788280
tessa,41.83386,87.73188,1342914000
tessa,34.858022,82.41256661,1350668700
tessa,40.69744,73.97968,1351594140
tessa,40.74842084,73.99382953,1330522020
tessa,40.69744,73.97968,1341684960
tessa,40.69744,73.97968,1351244760
tessa,30.2685905,97.7453676,1299982320
tessa,40.7147997,73.96022648,1342624140
tessa,40.69744,73.97968,1351032720
tessa,48.85884,2.34693,1310727840
tessa,59.97241,10.72153,1312387080
tessa,59.97241,10.72153,1312314180
tessa,44.21508,20.9238,1310233800
tessa,42.36831045,71.02154732,1344454500
tessa,40.78088,73.97718,1341914520
tessa,30.27261,97.74348,1300190040
tessa,32.67821,83.1783,1350676620
tessa,40.69744,73.97968,1352238960
tessa,30.27008516,97.73605406,1300056780
tessa,49.10482,6.19605,1311936900
tessa,40.7099872,73.98459435,1348416960
tessa,52.358613,4.881156,1315557780
tessa,33.7755,84.35853,1299338940
tessa,33.77030055,84.38825011,1299625020
tessa,40.71697776,73.95802618,1351032660
tessa,48.85884,2.34693,1310742480
tessa,40.69744,73.97968,1351033140
tessa,33.82223021,84.44352229,1333832280
tessa,33.7755,84.35853,1299755820
tessa,40.69744,73.97968,1352325480
tessa,40.75353203,73.58577806,1343072820
tessa,33.65071286,84.43405436,1336392840
tessa,35.692174,139.724518,1318452180
tessa,40.758408,73.981826,1302033960
tessa,33.77402757,84.355715,1316102940
tessa,51.51175,0.16302,1309386840
tessa,34.89064,82.42457,1350660480
tessa,40.69744,73.97968,1351858620
tessa,52.35475,4.90405,1315508520
tessa,30.2645838,97.7414455,1299867900
tessa,40.71343536,73.95807266,1346552640
tessa,40.69744,73.97968,1351595880
tessa,40.66159645,73.96983147,1331478420
tessa,33.77887534,84.41019058,1316364360
tessa,44.21508,20.9238,1310232780
tessa,49.10482,6.19605,1311685140
tessa,40.69744,73.97968,1352512500
tessa,48.85884,2.34693,1311603960
tessa,40.69744,73.97968,1350830880
tessa,47.61170733,122.33118653,1336483680
tessa,37.44874769,126.45115614,1321914720
tessa,30.27261,97.74348,1300190280
tessa,49.10482,6.19605,1311935340
tessa,28.509778,77.18014372,1319557500
tessa,40.69744,73.97968,1351300920
tessa,21.085823,86.770111,1300808280
tessa,40.69744,73.97968,1351560060
tessa,33.78501,84.3793,1299605940
tessa,33.82223021,84.44352229,1324727820
tessa,33.80131,84.38368,1299690060
tessa,8.692497,115.258654,1320559560
tessa,40.72416908,73.99721146,1351076520
tessa,40.69744,73.97968,1342819980
tessa,30.26421957,97.73995399,1300037160
tessa,40.69744,73.97968,1352619540
tessa,33.76962273,84.39753056,1304720520
tessa,30.269992,97.749315,1299880680
tessa,30.2626257,97.73999691,1300042980
tessa,40.76764327,73.52964973,1343070660
tessa,33.63863258,84.43714142,1315759860
tessa,40.736003,73.995881,1303759140
tessa,44.21508,20.9238,1310490840
tessa,33.94812,84.54222,1316428080
tessa,44.21508,20.9238,1310237040
tessa,40.69744,73.97968,1352438640
tessa,40.76427,73.86497,1342022940
tessa,30.266342,97.7396412,1300145040
tessa,41.28851316,2.07298279,1307166600
tessa,59.33361,17.98002,1313948040
tessa,51.584955,0.1247383,1309009500
tessa,41.86365,87.86212,1342888740
tessa,59.33361,17.98002,1313949720
tessa,40.69744,73.97968,1352325720
tessa,44.21508,20.9238,1310233920
tessa,28.43126056,81.30837679,1306914180
tessa,33.83790168,84.37933144,1350645600
tessa,40.69744,73.97968,1352238840
tessa,34.59809085,58.36777114,1350288120
tessa,49.10482,6.19605,1311685440
tessa,40.69744,73.97968,1352238900
tessa,29.82387,95.46211,1317082020
tessa,33.94812,84.54222,1316428020
tessa,33.7755,84.35853,1299338580
tessa,40.69744,73.97968,1351351380
tessa,33.7755,84.35853,1299756180
tessa,30.26515409,97.7467435,1300159740
tessa,59.33361,17.98002,1313604180
tessa,40.73173043,73.96118402,1341785220
tessa,40.76320992,73.98423972,1330468200
tessa,59.97241,10.72153,1312363080
tessa,40.69744,73.97968,1342800840
tessa,40.71701927,73.95794447,1351375860
tessa,33.64063339,84.43508148,1301783880
tessa,59.97241,10.72153,1312535460
tessa,40.78088,73.97718,1341273240
tessa,33.78501,84.3793,1299239520
tessa,40.71948103,73.96396812,1347394680
tessa,30.2620802,97.7396133,1299869520
tessa,40.71913827,73.95422184,1341956580
tessa,33.94812,84.54222,1316428140
tessa,40.77344934,73.88431602,1342878000
tessa,40.71712075,73.95781614,1351547940
tessa,33.7755,84.35853,1299029340
tessa,49.10482,6.19605,1311683880
tessa,33.76776,84.41806,1349305500
tessa,40.68088816,73.97747319,1332013800
tessa,59.33361,17.98002,1313605080
tessa,33.7783269,84.35295224,1305997920
tessa,40.69744,73.97968,1350986280
tessa,48.85884,2.34693,1310938920
tessa,51.512126,0.123628,1314713820
tessa,33.825366,84.367734,1299259620
tessa,33.7755,84.35853,1299338760
tessa,40.69744,73.97968,1350831900
tessa,49.10482,6.19605,1311936900
tessa,33.64066911,84.43606853,1326204120
tessa,33.64162061,84.44068099,1348387020
tessa,51.5320556,0.177375,1309528680
tessa,40.71671171,73.95802125,1351595280
tessa,33.63658,84.45783,1342040040
tessa,33.835847,84.383041,1301500740
tessa,44.81935087,20.29123306,1309948920
tessa,55.67278,12.5521,1312949160
tessa,33.76776,84.41806,1350545940
tessa,40.70195751,73.9517077,1351351800
tessa,40.69744,73.97968,1352439240
tessa,41.28851316,2.07298279,1306985460
tessa,30.2652992,97.7384638,1300126020
tessa,30.671261,81.465582,1305233460
tessa,33.76776,84.41806,1342047180
tessa,34.472714,57.842638,1350320340
tessa,37.789184,122.412454,1348147740
tessa,40.77342438,73.87099743,1333114800
tessa,42.376422,71.10414863,1345674780
tessa,40.69744,73.97968,1350987840
tessa,40.77342438,73.87099743,1326213180
tessa,33.64066911,84.43606853,1316912940
tessa,40.71933912,74.00487185,1329348600
tessa,48.85884,2.34693,1311168000
tessa,44.21508,20.9238,1310233140
tessa,40.69744,73.97968,1342500360
tessa,33.76776,84.41806,1349433300
tessa,37.78350268,122.40280151,1347999300
tessa,49.10482,6.19605,1311684780
tessa,40.71701927,73.95794447,1351352040
tessa,40.73450449,73.97380573,1341426900
tessa,33.76776,84.41806,1348929900
tessa,44.21508,20.9238,1310233740
tessa,40.69744,73.97968,1351595820
tessa,29.76473319,95.40396065,1316690220
tessa,37.89347,122.50989,1348284960
tessa,40.714864,73.960129,1351942140
tessa,33.64063339,84.43508148,1306879140
tessa,40.71605745,73.95777719,1351373880
tessa,40.73359284,73.96750949,1327152000
tessa,33.77065729,84.36459303,1301004060
tessa,40.69744,73.97968,1333453320
tessa,33.7934217,84.3965223,1299012300
tessa,37.44874769,126.45115614,1317699780
tessa,40.71628439,73.957839,1351596960
tessa,59.33361,17.98002,1313949000
tessa,1.345651,103.722767,1318030200
tessa,33.94812,84.54222,1316518200
tessa,40.71614225,73.95823124,1351616940
tessa,59.97241,10.72153,1312385400
tessa,51.47143961,0.45747757,1308757560
tessa,49.10482,6.19605,1311688860
tessa,40.69744,73.97968,1352238720
tessa,52.35475,4.90405,1315143900
tessa,40.69744,73.97968,1351595400
tessa,37.59833,122.39992,1348366800
tessa,59.97241,10.72153,1312535280
tessa,33.76015919,84.39183294,1323344760
