themorningfresh,30.43391091,84.2865099,1348275600
themorningfresh,30.50346874,84.25380707,1345291080
themorningfresh,30.4333153,84.29242015,1350154860
themorningfresh,35.05196551,85.31045794,1345671180
themorningfresh,30.43430713,84.28955178,1349263500
themorningfresh,35.05196551,85.31045794,1345672140
themorningfresh,25.64352276,80.33522281,1351279500
themorningfresh,30.4333153,84.29242015,1344898980
themorningfresh,30.50376688,84.25395978,1347703680
themorningfresh,30.4333153,84.29242015,1350078120
themorningfresh,30.4333153,84.29242015,1346524740
themorningfresh,42.20874864,83.35979462,1344237240
themorningfresh,30.50376688,84.25395978,1346500080
themorningfresh,25.60788631,80.31987011,1351355400
themorningfresh,25.78682937,80.13113632,1351127400
themorningfresh,34.48476552,83.0277485,1349444520
themorningfresh,30.46637033,84.28367078,1353327540
themorningfresh,30.4679841,84.36226845,1352738760
themorningfresh,27.97992494,82.534554,1351446720
themorningfresh,26.09246,80.144287,1344258540
themorningfresh,30.43518662,84.288323,1350663840
themorningfresh,40.76728165,111.89527988,1343850360
themorningfresh,36.14300293,81.79790571,1349601000
themorningfresh,40.76931744,111.891722,1343937660
themorningfresh,40.76091527,111.91257417,1343993460
themorningfresh,30.44636071,84.318341,1348236900
themorningfresh,34.65955944,85.3725158,1345590180
themorningfresh,30.4333153,84.29242015,1347794400
themorningfresh,40.764922,111.89232,1344115980
themorningfresh,29.66286112,84.864764,1345308420
themorningfresh,30.43518662,84.288323,1353260100
themorningfresh,35.24754902,85.22306175,1345738560
themorningfresh,30.43319784,84.29237889,1347920340
themorningfresh,35.36565865,82.37690472,1349617200
themorningfresh,36.181784,81.744459,1349538660
themorningfresh,30.43661102,84.266408,1350392760
themorningfresh,30.50376688,84.25395978,1348312680
themorningfresh,25.95771074,80.20601751,1351249140
themorningfresh,40.76735295,111.89587615,1344103500
themorningfresh,25.79498411,80.27576923,1351437480
themorningfresh,30.43430713,84.28955178,1347548880
themorningfresh,30.4333153,84.29242015,1348862580
themorningfresh,30.4333153,84.29242015,1348251780
themorningfresh,28.691417,81.34888644,1353435240
themorningfresh,25.786903,80.132917,1351196160
themorningfresh,32.61752664,83.66989017,1345572420
themorningfresh,30.4333153,84.29242015,1344807840
themorningfresh,33.72154025,84.56409329,1352568120
themorningfresh,30.45946076,84.32142866,1353250020
themorningfresh,28.65614813,81.238007,1353415860
themorningfresh,30.43319784,84.29237889,1349389620
themorningfresh,30.154418,84.203505,1348261740
themorningfresh,40.61975914,111.97887898,1344207060
themorningfresh,25.665254,80.323709,1350997800
themorningfresh,26.10094479,80.12745338,1351241640
themorningfresh,43.00025,107.55457,1344508800
themorningfresh,30.43518662,84.288323,1352736120
themorningfresh,30.43287734,84.29198825,1349875440
themorningfresh,30.69311123,84.38516684,1352590140
themorningfresh,34.94047927,85.25886401,1345665900
themorningfresh,28.691417,81.34888644,1353441720
themorningfresh,27.62034933,82.65533924,1351533540
themorningfresh,30.4333153,84.29242015,1346865180
themorningfresh,25.65187454,80.329255,1351024200
themorningfresh,30.4333153,84.29242015,1350762600
themorningfresh,30.44964874,84.306235,1345915620
themorningfresh,30.50354301,84.253758,1348918560
themorningfresh,30.4679841,84.36226845,1353082200
themorningfresh,30.462195,84.28007,1349086920
themorningfresh,30.4333153,84.29242015,1350260340
themorningfresh,30.45270017,84.28029847,1350595860
themorningfresh,30.4333153,84.29242015,1346882580
themorningfresh,30.50376688,84.25395978,1345289160
themorningfresh,30.4679841,84.36226845,1352753100
themorningfresh,36.14300293,81.79790571,1349601000
themorningfresh,27.97992494,82.534554,1351447020
themorningfresh,30.43319784,84.29237889,1347124680
themorningfresh,30.45946076,84.32142866,1353254700
themorningfresh,30.50367109,84.2499375,1349809980
themorningfresh,36.14300293,81.79790571,1349549700
themorningfresh,25.66359208,80.28392001,1350998820
themorningfresh,30.67949862,84.15523052,1349645820
themorningfresh,30.4333153,84.29242015,1349126880
themorningfresh,30.4333153,84.29242015,1345145700
themorningfresh,30.4333153,84.29242015,1347037860
themorningfresh,30.4333153,84.29242015,1347738300
themorningfresh,30.47782349,84.36551306,1352754720
themorningfresh,30.43309941,84.29198825,1352675520
themorningfresh,30.4404062,84.320541,1345207140
themorningfresh,30.4408753,84.32676321,1348745340
themorningfresh,30.69137818,84.38334494,1345844400
themorningfresh,40.55736311,111.89640597,1344171060
themorningfresh,30.4679841,84.36226845,1352729340
themorningfresh,29.66348769,84.86403363,1345309740
themorningfresh,30.4333153,84.29242015,1353195540
themorningfresh,40.43309827,111.74468994,1344200340
themorningfresh,30.4333153,84.29242015,1346093040
themorningfresh,25.642165,80.280828,1353523080
themorningfresh,35.24754902,85.22306175,1345806360
themorningfresh,30.44964874,84.306235,1348427580
themorningfresh,29.64550682,82.32529415,1346692920
themorningfresh,35.03601,85.304769,1345761480
themorningfresh,33.72154025,84.56409329,1352568240
themorningfresh,30.4333153,84.29242015,1350407940
themorningfresh,30.4333153,84.29242015,1346444220
themorningfresh,30.50376688,84.25395978,1347097680
themorningfresh,30.44170882,84.29495215,1348579620
themorningfresh,25.70243904,80.28638548,1351092600
themorningfresh,30.4682282,84.36221711,1345487940
themorningfresh,30.43437966,84.25791493,1347391740
themorningfresh,30.44440418,84.17552948,1347211200
themorningfresh,30.4333153,84.29242015,1352934900
themorningfresh,25.72426728,80.27420439,1351189140
themorningfresh,30.4333153,84.29242015,1347827100
themorningfresh,25.63063863,80.33953063,1353587820
themorningfresh,30.4333153,84.29242015,1347313200
themorningfresh,30.433491,84.291283,1346530380
themorningfresh,30.4333153,84.29242015,1346259600
themorningfresh,25.702916,80.284676,1344456480
themorningfresh,25.655868,80.327393,1353509940
themorningfresh,30.4333153,84.29242015,1352665800
themorningfresh,25.73287409,80.33465712,1351436160
themorningfresh,30.44964874,84.306235,1348872960
themorningfresh,35.03601,85.304769,1345800780
themorningfresh,30.44964874,84.306235,1350481560
themorningfresh,30.67949862,84.15523052,1349422740
themorningfresh,30.4333153,84.29242015,1352142060
themorningfresh,30.577509,83.325062,1350745080
themorningfresh,30.4682282,84.36221711,1345538460
themorningfresh,30.43430713,84.28955178,1344860820
themorningfresh,36.14300293,81.79790571,1349461380
themorningfresh,30.44555917,84.31817649,1349041680
themorningfresh,25.84009248,80.20615842,1350849480
themorningfresh,30.44456215,84.30530993,1349986920
themorningfresh,25.727753,80.24279416,1351079760
themorningfresh,40.78742672,111.98156629,1343788980
themorningfresh,25.642991,80.333112,1351691340
themorningfresh,26.07108532,80.14088631,1343749080
themorningfresh,30.43309941,84.29198825,1352392860
themorningfresh,26.07108532,80.14088631,1344253140
themorningfresh,34.66489161,85.37264188,1345647120
themorningfresh,30.43309941,84.29198825,1352915760
themorningfresh,30.4333153,84.29242015,1348950600
themorningfresh,30.45270017,84.28029847,1347050760
themorningfresh,30.43319784,84.29237889,1348569060
themorningfresh,30.50354301,84.253758,1348149900
themorningfresh,30.44964874,84.306235,1353093180
themorningfresh,30.428268,84.220022,1346246340
themorningfresh,29.67517331,82.39011168,1346701800
themorningfresh,28.07368429,82.73947477,1351458300
themorningfresh,30.4333153,84.29242015,1344964980
themorningfresh,30.4333153,84.29242015,1350598620
themorningfresh,30.4333153,84.29242015,1351886820
themorningfresh,30.4561111,84.27791853,1348188300
themorningfresh,30.45579173,84.36744,1352145960
themorningfresh,40.55928893,111.89028102,1343860020
themorningfresh,30.50376688,84.25395978,1350125520
themorningfresh,30.4333153,84.29242015,1352047320
themorningfresh,30.44964874,84.306235,1344877140
themorningfresh,30.43624525,84.26354632,1348349160
themorningfresh,30.4333153,84.29242015,1348422720
themorningfresh,25.66257283,80.32482766,1343656680
themorningfresh,30.4333153,84.29242015,1348678560
themorningfresh,42.20874864,83.35979462,1343775660
themorningfresh,35.19291967,82.16665464,1349451000
themorningfresh,30.4419655,84.32084084,1347365280
themorningfresh,35.32011514,82.49142408,1349610600
themorningfresh,30.50376688,84.25395978,1347099300
themorningfresh,34.96295012,85.18510069,1345821060
themorningfresh,25.65622,80.40786,1351115220
themorningfresh,40.43309827,111.74468994,1344266160
themorningfresh,30.42774242,84.23988061,1352816460
themorningfresh,30.44964874,84.306235,1351893780
themorningfresh,30.4333153,84.29242015,1349389620
themorningfresh,30.4408753,84.32676321,1349351760
themorningfresh,30.4333153,84.29242015,1349300280
themorningfresh,40.76728165,111.89527988,1344009660
themorningfresh,30.44120933,84.29611892,1346761380
themorningfresh,28.691417,81.34888644,1353421980
themorningfresh,40.78742672,111.98156629,1344213420
themorningfresh,30.577509,83.325062,1350738480
themorningfresh,30.440258,84.31478392,1351950420
themorningfresh,30.4333153,84.29242015,1345061940
themorningfresh,30.43557828,84.29434751,1344992040
themorningfresh,30.47782349,84.36551306,1351855080
themorningfresh,25.535827,80.451316,1351678680
themorningfresh,36.181784,81.744459,1349538240
themorningfresh,30.43351,84.32199923,1350569700
themorningfresh,34.8258937,82.30074698,1349447640
themorningfresh,30.154418,84.203505,1348265580
themorningfresh,30.4333153,84.29242015,1344807000
themorningfresh,30.50376688,84.25395978,1348916880
themorningfresh,30.4653384,84.2847205,1349717400
themorningfresh,28.691417,81.34888644,1353439440
themorningfresh,30.43093219,84.24764872,1345989840
themorningfresh,30.4679841,84.36226845,1350743880
themorningfresh,25.63840552,80.33617468,1350856440
themorningfresh,30.44041152,84.31855828,1350413400
