tikkers,40.747,74.007,1292098020
tikkers,40.724614,73.993143,1287181920
tikkers,40.7514006,73.9866481,1286900700
tikkers,40.676001,73.98014,1285388760
tikkers,40.69744,73.97968,1321330140
tikkers,40.7143,73.999,1291689480
tikkers,40.74089,74.00765,1285171620
tikkers,40.7348008,73.9884066,1289424360
tikkers,40.762183,73.9806569,1285617240
tikkers,40.714342,73.955968,1289607600
tikkers,40.725414,73.987292,1280534820
tikkers,40.7347,73.9921,1290208440
tikkers,40.7259,73.9947,1284112740
tikkers,40.7347,73.9921,1290208440
tikkers,40.7514006,73.9866481,1286289300
tikkers,40.748184,74.007211,1291829520
tikkers,40.7371,73.9924,1290696360
tikkers,40.719647,73.987923,1291942380
tikkers,40.7294686,73.9998979,1286931660
tikkers,40.72605543,73.995924,1287519240
tikkers,40.7199,73.9873,1283055000
tikkers,40.70824,73.94277,1287493920
tikkers,40.7514006,73.9866481,1286376720
tikkers,40.7195453,73.9995481,1285269600
tikkers,40.7169,73.9566,1279150080
tikkers,40.7337041,73.993003,1289654100
tikkers,40.747,74.007,1289240760
tikkers,40.747,74.007,1283369220
tikkers,40.748184,74.007211,1291839840
tikkers,40.7298,74.0011,1286932440
tikkers,40.7311486,73.9919031,1289936580
tikkers,40.743549,73.983523,1287522660
tikkers,40.7374,73.9804,1283037420
tikkers,40.7195453,73.9995481,1284673200
tikkers,40.78088,73.97718,1351565400
tikkers,40.73633186,73.98944378,1288300200
tikkers,40.726164,74.007022,1290289140
tikkers,40.7147,73.9984,1287698280
tikkers,40.78088,73.97718,1342566540
tikkers,40.72827508,73.99118185,1285954920
tikkers,40.7173,73.9583,1290604140
tikkers,40.681434,73.991607,1289002860
tikkers,40.7224082,73.9887199,1290196920
tikkers,40.7025,73.9269,1290352500
tikkers,40.7345128,73.9922066,1290206460
tikkers,40.740618,74.000658,1283363400
tikkers,40.7401526,74.00755405,1287772020
tikkers,40.7328096,73.9977181,1288820220
tikkers,40.7229,73.9858,1290126480
tikkers,40.7337041,73.993003,1291638300
tikkers,40.7347,73.9921,1288194960
tikkers,40.7169,73.9566,1285199160
tikkers,40.7214,73.9942,1288312320
tikkers,40.7298,74.0011,1286932200
tikkers,40.7527676,73.97714853,1290703980
tikkers,40.7287,73.9789,1287157200
tikkers,40.73314,73.9933225,1291396560
tikkers,42.33754201,71.10848627,1320072780
tikkers,40.72586029,73.98442268,1287189360
tikkers,40.7401526,74.00755405,1282936320
tikkers,40.7337041,73.993003,1288015980
tikkers,40.7445,73.9906,1288730400
tikkers,40.73169,73.985846,1284752880
tikkers,40.7224082,73.9887199,1288490700
tikkers,40.74177838,74.00427103,1291314180
tikkers,40.70309033,73.92395496,1279096860
tikkers,40.755978,73.990396,1284495720
tikkers,30.26825642,97.73954856,1331503800
tikkers,40.7224082,73.9887199,1291338840
tikkers,40.85121557,73.95206451,1286587260
tikkers,40.728386,73.995347,1284027600
tikkers,40.68356702,73.98171902,1284860040
tikkers,40.7337041,73.993003,1283439000
tikkers,42.37839,71.11221,1336225320
tikkers,40.762183,73.9806569,1285617120
tikkers,40.7211443,73.95695686,1287876780
tikkers,40.7379,74.0034,1285344960
tikkers,40.67118302,74.01036501,1283097960
tikkers,40.7145244,73.9659478,1287534300
tikkers,40.7273,73.992,1280526000
tikkers,40.714399,73.998129,1291672500
tikkers,40.7407092,73.9894039,1285082400
tikkers,40.723584,73.996117,1279110960
tikkers,40.720973,73.995406,1287441540
tikkers,40.7188,73.9902,1287453420
tikkers,40.740285,74.0058243,1290005400
tikkers,40.7224082,73.9887199,1291327920
tikkers,40.73333137,73.97869495,1283082960
tikkers,40.7514006,73.9866481,1290518040
tikkers,40.7401526,74.00755405,1288705560
tikkers,40.710761,73.96417,1291082880
tikkers,40.7514006,73.9866481,1284995400
tikkers,40.7401526,74.00755405,1283871840
tikkers,40.714044,73.957291,1289764860
tikkers,42.31827264,72.63187051,1286636040
tikkers,40.7182,73.95,1288217040
tikkers,40.7065,73.9228,1279485540
tikkers,40.728771,73.995752,1280518200
tikkers,40.7287,73.9789,1287157140
tikkers,40.73785898,73.9883542,1285252380
tikkers,40.72195742,73.99249077,1288453500
tikkers,40.7372,73.9979,1283977620
tikkers,40.676023,73.999235,1283698920
tikkers,40.81965536,73.95009041,1288477560
tikkers,40.98869,73.77772,1321886880
tikkers,40.7351,74.0066,1282955760
tikkers,40.76403942,73.99757624,1287265320
tikkers,40.7423,74.0043,1280434620
tikkers,40.75759514,73.98686886,1290044520
tikkers,40.717082,73.959022,1288864260
tikkers,40.7337041,73.993003,1283440380
tikkers,40.89845,73.64257,1319590920
tikkers,40.69744,73.97968,1326854280
tikkers,40.7195453,73.9995481,1282917900
tikkers,40.7514006,73.9866481,1287583980
tikkers,40.683371,73.99268355,1351439640
tikkers,40.7401526,74.00755405,1291739280
tikkers,40.67737,73.88758,1331774460
tikkers,40.74125814,73.98841381,1285793340
tikkers,40.7337041,73.993003,1279048860
tikkers,40.710761,73.96417,1291069380
tikkers,40.725301,74.005412,1288817100
tikkers,40.711,73.9501,1284817020
tikkers,40.747,74.007,1287605880
tikkers,40.72930764,73.99352074,1284926160
tikkers,40.716498,73.958928,1279380000
tikkers,40.749336,73.993914,1282854780
tikkers,40.7195453,73.9995481,1285960320
tikkers,40.762505,73.975551,1288903140
tikkers,40.738104,74.004142,1279393140
tikkers,40.7236,73.9968,1285941720
tikkers,40.7420708,74.0038693,1287334260
tikkers,40.7194708,73.9542522,1282872420
tikkers,40.7165291,74.0091857,1291519380
tikkers,27.97632447,82.53633499,1282818300
tikkers,40.74421697,73.98860693,1288734420
tikkers,40.7199,74.0015,1283045280
tikkers,40.747,74.007,1289847660
tikkers,40.7337041,73.993003,1288361820
tikkers,40.8185842,73.9608828,1288474080
tikkers,40.762836,73.981989,1285774920
