timfalls,33.67992639,117.8620296,1333391820
timfalls,39.167809,86.523148,1319278320
timfalls,40.02555931,105.25208291,1351161360
timfalls,40.018782,105.275638,1325593260
timfalls,40.958984,29.08426501,1351856220
timfalls,40.0150735,105.22747145,1328033640
timfalls,45.58890606,122.59317398,1311879060
timfalls,39.97938972,104.61529213,1314382140
timfalls,39.76429,104.85511,1320355080
timfalls,38.932453,77.217371,1322943660
timfalls,39.74185518,86.2853909,1319128860
timfalls,31.951306,35.931165,1352544420
timfalls,37.61654303,122.38580704,1326385560
timfalls,39.752815,105.003642,1317160800
timfalls,31.95299974,35.93241692,1352473080
timfalls,51.52048,0.091075,1321287300
timfalls,40.02931,105.24013,1348149480
timfalls,40.73930718,73.98940086,1341958680
timfalls,31.77668353,35.23100853,1352352960
timfalls,42.21529652,83.35533142,1309544280
timfalls,40.02626,105.48824,1324995960
timfalls,41.29188,96.04075,1323960600
timfalls,40.01682617,105.28025336,1301575320
timfalls,33.793064,117.852326,1333153920
timfalls,42.35091916,71.068931,1352843640
timfalls,40.52812549,111.85305102,1328405100
timfalls,37.78750689,122.39928986,1332893640
timfalls,37.77233757,122.40349696,1350404280
timfalls,40.01459994,105.28045893,1317830400
timfalls,37.26917,119.30661,1326388200
timfalls,40.68731911,73.9911715,1350065520
timfalls,40.016508,105.282106,1320799980
timfalls,40.02626,105.48824,1327600800
timfalls,37.747833,122.41941,1350579000
timfalls,40.01854399,105.27999222,1302890580
timfalls,40.68667706,73.99033831,1350078540
timfalls,40.02931,105.24013,1346818740
timfalls,40.0173509,105.2831282,1321036200
timfalls,33.76771,84.41806,1304171640
timfalls,39.6539173,104.91397313,1315226940
timfalls,39.85373549,104.67380762,1310395140
timfalls,37.78806486,122.41075742,1332939300
timfalls,37.77029,122.43607,1324663080
timfalls,32.09824402,34.77485763,1352108100
timfalls,30.26749063,97.74128437,1300499760
timfalls,30.26678848,97.74210453,1349528400
timfalls,37.77127871,122.40185201,1330784160
timfalls,41.88364093,87.62969084,1306575360
timfalls,30.2025773,97.66714811,1300562220
timfalls,40.017247,105.2833,1325883720
timfalls,40.058463,105.312594,1322408820
timfalls,31.97589164,35.88756031,1352441940
timfalls,44.71745858,73.45775619,1342022760
timfalls,40.01739114,105.283265,1349100660
timfalls,40.0179966,105.2756629,1305238560
timfalls,39.85197289,104.67374325,1318338120
timfalls,33.76771,84.41806,1304171700
timfalls,39.748043,104.999041,1350906660
timfalls,32.06314031,34.77052242,1352183640
timfalls,39.16669686,86.53565615,1319331900
timfalls,40.017269,105.283252,1328110920
timfalls,40.01755348,105.2822524,1314128520
timfalls,39.15429126,86.49276495,1308927180
timfalls,40.01682617,105.28025336,1310073000
timfalls,40.76139684,73.97698575,1350084420
timfalls,30.26478483,97.74732471,1315489800
timfalls,39.16449209,86.53013359,1319220840
timfalls,37.78729198,122.39450775,1305380340
timfalls,45.5432,122.65472,1342726740
timfalls,39.76429,104.85511,1313677920
timfalls,32.051184,34.771591,1352288280
timfalls,25.09727182,55.15658859,1352689260
timfalls,45.5279582,122.66185716,1342635840
timfalls,40.68852872,73.98928576,1350124080
timfalls,39.92744409,105.11889338,1306446840
timfalls,33.785651,84.394921,1329997680
timfalls,39.16909316,86.53363297,1314489060
timfalls,39.659524,104.83848676,1320689880
timfalls,33.79196106,117.85225153,1333148580
timfalls,40.016763,105.279376,1301088480
timfalls,39.17853925,106.81854923,1332610320
timfalls,39.98650843,105.23286581,1299759240
timfalls,53.48411872,2.23620405,1344339840
timfalls,45.52764846,122.66176941,1342800060
timfalls,40.01682617,105.28025336,1301690580
timfalls,31.95626393,35.90990583,1352549580
timfalls,37.78711229,122.40979644,1332941460
timfalls,40.004978,105.109234,1322245080
timfalls,30.38318,97.68094,1300288320
timfalls,32.05596414,34.77312715,1352101920
timfalls,37.794179,122.402286,1350439680
timfalls,33.67911304,117.86127448,1312552680
timfalls,39.327774,108.702658,1320580740
timfalls,37.78668237,122.40517259,1305378300
timfalls,51.52456345,0.07339924,1344167220
timfalls,33.68156822,117.6693517,1333309020
timfalls,40.0181339,105.2788912,1299189360
timfalls,31.95305436,35.91345906,1352374020
timfalls,40.74416885,73.98829123,1313091720
timfalls,40.01682617,105.28025336,1305309600
timfalls,31.95571168,35.92702006,1352441100
timfalls,45.527635,122.661727,1342798140
timfalls,40.0175835,105.2821758,1317314880
timfalls,51.52235112,0.10969625,1344079860
timfalls,40.00986678,105.27275562,1348344600
timfalls,31.72269172,35.98979473,1352612340
timfalls,37.772265,122.403592,1350397980
timfalls,40.02626,105.48824,1327600740
timfalls,30.2694,97.7434,1299973740
timfalls,40.77342438,73.87099743,1318354800
timfalls,40.02931,105.24013,1348149360
timfalls,40.68662569,73.99022254,1350078660
timfalls,33.777403,84.38912,1329689760
timfalls,51.524499,0.073516,1321360560
timfalls,47.44837733,122.30233669,1326486780
timfalls,40.0173509,105.2831282,1317399120
timfalls,31.94986817,35.88345051,1352387280
timfalls,37.794331,122.400515,1316699040
timfalls,37.787279,122.394493,1316558760
timfalls,39.927486,105.118455,1320933720
timfalls,40.01915406,105.27739316,1315951620
timfalls,33.85356831,117.8393858,1312570800
timfalls,40.6871589,73.9912443,1318415880
timfalls,39.85197289,104.67374325,1321820820
timfalls,40.7252638,73.99710063,1330375320
timfalls,31.95082956,35.92338654,1352386200
timfalls,40.00089259,105.26284218,1348094040
timfalls,52.47544862,1.8840909,1344670320
timfalls,40.01739114,105.283265,1349293500
timfalls,41.06384025,29.033014,1351786980
timfalls,40.717492,111.904805,1328195280
timfalls,40.01920027,105.27725127,1322694900
timfalls,40.017314,105.283247,1332529260
timfalls,37.79432153,122.4003768,1316611380
timfalls,32.0831965,34.76868734,1352095500
timfalls,25.19354419,55.27597189,1352704500
timfalls,40.01682617,105.28025336,1302280740
timfalls,51.513812,0.157923,1321550040
timfalls,30.26523955,97.74667417,1315511640
timfalls,37.78696,122.394169,1316571420
timfalls,37.78729198,122.39450775,1310495460
timfalls,37.771836,122.404185,1350511740
timfalls,40.6871589,73.9912443,1349872260
timfalls,51.51182,0.16297,1321618320
timfalls,37.55719,122.31501,1316640180
timfalls,51.519629,0.102329,1321384740
timfalls,40.016512,105.279842,1299696780
timfalls,40.018347,105.27798275,1322589180
timfalls,40.01682617,105.28025336,1307047620
timfalls,39.84950188,104.67387199,1313070180
timfalls,40.02626,105.48824,1324664400
timfalls,40.02931,105.24013,1304630460
timfalls,51.51822443,0.1785627,1343973120
timfalls,39.76429,104.85511,1316114100
timfalls,39.16454507,86.52483983,1319222220
timfalls,40.73918328,73.9894921,1313173800
timfalls,51.54270454,0.00720865,1344184200
timfalls,30.264284,97.733306,1300081380
timfalls,39.99741472,105.51555746,1325377680
timfalls,40.6871589,73.9912443,1349956860
timfalls,30.29122339,97.74150431,1300200480
timfalls,30.26466792,97.74397396,1315580880
timfalls,40.766411,111.891081,1316917860
timfalls,39.16767559,86.52243079,1319302200
timfalls,39.84952301,104.67383953,1326373920
timfalls,41.04183,29.009289,1351935600
timfalls,39.76429,104.85511,1320713880
timfalls,39.16602465,86.53272232,1319221560
timfalls,32.0640647,34.77018356,1352187060
timfalls,41.95167,87.86287,1346142060
timfalls,40.01757854,105.25629759,1312813620
timfalls,39.85197289,104.67374325,1316963340
timfalls,37.7854104,122.3994687,1305065340
timfalls,39.77566,104.971619,1307140680
timfalls,41.05865084,29.01459155,1351849140
timfalls,40.016838,105.285376,1317820200
timfalls,39.05521768,84.65618134,1320052980
timfalls,31.77669221,35.2428626,1352351640
timfalls,25.0802448,55.13674378,1352631780
timfalls,45.527294,122.662484,1342645860
timfalls,39.750572,104.999725,1346888100
timfalls,37.39373363,122.07830971,1343267880
timfalls,40.0182523,105.27750045,1305929880
timfalls,40.0168083,105.2806208,1330637880
timfalls,44.7036835,73.48273368,1342022640
timfalls,40.78668293,111.98192596,1316806800
timfalls,40.02944626,105.24905026,1307884740
timfalls,32.065271,34.761363,1352202600
timfalls,39.16651184,86.532924,1319200320
timfalls,42.350122,71.074247,1352849520
timfalls,39.16496993,86.52639066,1319222040
timfalls,40.016508,105.282106,1323297840
timfalls,31.958694,35.861479,1352436540
timfalls,40.0178312,105.28103024,1303425780
timfalls,40.96084514,29.07956195,1351861200
timfalls,39.1688471,86.5375346,1308921120
timfalls,40.02931,105.24013,1348150320
timfalls,40.69744,73.97968,1313335440
timfalls,40.95989,29.08404,1351856880
timfalls,39.8633384,104.67387199,1323376380
timfalls,41.05830092,29.01396856,1351843500
timfalls,39.7582,105.00732162,1351100040
timfalls,41.041934,29.009267,1351935420
timfalls,51.47206,0.486475,1321775700
timfalls,40.016838,105.285376,1317211440
timfalls,39.84950188,104.67387199,1312542540
timfalls,40.0168083,105.2806208,1318707300
timfalls,38.93236603,77.21748098,1322912280
timfalls,39.16474771,86.52836406,1319221020
timfalls,40.77457811,73.87200594,1313344500
timfalls,30.260385,97.733781,1331572560
timfalls,40.0364958,105.24841883,1319053500
timfalls,40.01680412,105.28078616,1311188640
timfalls,32.08245611,34.76841565,1352095740
timfalls,40.01682617,105.28025336,1309964220
timfalls,31.69988773,35.5827363,1352517060
timfalls,39.854039,104.67189691,1351706580
timfalls,39.76429,104.85511,1319073600
timfalls,33.76771,84.41806,1304178060
timfalls,39.84950188,104.67387199,1303988640
timfalls,40.57556,111.902107,1328393100
timfalls,39.049975,84.65923,1320055800
timfalls,32.0640647,34.77018356,1352194740
timfalls,32.06443736,34.76887606,1352187840
timfalls,37.77702183,122.408318,1343312760
timfalls,40.01739114,105.283265,1329674760
timfalls,37.77190204,122.40378857,1350479880
timfalls,41.05843114,29.01452463,1351845240
timfalls,30.264665,97.73972,1299869580
timfalls,32.05488124,34.77118939,1352102760
timfalls,42.34957045,71.07261035,1352832720
timfalls,39.85378491,104.67387199,1316544060
timfalls,40.01682617,105.28025336,1307389860
timfalls,36.0836502,115.14985085,1323385740
timfalls,37.42235552,122.08804965,1310485920
timfalls,40.01739114,105.283265,1333717440
timfalls,40.777885,73.871326,1330448520
timfalls,39.76429,104.85511,1316365800
timfalls,50.82609,0.138274,1344420900
timfalls,40.01682617,105.28025336,1306020480
timfalls,39.750579,104.999706,1351333980
timfalls,30.267232,97.743748,1349641680
timfalls,30.2663442,97.7396241,1300050120
timfalls,52.47593515,1.88310477,1344674400
timfalls,40.01739114,105.283265,1351693080
timfalls,40.009892,105.272792,1348358880
timfalls,39.85197289,104.67374325,1318637520
timfalls,40.57545094,111.90274715,1328202840
timfalls,26.07197639,80.14602843,1330335480
timfalls,37.75071593,122.4183689,1310430840
timfalls,51.501029,0.124969,1321424100
timfalls,39.927486,105.118455,1320859560
timfalls,39.84889952,104.6737583,1310582940
timfalls,38.932206,77.218245,1322825400
timfalls,30.26999628,97.75131005,1315523280
timfalls,39.16489546,86.53208612,1319221080
timfalls,41.0340796,28.9937805,1351835520
timfalls,40.02931,105.24013,1347906420
timfalls,39.85197289,104.67374325,1351706280
timfalls,51.52270313,0.08548737,1344262200
timfalls,40.01739366,105.27756214,1311017160
timfalls,40.56007999,111.88961506,1328377440
timfalls,39.16279235,86.53286227,1308851820
timfalls,40.738777,73.989881,1341997140
timfalls,40.02931,105.24013,1347287280
timfalls,39.75029378,105.001317,1317164220
timfalls,31.94009403,35.88490538,1352575560
timfalls,30.269074,97.740491,1349710800
timfalls,37.78767,122.40727,1305060120
timfalls,39.9274674,105.11861754,1306325520
timfalls,40.0256635,105.25187146,1343421720
timfalls,37.78742003,122.39935756,1332893940
timfalls,32.05525262,34.75990415,1352304720
timfalls,40.01802224,105.2793324,1301155920
timfalls,30.2645838,97.7414455,1299947940
timfalls,31.94024935,35.8846459,1352614560
timfalls,45.51560103,122.66589766,1342817280
timfalls,51.523735,0.0786,1321451820
timfalls,39.76429,104.85511,1318860420
timfalls,32.06311886,34.77053958,1352184360
timfalls,50.04234968,8.56249746,1351744560
timfalls,44.66089182,73.47028106,1342022520
timfalls,30.26360797,97.73956776,1299853800
timfalls,40.02931,105.24013,1346815920
timfalls,40.02931,105.24013,1347380940
timfalls,40.02931,105.24013,1320283260
timfalls,42.35004,71.06602,1352917920
timfalls,31.97135495,35.83536391,1352514240
timfalls,40.574552,111.901995,1328362680
timfalls,37.77029,122.43607,1314016260
timfalls,31.95076085,35.92330822,1352383140
timfalls,37.78594785,122.4106178,1305335040
timfalls,39.84950188,104.67387199,1305321780
timfalls,36.117301,115.180812,1323441420
timfalls,40.01891579,105.27577847,1315912620
timfalls,37.78323134,122.40374565,1305077220
timfalls,40.74581014,73.98822069,1307561760
timfalls,41.05839675,29.01426559,1351844100
timfalls,42.36831045,71.02154732,1352820900
timfalls,40.68733765,73.99096191,1349972460
timfalls,40.017907,105.226353,1328034480
timfalls,40.017253,105.28297541,1345079820
timfalls,40.73918328,73.9894921,1307738160
timfalls,52.48224608,1.90046042,1344752400
timfalls,40.02931,105.24013,1348149360
timfalls,39.17347205,86.55030258,1319134440
timfalls,40.058019,105.281776,1317555660
timfalls,44.577802,73.50816429,1342021680
timfalls,45.515306,122.665873,1342814460
timfalls,40.01867524,105.27972724,1347483960
timfalls,33.853656,117.839377,1332969060
timfalls,51.54270932,0.00719354,1344184140
timfalls,40.6871589,73.9912443,1349868240
timfalls,51.510465,0.127527,1344505080
timfalls,40.01682617,105.28025336,1307467320
timfalls,39.84950188,104.67387199,1306532640
timfalls,40.016498,105.281192,1322588820
timfalls,52.47544862,1.8840909,1344670320
timfalls,39.16380447,86.52071688,1319221800
timfalls,40.02931,105.24013,1321110660
timfalls,32.09653341,34.77418447,1352280300
timfalls,45.52105431,122.69516992,1342885500
timfalls,40.02931,105.24013,1347467880
timfalls,39.71273306,86.29966736,1314390960
timfalls,25.79435748,80.13473776,1330181520
timfalls,51.52644639,0.08039178,1344005340
timfalls,40.78742672,111.98156629,1328190720
timfalls,40.01582426,105.2827549,1303412280
timfalls,37.771489,122.404577,1350512460
timfalls,37.772018,122.403812,1350511500
timfalls,30.20155733,97.66712666,1315427700
timfalls,40.01915406,105.27739316,1314920700
timfalls,40.016212,105.281768,1299256140
timfalls,40.01739114,105.283265,1324409820
timfalls,33.79196106,117.85225153,1333289880
timfalls,51.5202231,0.07408261,1321642260
timfalls,51.54302558,0.00566483,1344190080
timfalls,40.73911285,73.98967743,1341998100
timfalls,51.52235112,0.10969625,1344059640
timfalls,31.9449052,35.88119711,1352563200
timfalls,40.0151,105.26,1299342720
timfalls,40.0175835,105.2821758,1317661560
timfalls,33.78626376,84.39558356,1304075580
timfalls,40.02931,105.24013,1348149360
timfalls,32.066048,34.776997,1352182320
timfalls,40.017077,105.28319,1325885580
