timlindley,53.34383126,1.77438763,1349584500
timlindley,51.58787,0.10216,1349803140
timlindley,51.503697,0.080055,1319785320
timlindley,51.58787,0.10216,1349630220
timlindley,51.51448,0.093,1348755480
timlindley,51.58787,0.10216,1350202980
timlindley,50.86991992,0.73203845,1341136320
timlindley,51.51448,0.093,1348762920
timlindley,51.58787,0.10216,1350317760
timlindley,51.48914,0.08744,1349239080
timlindley,51.10258,0.39835,1348997340
timlindley,51.97482,1.28498,1349869740
timlindley,51.466294,0.26470507,1330760640
timlindley,32.70500371,117.16402872,1325303640
timlindley,51.58787,0.10216,1349629800
timlindley,51.58787,0.10216,1350317820
timlindley,52.05602542,1.26227133,1349877180
timlindley,51.780054,4.367611,1347007080
timlindley,51.48914,0.08744,1350371700
timlindley,51.58787,0.10216,1350317160
timlindley,51.48914,0.08744,1349167680
