timoreilly,37.74953271,122.42725085,1347281040
timoreilly,21.29917582,157.86050767,1343493420
timoreilly,42.79499,71.22556,1344091080
timoreilly,37.4179619,122.0874367,1344098520
timoreilly,37.916745,122.553103,1349959800
timoreilly,37.80506665,122.270712,1343226960
timoreilly,37.83203093,122.25801377,1350132960
timoreilly,37.42232,122.084736,1344117960
timoreilly,37.77302,122.39385,1349191260
timoreilly,37.77552833,122.41369655,1351617660
timoreilly,37.4179619,122.0874367,1344117720
timoreilly,30.49143357,97.76380834,1348033380
timoreilly,37.78526239,122.40094158,1346163240
timoreilly,37.78492,122.41288,1350490080
timoreilly,37.77711727,122.40298576,1349119740
timoreilly,37.33727078,122.01459741,1343381460
timoreilly,37.77850902,122.4125177,1350512280
timoreilly,45.53333775,122.70671322,1347665460
timoreilly,37.78301645,122.46253175,1345149600
timoreilly,37.831602,122.2573778,1350224580
timoreilly,37.8094683,122.26447762,1342877040
timoreilly,37.782391,122.400744,1352332200
timoreilly,37.78536598,122.41065279,1350486300
timoreilly,40.69744,73.97968,1348106400
timoreilly,33.80071802,117.91929745,1340980500
timoreilly,41.97964311,87.77865611,1341066420
timoreilly,45.5432,122.65472,1347808200
timoreilly,38.89529399,77.0364063,1349967180
timoreilly,37.55719,122.31501,1347310200
timoreilly,37.42498,122.17027,1345985460
timoreilly,37.42498,122.17027,1347226560
timoreilly,37.4179619,122.0874367,1344090240
timoreilly,40.74753984,73.85255738,1348917120
timoreilly,37.78547236,122.410698,1350481260
timoreilly,37.77733432,122.40258262,1349116380
timoreilly,37.71226741,122.21261144,1343036760
timoreilly,40.73046852,73.99596741,1351200900
timoreilly,37.4218457,122.0825729,1344097080
timoreilly,45.51016576,122.66585312,1347720540
timoreilly,37.77029,122.43607,1346946120
