travisketchum,48.50667871,122.67807126,1345401300
travisketchum,37.77029,122.43607,1350489840
travisketchum,47.44364658,122.30259418,1314183060
travisketchum,47.8305658,122.27168105,1319905020
travisketchum,48.43617676,122.33975887,1316819100
travisketchum,47.59967295,122.30829571,1312656180
travisketchum,47.607449,122.332864,1320710520
travisketchum,47.62341,122.336045,1323387600
travisketchum,37.61640706,122.38615036,1331814420
travisketchum,48.43970276,122.60354091,1343588460
travisketchum,22.87394456,109.93884858,1331915820
travisketchum,45.522676,122.67316282,1313859960
travisketchum,45.85219,119.29063976,1315703160
travisketchum,47.60920379,122.33948261,1333840500
travisketchum,47.60743253,122.339378,1323818400
travisketchum,47.61984728,122.3505199,1344392040
travisketchum,22.87412261,109.93897266,1332174060
travisketchum,41.97727092,87.90440083,1327612320
travisketchum,47.66361,122.29914,1348168020
travisketchum,47.599668,122.333965,1331257320
travisketchum,30.29775,97.75335,1331739420
travisketchum,47.59507995,122.3317337,1345310340
travisketchum,37.77029,122.43607,1347647700
travisketchum,47.610321,122.34221,1315006080
travisketchum,47.62073806,122.33166673,1346881320
travisketchum,47.62027756,122.18045712,1318632900
travisketchum,47.60920379,122.33948261,1333836120
travisketchum,46.73754411,117.16918754,1321156680
travisketchum,37.61637306,122.38610744,1311450960
travisketchum,47.603665,122.338534,1352980320
travisketchum,47.6046697,122.33093039,1318526400
travisketchum,37.36662498,121.9263044,1311604260
travisketchum,37.62024117,122.38806383,1332204420
travisketchum,48.261019,122.325428,1316878680
travisketchum,47.61293328,122.34459758,1321759380
travisketchum,47.59507995,122.3317337,1314465780
travisketchum,47.619941,122.3521,1346876040
travisketchum,47.62246,122.33037,1340838540
travisketchum,29.52611853,98.47191811,1322390880
travisketchum,47.61357,122.33395,1316208120
travisketchum,47.44364658,122.30259418,1332218700
travisketchum,47.66407231,122.29808271,1346422920
travisketchum,47.44364658,122.30259418,1322420760
travisketchum,47.61220048,122.34255124,1331682180
travisketchum,47.62947183,122.35992908,1346530320
travisketchum,47.44364658,122.30259418,1327892460
travisketchum,29.42572624,98.48622501,1322145420
travisketchum,47.83061639,122.27122307,1319904420
travisketchum,45.51757987,122.67582403,1313879160
travisketchum,22.87412261,109.93897266,1332174120
travisketchum,47.59507995,122.3317337,1348962000
travisketchum,47.44364658,122.30259418,1311592860
travisketchum,22.87412261,109.93897266,1332173940
travisketchum,47.66269943,122.2995472,1333988220
travisketchum,46.7387905,117.171502,1321187280
travisketchum,48.545447,122.418357,1314552540
travisketchum,41.882904,87.623565,1327689780
travisketchum,37.61409677,122.38236082,1332199200
travisketchum,47.88490521,120.1615361,1343790120
travisketchum,46.7336122,117.166688,1321060560
travisketchum,32.73299612,117.19931602,1311806700
travisketchum,47.61035205,122.34224528,1336269000
travisketchum,47.62505025,122.34717786,1342831980
travisketchum,47.66365322,122.29963303,1322617800
travisketchum,47.60102945,122.31461441,1312750080
travisketchum,28.42621494,81.29821784,1326231000
travisketchum,37.616911,122.382454,1331829480
travisketchum,41.87254879,87.62917936,1327683660
travisketchum,41.92139102,87.63336897,1327764660
travisketchum,29.52611853,98.47191811,1322092020
travisketchum,47.62063922,122.34763866,1332448440
travisketchum,47.66216471,122.29834557,1323911760
travisketchum,47.662562,122.297795,1333304400
travisketchum,45.52584163,122.684934,1313795160
travisketchum,47.617922,122.326196,1345237860
travisketchum,47.607337,122.334169,1332444120
travisketchum,37.71226741,122.21261144,1314404160
travisketchum,46.73097793,117.16223717,1320964680
travisketchum,47.62786513,122.33373433,1328379960
travisketchum,46.732023,117.160913,1321145040
travisketchum,47.665508,122.296668,1348262160
travisketchum,48.121073,123.42737,1350151740
travisketchum,47.62489874,122.31936452,1312467480
travisketchum,46.7330451,117.16221792,1321156380
travisketchum,46.73425845,117.17039586,1321070700
travisketchum,29.42551777,98.488343,1322347560
travisketchum,47.44364658,122.30259418,1331800980
