victoriabowring,39.81579,75.1236,1321790640
victoriabowring,28.44998,81.52018,1326727020
victoriabowring,40.0025,75.11804,1306239360
victoriabowring,28.44998,81.52018,1322824680
victoriabowring,39.03622,76.92641,1321019820
victoriabowring,39.83972,75.18377,1320429720
victoriabowring,28.44998,81.52018,1323780180
victoriabowring,39.03622,76.92641,1321019760
victoriabowring,40.0025,75.11804,1306238940
victoriabowring,28.44998,81.52018,1322824380
victoriabowring,40.0025,75.11804,1301564580
victoriabowring,40.0025,75.11804,1306238880
victoriabowring,40.0025,75.11804,1306238820
victoriabowring,38.97846,77.69476,1302004080
victoriabowring,40.0025,75.11804,1306238940
victoriabowring,40.0025,75.11804,1301564640
victoriabowring,28.44998,81.52018,1322824860
victoriabowring,28.44998,81.52018,1323884460
victoriabowring,28.44998,81.52018,1328870760
