viktoriabk,34.2257362,118.3620559,1343873100
viktoriabk,34.19233,118.3315546,1318018860
viktoriabk,34.19138436,118.3288157,1330287240
viktoriabk,34.19229279,118.33167223,1349125920
viktoriabk,47.41352917,19.20150982,1333795620
viktoriabk,34.225757,118.3620409,1349945040
viktoriabk,34.2255594,118.3618779,1341609960
viktoriabk,40.74822529,73.991611,1315842960
viktoriabk,34.19234062,118.33154667,1329952080
viktoriabk,34.19234062,118.33154667,1330474740
viktoriabk,34.18363,118.306251,1328820300
viktoriabk,34.19229279,118.33167223,1344093900
viktoriabk,40.765391,73.980721,1317133440
viktoriabk,34.19138436,118.3288157,1321817940
viktoriabk,34.2254065,118.3617747,1341609540
viktoriabk,34.2255491,118.3619398,1343915580
viktoriabk,34.2258824,118.3620425,1352044980
viktoriabk,34.2256077,118.3619279,1342461300
viktoriabk,34.0984143,118.3652559,1344536460
viktoriabk,34.16702,118.37592,1347722760
viktoriabk,34.2270138,118.3644305,1343866140
viktoriabk,34.1913076,118.3274028,1341263580
viktoriabk,34.14382028,118.39279621,1328303160
viktoriabk,34.0728342,118.382524,1343783700
viktoriabk,40.64704,73.784599,1317473280
viktoriabk,34.22565,118.3619885,1345293900
viktoriabk,34.0685056,118.34389327,1344802860
viktoriabk,34.225346,118.3616897,1342538820
viktoriabk,34.10538199,118.31868231,1350687000
viktoriabk,34.2253878,118.3617114,1342110240
viktoriabk,34.2254781,118.3618026,1343706120
viktoriabk,34.19229279,118.33167223,1343681340
viktoriabk,34.19138436,118.3288157,1330734000
viktoriabk,34.19366508,118.32547903,1352215980
viktoriabk,40.747315,73.997689,1316979000
viktoriabk,34.2257385,118.3619978,1349929680
viktoriabk,34.19234062,118.33154667,1330646940
viktoriabk,34.2254996,118.3619165,1344819060
viktoriabk,40.747315,73.997689,1317420660
viktoriabk,40.7343672,73.9898273,1346167140
viktoriabk,34.19234062,118.33154667,1328138700
viktoriabk,34.1609659,118.31146717,1343512920
viktoriabk,40.765209,73.9910709,1346001720
viktoriabk,46.20349521,6.14510386,1333463280
viktoriabk,40.74822529,73.991611,1316446740
viktoriabk,34.2254997,118.3618746,1343408340
viktoriabk,34.1908765,118.3270287,1350864900
viktoriabk,40.74822529,73.991611,1317065760
viktoriabk,34.2267706,118.3640439,1352211540
viktoriabk,34.2258255,118.361998,1352260380
viktoriabk,34.1911713,118.3272916,1345159080
viktoriabk,34.115525,118.352686,1319388480
viktoriabk,34.097142,118.3660939,1345256040
viktoriabk,34.192049,118.3314326,1351555740
viktoriabk,34.1912796,118.327447,1343494800
viktoriabk,34.1924261,118.33086,1351561980
viktoriabk,34.19229279,118.33167223,1343694720
viktoriabk,34.2255546,118.3619038,1342315140
viktoriabk,34.225819,118.3621083,1350388920
viktoriabk,34.1789826,118.3106135,1343265900
viktoriabk,34.0975187,118.3281238,1350597480
viktoriabk,34.1910291,118.3273158,1350335760
viktoriabk,34.2255444,118.361866,1341609780
viktoriabk,40.77266,73.97707727,1317409200
viktoriabk,34.2254365,118.3618309,1343931480
viktoriabk,40.747315,73.997689,1317589260
viktoriabk,34.1038987,118.3441097,1349916720
viktoriabk,34.0728342,118.382524,1343784720
viktoriabk,34.2253014,118.3616622,1344183420
viktoriabk,34.2253576,118.3616772,1341634200
viktoriabk,34.18382114,118.30652229,1344899760
viktoriabk,34.1920368,118.3313432,1352417940
viktoriabk,34.2254082,118.3617571,1342112580
viktoriabk,34.225683,118.3620624,1351316040
viktoriabk,34.2258001,118.3620281,1350144540
viktoriabk,34.1912796,118.327447,1343494860
viktoriabk,34.0958829,118.3667825,1345256640
viktoriabk,34.2255234,118.3618309,1342710240
viktoriabk,47.51026219,19.05521724,1325596680
viktoriabk,34.2254245,118.3618469,1343403660
viktoriabk,40.71854629,74.00259197,1316717700
viktoriabk,40.73316247,73.99104044,1346160180
viktoriabk,34.097746,118.365184,1344634320
viktoriabk,34.18363,118.306251,1329958440
viktoriabk,34.2255143,118.3619104,1343434980
viktoriabk,34.2256513,118.3621415,1351697940
viktoriabk,34.225491,118.3618621,1344728400
viktoriabk,34.0826938,118.2734458,1342361520
viktoriabk,34.186587,118.5478929,1342909320
viktoriabk,34.19234062,118.33154667,1330995840
viktoriabk,34.0687305,118.395498,1349962380
viktoriabk,34.2258759,118.362019,1352233320
viktoriabk,40.747315,73.997689,1346022420
viktoriabk,34.1009585,118.3275533,1342564320
viktoriabk,34.19138436,118.3288157,1329344100
viktoriabk,34.0905659,118.3596858,1344440580
viktoriabk,34.2256666,118.3619647,1341945060
viktoriabk,34.2258556,118.3619441,1352263800
viktoriabk,34.2255242,118.361867,1341838980
viktoriabk,34.19234062,118.33154667,1328577480
viktoriabk,34.0988558,118.3288114,1350000540
viktoriabk,40.75684746,74.00128841,1316959740
viktoriabk,34.0494104,118.25661063,1351385580
viktoriabk,34.2254793,118.3618265,1342110480
viktoriabk,34.2254692,118.3618228,1342880400
viktoriabk,47.49604199,19.059221,1325502420
viktoriabk,47.51212106,19.05712724,1325323680
viktoriabk,34.2257042,118.3620564,1351461960
viktoriabk,34.07369729,118.37636054,1343789700
viktoriabk,34.2255679,118.3618802,1341609840
viktoriabk,34.2256047,118.3619113,1341254160
viktoriabk,34.19138436,118.3288157,1324290000
viktoriabk,34.2257022,118.3621264,1351449540
viktoriabk,34.2253818,118.3617583,1343705940
viktoriabk,34.19234062,118.33154667,1329355680
viktoriabk,34.098,118.328395,1344371640
viktoriabk,40.7635142,73.92855849,1315944780
viktoriabk,34.225495,118.3619018,1344115500
viktoriabk,34.2255835,118.3619092,1342566060
viktoriabk,33.9664542,118.422074,1344629520
viktoriabk,40.7643926,73.9891665,1346077680
viktoriabk,34.22532,118.3616861,1341247020
viktoriabk,34.2256395,118.3619518,1349901480
viktoriabk,34.2257421,118.3620824,1350420660
viktoriabk,34.2256223,118.361926,1342112160
viktoriabk,34.19235196,118.33159233,1327533120
viktoriabk,34.191189,118.3272289,1350335220
viktoriabk,34.1915368,118.3278116,1343945040
viktoriabk,34.1910482,118.3271368,1352245080
viktoriabk,40.73684261,73.98995578,1346162220
viktoriabk,34.19234062,118.33154667,1332940560
viktoriabk,34.18384575,118.30637958,1330645680
viktoriabk,34.18382114,118.30652229,1347654660
viktoriabk,34.2257075,118.3620568,1351903920
viktoriabk,34.19229279,118.33167223,1349824680
viktoriabk,34.05657053,118.24745893,1344689220
viktoriabk,40.645724,73.9962123,1346153640
viktoriabk,34.2321103,118.3584992,1344685980
viktoriabk,34.16702,118.37592,1348928700
viktoriabk,34.11201774,118.33931923,1349737620
viktoriabk,34.225431,118.3617397,1340984760
viktoriabk,34.19138436,118.3288157,1324316520
viktoriabk,40.6525088,74.0061435,1346293920
viktoriabk,34.19138436,118.3288157,1343691840
viktoriabk,40.733525,74.002817,1316643720
viktoriabk,34.0982416,118.3652039,1345258020
viktoriabk,34.19229279,118.33167223,1347455160
viktoriabk,34.098,118.328395,1343339700
viktoriabk,34.1037123,118.3237951,1350690960
viktoriabk,34.10067996,118.34216835,1344443340
viktoriabk,40.756063,73.984506,1316812080
viktoriabk,34.225667,118.3620411,1345293660
viktoriabk,34.2253021,118.3617121,1343403360
viktoriabk,34.2255366,118.3618939,1344826620
viktoriabk,34.225713,118.3620761,1343871600
viktoriabk,34.08330346,118.36073399,1344798720
viktoriabk,34.0742264,118.3846682,1343776440
viktoriabk,40.7451114,73.9950108,1346189580
viktoriabk,34.2254225,118.3617625,1342387860
viktoriabk,34.2270956,118.3720441,1351721400
viktoriabk,34.11038328,118.35056305,1336502280
viktoriabk,34.004824,118.486862,1321388100
viktoriabk,34.2254932,118.3618528,1344826800
viktoriabk,34.2256405,118.3620462,1350311760
viktoriabk,34.19229279,118.33167223,1350864120
viktoriabk,34.09593133,118.18701496,1327093920
viktoriabk,40.74826662,73.99166598,1346016420
viktoriabk,34.2255134,118.3618161,1340985660
viktoriabk,34.1009488,118.3274461,1343771940
viktoriabk,34.2258651,118.3619408,1352232840
viktoriabk,34.2256964,118.3619429,1349849940
viktoriabk,34.19229279,118.33167223,1344294300
viktoriabk,34.2255604,118.361841,1341247380
viktoriabk,34.2256248,118.3620273,1344225780
viktoriabk,34.08607137,118.36165667,1343747040
viktoriabk,34.1910903,118.3272208,1351114440
viktoriabk,34.225633,118.3619001,1341609180
viktoriabk,40.7638529,73.9909197,1346001360
viktoriabk,34.18382114,118.30652229,1348938180
viktoriabk,34.2255466,118.3618808,1341418140
viktoriabk,34.2255537,118.3619293,1343410560
viktoriabk,34.16702,118.37592,1350505800
viktoriabk,34.182247,118.308596,1336227480
viktoriabk,34.2252716,118.3616824,1343403780
viktoriabk,40.71854629,74.00259197,1317322560
viktoriabk,34.2258504,118.3620101,1352262300
viktoriabk,34.0986219,118.3240578,1343770260
viktoriabk,34.098,118.328395,1343770200
viktoriabk,34.2253529,118.3617078,1341044760
viktoriabk,34.18363,118.306251,1329604200
viktoriabk,34.0852998,118.3618192,1345219560
viktoriabk,34.2256449,118.3618712,1342114620
viktoriabk,33.9687538,118.4163184,1344614700
viktoriabk,34.2266302,118.3648173,1351697700
viktoriabk,34.0728342,118.382524,1343775840
viktoriabk,34.19234062,118.33154667,1328837280
viktoriabk,34.19234062,118.33154667,1330301640
viktoriabk,34.16830079,118.3453542,1328032680
viktoriabk,34.2254099,118.3617834,1344278220
viktoriabk,34.19234062,118.33154667,1330730940
viktoriabk,34.2256155,118.3618875,1341609240
viktoriabk,40.6457002,73.9962076,1346205540
viktoriabk,34.19234062,118.33154667,1328742480
viktoriabk,34.19229279,118.33167223,1350866400
viktoriabk,34.2256714,118.3620708,1351102320
viktoriabk,34.16702,118.37592,1350505740
viktoriabk,34.19229279,118.33167223,1348780920
viktoriabk,34.2253413,118.3617108,1341044700
viktoriabk,34.16702,118.37592,1328979360
viktoriabk,34.1791501,118.3111553,1340830620
viktoriabk,40.7473942,73.9931268,1346017680
viktoriabk,34.19234062,118.33154667,1336425480
viktoriabk,34.1918,118.33148,1327623240
viktoriabk,42.3519586,79.3248424,1345858800
viktoriabk,34.2256242,118.3619878,1342401900
viktoriabk,34.2254488,118.3618059,1343711640
viktoriabk,34.2253849,118.361782,1344973680
viktoriabk,34.19234062,118.33154667,1330557240
viktoriabk,47.41349621,19.20119388,1325566020
viktoriabk,34.0896618,118.3576658,1344606240
viktoriabk,40.7628197,73.9857117,1346075220
viktoriabk,34.0981516,118.3577614,1350497700
viktoriabk,34.140427,118.708373,1347752700
viktoriabk,34.2257551,118.3619631,1350019860
viktoriabk,34.1838985,118.3132306,1351293300
viktoriabk,34.2256012,118.3618974,1341193380
viktoriabk,34.2255915,118.3619018,1342461360
viktoriabk,34.2256238,118.3620264,1350331140
viktoriabk,34.2255298,118.3619003,1343402520
viktoriabk,34.098238,118.356381,1329436500
viktoriabk,34.2256327,118.3619158,1349878500
viktoriabk,40.747315,73.997689,1316897100
viktoriabk,34.2255167,118.3618537,1341673500
viktoriabk,34.19234062,118.33154667,1333062420
viktoriabk,34.2253606,118.3617751,1344429240
viktoriabk,34.19233,118.3315546,1318280760
viktoriabk,34.16702,118.37592,1350750840
viktoriabk,34.2258526,118.3620059,1352318040
viktoriabk,34.0930639,118.3778571,1341961380
viktoriabk,40.77296,73.977125,1317235860
viktoriabk,34.16702,118.37592,1327164540
viktoriabk,34.0728342,118.382524,1343775180
viktoriabk,34.2253403,118.3617148,1343237160
viktoriabk,34.19229279,118.33167223,1352757960
viktoriabk,40.74741436,73.997566,1315770180
viktoriabk,34.19138436,118.3288157,1343594700
viktoriabk,34.1090127,118.3354024,1349741700
viktoriabk,34.19229279,118.33167223,1352844960
viktoriabk,34.19234062,118.33154667,1331338140
viktoriabk,34.2256164,118.3619992,1349988000
viktoriabk,34.0688356,118.3998451,1349957400
viktoriabk,34.2252219,118.3615935,1344183660
viktoriabk,34.19235196,118.33159233,1327018440
viktoriabk,34.2256642,118.3621036,1351457580
viktoriabk,34.19233,118.3315546,1320703740
viktoriabk,40.7635142,73.92855849,1317153900
viktoriabk,34.19229279,118.33167223,1350512580
viktoriabk,34.229655,118.3711691,1344731460
viktoriabk,34.19138436,118.3288157,1329863520
viktoriabk,34.2258437,118.3620083,1352234760
viktoriabk,34.16702,118.37592,1327446300
viktoriabk,34.1915368,118.3278116,1343859120
viktoriabk,34.14551644,118.39102746,1328909400
viktoriabk,34.1929854,118.3320168,1350075720
viktoriabk,34.2255931,118.361968,1344569220
viktoriabk,34.2255719,118.3618843,1341838920
viktoriabk,34.192423,118.331562,1321913160
viktoriabk,34.2256589,118.3620122,1351202580
viktoriabk,34.19235196,118.33159233,1327247940
viktoriabk,34.2295973,118.371222,1343070780
viktoriabk,34.19234062,118.33154667,1329786360
viktoriabk,34.19229279,118.33167223,1343486040
viktoriabk,34.19138436,118.3288157,1331242320
viktoriabk,34.2253543,118.3617427,1343411640
viktoriabk,34.098,118.328395,1349815440
viktoriabk,40.747315,73.997689,1317341520
viktoriabk,34.19229279,118.33167223,1344892980
viktoriabk,34.19229279,118.33167223,1351471440
viktoriabk,33.9611577,118.4113712,1344615240
viktoriabk,46.21890779,6.13447896,1333360380
viktoriabk,34.07057793,118.36047649,1347732900
viktoriabk,34.225446,118.3618644,1344994680
viktoriabk,34.19234062,118.33154667,1329181680
viktoriabk,34.19234062,118.33154667,1332821820
viktoriabk,34.0686595,118.3996436,1349956200
viktoriabk,47.50359151,19.06132102,1333807080
viktoriabk,34.2254398,118.3617812,1341631500
viktoriabk,34.19229279,118.33167223,1351033260
viktoriabk,34.2252859,118.361648,1340899860
viktoriabk,34.1015331,118.33867282,1349405820
viktoriabk,34.19138436,118.3288157,1332884040
viktoriabk,34.2254258,118.3618362,1344822060
viktoriabk,34.2255893,118.3619384,1342978560
viktoriabk,34.2255897,118.3619278,1343914200
viktoriabk,40.68968494,74.17938709,1333124400
viktoriabk,34.2256493,118.3620023,1345150800
viktoriabk,34.2257527,118.3621019,1351716120
viktoriabk,34.2253382,118.3616785,1341706860
viktoriabk,34.2253575,118.3617912,1343409060
viktoriabk,34.201089,118.3382394,1350084120
viktoriabk,34.2255954,118.3618786,1349901420
viktoriabk,40.6525088,74.0061435,1346279820
viktoriabk,34.2258484,118.361999,1352262000
viktoriabk,34.098,118.328395,1336507200
viktoriabk,34.19138436,118.3288157,1343594700
viktoriabk,40.77296,73.977125,1316029680
viktoriabk,47.50338187,19.0593457,1333719960
viktoriabk,34.16702,118.37592,1349529060
viktoriabk,34.0500697,118.2572381,1351387740
viktoriabk,34.2258597,118.3620148,1352268420
viktoriabk,47.505537,19.061291,1324986720
viktoriabk,34.19138436,118.3288157,1329945780
viktoriabk,34.0981516,118.3577614,1350497880
viktoriabk,34.2253183,118.3616697,1344187860
viktoriabk,34.2257518,118.3619654,1341946740
viktoriabk,40.7635142,73.92855849,1316550060
viktoriabk,34.2277725,118.3721916,1349973780
viktoriabk,34.2257841,118.3620926,1343873160
viktoriabk,47.41352917,19.20150982,1333708620
viktoriabk,34.2255327,118.361887,1342468020
viktoriabk,34.14382679,118.39095329,1330118340
viktoriabk,34.19160623,118.32940578,1323217380
viktoriabk,34.2256493,118.3620127,1343873400
viktoriabk,34.2253118,118.3616758,1343711940
viktoriabk,34.19234062,118.33154667,1329693120
viktoriabk,34.0982782,118.3292456,1344372780
viktoriabk,34.2274978,118.3631543,1344700440
viktoriabk,34.19229279,118.33167223,1347569880
viktoriabk,34.19233,118.3315546,1318546260
viktoriabk,34.1699283,118.3752803,1350504000
viktoriabk,34.0971019,118.3452467,1344448620
viktoriabk,34.2253402,118.3617093,1340986440
viktoriabk,34.2258453,118.3620377,1352233200
viktoriabk,34.1811632,118.3113878,1350249420
viktoriabk,34.19138436,118.3288157,1329698700
viktoriabk,34.0567705,118.4130323,1344459480
viktoriabk,34.16702,118.37592,1348927920
viktoriabk,34.2253468,118.3617333,1343234940
viktoriabk,34.098,118.328395,1349996040
viktoriabk,34.2253415,118.3617229,1343234880
viktoriabk,34.2255975,118.3619749,1342385580
viktoriabk,34.16702,118.37592,1350946980
viktoriabk,34.10176904,118.32565052,1328402520
viktoriabk,34.1912796,118.327447,1343254680
viktoriabk,34.2256044,118.3619792,1344115620
viktoriabk,42.9334274,78.7362613,1345460160
viktoriabk,34.2253509,118.3617137,1342110180
viktoriabk,34.098,118.328395,1344371520
viktoriabk,34.19234062,118.33154667,1329869340
viktoriabk,34.225514,118.361919,1343586180
viktoriabk,34.0970534,118.3661088,1345256340
viktoriabk,34.19138436,118.3288157,1323308160
viktoriabk,34.19138436,118.3288157,1330036080
viktoriabk,34.09107562,118.33221873,1347494640
viktoriabk,34.2253226,118.3617476,1343402640
viktoriabk,34.06374502,118.44544507,1328997060
viktoriabk,34.2257462,118.3619341,1349756040
viktoriabk,34.2254317,118.3618367,1343793840
viktoriabk,34.2256886,118.3620164,1351742340
viktoriabk,33.94389398,118.40502262,1333093260
viktoriabk,34.10067996,118.34216835,1344443340
viktoriabk,34.1910914,118.3272246,1351026660
viktoriabk,34.2254843,118.3618852,1343929740
viktoriabk,34.2267706,118.3640439,1352211540
viktoriabk,40.747315,73.997689,1317420660
viktoriabk,34.19234062,118.33154667,1330391940
viktoriabk,34.19138436,118.3288157,1344889260
viktoriabk,34.11201774,118.33931923,1349739480
viktoriabk,34.1090127,118.3354024,1349741280
viktoriabk,40.766561,73.982401,1317308400
viktoriabk,34.07261733,118.36889021,1328210280
viktoriabk,34.2254281,118.3617815,1344824100
viktoriabk,34.2255743,118.3619679,1344182580
viktoriabk,34.19229279,118.33167223,1347649020
viktoriabk,34.0908435,118.3768841,1341961500
viktoriabk,34.225453,118.3618063,1349805780
viktoriabk,34.19233,118.3315546,1318107660
viktoriabk,34.2256957,118.362088,1351727520
viktoriabk,34.2256526,118.3619933,1342827720
viktoriabk,34.1090127,118.3354024,1349741880
viktoriabk,34.2233067,118.3605276,1343348220
viktoriabk,34.0984837,118.3575097,1350497820
viktoriabk,34.2255011,118.3618774,1342385220
viktoriabk,34.18382114,118.30652229,1352419920
viktoriabk,34.14382679,118.39124998,1329513660
viktoriabk,34.1910291,118.3273158,1350335160
viktoriabk,34.10622592,118.28768671,1328292240
viktoriabk,47.4397971,19.22351539,1326033900
viktoriabk,34.16830079,118.3453542,1330105680
viktoriabk,34.2257452,118.3619375,1349877960
viktoriabk,34.18384575,118.30637958,1331069580
viktoriabk,34.2256393,118.3619725,1342827240
viktoriabk,34.1912796,118.327447,1343494980
viktoriabk,34.2253443,118.3617432,1341933600
viktoriabk,34.0686595,118.3996436,1349959800
viktoriabk,34.2255887,118.3619236,1340932260
viktoriabk,34.2254253,118.3618741,1343403960
viktoriabk,40.76734707,73.99187832,1346001540
viktoriabk,34.2253698,118.361735,1342110480
viktoriabk,34.0686595,118.3996436,1349956260
viktoriabk,34.1912347,118.3273219,1350866880
viktoriabk,34.2253427,118.3617671,1343403240
viktoriabk,34.1914006,118.3274062,1342657080
viktoriabk,47.50405121,19.06120873,1333810500
viktoriabk,34.19229279,118.33167223,1344883680
viktoriabk,34.1908303,118.3268777,1350940980
viktoriabk,34.18363,118.306251,1329254520
viktoriabk,34.1914076,118.3274283,1343493600
viktoriabk,34.225591,118.3619689,1343873220
viktoriabk,34.1911378,118.3274532,1350429060
viktoriabk,34.2201831,118.3621038,1341516480
viktoriabk,34.2196846,118.3581322,1351269900
viktoriabk,34.225857,118.3619887,1352260560
viktoriabk,34.2258514,118.3620092,1352256300
viktoriabk,47.41352917,19.20150982,1333861200
viktoriabk,34.08207403,118.37887103,1345130280
viktoriabk,34.19234062,118.33154667,1332940560
viktoriabk,34.16735762,118.37493896,1319378940
viktoriabk,34.2255896,118.3618668,1349878680
viktoriabk,34.2256135,118.361908,1349878560
viktoriabk,34.2254115,118.3617764,1341609720
viktoriabk,34.16735762,118.37493896,1318168260
viktoriabk,34.1698094,118.3754756,1351394580
viktoriabk,34.19234062,118.33154667,1332807540
viktoriabk,34.2253968,118.3617758,1344880920
viktoriabk,33.9426479,118.41424942,1324320360
viktoriabk,34.098,118.328395,1343767620
viktoriabk,34.2267735,118.3640403,1352391960
viktoriabk,34.19229279,118.33167223,1349302200
viktoriabk,34.16770576,118.376087,1320791700
viktoriabk,34.19229279,118.33167223,1352412420
viktoriabk,33.94389398,118.40502262,1317498780
viktoriabk,47.51026219,19.05521724,1325762820
viktoriabk,34.2256959,118.3621336,1351563720
viktoriabk,34.2253624,118.361756,1344429120
viktoriabk,34.091532,118.360822,1343745360
viktoriabk,34.097949,118.357242,1350496680
viktoriabk,34.2256437,118.3620818,1351353840
viktoriabk,40.747315,73.997689,1346449800
viktoriabk,40.6525088,74.0061435,1346245140
viktoriabk,34.225668,118.3620359,1343873340
viktoriabk,34.0960324,118.3667601,1343786880
viktoriabk,40.74158346,73.997631,1317347460
viktoriabk,34.2253725,118.3616874,1341258360
viktoriabk,34.2255998,118.3620222,1350532560
viktoriabk,34.0688356,118.3998451,1349955780
viktoriabk,34.19234062,118.33154667,1332972780
viktoriabk,34.19229279,118.33167223,1352333460
viktoriabk,34.2256884,118.3619942,1345049760
viktoriabk,34.225534,118.3618738,1341779880
viktoriabk,34.2254385,118.3618535,1344957840
viktoriabk,34.2253111,118.3616658,1341587340
viktoriabk,34.2255966,118.3620279,1350331200
viktoriabk,40.74741436,73.997566,1316376060
viktoriabk,34.225676,118.3619824,1343178000
viktoriabk,40.768414,73.981937,1315934400
viktoriabk,34.2258563,118.3620166,1352260860
viktoriabk,34.19138436,118.3288157,1330986360
viktoriabk,34.19138436,118.3288157,1330986360
viktoriabk,34.19234062,118.33154667,1329608700
viktoriabk,34.2256594,118.3620288,1344822000
viktoriabk,34.2256953,118.3620752,1351342560
viktoriabk,34.19229279,118.33167223,1350939300
viktoriabk,34.19234062,118.33154667,1328652660
viktoriabk,34.0971019,118.3452467,1344448560
viktoriabk,34.1791501,118.3111553,1340828340
