vvpreetham,12.89290675,77.57953076,1351347720
vvpreetham,13.02930247,77.54094241,1352340540
vvpreetham,12.89345646,77.57977805,1332859020
vvpreetham,12.89323649,77.57969789,1332862080
vvpreetham,12.89332823,77.57969709,1332859020
vvpreetham,12.89310394,77.57982393,1332552180
vvpreetham,12.89301988,77.5798026,1332942780
vvpreetham,40.764216,73.982935,1349298780
vvpreetham,13.02927424,77.54102906,1352346180
vvpreetham,13.02927479,77.54103254,1352346360
vvpreetham,13.02925681,77.54102356,1352338320
vvpreetham,40.767862,73.982042,1349192520
vvpreetham,40.767948,73.982076,1349262180
vvpreetham,13.02928876,77.54107366,1352340840
vvpreetham,40.768093,73.982103,1349176980
vvpreetham,12.89309476,77.57977913,1332859080
vvpreetham,12.89314103,77.57974531,1332942540
vvpreetham,13.02927351,77.54106552,1352341440
vvpreetham,12.95398588,77.64337215,1332740880
vvpreetham,13.02927769,77.54104526,1352365020
vvpreetham,13.029276,77.54103694,1352364780
vvpreetham,40.768104,73.982022,1349177520
vvpreetham,40.764459,73.974101,1349176140
vvpreetham,13.20074509,77.70984865,1333296960
vvpreetham,40.768142,73.981946,1349175960
vvpreetham,17.472826,78.373078,1351212420
vvpreetham,13.02928922,77.54106974,1352340960
vvpreetham,12.89299331,77.57973563,1332948000
vvpreetham,13.028846,77.54056,1352191080
vvpreetham,13.20087674,77.71000489,1348941900
vvpreetham,40.76805,73.982098,1349176560
vvpreetham,40.768041,73.982057,1349176740
vvpreetham,40.767977,73.982028,1349260740
