worldwidewaddie,41.83353,87.73188,1350344280
worldwidewaddie,41.83353,87.73188,1351203000
worldwidewaddie,41.98992573,87.65318049,1344847260
worldwidewaddie,41.8880154,87.6245305,1352568660
worldwidewaddie,41.8974928,87.6243961,1353413220
worldwidewaddie,41.8791302,87.700231,1351444860
worldwidewaddie,41.83353,87.73188,1347358140
worldwidewaddie,39.76696227,86.17177089,1348262400
worldwidewaddie,41.9882175,87.6574333,1350176460
worldwidewaddie,41.9892733,87.6575802,1352206500
worldwidewaddie,39.776768,86.167003,1348569840
worldwidewaddie,41.96702385,87.67920267,1352642400
worldwidewaddie,41.83353,87.73188,1350134520
worldwidewaddie,41.9882888,87.6573487,1350773400
worldwidewaddie,42.0025594,87.6633482,1348951980
worldwidewaddie,41.83353,87.73188,1351464240
worldwidewaddie,39.82831343,86.13487244,1348368540
worldwidewaddie,41.988244,87.6574351,1349649480
worldwidewaddie,39.7656385,86.1659386,1348597860
worldwidewaddie,41.83353,87.73188,1347820020
worldwidewaddie,41.83353,87.73188,1347802260
worldwidewaddie,41.8854956,87.6243768,1351772880
worldwidewaddie,41.88676962,87.62484926,1347627180
worldwidewaddie,41.83353,87.73188,1349139660
worldwidewaddie,41.83353,87.73188,1349006040
worldwidewaddie,41.94007777,87.65197107,1353269220
worldwidewaddie,41.98992573,87.65318049,1347359580
worldwidewaddie,39.7656059,86.1646116,1348598160
worldwidewaddie,39.76675409,86.15967751,1348603620
worldwidewaddie,41.9459253,87.6494693,1352253120
worldwidewaddie,41.9734251,87.6676839,1351976100
worldwidewaddie,41.8790231,87.699932,1351443240
worldwidewaddie,41.92976221,87.706959,1350940500
worldwidewaddie,39.92422545,86.1088702,1348430640
worldwidewaddie,41.885784,87.624368,1345028820
worldwidewaddie,41.9882889,87.657454,1351939800
worldwidewaddie,41.83353,87.73188,1349999640
worldwidewaddie,41.83353,87.73188,1347812580
worldwidewaddie,39.77967,86.13285,1348590600
worldwidewaddie,39.7656208,86.16716097,1348262460
worldwidewaddie,41.9838494,87.65815396,1344102780
worldwidewaddie,39.7662923,86.1684507,1348665000
worldwidewaddie,41.9687851,87.6788431,1350220500
worldwidewaddie,41.83353,87.73188,1349987280
worldwidewaddie,41.83353,87.73188,1350862920
worldwidewaddie,41.8852037,87.6246424,1351538400
worldwidewaddie,41.8854727,87.6244778,1350998760
worldwidewaddie,39.86946511,86.14324093,1348357440
worldwidewaddie,41.8976354,87.6243141,1351857780
worldwidewaddie,41.90365053,87.62865137,1349285880
worldwidewaddie,41.88555361,87.62472153,1345033020
worldwidewaddie,41.88245442,87.62251139,1344176400
worldwidewaddie,41.89879233,87.62518683,1350229260
worldwidewaddie,41.83353,87.73188,1349946240
worldwidewaddie,41.88555361,87.62472153,1349789280
worldwidewaddie,41.988235,87.6573916,1349832300
worldwidewaddie,39.76615946,86.16783162,1348570320
worldwidewaddie,39.76617145,86.16832839,1348687200
worldwidewaddie,41.99546196,87.66048997,1344036180
worldwidewaddie,41.93967727,87.65337825,1345236840
worldwidewaddie,41.83353,87.73188,1347104040
worldwidewaddie,39.7660102,86.1672783,1348607040
worldwidewaddie,41.83353,87.73188,1349305740
worldwidewaddie,41.83353,87.73188,1349623320
worldwidewaddie,41.83353,87.73188,1347818340
worldwidewaddie,41.9396606,87.65396328,1352504400
worldwidewaddie,41.83353,87.73188,1346975640
worldwidewaddie,41.83353,87.73188,1351204620
worldwidewaddie,41.8964409,87.6243659,1350229200
worldwidewaddie,41.8871977,87.6244599,1353358800
worldwidewaddie,39.76658091,86.16797626,1348731660
worldwidewaddie,41.83353,87.73188,1346787480
worldwidewaddie,41.88243845,87.62459278,1344377700
worldwidewaddie,41.9882207,87.6572481,1353122460
worldwidewaddie,41.787905,87.74070024,1348242540
worldwidewaddie,41.9883015,87.6573789,1350211020
worldwidewaddie,41.886788,87.6247001,1352933160
worldwidewaddie,41.83353,87.73188,1350382920
worldwidewaddie,41.9882201,87.6574196,1348943280
worldwidewaddie,41.83353,87.73188,1351549080
worldwidewaddie,41.8868545,87.6249737,1351164540
worldwidewaddie,41.83353,87.73188,1351633800
worldwidewaddie,41.83353,87.73188,1349745420
worldwidewaddie,41.9948437,87.6587875,1351888740
worldwidewaddie,41.9882219,87.6574449,1349832540
worldwidewaddie,41.94256646,87.65296131,1347234840
worldwidewaddie,41.9686823,87.6792503,1350221880
worldwidewaddie,41.83353,87.73188,1347819600
worldwidewaddie,39.7663655,86.1670412,1348663860
worldwidewaddie,41.83353,87.73188,1349280300
worldwidewaddie,41.9882299,87.657244,1353276300
worldwidewaddie,41.83353,87.73188,1347444000
worldwidewaddie,41.93967727,87.65337825,1349575140
worldwidewaddie,41.95193463,87.64460393,1352570280
worldwidewaddie,41.83353,87.73188,1350866220
worldwidewaddie,41.83353,87.73188,1349280780
worldwidewaddie,41.87537193,87.63141365,1352689620
worldwidewaddie,39.77967,86.13285,1348590540
worldwidewaddie,41.83353,87.73188,1349306760
worldwidewaddie,41.83703108,87.67978008,1348934880
worldwidewaddie,41.9882841,87.657251,1353276660
worldwidewaddie,41.83353,87.73188,1347801420
worldwidewaddie,39.76658091,86.16797626,1348644900
worldwidewaddie,41.9882139,87.657497,1350789360
worldwidewaddie,41.83353,87.73188,1349998380
worldwidewaddie,39.76465938,86.16375446,1348498620
worldwidewaddie,41.83353,87.73188,1349947080
worldwidewaddie,41.83353,87.73188,1346784480
worldwidewaddie,25.78241,80.22946,1346865000
worldwidewaddie,41.83353,87.73188,1350133620
worldwidewaddie,42.41715,88.08799,1349288280
worldwidewaddie,18.672297,68.418346,1346639700
worldwidewaddie,39.76658091,86.16797626,1348399200
worldwidewaddie,41.994507,87.66032,1351353000
worldwidewaddie,41.83353,87.73188,1351202460
worldwidewaddie,41.9759758,87.6512058,1352570460
worldwidewaddie,41.98992573,87.65318049,1351077540
worldwidewaddie,41.89185476,87.61909348,1352217300
worldwidewaddie,41.83353,87.73188,1349687880
worldwidewaddie,41.8936057,87.6249174,1353413340
worldwidewaddie,41.83353,87.73188,1349990400
worldwidewaddie,41.9882235,87.6574539,1350176280
worldwidewaddie,41.88597749,87.62343197,1344849300
worldwidewaddie,25.77413647,80.19360781,1346751420
worldwidewaddie,41.9882324,87.6574528,1349618700
worldwidewaddie,41.988284,87.6572433,1353277440
worldwidewaddie,41.98992573,87.65318049,1345021860
worldwidewaddie,41.89037836,87.62175929,1353363540
worldwidewaddie,41.9881578,87.6574079,1349590200
worldwidewaddie,39.76617145,86.16832839,1348413120
worldwidewaddie,41.83353,87.73188,1351946460
worldwidewaddie,41.83353,87.73188,1349661240
worldwidewaddie,41.83353,87.73188,1347801180
worldwidewaddie,41.98373109,87.65784949,1347733320
worldwidewaddie,41.83353,87.73188,1350251700
worldwidewaddie,41.9882047,87.6573804,1350079140
worldwidewaddie,41.97312052,87.65974527,1352253480
worldwidewaddie,41.9630611,87.645921,1352570340
worldwidewaddie,41.83353,87.73188,1351554840
worldwidewaddie,41.83353,87.73188,1351201560
worldwidewaddie,41.83353,87.73188,1346786340
worldwidewaddie,41.9882845,87.6572405,1352851380
worldwidewaddie,41.9882781,87.6572504,1352113620
worldwidewaddie,41.83353,87.73188,1350133500
worldwidewaddie,39.7667516,86.15896341,1348317300
worldwidewaddie,41.83353,87.73188,1350431160
worldwidewaddie,41.88403598,87.66536236,1345411620
worldwidewaddie,41.88575959,87.62805442,1352846820
worldwidewaddie,33.6967066,84.3163281,1346234400
worldwidewaddie,41.94532013,87.6497345,1347237900
worldwidewaddie,41.83353,87.73188,1349626320
worldwidewaddie,39.7662549,86.1678612,1348663140
worldwidewaddie,41.885784,87.624368,1351706520
worldwidewaddie,41.9748734,87.6619547,1352570760
worldwidewaddie,41.83353,87.73188,1351550820
worldwidewaddie,39.76641464,86.16741929,1348423440
worldwidewaddie,41.83353,87.73188,1351556820
worldwidewaddie,39.7662408,86.167919,1348659060
worldwidewaddie,41.83353,87.73188,1347409320
worldwidewaddie,39.77967,86.13285,1348271340
worldwidewaddie,41.98992573,87.65318049,1349832180
worldwidewaddie,41.9883424,87.6574273,1350955320
worldwidewaddie,39.77967,86.13285,1348591800
worldwidewaddie,25.82763,80.1871866,1346713500
worldwidewaddie,41.83353,87.73188,1347199560
worldwidewaddie,41.83734097,87.66852367,1348934940
worldwidewaddie,41.83353,87.73188,1349210040
worldwidewaddie,50.50117,4.47677,1353431100
worldwidewaddie,39.766076,86.1673701,1348678380
worldwidewaddie,41.83353,87.73188,1349287680
worldwidewaddie,41.8938299,87.624179,1352208720
worldwidewaddie,41.83353,87.73188,1346977620
worldwidewaddie,42.0078672,87.66510487,1350831660
worldwidewaddie,41.98992573,87.65318049,1344032160
worldwidewaddie,41.83353,87.73188,1347719940
worldwidewaddie,41.8952502,87.6246118,1351857840
worldwidewaddie,41.83040312,87.70069178,1348934880
worldwidewaddie,41.9905462,87.6579754,1350509760
worldwidewaddie,41.8854815,87.624394,1350393900
worldwidewaddie,39.7653799,86.1609989,1348697340
worldwidewaddie,41.83353,87.73188,1352075040
worldwidewaddie,41.83353,87.73188,1347411720
worldwidewaddie,41.83353,87.73188,1348255500
worldwidewaddie,51.48914,0.08744,1353422880
worldwidewaddie,41.83353,87.73188,1350351720
worldwidewaddie,41.98992573,87.65318049,1344933060
worldwidewaddie,41.83353,87.73188,1351676040
worldwidewaddie,41.87402,87.64382958,1344379020
worldwidewaddie,41.83353,87.73188,1349774700
worldwidewaddie,41.88553763,87.62789726,1352841060
worldwidewaddie,41.83353,87.73188,1350134700
worldwidewaddie,41.9396766,87.6411251,1352570220
worldwidewaddie,41.96341,87.6563,1350138420
worldwidewaddie,41.9921384,87.6554977,1351678500
worldwidewaddie,39.7661612,86.1677892,1348685520
worldwidewaddie,41.8997913,87.6242575,1350038580
worldwidewaddie,50.50117,4.47677,1353427320
worldwidewaddie,41.83353,87.73188,1351464480
worldwidewaddie,41.9827196,87.657445,1350689040
worldwidewaddie,41.8854884,87.6244048,1349807700
worldwidewaddie,41.87565788,87.66041258,1352689560
worldwidewaddie,41.9883298,87.6574063,1350032940
worldwidewaddie,41.83353,87.73188,1349211360
worldwidewaddie,41.88164013,87.66165325,1351456440
worldwidewaddie,41.98187286,87.83601522,1351969860
worldwidewaddie,41.9733215,87.6679124,1351976040
worldwidewaddie,41.83353,87.73188,1349997240
worldwidewaddie,41.83353,87.73188,1348229520
worldwidewaddie,41.9882791,87.6572466,1353276540
worldwidewaddie,41.9616073,87.6489955,1349697240
worldwidewaddie,25.79498411,80.27576923,1346753880
worldwidewaddie,41.83353,87.73188,1349626260
worldwidewaddie,41.892542,87.625945,1345333080
worldwidewaddie,41.9882201,87.6574188,1350211080
worldwidewaddie,41.9035329,87.628667,1349285880
worldwidewaddie,41.88381531,87.65338522,1344854100
worldwidewaddie,39.77967,86.13285,1348911120
worldwidewaddie,41.83353,87.73188,1347193080
worldwidewaddie,41.93994721,87.65079352,1344287580
worldwidewaddie,39.7662972,86.1682961,1348651140
worldwidewaddie,41.98992573,87.65318049,1344238860
worldwidewaddie,39.7662983,86.1683648,1348651140
worldwidewaddie,41.83353,87.73188,1347812880
worldwidewaddie,41.89709,87.6233204,1352208600
worldwidewaddie,39.71517597,86.29765034,1348927800
worldwidewaddie,41.9882061,87.6574362,1349832240
worldwidewaddie,41.83353,87.73188,1350382500
worldwidewaddie,41.83353,87.73188,1350252120
worldwidewaddie,41.9883497,87.6573526,1350955620
worldwidewaddie,39.76617145,86.16832839,1348340460
worldwidewaddie,39.7667516,86.15896341,1348264140
worldwidewaddie,41.9616073,87.6489955,1349697180
worldwidewaddie,41.99159407,87.65979946,1345243800
worldwidewaddie,41.98992573,87.65318049,1352887020
worldwidewaddie,39.7662236,86.1678588,1348579020
worldwidewaddie,41.8857743,87.6242738,1351165080
worldwidewaddie,39.76658091,86.16797626,1348564920
worldwidewaddie,41.83353,87.73188,1346862000
worldwidewaddie,25.81209253,80.23780854,1346751840
worldwidewaddie,41.88589307,87.62775779,1352840880
worldwidewaddie,41.785709,87.74297,1348243800
worldwidewaddie,39.76391,89.66099,1347751260
worldwidewaddie,41.9747132,87.6585978,1352521200
worldwidewaddie,41.99018876,87.66035511,1344098100
worldwidewaddie,39.76465938,86.16375446,1348482000
worldwidewaddie,41.96506722,87.64690762,1350229800
worldwidewaddie,41.83353,87.73188,1349998620
worldwidewaddie,41.9898318,87.65550247,1349956740
worldwidewaddie,41.97586204,87.65431974,1344847980
worldwidewaddie,41.83353,87.73188,1351546560
worldwidewaddie,39.76391,89.66099,1347750300
worldwidewaddie,39.77967,86.13285,1348590300
worldwidewaddie,41.885784,87.624368,1345289820
worldwidewaddie,41.83353,87.73188,1347399360
worldwidewaddie,41.98992573,87.65318049,1344350580
worldwidewaddie,41.8858951,87.6243955,1349964360
worldwidewaddie,41.83353,87.73188,1349951880
worldwidewaddie,39.7664295,86.1678771,1348920360
worldwidewaddie,41.9892932,87.6565848,1351162860
worldwidewaddie,41.9881198,87.6575013,1350789540
worldwidewaddie,39.7664654,86.167889,1348613700
worldwidewaddie,41.93994721,87.65079352,1352514480
worldwidewaddie,39.7656208,86.16716097,1348731900
worldwidewaddie,41.99011093,87.65911622,1352503800
worldwidewaddie,41.95543362,87.64503087,1350037920
worldwidewaddie,41.8854716,87.6244053,1351000080
worldwidewaddie,39.76739807,86.16102534,1348696980
worldwidewaddie,41.988205,87.6574573,1349527920
worldwidewaddie,41.9881836,87.6573709,1350211140
worldwidewaddie,41.83353,87.73188,1351558020
worldwidewaddie,41.8872019,87.6244738,1353362520
worldwidewaddie,41.9545614,87.65469347,1350332820
worldwidewaddie,41.885459,87.6243951,1350394260
worldwidewaddie,41.8902649,87.6239988,1353413520
worldwidewaddie,41.96938617,87.66767355,1351982460
worldwidewaddie,25.78241,80.22946,1346862240
worldwidewaddie,41.9872909,87.6599345,1352206620
worldwidewaddie,41.83353,87.73188,1350862860
worldwidewaddie,39.766551,86.167507,1348270560
worldwidewaddie,41.88555361,87.62472153,1344344820
worldwidewaddie,41.9883739,87.6573191,1351243740
worldwidewaddie,41.83353,87.73188,1350428100
worldwidewaddie,41.9882868,87.6572829,1353278520
worldwidewaddie,41.96038365,87.64699459,1349865780
worldwidewaddie,39.76465938,86.16375446,1348262760
worldwidewaddie,41.9626098,87.6477825,1352806260
worldwidewaddie,39.76391,89.66099,1347746940
worldwidewaddie,41.83353,87.73188,1351633500
worldwidewaddie,39.76658091,86.16797626,1348252920
worldwidewaddie,39.76701799,86.16114736,1348697100
worldwidewaddie,41.88555361,87.62472153,1352992680
worldwidewaddie,39.77967,86.13285,1348707240
worldwidewaddie,41.83353,87.73188,1349231160
worldwidewaddie,41.83353,87.73188,1349307480
worldwidewaddie,18.67269248,68.41311483,1346273040
worldwidewaddie,41.98992573,87.65318049,1350236340
worldwidewaddie,41.8932694,87.6243996,1352569140
worldwidewaddie,41.9792719,87.86421497,1352046900
worldwidewaddie,41.98992573,87.65318049,1344414660
worldwidewaddie,41.88615162,87.62438655,1349964360
worldwidewaddie,41.87539408,87.67953628,1352689440
worldwidewaddie,41.8917815,87.624255,1352569080
worldwidewaddie,41.85396569,87.61899707,1351197120
worldwidewaddie,39.76614315,86.1675882,1348649940
worldwidewaddie,39.76641464,86.16741929,1348252260
worldwidewaddie,41.9882783,87.6572631,1353277320
worldwidewaddie,41.88555361,87.62472153,1344938040
worldwidewaddie,41.83353,87.73188,1349211240
worldwidewaddie,39.76430329,86.16379267,1348482240
worldwidewaddie,41.9012237,87.6233987,1351857660
worldwidewaddie,41.97336014,87.66773327,1352424780
worldwidewaddie,39.7656945,86.1659978,1348597980
worldwidewaddie,41.83353,87.73188,1350382920
worldwidewaddie,41.83353,87.73188,1349688180
worldwidewaddie,41.9882801,87.6572566,1352976000
worldwidewaddie,41.83353,87.73188,1350000000
worldwidewaddie,41.8857406,87.6243402,1349279760
worldwidewaddie,41.899437,87.624384,1344030600
worldwidewaddie,39.76391,89.66099,1347751560
worldwidewaddie,41.98992573,87.65318049,1345246080
worldwidewaddie,41.8930097,87.6243115,1351711260
worldwidewaddie,41.9025265,87.6225537,1353413040
worldwidewaddie,41.93998968,87.63687867,1347012540
worldwidewaddie,39.766226,86.1679408,1348649460
worldwidewaddie,41.87751158,87.61709313,1348935660
worldwidewaddie,39.76614315,86.1675882,1348474920
worldwidewaddie,18.56388314,68.36315632,1346268900
worldwidewaddie,41.98992573,87.65318049,1352456340
worldwidewaddie,41.83353,87.73188,1351548480
worldwidewaddie,41.9905383,87.656075,1351252200
worldwidewaddie,41.8858652,87.6239042,1351165020
worldwidewaddie,41.83353,87.73188,1351463460
worldwidewaddie,39.76654792,86.16085768,1348598640
worldwidewaddie,39.7662978,86.1683256,1348651560
worldwidewaddie,41.89794886,87.62372375,1347395160
worldwidewaddie,41.93967727,87.65337825,1344287400
worldwidewaddie,41.98751318,87.65522897,1344350460
worldwidewaddie,41.83353,87.73188,1349570100
worldwidewaddie,41.98992573,87.65318049,1344162000
worldwidewaddie,41.885784,87.624368,1344432720
worldwidewaddie,41.83353,87.73188,1349287440
worldwidewaddie,41.87460652,87.63059722,1352251740
worldwidewaddie,25.79699798,80.28097007,1346706360
worldwidewaddie,41.83353,87.73188,1349742840
worldwidewaddie,41.8926252,87.6244492,1352568900
worldwidewaddie,41.91274847,87.62655943,1350229500
worldwidewaddie,41.91074091,87.64895797,1345236660
worldwidewaddie,41.98992573,87.65318049,1347875520
worldwidewaddie,41.83353,87.73188,1351601220
worldwidewaddie,41.98992573,87.65318049,1351624500
worldwidewaddie,41.83353,87.73188,1351947060
worldwidewaddie,41.97329081,87.65862465,1350138660
worldwidewaddie,41.988295,87.6573338,1350760560
worldwidewaddie,41.9838494,87.65815396,1349358480
worldwidewaddie,41.83353,87.73188,1347802140
worldwidewaddie,41.88270659,87.62379831,1344176400
worldwidewaddie,39.766268,86.1679162,1348596600
worldwidewaddie,41.8935646,87.6248531,1352569440
worldwidewaddie,51.48914,0.08744,1353356520
worldwidewaddie,41.88555361,87.62472153,1351105320
worldwidewaddie,41.9882361,87.6572525,1353293460
worldwidewaddie,41.96926059,87.6598531,1348238760
worldwidewaddie,41.9881948,87.6574699,1350789660
worldwidewaddie,41.96884822,87.67756702,1350220440
worldwidewaddie,41.86926472,87.65872714,1347224580
worldwidewaddie,41.8975582,87.624423,1351857840
worldwidewaddie,41.9883698,87.6573344,1351737180
worldwidewaddie,41.83353,87.73188,1351477440
worldwidewaddie,41.8875577,87.6477502,1352252220
worldwidewaddie,41.99009891,87.65538722,1344847380
worldwidewaddie,41.9465793,87.6424316,1350229800
worldwidewaddie,41.98985569,87.65550256,1347274860
worldwidewaddie,41.87616003,87.63115707,1352689620
worldwidewaddie,41.883927,87.6263384,1349102220
worldwidewaddie,41.83353,87.73188,1351547280
worldwidewaddie,41.93254368,87.6531169,1352564160
worldwidewaddie,39.7667023,86.1676976,1348661040
worldwidewaddie,41.9378179,87.6545893,1352519880
worldwidewaddie,41.98667147,87.65523979,1345026840
worldwidewaddie,41.83353,87.73188,1347801600
worldwidewaddie,51.48914,0.08744,1353421080
worldwidewaddie,41.988345,87.6573886,1350928800
worldwidewaddie,41.934317,87.6532826,1352564100
worldwidewaddie,33.7695295,84.2471434,1352283540
worldwidewaddie,41.9882812,87.6573512,1351301040
worldwidewaddie,41.81744068,87.7409924,1348934760
worldwidewaddie,41.96888158,87.67934065,1350221880
worldwidewaddie,41.9646481,87.6563099,1352520900
worldwidewaddie,41.83353,87.73188,1347719820
worldwidewaddie,41.82433425,87.7199775,1348934760
worldwidewaddie,41.8844639,87.6314995,1349580540
worldwidewaddie,41.884403,87.651776,1345409700
worldwidewaddie,39.92495833,86.10897464,1348427700
worldwidewaddie,39.76661513,86.15949008,1348314000
worldwidewaddie,41.83353,87.73188,1349231400
worldwidewaddie,41.83353,87.73188,1348257480
worldwidewaddie,39.7668308,86.1598953,1348599000
worldwidewaddie,41.99021402,87.66004686,1345246080
worldwidewaddie,41.8858733,87.6244075,1349964420
worldwidewaddie,35.22009902,80.94314755,1346241780
worldwidewaddie,39.76630899,86.16718581,1348731600
worldwidewaddie,41.9551159,87.6454214,1353412560
worldwidewaddie,41.83353,87.73188,1349649360
worldwidewaddie,41.83353,87.73188,1350826920
worldwidewaddie,39.7661772,86.1687485,1348687380
worldwidewaddie,41.98046647,87.65513655,1351163280
worldwidewaddie,41.83353,87.73188,1347806640
worldwidewaddie,41.8898705,87.6239486,1352568780
worldwidewaddie,41.89115759,87.61915224,1344807240
worldwidewaddie,41.87806487,87.61709162,1348935660
worldwidewaddie,41.88113221,87.61588756,1348239300
worldwidewaddie,41.83353,87.73188,1351462680
worldwidewaddie,39.76661513,86.15949008,1348574580
worldwidewaddie,41.83353,87.73188,1349590440
worldwidewaddie,41.89800467,87.62461983,1351857720
worldwidewaddie,41.94519055,87.6495217,1347237720
worldwidewaddie,41.98373109,87.65784949,1344098880
worldwidewaddie,41.83353,87.73188,1347812700
worldwidewaddie,41.9882828,87.6572847,1352886600
worldwidewaddie,41.83353,87.73188,1349546760
worldwidewaddie,41.98992573,87.65318049,1347274500
worldwidewaddie,41.83353,87.73188,1349307240
worldwidewaddie,41.994539,87.65726,1348003980
worldwidewaddie,25.79646894,80.25990925,1346753820
worldwidewaddie,39.76612733,86.16744518,1348351260
worldwidewaddie,41.83353,87.73188,1349946960
worldwidewaddie,41.8980508,87.6243109,1352779140
worldwidewaddie,42.0178362,87.6741722,1348953600
worldwidewaddie,41.83353,87.73188,1348944900
worldwidewaddie,41.8867463,87.6249478,1353357780
worldwidewaddie,41.83353,87.73188,1351463880
worldwidewaddie,39.76703861,86.167965,1348693920
worldwidewaddie,41.9069202,87.62558365,1350229440
worldwidewaddie,41.97727092,87.90440083,1346229540
worldwidewaddie,41.83353,87.73188,1348351260
worldwidewaddie,42.0088255,87.665823,1348952040
worldwidewaddie,41.98992573,87.65318049,1350761580
worldwidewaddie,41.83353,87.73188,1347203460
worldwidewaddie,41.88226271,87.62467861,1344377580
worldwidewaddie,42.0159046,87.6690412,1348952100
worldwidewaddie,41.9883563,87.6572317,1351545480
worldwidewaddie,41.94976917,87.658783,1344039360
worldwidewaddie,39.7662919,86.168355,1348650300
worldwidewaddie,41.83353,87.73188,1351465740
worldwidewaddie,41.98823,87.6574122,1349618880
worldwidewaddie,39.7667035,86.1627532,1348921980
worldwidewaddie,41.97670027,87.6550765,1352570760
worldwidewaddie,41.89726207,87.62420654,1347395220
worldwidewaddie,18.722039,68.465468,1346639820
worldwidewaddie,41.83353,87.73188,1347802020
worldwidewaddie,41.83353,87.73188,1347411780
worldwidewaddie,41.83353,87.73188,1351463580
worldwidewaddie,39.77967,86.13285,1348731120
worldwidewaddie,39.77967,86.13285,1348707060
worldwidewaddie,41.8846772,87.6320925,1349580720
worldwidewaddie,41.83353,87.73188,1352203260
worldwidewaddie,41.83353,87.73188,1350427800
worldwidewaddie,42.27397,84.30706,1346798820
worldwidewaddie,39.76391,89.66099,1347749160
worldwidewaddie,41.8940902,87.6240452,1352569320
worldwidewaddie,41.988271,87.6572741,1352113260
worldwidewaddie,39.7663632,86.1667209,1348664040
worldwidewaddie,41.87547555,87.67418498,1352689500
worldwidewaddie,41.83353,87.73188,1346977500
worldwidewaddie,41.9882128,87.6573748,1350176160
worldwidewaddie,39.7662275,86.1678762,1348648080
worldwidewaddie,41.8840233,87.6368593,1351456860
worldwidewaddie,41.83353,87.73188,1347718560
worldwidewaddie,41.83353,87.73188,1350133380
worldwidewaddie,39.7664217,86.1678365,1348474440
worldwidewaddie,39.76612733,86.16744518,1348609560
worldwidewaddie,41.95533273,87.64504522,1351163700
worldwidewaddie,41.88558556,87.65197277,1344884040
worldwidewaddie,41.83353,87.73188,1349202120
worldwidewaddie,41.88555361,87.62472153,1345303380
worldwidewaddie,41.83353,87.73188,1351466760
worldwidewaddie,41.83353,87.73188,1351552860
worldwidewaddie,41.94199959,87.64459133,1350841080
worldwidewaddie,41.972932,87.900302,1346769960
worldwidewaddie,41.988214,87.6574466,1350176400
worldwidewaddie,39.76670425,86.16729013,1348564200
worldwidewaddie,39.7664291,86.1678769,1348920120
worldwidewaddie,39.7665403,86.1670244,1348610160
worldwidewaddie,41.9882628,87.6574245,1350211260
worldwidewaddie,41.83353,87.73188,1349205960
worldwidewaddie,41.8935646,87.6248531,1352569200
worldwidewaddie,33.77994721,84.34815818,1349623200
worldwidewaddie,41.94256646,87.65296131,1347229560
worldwidewaddie,41.89868844,87.62388026,1347395580
worldwidewaddie,41.988168,87.6574944,1349626920
worldwidewaddie,41.8937855,87.6242073,1352569260
worldwidewaddie,39.77967,86.13285,1348589520
worldwidewaddie,41.83353,87.73188,1351559760
worldwidewaddie,41.9882924,87.6572675,1353277560
worldwidewaddie,41.85389834,87.62690729,1352779140
worldwidewaddie,41.9882694,87.6572574,1353277920
worldwidewaddie,41.83353,87.73188,1349993520
worldwidewaddie,41.83353,87.73188,1351675980
worldwidewaddie,41.83353,87.73188,1350862980
worldwidewaddie,41.89117752,87.62412127,1347997500
worldwidewaddie,41.83353,87.73188,1349632500
worldwidewaddie,41.83353,87.73188,1348945080
worldwidewaddie,41.83353,87.73188,1346784840
worldwidewaddie,41.83353,87.73188,1349738220
worldwidewaddie,39.76713312,86.16810981,1348695780
worldwidewaddie,41.89685046,87.62473344,1344891120
worldwidewaddie,41.93095877,87.63188497,1352570220
worldwidewaddie,41.96909906,87.65843153,1353168000
worldwidewaddie,42.0212727,87.6848592,1353175980
worldwidewaddie,41.98985569,87.65550256,1347359640
worldwidewaddie,39.76641464,86.16741929,1348480740
worldwidewaddie,41.87430793,87.63222272,1352251920
worldwidewaddie,41.83353,87.73188,1351332600
worldwidewaddie,41.8976189,87.6243638,1351857720
worldwidewaddie,41.9157708,87.62746243,1352570100
worldwidewaddie,41.83353,87.73188,1349088660
worldwidewaddie,50.50117,4.47677,1353508380
worldwidewaddie,39.77967,86.13285,1348708320
worldwidewaddie,41.83353,87.73188,1346975760
worldwidewaddie,41.87600937,87.63121408,1352689680
worldwidewaddie,41.97457177,87.64980283,1350037620
worldwidewaddie,41.83353,87.73188,1350429240
worldwidewaddie,41.83353,87.73188,1352283960
worldwidewaddie,41.83353,87.73188,1351551420
worldwidewaddie,41.83353,87.73188,1352201580
worldwidewaddie,41.83353,87.73188,1350000660
worldwidewaddie,41.83353,87.73188,1350863040
worldwidewaddie,41.83353,87.73188,1347820140
worldwidewaddie,41.83353,87.73188,1347812640
worldwidewaddie,41.88555361,87.62472153,1344435300
worldwidewaddie,41.83353,87.73188,1347399180
worldwidewaddie,41.78804314,87.74176639,1348242660
worldwidewaddie,51.48914,0.08744,1353355440
worldwidewaddie,41.9883487,87.6573012,1351633200
worldwidewaddie,41.94256646,87.65296131,1347230160
worldwidewaddie,41.86926472,87.65872714,1347225000
worldwidewaddie,41.98780458,87.65534576,1347620340
worldwidewaddie,41.8926252,87.6244492,1352569020
worldwidewaddie,42.04745617,87.68224529,1353177060
worldwidewaddie,41.83353,87.73188,1347806640
worldwidewaddie,39.9243541,86.10902817,1348433520
worldwidewaddie,41.8539454,87.6269371,1352770560
worldwidewaddie,41.83353,87.73188,1352203200
worldwidewaddie,41.83353,87.73188,1348944780
worldwidewaddie,41.8991348,87.6239045,1351857720
worldwidewaddie,41.98493018,87.82499446,1351969860
worldwidewaddie,41.94477927,87.64089067,1350229740
worldwidewaddie,41.98992573,87.65318049,1350953760
worldwidewaddie,41.83353,87.73188,1347800820
worldwidewaddie,41.98751318,87.65522897,1344416280
worldwidewaddie,39.76465938,86.16375446,1348318080
worldwidewaddie,41.9883589,87.6573014,1351763760
worldwidewaddie,41.889955,87.630426,1351900620
worldwidewaddie,41.8935605,87.6248631,1351857900
worldwidewaddie,41.88361071,87.65353937,1344870480
worldwidewaddie,39.766551,86.167507,1348399800
worldwidewaddie,41.88245442,87.62251139,1345291680
worldwidewaddie,41.93967727,87.65337825,1347239700
worldwidewaddie,39.76430329,86.16379267,1348566000
worldwidewaddie,39.7643935,86.1637022,1348566840
worldwidewaddie,25.81103696,80.18644127,1346709660
worldwidewaddie,41.853937,87.6269402,1352771760
worldwidewaddie,39.7662969,86.1683305,1348654080
worldwidewaddie,39.7664686,86.1678904,1348921500
worldwidewaddie,39.76391,89.66099,1347752340
worldwidewaddie,41.91134563,87.63778647,1352519040
worldwidewaddie,41.83353,87.73188,1347819660
worldwidewaddie,41.895216,87.631321,1347918180
worldwidewaddie,41.8854698,87.6244066,1350393720
worldwidewaddie,41.97976734,87.86049843,1351962900
worldwidewaddie,41.80744613,87.74318408,1348934640
worldwidewaddie,41.83353,87.73188,1347813060
worldwidewaddie,41.87402,87.64382958,1344179700
worldwidewaddie,41.8092492,87.615991,1352681520
worldwidewaddie,41.98968823,87.65997648,1353166080
worldwidewaddie,41.9947497,87.6587278,1351888920
worldwidewaddie,41.9882781,87.6573021,1350774660
worldwidewaddie,41.83353,87.73188,1351206180
worldwidewaddie,41.83353,87.73188,1349178720
worldwidewaddie,39.7662523,86.1679017,1348658880
worldwidewaddie,39.76593063,86.16019561,1348517220
worldwidewaddie,41.98990312,87.65531973,1352979120
worldwidewaddie,41.83353,87.73188,1349208720
worldwidewaddie,41.97727092,87.90440083,1346769120
worldwidewaddie,41.8372599,87.67537023,1348240020
worldwidewaddie,41.83353,87.73188,1349211480
worldwidewaddie,41.9881931,87.6574865,1349620980
worldwidewaddie,41.83353,87.73188,1346976060
worldwidewaddie,41.88381531,87.65338522,1344854820
worldwidewaddie,41.93183488,87.63196192,1350229620
worldwidewaddie,41.83353,87.73188,1350429660
worldwidewaddie,39.7660775,86.1678199,1348684260
worldwidewaddie,39.7663122,86.1684219,1348665900
worldwidewaddie,39.77967,86.13285,1348706880
worldwidewaddie,41.83353,87.73188,1347797520
worldwidewaddie,41.9901033,87.65912558,1352503800
worldwidewaddie,41.9886718,87.6553104,1351951500
worldwidewaddie,39.77967,86.13285,1348706820
worldwidewaddie,41.8844987,87.6282518,1349098500
worldwidewaddie,39.7662683,86.1679756,1348663320
worldwidewaddie,41.83353,87.73188,1351548360
worldwidewaddie,39.7666353,86.1672075,1348658220
worldwidewaddie,41.89794886,87.62372375,1350386280
worldwidewaddie,41.83353,87.73188,1350382680
worldwidewaddie,41.88555361,87.62472153,1351684680
worldwidewaddie,41.886072,87.6244327,1349964420
worldwidewaddie,41.98167782,87.65526678,1351163280
worldwidewaddie,41.83353,87.73188,1349457540
worldwidewaddie,39.7662563,86.1678804,1348676340
worldwidewaddie,41.83353,87.73188,1352154540
worldwidewaddie,41.9765147,87.6544169,1352980440
worldwidewaddie,25.78468041,80.26413381,1346707800
worldwidewaddie,41.8855064,87.6243569,1351685100
worldwidewaddie,41.89247218,87.62430926,1344355260
worldwidewaddie,50.50117,4.47677,1353439620
worldwidewaddie,41.9734675,87.6675622,1351978500
worldwidewaddie,39.76643247,86.16330385,1348576560
worldwidewaddie,41.8556413,87.6271175,1352251260
worldwidewaddie,39.77967,86.13285,1348588980
worldwidewaddie,41.83353,87.73188,1346920140
worldwidewaddie,41.8855031,87.6243631,1349807580
worldwidewaddie,41.9469763,87.6500389,1352520720
worldwidewaddie,41.787905,87.74070024,1349395380
worldwidewaddie,41.9883099,87.6572088,1352580000
worldwidewaddie,41.9882923,87.6574364,1350236220
worldwidewaddie,41.9892156,87.6576262,1352571180
worldwidewaddie,33.77051027,84.18285409,1348649040
worldwidewaddie,41.83353,87.73188,1352201220
worldwidewaddie,41.91114532,87.650658,1345235700
worldwidewaddie,39.7656208,86.16716097,1348413060
worldwidewaddie,41.9616073,87.6489955,1349694960
worldwidewaddie,41.892542,87.625945,1348180500
worldwidewaddie,41.83353,87.73188,1350900840
worldwidewaddie,41.83353,87.73188,1347212160
worldwidewaddie,39.7665403,86.1670244,1348597620
worldwidewaddie,41.98376668,87.657486,1347876660
worldwidewaddie,51.48914,0.08744,1353356340
worldwidewaddie,39.7663006,86.1683145,1348656120
worldwidewaddie,41.98349184,87.65884995,1347240840
worldwidewaddie,41.936024,87.6355496,1353412680
worldwidewaddie,41.9845363,87.66030975,1353162180
worldwidewaddie,41.8854835,87.624399,1349807700
worldwidewaddie,25.79498411,80.27576923,1346700480
worldwidewaddie,39.7664298,86.1678768,1348917600
worldwidewaddie,41.83353,87.73188,1349210640
worldwidewaddie,41.9881704,87.6574712,1349272320
worldwidewaddie,41.88445835,87.65205085,1344879900
worldwidewaddie,41.9882476,87.657406,1350211020
worldwidewaddie,39.7663055,86.1683494,1348651260
worldwidewaddie,41.83353,87.73188,1347797400
worldwidewaddie,39.77967,86.13285,1348266780
worldwidewaddie,41.83353,87.73188,1351547820
worldwidewaddie,41.83353,87.73188,1347488520
worldwidewaddie,41.97048545,87.65963265,1346778000
worldwidewaddie,41.9883752,87.6573399,1351636020
worldwidewaddie,41.88555361,87.62472153,1350582900
worldwidewaddie,41.9139732,87.62611802,1350229560
worldwidewaddie,18.67476709,68.410454,1346639880
worldwidewaddie,41.83353,87.73188,1351550460
worldwidewaddie,41.91137965,87.65937567,1345232520
worldwidewaddie,39.76391,89.66099,1347761580
worldwidewaddie,41.988297,87.657257,1352524020
worldwidewaddie,41.83353,87.73188,1347399120
worldwidewaddie,41.83353,87.73188,1349621940
worldwidewaddie,41.99009891,87.65538722,1344934920
worldwidewaddie,41.992133,87.6554991,1351678560
worldwidewaddie,42.007938,87.665139,1350831840
worldwidewaddie,41.88577282,87.6242466,1345303440
worldwidewaddie,39.76628019,86.16790613,1348579260
worldwidewaddie,41.83353,87.73188,1349742120
worldwidewaddie,39.76391,89.66099,1347752160
worldwidewaddie,41.96926059,87.6598531,1346777160
worldwidewaddie,41.83353,87.73188,1349054280
worldwidewaddie,39.77967,86.13285,1348590480
worldwidewaddie,39.77967,86.13285,1348590480
worldwidewaddie,41.9882721,87.6572814,1352456520
worldwidewaddie,39.76696227,86.17177089,1348440000
worldwidewaddie,41.9882714,87.6572806,1353278400
worldwidewaddie,41.93988268,87.65331657,1353269460
worldwidewaddie,39.7662913,86.1683159,1348651560
worldwidewaddie,35.22009902,80.94314755,1346240340
worldwidewaddie,41.9882924,87.6573713,1350211200
worldwidewaddie,39.7665403,86.1670244,1348597740
worldwidewaddie,41.9947193,87.658701,1351888740
worldwidewaddie,41.8935648,87.6248794,1349898060
worldwidewaddie,25.79657383,80.27628368,1346754540
worldwidewaddie,41.97975138,87.86144257,1351964340
worldwidewaddie,39.7662412,86.1679099,1348648140
worldwidewaddie,41.83353,87.73188,1351466640
worldwidewaddie,39.71517597,86.29765034,1348250280
worldwidewaddie,39.76519622,86.15938574,1348263300
worldwidewaddie,41.9882905,87.6573902,1350773100
worldwidewaddie,25.79663223,80.27634356,1346754720
worldwidewaddie,50.50117,4.47677,1353431280
worldwidewaddie,25.80982262,80.18955796,1346748840
worldwidewaddie,39.776768,86.167003,1348265400
worldwidewaddie,41.9882632,87.657384,1348968420
worldwidewaddie,41.89473048,87.62443453,1345304220
worldwidewaddie,41.9882823,87.6572136,1352255400
worldwidewaddie,41.9772192,87.90055271,1346770680
worldwidewaddie,41.9882868,87.6573314,1350773160
worldwidewaddie,41.83353,87.73188,1351544400
worldwidewaddie,41.885784,87.624368,1347371820
worldwidewaddie,41.9882248,87.6574204,1348943160
worldwidewaddie,41.9672093,87.6584181,1349902920
worldwidewaddie,41.83353,87.73188,1351631460
worldwidewaddie,35.22045048,80.94001293,1346241540
worldwidewaddie,41.83353,87.73188,1347818460
worldwidewaddie,39.76658091,86.16797626,1348929360
worldwidewaddie,41.89400458,87.62422732,1344355140
worldwidewaddie,41.88555361,87.62472153,1347372780
worldwidewaddie,41.9882381,87.6574773,1350956460
worldwidewaddie,41.8871977,87.6244977,1353358620
worldwidewaddie,39.7656397,86.1656447,1348597980
worldwidewaddie,39.7662382,86.1678678,1348648020
worldwidewaddie,39.76658091,86.16797626,1348305180
worldwidewaddie,41.83353,87.73188,1349998680
worldwidewaddie,41.91095631,87.65169919,1345235040
worldwidewaddie,41.9882872,87.6573484,1350773280
worldwidewaddie,39.76465938,86.16375446,1348565160
worldwidewaddie,41.885732,87.6243739,1349279700
worldwidewaddie,41.88676962,87.62484926,1352930160
worldwidewaddie,41.95374168,87.65521317,1349574900
worldwidewaddie,41.98968823,87.65481591,1345281060
worldwidewaddie,39.77967,86.13285,1348707600
worldwidewaddie,41.83353,87.73188,1349636760
worldwidewaddie,41.83353,87.73188,1350425520
worldwidewaddie,39.76670425,86.16729013,1348645020
worldwidewaddie,41.9947269,87.65870237,1351889040
worldwidewaddie,41.83388119,87.62718202,1350165120
worldwidewaddie,41.886086,87.62444,1345303560
worldwidewaddie,41.89213939,87.62466113,1348181640
worldwidewaddie,39.7662987,86.1671652,1348606140
worldwidewaddie,39.7664415,86.1678882,1348920240
worldwidewaddie,41.83353,87.73188,1347356760
worldwidewaddie,39.76843641,86.16003156,1348314540
worldwidewaddie,39.76658091,86.16797626,1348474500
worldwidewaddie,41.988265,87.6572531,1353323760
worldwidewaddie,41.98920245,87.65670612,1353325860
worldwidewaddie,41.83353,87.73188,1351461840
worldwidewaddie,41.83353,87.73188,1349088300
worldwidewaddie,41.91104268,87.64467808,1352519160
worldwidewaddie,39.766276,86.1682367,1348653780
worldwidewaddie,41.83353,87.73188,1350345360
worldwidewaddie,41.83353,87.73188,1352201280
worldwidewaddie,41.83353,87.73188,1352201340
worldwidewaddie,41.8915379,87.6197961,1353366420
worldwidewaddie,41.9884054,87.6572931,1351545780
worldwidewaddie,41.83353,87.73188,1351205880
worldwidewaddie,41.86528934,87.62713382,1352782320
worldwidewaddie,41.83353,87.73188,1349569320
worldwidewaddie,41.9883902,87.6573243,1351900380
worldwidewaddie,41.92395087,87.63053227,1352570160
worldwidewaddie,41.83353,87.73188,1347491520
worldwidewaddie,41.885784,87.624368,1344938940
worldwidewaddie,41.91046982,87.65922324,1345233180
worldwidewaddie,39.76391,89.66099,1347749100
worldwidewaddie,41.9882371,87.6573882,1349493360
worldwidewaddie,41.8854972,87.624349,1349807880
worldwidewaddie,39.76706707,86.15951989,1348575240
worldwidewaddie,41.9396606,87.65396328,1352505120
worldwidewaddie,39.76614315,86.1675882,1348731720
worldwidewaddie,41.83353,87.73188,1351465380
worldwidewaddie,41.94662394,87.63996748,1344171660
worldwidewaddie,41.83353,87.73188,1349985660
worldwidewaddie,41.83353,87.73188,1349740560
worldwidewaddie,41.83353,87.73188,1351462920
worldwidewaddie,41.98992573,87.65318049,1350437940
worldwidewaddie,39.76654792,86.16085768,1348355640
worldwidewaddie,41.94256646,87.65296131,1347228900
worldwidewaddie,39.76391,89.66099,1347753240
worldwidewaddie,41.83353,87.73188,1351464000
worldwidewaddie,51.48914,0.08744,1353421800
worldwidewaddie,41.83353,87.73188,1351946400
worldwidewaddie,41.98992573,87.65318049,1351244820
worldwidewaddie,41.92038466,87.69235378,1352944200
worldwidewaddie,41.9882845,87.6573681,1350033060
worldwidewaddie,51.48914,0.08744,1353355020
worldwidewaddie,39.8695722,86.1408269,1348360440
worldwidewaddie,39.6967479,86.3086551,1348927920
worldwidewaddie,41.885784,87.624368,1344344700
worldwidewaddie,41.88510631,87.62790799,1344849480
worldwidewaddie,41.8789297,87.69992752,1351438200
worldwidewaddie,41.83353,87.73188,1349734020
worldwidewaddie,41.83353,87.73188,1351368480
worldwidewaddie,41.8975128,87.6242809,1351857780
worldwidewaddie,41.892629,87.628156,1345342140
worldwidewaddie,41.988269,87.6572567,1353122640
worldwidewaddie,41.98806602,87.66043699,1352206860
worldwidewaddie,41.98992573,87.65318049,1345280880
worldwidewaddie,41.9420843,87.6534076,1349094300
worldwidewaddie,39.766235,86.1678896,1348658820
worldwidewaddie,41.988169,87.6574271,1349621520
worldwidewaddie,41.8559322,87.6271273,1352247840
worldwidewaddie,41.98992573,87.65318049,1344098100
worldwidewaddie,41.86674318,87.77054617,1352669460
worldwidewaddie,41.9882685,87.6572498,1353406800
worldwidewaddie,41.9882567,87.6573417,1350773640
worldwidewaddie,41.98992573,87.65318049,1347720060
worldwidewaddie,39.7663206,86.1669196,1348607400
worldwidewaddie,41.98359552,87.65531749,1345026840
worldwidewaddie,41.83353,87.73188,1351550340
